t;e;d;i;set

0.654;0;0;0;0
0.659;0;0;0;0
0.664;0;0;0;0
0.669;0;0;0;0
0.674;0;0;0;0
0.679;0;0;0;0
0.684;0;0;0;0
0.689;0;0;0;0
0.694;0;0;0;0
0.699;0;0;0;0
0.704;0;0;0;0
0.709;0;0;0;0
0.714;0;0;0;0
0.719;0;0;0;0
0.724;0;0;0;0
0.729;0;0;0;0
0.734;0;0;0;0
0.739;0;0;0;0
0.744;0;0;0;0
0.749;0;0;0;0
0.754;0;0;0;0
0.759;0;0;0;0
0.764;0;0;0;0
0.769;0;0;0;0
0.774;0;0;0;0
0.779;0;0;0;0
0.784;0;0;0;0
0.789;0;0;0;0
0.794;0;0;0;0
0.799;0;0;0;0
0.804;0;0;0;0
0.809;0;0;0;0
0.814;0;0;0;0
0.819;0;0;0;0
0.824;0;0;0;0
0.829;0;0;0;0
0.834;0;0;0;0
0.839;0;0;0;0
0.844;0;0;0;0
0.849;0;0;0;0
0.854;0;0;0;0
0.859;0;0;0;0
0.864;0;0;0;0
0.869;0;0;0;0
0.874;0;0;0;0
0.879;0;0;0;0
0.884;0;0;0;0
0.889;0;0;0;0
0.894;0;0;0;0
0.899;0;0;0;0
0.904;0;0;0;0
0.909;0;0;0;0
0.914;0;0;0;0
0.919;0;0;0;0
0.924;0;0;0;0
0.929;0;0;0;0
0.934;0;0;0;0
0.939;0;0;0;0
0.944;0;0;0;0
0.949;0;0;0;0
0.954;0;0;0;0
0.959;0;0;0;0
0.964;0;0;0;0
0.969;0;0;0;0
0.974;0;0;0;0
0.979;0;0;0;0
0.984;0;0;0;0
0.989;0;0;0;0
0.994;0;0;0;0
0.999;0;0;0;0
1.004;0;0;0;0
1.009;0;0;0;0
1.014;0;0;0;0
1.019;0;0;0;0
1.024;0;0;0;0
1.029;0;0;0;0
1.034;0;0;0;0
1.039;0;0;0;0
1.044;0;0;0;0
1.049;0;0;0;0
1.054;0;0;0;0
1.059;0;0;0;0
1.064;0;0;0;0
1.069;0;0;0;0
1.074;0;0;0;0
1.079;0;0;0;0
1.084;0;0;0;0
1.089;0;0;0;0
1.094;0;0;0;0
1.099;0;0;0;0
1.104;0;0;0;0
1.109;0;0;0;0
1.114;0;0;0;0
1.119;0;0;0;0
1.124;0;0;0;0
1.129;0;0;0;0
1.134;0;0;0;0
1.139;0;0;0;0
1.144;0;0;0;0
1.149;0;0;0;0
1.154;0;0;0;0
1.159;0;0;0;0
1.164;0;0;0;0
1.169;0;0;0;0
1.174;0;0;0;0
1.179;0;0;0;0
1.184;0;0;0;0
1.189;0;0;0;0
1.194;0;0;0;0
1.199;0;0;0;0
1.204;0;0;0;0
1.209;0;0;0;0
1.214;0;0;0;0
1.219;0;0;0;0
1.224;0;0;0;0
1.229;0;0;0;0
1.234;0;0;0;0
1.239;0;0;0;0
1.244;0;0;0;0
1.249;0;0;0;0
1.254;0;0;0;0
1.259;0;0;0;0
1.264;-15;-3;0;0
1.269;-31;-434;0;0
1.274;-62;0;0;0
1.279;-109;-87;0;0
1.284;-156;-178;0;0
1.289;-210;-84;0;0
1.294;-271;-90;0;0
1.299;-338;-100;0;0
1.304;-404;-83;0;0
1.309;-474;-119;0;0
1.314;-542;-94;0;0
1.319;-612;-1666;0;0
1.324;-678;-116;0;0
1.329;-734;0;0;0
1.334;-790;-625;0;0
1.339;-827;-10000;0;0
1.344;-856;-84;0;0
1.349;-887;-98;0;0
1.354;-911;-111;0;0
1.359;-920;-45;0;0
1.364;-929;-217;0;0
1.369;-935;-82;0;0
1.374;-940;76;0;0
1.379;-940;15;0;0
1.384;-940;8;0;0
1.389;-935;5;0;0
1.394;-929;13;0;0
1.399;-923;15;0;0
1.404;-917;18;0;0
1.409;-911;14;0;0
1.414;-904;14;0;0
1.419;-898;12;0;0
1.424;-894;7;0;0
1.429;-891;9;0;0
1.434;-891;6;0;0
1.439;-891;4;0;0
1.444;-891;3;0;0
1.449;-891;3;0;0
1.454;-891;2;0;0
1.459;-891;2;0;0
1.464;-894;-3;0;0
1.469;-898;-4;0;0
1.474;-898;-5;0;0
1.479;-901;-8;0;0
1.484;-904;-13;0;0
1.489;-904;-46;0;0
1.494;-904;35;0;0
1.499;-908;-7;0;0
1.504;-911;-11;0;0
1.509;-914;-9;0;0
1.514;-914;-19;0;0
1.519;-914;-2500;0;0
1.524;-914;20;0;0
1.529;-914;10;0;0
1.534;-914;6;0;0
1.539;-914;5;0;0
1.544;-914;5;0;0
1.549;-914;5;0;0
1.554;-914;5;0;0
1.559;-917;5;0;0
1.564;-917;5;0;0
1.569;-917;5;0;0
1.574;-917;5;0;0
1.579;-917;5;0;0
1.584;-917;5;0;0
1.589;-917;5;0;0
1.594;-917;5;0;0
1.599;-917;5;0;0
1.604;-917;5;0;0
1.609;-917;5;0;0
1.614;-917;5;0;0
1.619;-917;5;0;0
1.624;-917;5;0;0
1.629;-917;5;0;0
1.634;-917;5;0;0
1.639;-917;5;0;0
1.644;-917;5;0;0
1.649;-917;5;0;0
1.654;-917;5;0;0
1.659;-917;5;0;0
1.664;-917;5;0;0
1.669;-917;5;0;0
1.674;-917;5;0;0
1.679;-917;5;0;0
1.684;-917;5;0;0
1.689;-917;5;0;0
1.694;-917;5;0;0
1.699;-917;5;0;0
1.704;-917;5;0;0
1.709;-917;5;0;0
1.714;-917;5;0;0
1.719;-917;5;0;0
1.724;-911;3;0;0
1.729;-908;2;0;0
1.734;-904;9;0;0
1.739;-891;34;0;0
1.744;-876;48;0;0
1.749;-864;19;0;0
1.754;-852;22;0;0
1.759;-827;71;0;0
1.764;-799;57;0;0
1.769;-770;62;0;0
1.774;-744;29;0;0
1.779;-712;33;0;0
1.784;-673;49;0;0
1.789;-619;48;0;0
1.794;-575;48;0;0
1.799;-522;64;0;0
1.804;-467;70;0;0
1.809;-411;72;0;0
1.814;-346;49;0;0
1.819;-286;46;0;0
1.824;-218;100;0;0
1.829;-148;50;0;0
1.834;-70;56;0;0
1.839;0;108;0;0
1.844;78;88;0;0
1.849;148;46;0;0
1.854;218;105;0;0
1.859;278;57;0;0
1.864;346;49;0;0
1.869;404;44;0;0
1.874;460;42;0;0
1.879;522;78;0;0
1.884;575;72;0;0
1.889;625;59;0;0
1.894;661;48;0;0
1.899;695;49;0;0
1.904;728;51;0;0
1.909;760;52;0;0
1.914;785;26;0;0
1.919;804;21;0;0
1.924;822;21;0;0
1.929;840;21;0;0
1.934;852;22;0;0
1.939;864;16;0;0
1.944;872;26;0;0
1.949;876;11;0;0
1.954;880;7;0;0
1.959;880;5;0;0
1.964;880;4;0;0
1.969;876;5;0;0
1.974;876;4;0;0
1.979;868;-3;0;0
1.984;860;-43;0;0
1.989;852;-45;0;0
1.994;840;-42;0;0
1.999;822;-45;0;0
2.004;799;-68;0;0
2.009;780;-86;0;0
2.014;755;-60;0;0
2.019;728;0;0;0
2.024;690;-75;0;0
2.029;655;-54;0;0
2.034;619;-74;0;0
2.039;575;-81;0;0
2.044;529;0;0;0
2.049;474;0;0;0
2.054;411;-135;0;0
2.059;353;-138;0;0
2.064;294;-123;0;0
2.069;233;-188;0;0
2.074;164;-105;0;0
2.079;94;-500;0;0
2.084;31;0;0;0
2.089;-47;0;0;0
2.094;-109;-285;0;0
2.099;-187;-227;0;0
2.104;-248;-303;0;0
2.109;-309;-416;0;0
2.114;-368;-434;0;0
2.119;-425;-196;0;0
2.124;-474;-90;0;0
2.129;-522;-188;0;0
2.134;-568;0;0;0
2.139;-612;-588;0;0
2.144;-649;-243;0;0
2.149;-684;-5000;0;0
2.154;-718;-104;0;0
2.159;-750;-125;0;0
2.164;-770;-178;0;0
2.169;-790;-277;0;0
2.174;-809;-175;0;0
2.179;-818;-82;0;0
2.184;-827;75;0;0
2.189;-840;-45;0;0
2.194;-848;-25;0;0
2.199;-852;95;0;0
2.204;-856;-11;0;0
2.209;-856;-26;0;0
2.214;-852;8;0;0
2.219;-848;6;0;0
2.224;-844;8;0;0
2.229;-831;11;0;0
2.234;-818;25;0;0
2.239;-809;18;0;0
2.244;-790;30;0;0
2.249;-770;45;0;0
2.254;-750;38;0;0
2.259;-723;26;0;0
2.264;-695;31;0;0
2.269;-661;45;0;0
2.274;-619;36;0;0
2.279;-581;36;0;0
2.284;-535;78;0;0
2.289;-488;40;0;0
2.294;-439;64;0;0
2.299;-389;38;0;0
2.304;-338;46;0;0
2.309;-278;56;0;0
2.314;-218;58;0;0
2.319;-156;57;0;0
2.324;-94;51;0;0
2.329;-23;48;0;0
2.334;47;73;0;0
2.339;109;72;0;0
2.344;171;68;0;0
2.349;233;64;0;0
2.354;286;37;0;0
2.359;346;41;0;0
2.364;397;46;0;0
2.369;453;57;0;0
2.374;502;35;0;0
2.379;549;60;0;0
2.384;587;42;0;0
2.389;625;35;0;0
2.394;661;46;0;0
2.399;684;30;0;0
2.404;712;24;0;0
2.409;734;22;0;0
2.414;755;21;0;0
2.419;775;20;0;0
2.424;790;27;0;0
2.429;799;21;0;0
2.434;809;18;0;0
2.439;813;9;0;0
2.444;818;8;0;0
2.449;818;6;0;0
2.454;818;4;0;0
2.459;818;3;0;0
2.464;809;23;0;0
2.469;804;0;0;0
2.474;794;-29;0;0
2.479;785;-27;0;0
2.484;770;-101;0;0
2.489;750;-76;0;0
2.494;734;-82;0;0
2.499;707;-136;0;0
2.504;684;-5000;0;0
2.509;655;0;0;0
2.514;625;-102;0;0
2.519;587;-227;0;0
2.524;549;-90;0;0
2.529;509;-3333;0;0
2.534;453;-217;0;0
2.539;404;-76;0;0
2.544;353;-107;0;0
2.549;309;0;0;0
2.554;248;0;0;0
2.559;187;-5000;0;0
2.564;125;0;0;0
2.569;62;-909;0;0
2.574;0;-200;0;0
2.579;-62;-312;0;0
2.584;-125;0;0;0
2.589;-187;-222;0;0
2.594;-241;-80;0;0
2.599;-294;-192;0;0
2.604;-353;-95;0;0
2.609;-397;0;0;0
2.614;-439;-151;0;0
2.619;-488;0;0;0
2.624;-535;-149;0;0
2.629;-568;0;0;0
2.634;-600;-82;0;0
2.639;-637;-126;0;0
2.644;-661;0;0;0
2.649;-684;0;0;0
2.654;-707;144;0;0
2.659;-728;156;0;0
2.664;-750;-66;0;0
2.669;-760;-35;0;0
2.674;-770;-94;0;0
2.679;-780;-38;0;0
2.684;-785;-59;0;0
2.689;-785;30;0;0
2.694;-790;12;0;0
2.699;-785;4;0;0
2.704;-780;4;0;0
2.709;-775;3;0;0
2.714;-765;8;0;0
2.719;-750;29;0;0
2.724;-739;18;0;0
2.729;-723;16;0;0
2.734;-707;24;0;0
2.739;-684;29;0;0
2.744;-649;45;0;0
2.749;-625;30;0;0
2.754;-594;26;0;0
2.759;-562;38;0;0
2.764;-515;34;0;0
2.769;-481;41;0;0
2.774;-439;39;0;0
2.779;-389;39;0;0
2.784;-346;32;0;0
2.789;-294;60;0;0
2.794;-241;43;0;0
2.799;-187;79;0;0
2.804;-125;84;0;0
2.809;-70;43;0;0
2.814;-15;67;0;0
2.819;47;64;0;0
2.824;101;40;0;0
2.829;156;50;0;0
2.834;218;84;0;0
2.839;263;57;0;0
2.844;309;41;0;0
2.849;368;74;0;0
2.854;411;58;0;0
2.859;453;48;0;0
2.864;495;40;0;0
2.869;535;45;0;0
2.874;568;28;0;0
2.879;600;31;0;0
2.884;631;25;0;0
2.889;649;23;0;0
2.894;673;24;0;0
2.899;690;17;0;0
2.904;707;21;0;0
2.909;718;14;0;0
2.914;728;14;0;0
2.919;739;12;0;0
2.924;750;14;0;0
2.929;750;8;0;0
2.934;750;5;0;0
2.939;750;4;0;0
2.944;750;3;0;0
2.949;739;23;0;0
2.954;728;-28;0;0
2.959;718;-19;0;0
2.964;707;-144;0;0
2.969;690;-46;0;0
2.974;673;-53;0;0
2.979;649;-45;0;0
2.984;631;-48;0;0
2.989;600;-52;0;0
2.994;575;-76;0;0
2.999;535;-97;0;0
3.004;502;-51;0;0
3.009;460;-70;0;0
3.014;418;0;0;0
3.019;375;-69;0;0
3.024;323;-78;0;0
3.029;278;-277;0;0
3.034;233;-172;0;0
3.039;179;0;0;0
3.044;125;0;0;0
3.049;62;-212;0;0
3.054;15;-133;0;0
3.059;-39;0;0;0
3.064;-101;0;0;0
3.069;-156;-1250;0;0
3.074;-202;-175;0;0
3.079;-248;0;0;0
3.084;-309;-188;0;0
3.089;-353;-93;0;0
3.094;-397;-136;0;0
3.099;-425;169;0;0
3.104;-467;-120;0;0
3.109;-509;-140;0;0
3.114;-535;158;0;0
3.119;-568;0;0;0
3.124;-594;0;0;0
3.129;-619;0;0;0
3.134;-643;-45;0;0
3.139;-661;-128;0;0
3.144;-673;-36;0;0
3.149;-690;0;0;0
3.154;-701;-28;0;0
3.159;-707;66;0;0
3.164;-712;-26;0;0
3.169;-718;84;0;0
3.174;-718;16;0;0
3.179;-712;3;0;0
3.184;-707;4;0;0
3.189;-707;3;0;0
3.194;-690;8;0;0
3.199;-678;26;0;0
3.204;-661;23;0;0
3.209;-649;17;0;0
3.214;-631;15;0;0
3.219;-606;21;0;0
3.224;-581;23;0;0
3.229;-549;36;0;0
3.234;-522;28;0;0
3.239;-488;27;0;0
3.244;-453;40;0;0
3.249;-418;25;0;0
3.254;-375;29;0;0
3.259;-338;40;0;0
3.264;-294;37;0;0
3.269;-248;42;0;0
3.274;-195;38;0;0
3.279;-148;36;0;0
3.284;-94;72;0;0
3.289;-47;59;0;0
3.294;7;37;0;0
3.299;62;76;0;0
3.304;109;42;0;0
3.309;156;43;0;0
3.314;210;35;0;0
3.319;248;37;0;0
3.324;294;35;0;0
3.329;338;40;0;0
3.334;382;50;0;0
3.339;425;59;0;0
3.344;453;32;0;0
3.349;495;43;0;0
3.354;522;29;0;0
3.359;549;26;0;0
3.364;575;26;0;0
3.369;600;30;0;0
3.374;619;18;0;0
3.379;637;25;0;0
3.384;649;17;0;0
3.389;661;17;0;0
3.394;667;9;0;0
3.399;673;22;0;0
3.404;684;10;0;0
3.409;684;6;0;0
3.414;684;5;0;0
3.419;678;-9;0;0
3.424;673;-17;0;0
3.429;667;-13;0;0
3.434;655;-13;0;0
3.439;643;-30;0;0
3.444;631;-21;0;0
3.449;612;-92;0;0
3.454;594;-37;0;0
3.459;575;-57;0;0
3.464;549;-84;0;0
3.469;522;-181;0;0
3.474;488;-81;0;0
3.479;453;-400;0;0
3.484;418;0;0;0
3.489;382;-121;0;0
3.494;338;-188;0;0
3.499;301;0;0;0
3.504;256;-68;0;0
3.509;210;0;0;0
3.514;164;-74;0;0
3.519;117;0;0;0
3.524;62;-142;0;0
3.529;15;-75;0;0
3.534;-31;-312;0;0
3.539;-78;-123;0;0
3.544;-125;0;0;0
3.549;-179;-68;0;0
3.554;-218;0;0;0
3.559;-263;-131;0;0
3.564;-309;-181;0;0
3.569;-346;0;0;0
3.574;-382;-74;0;0
3.579;-411;-178;0;0
3.584;-446;-53;0;0
3.589;-481;-109;0;0
3.594;-509;-76;0;0
3.599;-535;-107;0;0
3.604;-555;-37;0;0
3.609;-568;-29;0;0
3.614;-587;0;0;0
3.619;-606;-44;0;0
3.624;-619;-22;0;0
3.629;-631;-29;0;0
3.634;-637;60;0;0
3.639;-637;15;0;0
3.644;-643;25;0;0
3.649;-643;11;0;0
3.654;-637;7;0;0
3.659;-637;5;0;0
3.664;-631;4;0;0
3.669;-619;22;0;0
3.674;-612;10;0;0
3.679;-587;27;0;0
3.684;-575;17;0;0
3.689;-555;16;0;0
3.694;-535;25;0;0
3.699;-509;42;0;0
3.704;-481;49;0;0
3.709;-453;36;0;0
3.714;-425;35;0;0
3.719;-397;34;0;0
3.724;-360;26;0;0
3.729;-323;45;0;0
3.734;-286;27;0;0
3.739;-248;40;0;0
3.744;-202;51;0;0
3.749;-156;67;0;0
3.754;-117;31;0;0
3.759;-70;34;0;0
3.764;-23;38;0;0
3.769;23;31;0;0
3.774;62;36;0;0
3.779;109;47;0;0
3.784;156;66;0;0
3.789;195;30;0;0
3.794;241;31;0;0
3.799;278;43;0;0
3.804;316;28;0;0
3.809;353;41;0;0
3.814;382;27;0;0
3.819;418;23;0;0
3.824;446;22;0;0
3.829;474;21;0;0
3.834;502;22;0;0
3.839;522;24;0;0
3.844;542;17;0;0
3.849;562;30;0;0
3.854;575;18;0;0
3.859;587;16;0;0
3.864;594;9;0;0
3.869;606;22;0;0
3.874;612;10;0;0
3.879;612;6;0;0
3.884;612;5;0;0
3.889;612;4;0;0
3.894;612;3;0;0
3.899;600;21;0;0
3.904;594;-16;0;0
3.909;587;-81;0;0
3.914;568;-32;0;0
3.919;555;-26;0;0
3.924;535;-92;0;0
3.929;515;-32;0;0
3.934;495;-58;0;0
3.939;467;-46;0;0
3.944;439;-50;0;0
3.949;411;-66;0;0
3.954;382;-106;0;0
3.959;346;-52;0;0
3.964;316;-87;0;0
3.969;278;-256;0;0
3.974;241;0;0;0
3.979;202;-135;0;0
3.984;156;-322;0;0
3.989;117;0;0;0
3.994;78;-151;0;0
3.999;31;-1000;0;0
4.004;-15;-74;0;0
4.009;-54;-98;0;0
4.014;-94;0;0;0
4.019;-140;-136;0;0
4.024;-187;-116;0;0
4.029;-218;0;0;0
4.034;-256;-64;0;0
4.039;-294;-105;0;0
4.044;-331;-50;0;0
4.049;-360;-45;0;0
4.054;-389;-69;0;0
4.059;-411;-303;0;0
4.064;-439;-53;0;0
4.069;-460;-41;0;0
4.074;-481;0;0;0
4.079;-509;-56;0;0
4.084;-522;-80;0;0
4.089;-535;94;0;0
4.094;-549;-32;0;0
4.099;-555;-33;0;0
4.104;-562;48;0;0
4.109;-562;14;0;0
4.114;-568;-12;0;0
4.119;-568;-32;0;0
4.124;-568;51;0;0
4.129;-562;23;0;0
4.134;-562;10;0;0
4.139;-549;7;0;0
4.144;-535;16;0;0
4.149;-529;8;0;0
4.154;-509;22;0;0
4.159;-495;17;0;0
4.164;-474;15;0;0
4.169;-453;20;0;0
4.174;-425;40;0;0
4.179;-404;18;0;0
4.184;-375;20;0;0
4.189;-353;23;0;0
4.194;-316;23;0;0
4.199;-286;21;0;0
4.204;-248;52;0;0
4.209;-218;34;0;0
4.214;-179;26;0;0
4.219;-140;34;0;0
4.224;-101;25;0;0
4.229;-62;40;0;0
4.234;-15;49;0;0
4.239;23;27;0;0
4.244;62;57;0;0
4.249;101;30;0;0
4.254;140;42;0;0
4.259;179;28;0;0
4.264;210;23;0;0
4.269;248;51;0;0
4.274;278;50;0;0
4.279;309;33;0;0
4.284;338;27;0;0
4.289;375;24;0;0
4.294;397;24;0;0
4.299;418;15;0;0
4.304;439;21;0;0
4.309;453;17;0;0
4.314;481;30;0;0
4.319;495;19;0;0
4.324;509;16;0;0
4.329;522;13;0;0
4.334;529;7;0;0
4.339;535;8;0;0
4.344;535;5;0;0
4.349;542;4;0;0
4.354;542;3;0;0
4.359;542;3;0;0
4.364;535;5;0;0
4.369;535;4;0;0
4.374;522;21;0;0
4.379;509;-29;0;0
4.384;502;-22;0;0
4.389;481;-48;0;0
4.394;467;-35;0;0
4.399;453;161;0;0
4.404;425;-76;0;0
4.409;404;-35;0;0
4.414;382;-80;0;0
4.419;353;-67;0;0
4.424;323;-51;0;0
4.429;294;-44;0;0
4.434;263;-68;0;0
4.439;233;-138;0;0
4.444;195;-51;0;0
4.449;164;-80;0;0
4.454;125;-243;0;0
4.459;94;196;0;0
4.464;54;-49;0;0
4.469;15;-73;0;0
4.474;-23;-58;0;0
4.479;-62;-588;0;0
4.484;-94;0;0;0
4.489;-133;-71;0;0
4.494;-171;-70;0;0
4.499;-202;-86;0;0
4.504;-233;-163;0;0
4.509;-271;-47;0;0
4.514;-301;-44;0;0
4.519;-323;-119;0;0
4.524;-346;-40;0;0
4.529;-375;0;0;0
4.534;-397;-476;0;0
4.539;-411;-62;0;0
4.544;-432;0;0;0
4.549;-446;-29;0;0
4.554;-460;0;0;0
4.559;-474;-19;0;0
4.564;-481;-1111;0;0
4.569;-488;-12;0;0
4.574;-495;-30;0;0
4.579;-495;58;0;0
4.584;-495;14;0;0
4.589;-495;8;0;0
4.594;-495;5;0;0
4.599;-488;2;0;0
4.604;-481;2;0;0
4.609;-474;2;0;0
4.614;-460;24;0;0
4.619;-453;11;0;0
4.624;-439;11;0;0
4.629;-418;13;0;0
4.634;-397;31;0;0
4.639;-382;19;0;0
4.644;-360;17;0;0
4.649;-338;25;0;0
4.654;-309;35;0;0
4.659;-286;19;0;0
4.664;-256;23;0;0
4.669;-225;24;0;0
4.674;-195;25;0;0
4.679;-164;25;0;0
4.684;-133;23;0;0
4.689;-101;21;0;0
4.694;-62;54;0;0
4.699;-31;34;0;0
4.704;7;25;0;0
4.709;39;23;0;0
4.714;70;23;0;0
4.719;109;37;0;0
4.724;140;35;0;0
4.729;171;33;0;0
4.734;202;34;0;0
4.739;233;32;0;0
4.744;256;19;0;0
4.749;278;21;0;0
4.754;309;26;0;0
4.759;338;37;0;0
4.764;353;19;0;0
4.769;375;16;0;0
4.774;397;23;0;0
4.779;411;17;0;0
4.784;425;17;0;0
4.789;439;15;0;0
4.794;453;16;0;0
4.799;453;9;0;0
4.804;460;6;0;0
4.809;467;6;0;0
4.814;467;4;0;0
4.819;474;3;0;0
4.824;467;10;0;0
4.829;467;7;0;0
4.834;460;-4;0;0
4.839;453;-5;0;0
4.844;446;-9;0;0
4.849;432;-16;0;0
4.854;425;-123;0;0
4.859;404;0;0;0
4.864;389;0;0;0
4.869;368;-51;0;0
4.874;353;-55;0;0
4.879;331;0;0;0
4.884;309;-106;0;0
4.889;286;-68;0;0
4.894;256;-57;0;0
4.899;225;-42;0;0
4.904;202;-53;0;0
4.909;171;-42;0;0
4.914;140;-49;0;0
4.919;109;-69;0;0
4.924;78;-70;0;0
4.929;47;-45;0;0
4.934;15;-51;0;0
4.939;-15;-73;0;0
4.944;-47;-153;0;0
4.949;-78;-78;0;0
4.954;-109;-111;0;0
4.959;-148;-49;0;0
4.964;-171;-67;0;0
4.969;-195;-46;0;0
4.974;-225;-46;0;0
4.979;-256;0;0;0
4.984;-278;-196;0;0
4.989;-301;-45;0;0
4.994;-323;-52;0;0
4.999;-338;0;0;0
5.004;-360;-27;0;0
5.009;-375;0;0;0
5.014;-389;-26;0;0
5.019;-397;86;0;0
5.024;-404;-17;0;0
5.029;-418;-19;0;0
5.034;-425;-833;0;0
5.039;-425;20;0;0
5.044;-425;10;0;0
5.049;-425;6;0;0
5.054;-425;5;0;0
5.059;-425;4;0;0
5.064;-425;3;0;0
5.069;-418;2;0;0
5.074;-404;23;0;0
5.079;-397;10;0;0
5.084;-389;7;0;0
5.089;-375;24;0;0
5.094;-360;11;0;0
5.099;-338;22;0;0
5.104;-323;18;0;0
5.109;-309;16;0;0
5.114;-286;14;0;0
5.119;-263;20;0;0
5.124;-241;16;0;0
5.129;-218;21;0;0
5.134;-187;28;0;0
5.139;-156;43;0;0
5.144;-133;18;0;0
5.149;-101;20;0;0
5.154;-78;26;0;0
5.159;-39;25;0;0
5.164;-15;23;0;0
5.169;15;29;0;0
5.174;47;33;0;0
5.179;78;34;0;0
5.184;101;19;0;0
5.189;125;22;0;0
5.194;156;31;0;0
5.199;187;42;0;0
5.204;210;19;0;0
5.209;233;26;0;0
5.214;248;18;0;0
5.219;278;30;0;0
5.224;294;18;0;0
5.229;309;17;0;0
5.234;323;13;0;0
5.239;338;14;0;0
5.244;353;12;0;0
5.249;368;13;0;0
5.254;382;12;0;0
5.259;389;7;0;0
5.264;397;8;0;0
5.269;397;6;0;0
5.274;404;4;0;0
5.279;404;3;0;0
5.284;404;3;0;0
5.289;397;5;0;0
5.294;397;4;0;0
5.299;397;4;0;0
5.304;382;-3;0;0
5.309;375;-14;0;0
5.314;368;-59;0;0
5.319;353;-22;0;0
5.324;338;-47;0;0
5.329;331;-18;0;0
5.334;309;-52;0;0
5.339;294;-47;0;0
5.344;271;-28;0;0
5.349;248;-121;0;0
5.354;233;-61;0;0
5.359;210;0;0;0
5.364;187;0;0;0
5.369;156;-163;0;0
5.374;133;-68;0;0
5.379;109;-90;0;0
5.384;78;-44;0;0
5.389;54;-36;0;0
5.394;31;126;0;0
5.399;0;0;0;0
5.404;-31;-121;0;0
5.409;-54;-63;0;0
5.414;-86;-42;0;0
5.419;-109;-120;0;0
5.424;-133;-48;0;0
5.429;-156;0;0;0
5.434;-187;-68;0;0
5.439;-210;-36;0;0
5.444;-225;-33;0;0
5.449;-248;-100;0;0
5.454;-263;-66;0;0
5.459;-278;85;0;0
5.464;-301;-37;0;0
5.469;-309;43;0;0
5.474;-323;-67;0;0
5.479;-338;-232;0;0
5.484;-346;-15;0;0
5.489;-353;-60;0;0
5.494;-360;-27;0;0
5.499;-368;74;0;0
5.504;-368;15;0;0
5.509;-368;8;0;0
5.514;-368;6;0;0
5.519;-368;4;0;0
5.524;-368;4;0;0
5.529;-360;2;0;0
5.534;-353;3;0;0
5.539;-346;2;0;0
5.544;-338;9;0;0
5.549;-331;6;0;0
5.554;-316;22;0;0
5.559;-309;10;0;0
5.564;-286;11;0;0
5.569;-271;13;0;0
5.574;-256;12;0;0
5.579;-241;12;0;0
5.584;-218;20;0;0
5.589;-195;15;0;0
5.594;-179;25;0;0
5.599;-148;20;0;0
5.604;-125;30;0;0
5.609;-109;18;0;0
5.614;-78;29;0;0
5.619;-54;19;0;0
5.624;-31;21;0;0
5.629;0;34;0;0
5.634;23;19;0;0
5.639;47;26;0;0
5.644;70;18;0;0
5.649;94;23;0;0
5.654;117;15;0;0
5.659;140;24;0;0
5.664;156;19;0;0
5.669;187;34;0;0
5.674;202;19;0;0
5.679;218;17;0;0
5.684;241;13;0;0
5.689;256;12;0;0
5.694;271;10;0;0
5.699;278;11;0;0
5.704;294;11;0;0
5.709;309;14;0;0
5.714;316;8;0;0
5.719;323;8;0;0
5.724;338;12;0;0
5.729;338;7;0;0
5.734;338;5;0;0
5.739;338;4;0;0
5.744;338;6;0;0
5.749;338;5;0;0
5.754;338;4;0;0
5.759;338;3;0;0
5.764;338;3;0;0
5.769;323;22;0;0
5.774;316;-15;0;0
5.779;309;-77;0;0
5.784;294;-19;0;0
5.789;278;-42;0;0
5.794;271;-20;0;0
5.799;248;-40;0;0
5.804;241;-20;0;0
5.809;218;-42;0;0
5.814;202;-24;0;0
5.819;187;-526;0;0
5.824;164;-42;0;0
5.829;140;-34;0;0
5.834;125;0;0;0
5.839;101;-39;0;0
5.844;78;-43;0;0
5.849;62;25;0;0
5.854;31;-86;0;0
5.859;7;-38;0;0
5.864;-15;-41;0;0
5.869;-31;0;0;0
5.874;-54;-62;0;0
5.879;-78;-69;0;0
5.884;-101;-38;0;0
5.889;-125;-1666;0;0
5.894;-148;-28;0;0
5.899;-156;63;0;0
5.904;-179;-48;0;0
5.909;-202;-47;0;0
5.914;-218;-129;0;0
5.919;-225;-29;0;0
5.924;-248;-50;0;0
5.929;-256;-22;0;0
5.934;-271;-25;0;0
5.939;-278;94;0;0
5.944;-286;-17;0;0
5.949;-301;-12;0;0
5.954;-301;-37;0;0
5.959;-309;42;0;0
5.964;-309;13;0;0
5.969;-309;8;0;0
5.974;-316;22;0;0
5.979;-316;10;0;0
5.984;-309;6;0;0
5.989;-309;5;0;0
5.994;-309;4;0;0
5.999;-301;3;0;0
6.004;-294;22;0;0
6.009;-278;10;0;0
6.014;-271;6;0;0
6.019;-263;9;0;0
6.024;-248;13;0;0
6.029;-233;15;0;0
6.034;-218;18;0;0
6.039;-202;17;0;0
6.044;-187;19;0;0
6.049;-171;17;0;0
6.054;-156;17;0;0
6.059;-133;13;0;0
6.064;-117;13;0;0
6.069;-94;25;0;0
6.074;-78;17;0;0
6.079;-54;16;0;0
6.084;-31;22;0;0
6.089;-15;16;0;0
6.094;7;15;0;0
6.099;31;24;0;0
6.104;47;17;0;0
6.109;70;15;0;0
6.114;94;26;0;0
6.119;109;19;0;0
6.124;125;19;0;0
6.129;140;14;0;0
6.134;156;14;0;0
6.139;179;12;0;0
6.144;187;13;0;0
6.149;202;11;0;0
6.154;218;13;0;0
6.159;225;8;0;0
6.164;241;7;0;0
6.169;248;10;0;0
6.174;256;6;0;0
6.179;263;7;0;0
6.184;271;5;0;0
6.189;278;7;0;0
6.194;278;5;0;0
6.199;278;4;0;0
6.204;286;3;0;0
6.209;286;2;0;0
6.214;278;4;0;0
6.219;278;4;0;0
6.224;278;4;0;0
6.229;271;-3;0;0
6.234;263;-3;0;0
6.239;256;-14;0;0
6.244;248;-46;0;0
6.249;241;-12;0;0
6.254;225;-17;0;0
6.259;218;-120;0;0
6.264;202;-21;0;0
6.269;187;-68;0;0
6.274;171;-23;0;0
6.279;156;-98;0;0
6.284;140;-34;0;0
6.289;125;-1666;0;0
6.294;109;-41;0;0
6.299;94;0;0;0
6.304;70;-38;0;0
6.309;54;-22;0;0
6.314;31;-80;0;0
6.319;15;-66;0;0
6.324;0;66;0;0
6.329;-23;-36;0;0
6.334;-39;-26;0;0
6.339;-62;-74;0;0
6.344;-78;-46;0;0
6.349;-94;23;0;0
6.354;-117;-29;0;0
6.359;-125;60;0;0
6.364;-148;-26;0;0
6.369;-156;81;0;0
6.374;-171;-33;0;0
6.379;-187;-1250;0;0
6.384;-195;-30;0;0
6.389;-210;-22;0;0
6.394;-218;192;0;0
6.399;-225;-16;0;0
6.404;-233;-107;0;0
6.409;-241;23;0;0
6.414;-248;10;0;0
6.419;-248;7;0;0
6.424;-256;27;0;0
6.429;-256;11;0;0
6.434;-256;7;0;0
6.439;-256;5;0;0
6.444;-256;4;0;0
6.449;-256;3;0;0
6.454;-248;23;0;0
6.459;-248;10;0;0
6.464;-241;7;0;0
6.469;-233;5;0;0
6.474;-225;4;0;0
6.479;-218;22;0;0
6.484;-202;11;0;0
6.489;-195;6;0;0
6.494;-187;9;0;0
6.499;-171;11;0;0
6.504;-156;13;0;0
6.509;-140;13;0;0
6.514;-125;19;0;0
6.519;-117;9;0;0
6.524;-94;22;0;0
6.529;-86;10;0;0
6.534;-62;20;0;0
6.539;-47;15;0;0
6.544;-31;16;0;0
6.549;-15;13;0;0
6.554;0;14;0;0
6.559;15;13;0;0
6.564;31;13;0;0
6.569;54;12;0;0
6.574;70;24;0;0
6.579;86;11;0;0
6.584;94;12;0;0
6.589;109;11;0;0
6.594;125;14;0;0
6.599;140;13;0;0
6.604;156;18;0;0
6.609;156;9;0;0
6.614;171;9;0;0
6.619;187;13;0;0
6.624;195;8;0;0
6.629;202;8;0;0
6.634;210;5;0;0
6.639;218;8;0;0
6.644;218;5;0;0
6.649;218;4;0;0
6.654;225;3;0;0
6.659;225;3;0;0
6.664;225;2;0;0
6.669;225;2;0;0
6.674;225;2;0;0
6.679;225;2;0;0
6.684;218;4;0;0
6.689;218;4;0;0
6.694;218;4;0;0
6.699;202;26;0;0
6.704;202;11;0;0
6.709;187;23;0;0
6.714;187;10;0;0
6.719;171;-14;0;0
6.724;164;-28;0;0
6.729;156;68;0;0
6.734;140;-27;0;0
6.739;125;25;0;0
6.744;117;-16;0;0
6.749;101;-26;0;0
6.754;94;84;0;0
6.759;70;-21;0;0
6.764;62;140;0;0
6.769;47;-31;0;0
6.774;31;0;0;0
6.779;15;25;0;0
6.784;0;22;0;0
6.789;-15;-30;0;0
6.794;-31;-92;0;0
6.799;-39;-23;0;0
6.804;-62;-43;0;0
6.809;-70;-19;0;0
6.814;-86;-31;0;0
6.819;-101;-19;0;0
6.824;-109;-1000;0;0
6.829;-125;-120;0;0
6.834;-133;-17;0;0
6.839;-148;-14;0;0
6.844;-156;-48;0;0
6.849;-164;0;0;0
6.854;-171;-19;0;0
6.859;-179;-15;0;0
6.864;-187;-61;0;0
6.869;-187;29;0;0
6.874;-195;-8;0;0
6.879;-195;-15;0;0
6.884;-202;-69;0;0
6.889;-202;28;0;0
6.894;-202;11;0;0
6.899;-202;7;0;0
6.904;-202;5;0;0
6.909;-195;2;0;0
6.914;-195;2;0;0
6.919;-195;2;0;0
6.924;-187;2;0;0
6.929;-179;2;0;0
6.934;-179;2;0;0
6.939;-164;5;0;0
6.944;-156;10;0;0
6.949;-156;6;0;0
6.954;-140;9;0;0
6.959;-133;6;0;0
6.964;-125;9;0;0
6.969;-117;6;0;0
6.974;-101;22;0;0
6.979;-94;10;0;0
6.984;-78;12;0;0
6.989;-62;15;0;0
6.994;-54;8;0;0
6.999;-39;22;0;0
7.004;-31;10;0;0
7.009;-15;10;0;0
7.014;0;14;0;0
7.019;7;8;0;0
7.024;23;8;0;0
7.029;31;25;0;0
7.034;47;11;0;0
7.039;62;15;0;0
7.044;70;8;0;0
7.049;86;8;0;0
7.054;94;11;0;0
7.059;101;7;0;0
7.064;109;8;0;0
7.069;117;5;0;0
7.074;125;8;0;0
7.079;133;5;0;0
7.084;140;6;0;0
7.089;148;5;0;0
7.094;156;7;0;0
7.099;156;5;0;0
7.104;156;4;0;0
7.109;164;3;0;0
7.114;164;3;0;0
7.119;171;3;0;0
7.124;171;3;0;0
7.129;171;2;0;0
7.134;171;2;0;0
7.139;164;-5;0;0
7.144;164;-6;0;0
7.149;156;-10;0;0
7.154;156;-23;0;0
7.159;156;140;0;0
7.164;148;-4;0;0
7.169;140;-5;0;0
7.174;133;-9;0;0
7.179;125;-19;0;0
7.184;125;-476;0;0
7.189;117;-10;0;0
7.194;101;-13;0;0
7.199;94;-45;0;0
7.204;86;-11;0;0
7.209;78;-25;0;0
7.214;62;-28;0;0
7.219;62;67;0;0
7.224;47;-24;0;0
7.229;31;25;0;0
7.234;23;-13;0;0
7.239;15;-43;0;0
7.244;0;21;0;0
7.249;-7;-14;0;0
7.254;-15;-54;0;0
7.259;-31;-48;0;0
7.264;-39;-12;0;0
7.269;-47;-34;0;0
7.274;-62;-54;0;0
7.279;-70;0;0;0
7.284;-78;-23;0;0
7.289;-86;-25;0;0
7.294;-94;87;0;0
7.299;-101;-14;0;0
7.304;-109;-49;0;0
7.309;-117;-16;0;0
7.314;-125;-93;0;0
7.319;-125;25;0;0
7.324;-133;-6;0;0
7.329;-133;-10;0;0
7.334;-140;-20;0;0
7.339;-140;0;0;0
7.344;-140;19;0;0
7.349;-140;9;0;0
7.354;-140;6;0;0
7.359;-140;6;0;0
7.364;-140;6;0;0
7.369;-140;6;0;0
7.374;-140;6;0;0
7.379;-133;2;0;0
7.384;-133;2;0;0
7.389;-125;2;0;0
7.394;-125;2;0;0
7.399;-117;2;0;0
7.404;-117;2;0;0
7.409;-109;25;0;0
7.414;-101;11;0;0
7.419;-94;7;0;0
7.424;-86;5;0;0
7.429;-78;7;0;0
7.434;-70;5;0;0
7.439;-62;26;0;0
7.444;-54;11;0;0
7.449;-47;7;0;0
7.454;-39;5;0;0
7.459;-31;22;0;0
7.464;-23;10;0;0
7.469;-15;6;0;0
7.474;-7;5;0;0
7.479;0;23;0;0
7.484;7;10;0;0
7.489;15;7;0;0
7.494;23;5;0;0
7.499;31;8;0;0
7.504;39;5;0;0
7.509;47;7;0;0
7.514;54;5;0;0
7.519;62;8;0;0
7.524;62;5;0;0
7.529;70;4;0;0
7.534;78;5;0;0
7.539;78;4;0;0
7.544;86;3;0;0
7.549;94;6;0;0
7.554;94;4;0;0
7.559;94;3;0;0
7.564;94;3;0;0
7.569;94;2;0;0
7.574;94;2;0;0
7.579;101;2;0;0
7.584;101;2;0;0
7.589;101;2;0;0
7.594;101;2;0;0
7.599;101;2;0;0
7.604;94;6;0;0
7.609;94;6;0;0
7.614;94;6;0;0
7.619;94;6;0;0
7.624;94;6;0;0
7.629;86;-3;0;0
7.634;86;-4;0;0
7.639;78;-5;0;0
7.644;78;-6;0;0
7.649;70;-7;0;0
7.654;62;-12;0;0
7.659;62;-33;0;0
7.664;54;-6;0;0
7.669;47;-9;0;0
7.674;39;-9;0;0
7.679;31;-17;0;0
7.684;31;-128;0;0
7.689;23;-7;0;0
7.694;15;-11;0;0
7.699;7;-10;0;0
7.704;0;-21;0;0
7.709;0;0;0;0
7.714;-7;0;0;0
7.719;-15;-10;0;0
7.724;-15;-20;0;0
7.729;-23;-11;0;0
7.734;-31;-26;0;0
7.739;-31;77;0;0
7.744;-39;-6;0;0
7.749;-47;-9;0;0
7.754;-47;-18;0;0
7.759;-54;-7;0;0
7.764;-54;-12;0;0
7.769;-62;-33;0;0
7.774;-62;50;0;0
7.779;-62;14;0;0
7.784;-62;8;0;0
7.789;-62;5;0;0
7.794;-62;5;0;0
7.799;-62;5;0;0
7.804;-70;27;0;0
7.809;-70;11;0;0
7.814;-62;27;0;0
7.819;-62;11;0;0
7.824;-62;7;0;0
7.829;-62;5;0;0
7.834;-62;4;0;0
7.839;-62;3;0;0
7.844;-62;3;0;0
7.849;-62;3;0;0
7.854;-62;3;0;0
7.859;-62;3;0;0
7.864;-54;3;0;0
7.869;-54;3;0;0
7.874;-54;3;0;0
7.879;-54;3;0;0
7.884;-47;2;0;0
7.889;-47;2;0;0
7.894;-47;2;0;0
7.899;-47;2;0;0
7.904;-39;1;0;0
7.909;-39;1;0;0
7.914;-39;1;0;0
7.919;-31;2;0;0
7.924;-31;2;0;0
7.929;-31;2;0;0
7.934;-31;1;0;0
7.939;-31;1;0;0
7.944;-23;1;0;0
7.949;-23;1;0;0
7.954;-15;2;0;0
7.959;-15;2;0;0
7.964;-15;2;0;0
7.969;-7;2;0;0
7.974;-7;1;0;0
7.979;0;3;0;0
7.984;0;3;0;0
7.989;0;2;0;0
7.994;0;2;0;0
7.999;0;2;0;0
8.004;7;1;0;0
8.009;7;1;0;0
8.014;7;1;0;0
8.019;15;2;0;0
8.024;15;2;0;0
8.029;15;2;0;0
8.034;15;2;0;0
8.039;15;1;0;0
8.044;23;1;0;0
8.049;23;1;0;0
8.054;23;1;0;0
8.059;23;1;0;0
8.064;31;3;0;0
8.069;31;2;0;0
8.074;31;2;0;0
8.079;31;2;0;0
8.084;31;1;0;0
8.089;31;1;0;0
8.094;31;1;0;0
8.099;31;1;0;0
8.104;31;1;0;0
8.109;31;1;0;0
8.114;31;1;0;0
8.119;31;1;0;0
8.124;23;-3;0;0
8.129;23;-4;0;0
8.134;23;-5;0;0
8.139;23;-7;0;0
8.144;23;-11;0;0
8.149;15;-25;0;0
8.154;15;0;0;0
8.159;15;0;0;0
8.164;15;0;0;0
8.169;15;0;0;0
8.174;15;0;0;0
8.179;7;-3;0;0
8.184;7;-4;0;0
8.189;7;-5;0;0
8.194;7;-7;0;0
8.199;0;-10;0;0
8.204;0;-23;0;0
8.209;0;0;0;0
8.214;0;0;0;0
8.219;0;0;0;0
8.224;0;0;0;0
8.229;0;0;0;0
8.234;0;0;0;0
8.239;0;0;0;0
8.244;0;0;0;0
8.249;0;0;0;0
8.254;0;0;0;0
8.259;-7;-3;0;0
8.264;-7;-4;0;0
8.269;-7;-5;0;0
8.274;-7;-7;0;0
8.279;-7;-10;0;0
8.284;-7;-23;0;0
8.289;-7;0;0;0
8.294;-7;0;0;0
8.299;-7;0;0;0
8.304;-7;0;0;0
8.309;-7;0;0;0
8.314;-7;0;0;0
8.319;-7;0;0;0
8.324;-7;0;0;0
8.329;-7;0;0;0
8.334;-7;0;0;0
8.339;-7;0;0;0
8.344;-7;0;0;0
8.349;-7;0;0;0
8.354;-7;0;0;0
8.359;-7;0;0;0
8.364;-7;0;0;0
8.369;-7;0;0;0
8.374;-7;0;0;0
8.379;-7;0;0;0
8.384;-7;0;0;0
8.389;-7;0;0;0
8.394;-7;0;0;0
8.399;-7;0;0;0
8.404;-7;0;0;0
8.409;-7;0;0;0
8.414;-7;0;0;0
8.419;-7;0;0;0
8.424;-7;0;0;0
8.429;-7;0;0;0
8.434;-7;0;0;0
8.439;-7;0;0;0
8.444;-7;0;0;0
8.449;-7;0;0;0
8.454;-7;0;0;0
8.459;-7;0;0;0
8.464;-7;0;0;0
8.469;-7;0;0;0
8.474;-7;0;0;0
8.479;-7;0;0;0
8.484;-7;0;0;0
8.489;-7;0;0;0
8.494;-7;0;0;0
8.499;-7;0;0;0
8.504;-7;0;0;0
8.509;-7;0;0;0
8.514;-7;0;0;0
8.519;-7;0;0;0
8.524;-7;0;0;0
8.529;-7;0;0;0
8.534;-7;0;0;0
8.539;-7;0;0;0
8.544;-7;0;0;0
8.549;-7;0;0;0
8.554;-7;0;0;0
8.559;-7;0;0;0
8.564;-7;0;0;0
8.569;-7;0;0;0
8.574;-7;0;0;0
8.579;-7;0;0;0
8.584;-7;0;0;0
8.589;-7;0;0;0
8.594;-7;0;0;0
8.599;-7;0;0;0
8.604;-7;0;0;0
8.609;-7;0;0;0
8.614;-7;0;0;0
8.619;-7;0;0;0
8.624;-7;0;0;0
8.629;-7;0;0;0
8.634;-7;0;0;0
8.639;-7;0;0;0
8.644;-7;0;0;0
8.649;-7;0;0;0
8.654;-7;0;0;0
8.659;-7;0;0;0
8.664;-7;0;0;0
8.669;-7;0;0;0
8.674;-7;0;0;0
8.679;-7;0;0;0
8.684;-7;0;0;0
8.689;-7;0;0;0
8.694;-7;0;0;0
8.699;-7;0;0;0
8.704;-7;0;0;0
8.709;-7;0;0;0
8.714;-7;0;0;0
8.719;-7;0;0;0
8.724;-7;0;0;0
8.729;-7;0;0;0
8.734;-7;0;0;0
8.739;-7;0;0;0
8.744;-7;0;0;0
8.749;-7;0;0;0
8.754;-7;0;0;0
8.759;-7;0;0;0
8.764;-7;0;0;0
8.769;-7;0;0;0
8.774;-7;0;0;0
8.779;-7;0;0;0
8.784;-7;0;0;0
8.789;-7;0;0;0
8.794;-7;0;0;0
8.799;-7;0;0;0
8.804;-7;0;0;0
8.809;-7;0;0;0
8.814;-7;0;0;0
8.819;-7;0;0;0
8.824;-7;0;0;0
8.829;-7;0;0;0
8.834;-7;0;0;0
8.839;-7;0;0;0
8.844;-7;0;0;0
8.849;-7;0;0;0
8.854;-7;0;0;0
8.859;-7;0;0;0
8.864;-7;0;0;0
8.869;-7;0;0;0
8.874;-7;0;0;0
8.879;-7;0;0;0
8.884;-7;0;0;0
8.889;-7;0;0;0
8.894;-7;0;0;0
8.899;-7;0;0;0
8.904;-7;0;0;0
8.909;-7;0;0;0
8.914;-7;0;0;0
8.919;-7;0;0;0
8.924;-7;0;0;0
8.929;-7;0;0;0
8.934;-7;0;0;0
8.939;-7;0;0;0
8.944;-7;0;0;0
8.949;-7;0;0;0
8.954;-7;0;0;0
8.959;-7;0;0;0
8.964;-7;0;0;0
8.969;-7;0;0;0
8.974;-7;0;0;0
8.979;-7;0;0;0
8.984;-7;0;0;0
8.989;-7;0;0;0
8.994;-7;0;0;0
8.999;-7;0;0;0
9.004;-7;0;0;0
9.009;-7;0;0;0
9.014;-7;0;0;0
9.019;-7;0;0;0
9.024;-7;0;0;0
9.029;-7;0;0;0
9.034;-7;0;0;0
9.039;-7;0;0;0
9.044;-7;0;0;0
9.049;-7;0;0;0
9.054;-7;0;0;0
9.059;-7;0;0;0
9.064;-7;0;0;0
9.069;-7;0;0;0
9.074;-7;0;0;0
9.079;-7;0;0;0
9.084;-7;0;0;0
9.089;-7;0;0;0
9.094;-7;0;0;0
9.099;-7;0;0;0
9.104;-7;0;0;0
9.109;-7;0;0;0
9.114;-7;0;0;0
9.119;-7;0;0;0
9.124;-7;0;0;0
9.129;-7;0;0;0
9.134;-7;0;0;0
9.139;-7;0;0;0
9.144;-7;0;0;0
9.149;-7;0;0;0
9.154;-7;0;0;0
9.159;-7;0;0;0
9.164;-7;0;0;0
9.169;-7;0;0;0
9.174;-7;0;0;0
9.179;-7;0;0;0
9.184;-7;0;0;0
9.189;-7;0;0;0
9.194;-7;0;0;0
9.199;-7;0;0;0
9.204;-7;0;0;0
9.209;-7;0;0;0
9.214;-7;0;0;0
9.219;-7;0;0;0
9.224;-7;0;0;0
9.229;-7;0;0;0
9.234;-7;0;0;0
9.239;-7;0;0;0
9.244;-7;0;0;0
9.249;-7;0;0;0
9.254;-7;0;0;0
9.259;-7;0;0;0
9.264;-7;0;0;0
9.269;-7;0;0;0
9.274;-7;0;0;0
9.279;-7;0;0;0
9.284;-7;0;0;0
9.289;-7;0;0;0
9.294;-7;0;0;0
9.299;-7;0;0;0
9.304;-7;0;0;0
9.309;-7;0;0;0
9.314;-7;0;0;0
9.319;-7;0;0;0
9.324;-7;0;0;0
9.329;-7;0;0;0
9.334;-7;0;0;0
9.339;-7;0;0;0
9.344;-7;0;0;0
9.349;-7;0;0;0
9.354;-7;0;0;0
9.359;-7;0;0;0
9.364;-7;0;0;0
9.369;-7;0;0;0
9.374;-7;0;0;0
9.379;-7;0;0;0
9.384;-7;0;0;0
9.389;-7;0;0;0
9.394;-7;0;0;0
9.399;-7;0;0;0
9.404;-7;0;0;0
9.409;-7;0;0;0
9.414;-7;0;0;0
9.419;-7;0;0;0
9.424;-7;0;0;0
9.429;-7;0;0;0
9.434;-7;0;0;0
9.439;-7;0;0;0
9.444;-7;0;0;0
9.449;-7;0;0;0
9.454;-7;0;0;0
9.459;-7;0;0;0
9.464;-7;0;0;0
9.469;-7;0;0;0
9.474;-7;0;0;0
9.479;-7;0;0;0
9.484;-7;0;0;0
9.489;-7;0;0;0
9.494;-7;0;0;0
9.499;-7;0;0;0
9.504;-7;0;0;0
9.509;-7;0;0;0
9.514;-7;0;0;0
9.519;-7;0;0;0
9.524;-7;0;0;0
9.529;-7;0;0;0
9.534;-7;0;0;0
9.539;-7;0;0;0
9.544;-7;0;0;0
9.549;-7;0;0;0
9.554;-7;0;0;0
9.559;-7;0;0;0
9.564;-7;0;0;0
9.569;-7;0;0;0
9.574;-7;0;0;0
9.579;-7;0;0;0
9.584;-7;0;0;0
9.589;-7;0;0;0
9.594;-7;0;0;0
9.599;-7;0;0;0
9.604;-7;0;0;0
9.609;-7;0;0;0
9.614;-7;0;0;0
9.619;-7;0;0;0
9.624;-7;0;0;0
9.629;-7;0;0;0
9.634;-7;0;0;0
9.639;-7;0;0;0
9.644;-7;0;0;0
9.649;-7;0;0;0
9.654;-7;0;0;0
9.659;-7;0;0;0
9.664;-7;0;0;0
9.669;-7;0;0;0
9.674;-7;0;0;0
9.679;-7;0;0;0
9.684;-7;0;0;0
9.689;-7;0;0;0
9.694;-7;0;0;0
9.699;-7;0;0;0
9.704;-7;0;0;0
9.709;-7;0;0;0
9.714;-7;0;0;0
9.719;-7;0;0;0
9.724;-7;0;0;0
9.729;-7;0;0;0
9.734;-7;0;0;0
9.739;-7;0;0;0
9.744;-7;0;0;0
9.749;-7;0;0;0
9.754;-7;0;0;0
9.759;-7;0;0;0
9.764;-7;0;0;0
9.769;-7;0;0;0
9.774;-7;0;0;0
9.779;-7;0;0;0
9.784;-7;0;0;0
9.789;-7;0;0;0
9.794;-7;0;0;0
9.799;-7;0;0;0
9.804;-7;0;0;0
9.809;-7;0;0;0
9.814;-7;0;0;0
9.819;-7;0;0;0
9.824;-7;0;0;0
9.829;-7;0;0;0
9.834;-7;0;0;0
9.839;-7;0;0;0
9.844;-7;0;0;0
9.849;-7;0;0;0
9.854;-7;0;0;0
9.859;-7;0;0;0
9.864;-7;0;0;0
9.869;-7;0;0;0
9.874;-7;0;0;0
9.879;-7;0;0;0
9.884;-7;0;0;0
9.889;-7;0;0;0
9.894;-7;0;0;0
9.899;-7;0;0;0
9.904;-7;0;0;0
9.909;-7;0;0;0
9.914;-7;0;0;0
9.919;-7;0;0;0
9.924;-7;0;0;0
9.929;-7;0;0;0
9.934;-7;0;0;0
9.939;-7;0;0;0
9.944;-7;0;0;0
9.949;-7;0;0;0
9.954;-7;0;0;0
9.959;-7;0;0;0
9.964;-7;0;0;0
9.969;-7;0;0;0
9.974;-7;0;0;0
9.979;-7;0;0;0
9.984;-7;0;0;0
9.989;-7;0;0;0
9.994;-7;0;0;0
9.999;-7;0;0;0
10.004;-7;0;0;0
10.009;-7;0;0;0
10.014;-7;0;0;0
10.019;-7;0;0;0
10.024;-7;0;0;0
10.029;-7;0;0;0
10.034;-7;0;0;0
10.039;-7;0;0;0
10.044;-7;0;0;0
10.049;-7;0;0;0
10.054;-7;0;0;0
10.059;-7;0;0;0
10.064;-7;0;0;0
10.069;-7;0;0;0
10.074;-7;0;0;0
10.079;-7;0;0;0
10.084;-7;0;0;0
10.089;-7;0;0;0
10.094;-7;0;0;0
10.099;-7;0;0;0
10.104;-7;0;0;0
10.109;-7;0;0;0
10.114;-7;0;0;0
10.119;-7;24;0;0
10.124;-7;22;0;0
10.129;-7;10;0;0
10.134;-7;6;0;0
10.139;-7;25;0;0
10.144;-7;23;0;0
10.149;-7;24;0;0
10.154;-7;26;0;0
10.159;-7;23;0;0
10.164;-7;25;0;0
10.169;-7;25;0;0
10.174;-7;29;0;0
10.179;-7;24;0;0
10.184;-7;25;0;0
10.189;0;28;0;0
10.194;0;26;0;0
10.199;0;11;0;0
10.204;0;7;0;0
10.209;0;5;0;0
10.214;0;4;0;0
10.219;0;3;0;0
10.224;0;3;0;0
10.229;0;3;0;0
10.234;0;3;0;0
10.239;0;3;0;0
10.244;0;3;0;0
10.249;0;3;0;0
10.254;0;3;0;0
10.259;0;3;0;0
10.264;0;3;0;0
10.269;0;3;0;0
10.274;0;3;0;0
10.279;0;3;0;0
10.284;0;3;0;0
10.289;0;3;0;0
10.294;0;3;0;0
10.299;0;3;0;0
10.304;0;3;0;0
10.309;0;3;0;0
10.314;0;3;0;0
10.319;0;3;0;0
10.324;0;3;0;0
10.329;0;3;0;0
10.334;0;3;0;0
10.339;0;3;0;0
10.344;0;3;0;0
10.349;0;3;0;0
10.354;0;3;0;0
10.359;0;3;0;0
10.364;0;3;0;0
10.369;0;3;0;0
10.374;0;3;0;0
10.379;0;3;0;0
10.384;0;3;0;0
10.389;0;3;0;0
10.394;0;3;0;0
10.399;0;3;0;0