t;e;d;i;set

133.389;0;0;0;0
133.394;0;0;0;0
133.399;0;0;0;0
133.404;0;0;0;0
133.409;0;0;0;0
133.414;0;0;0;0
133.419;0;0;0;0
133.424;0;0;0;0
133.429;0;0;0;0
133.434;0;0;0;0
133.439;0;0;0;0
133.444;0;0;0;0
133.449;0;0;0;0
133.454;0;0;0;0
133.459;0;0;0;0
133.464;0;0;0;0
133.469;0;0;0;0
133.474;0;0;0;0
133.479;0;0;0;0
133.484;0;0;0;0
133.489;0;0;0;0
133.494;0;0;0;0
133.499;0;0;0;0
133.504;0;0;0;0
133.509;0;0;0;0
133.514;0;0;0;0
133.519;0;0;0;0
133.524;0;0;0;0
133.529;0;0;0;0
133.534;0;0;0;0
133.539;0;0;0;0
133.544;0;0;0;0
133.549;0;0;0;0
133.554;0;0;0;0
133.559;0;0;0;0
133.564;0;0;0;0
133.569;0;0;0;0
133.574;0;0;0;0
133.579;0;0;0;0
133.584;0;0;0;0
133.589;0;0;0;0
133.594;0;0;0;0
133.599;0;0;0;0
133.604;0;0;0;0
133.609;0;0;0;0
133.614;0;0;0;0
133.619;0;0;0;0
133.624;0;0;0;0
133.629;0;0;0;0
133.634;0;0;0;0
133.639;0;0;0;0
133.644;0;0;0;0
133.649;0;0;0;0
133.654;0;0;0;0
133.659;0;0;0;0
133.664;0;0;0;0
133.669;0;0;0;0
133.674;0;0;0;0
133.679;0;0;0;0
133.684;0;0;0;0
133.689;0;0;0;0
133.694;0;0;0;0
133.699;0;0;0;0
133.704;0;0;0;0
133.709;0;0;0;0
133.714;0;0;0;0
133.719;0;0;0;0
133.724;0;0;0;0
133.729;0;0;0;0
133.734;0;0;0;0
133.739;0;0;0;0
133.744;0;0;0;0
133.749;0;0;0;0
133.754;0;0;0;0
133.759;0;0;0;0
133.764;0;0;0;0
133.769;0;0;0;0
133.774;0;0;0;0
133.779;0;0;0;0
133.784;0;0;0;0
133.789;0;0;0;0
133.794;0;0;0;0
133.799;0;0;0;0
133.804;0;0;0;0
133.809;0;0;0;0
133.814;0;0;0;0
133.819;0;0;0;0
133.824;0;0;0;0
133.829;0;0;0;0
133.834;0;0;0;0
133.839;0;0;0;0
133.844;0;0;0;0
133.849;0;0;0;0
133.854;0;0;0;0
133.859;0;0;0;0
133.864;0;0;0;0
133.869;0;0;0;0
133.874;0;0;0;0
133.879;0;0;0;0
133.884;0;0;0;0
133.889;0;0;0;0
133.894;0;0;0;0
133.899;0;0;0;0
133.904;0;0;0;0
133.909;0;0;0;0
133.914;0;0;0;0
133.919;0;0;0;0
133.924;0;0;0;0
133.929;0;0;0;0
133.934;0;0;0;0
133.939;0;0;0;0
133.944;0;0;0;0
133.949;0;0;0;0
133.954;0;0;0;0
133.959;0;0;0;0
133.964;0;0;0;0
133.969;0;0;0;0
133.974;0;0;0;0
133.979;0;0;0;0
133.984;0;0;0;0
133.989;0;0;0;0
133.994;0;0;0;0
133.999;0;0;0;0
134.004;0;0;0;0
134.009;0;0;0;0
134.014;0;0;0;0
134.019;0;0;0;0
134.024;0;0;0;0
134.029;0;0;0;0
134.034;0;0;0;0
134.039;0;0;0;0
134.044;0;0;0;0
134.049;0;0;0;0
134.054;0;0;0;0
134.059;0;0;0;0
134.064;0;0;0;0
134.069;0;0;0;0
134.074;0;0;0;0
134.079;0;0;0;0
134.084;0;0;0;0
134.089;0;0;0;0
134.094;0;0;0;0
134.099;0;0;0;0
134.104;0;0;0;0
134.109;0;0;0;0
134.114;0;0;0;0
134.119;0;0;0;0
134.124;0;0;0;0
134.129;0;0;0;0
134.134;-7;0;0;0
134.139;-7;0;0;0
134.144;-15;0;0;0
134.149;-15;0;0;0
134.154;-15;0;0;0
134.159;-15;0;0;0
134.164;-23;0;0;0
134.169;-23;0;0;0
134.174;-23;0;0;0
134.179;-31;0;0;0
134.184;-31;0;0;0
134.189;-31;0;0;0
134.194;-31;0;0;0
134.199;-31;0;0;0
134.204;-31;0;0;0
134.209;-31;0;0;0
134.214;-31;0;0;0
134.219;-31;0;0;0
134.224;-31;0;0;0
134.229;-31;0;0;0
134.234;-31;0;0;0
134.239;-31;0;0;0
134.244;-31;0;0;0
134.249;-31;0;0;0
134.254;-31;0;0;0
134.259;-31;0;0;0
134.264;-31;0;0;0
134.269;-23;0;0;0
134.274;-23;0;0;0
134.279;-23;0;0;0
134.284;-23;0;0;0
134.289;-23;0;0;0
134.294;-23;0;0;0
134.299;-15;0;0;0
134.304;-15;0;0;0
134.309;-15;0;0;0
134.314;-15;0;0;0
134.319;-15;0;0;0
134.324;-15;0;0;0
134.329;-15;0;0;0
134.334;-7;0;0;0
134.339;-7;0;0;0
134.344;-7;0;0;0
134.349;-7;0;0;0
134.354;-7;0;0;0
134.359;0;0;0;0
134.364;0;0;0;0
134.369;0;0;0;0
134.374;0;0;0;0
134.379;0;0;0;0
134.384;0;0;0;0
134.389;0;0;0;0
134.394;0;0;0;0
134.399;0;0;0;0
134.404;0;0;0;0
134.409;0;0;0;0
134.414;0;0;0;0
134.419;0;0;0;0
134.424;0;0;0;0
134.429;0;0;0;0
134.434;0;0;0;0
134.439;0;0;0;0
134.444;0;0;0;0
134.449;0;0;0;0
134.454;0;0;0;0
134.459;0;0;0;0
134.464;0;0;0;0
134.469;0;0;0;0
134.474;0;0;0;0
134.479;0;0;0;0
134.484;0;0;0;0
134.489;0;0;0;0
134.494;0;0;0;0
134.499;0;0;0;0
134.504;0;0;0;0
134.509;0;0;0;0
134.514;0;0;0;0
134.519;0;0;0;0
134.524;0;0;0;0
134.529;0;0;0;0
134.534;0;0;0;0
134.539;0;0;0;0
134.544;0;0;0;0
134.549;0;0;0;0
134.554;0;0;0;0
134.559;0;0;0;0
134.564;0;0;0;0
134.569;0;0;0;0
134.574;0;0;0;0
134.579;0;0;0;0
134.584;0;0;0;0
134.589;0;0;0;0
134.594;0;0;0;0
134.599;0;0;0;0
134.604;0;0;0;0
134.609;0;0;0;0
134.614;0;0;0;0
134.619;0;0;0;0
134.624;0;0;0;0
134.629;0;0;0;0
134.634;0;0;0;0
134.639;0;0;0;0
134.644;0;0;0;0
134.649;0;0;0;0
134.654;0;0;0;0
134.659;0;0;0;0
134.664;0;0;0;0
134.669;0;0;0;0
134.674;0;0;0;0
134.679;0;0;0;0
134.684;0;0;0;0
134.689;0;0;0;0
134.694;0;0;0;0
134.699;0;0;0;0
134.704;0;0;0;0
134.709;0;0;0;0
134.714;0;0;0;0
134.719;0;0;0;0
134.724;0;0;0;0
134.729;0;0;0;0
134.734;0;0;0;0
134.739;0;0;0;0
134.744;0;0;0;0
134.749;0;0;0;0
134.754;0;0;0;0
134.759;0;0;0;0
134.764;0;0;0;0
134.769;0;0;0;0
134.774;0;0;0;0
134.779;0;0;0;0
134.784;0;0;0;0
134.789;0;0;0;0
134.794;0;0;0;0
134.799;0;0;0;0
134.804;0;0;0;0
134.809;0;0;0;0
134.814;0;0;0;0
134.819;0;0;0;0
134.824;0;0;0;0
134.829;0;0;0;0
134.834;0;0;0;0
134.839;0;0;0;0
134.844;0;0;0;0
134.849;0;0;0;0
134.854;0;0;0;0
134.859;0;0;0;0
134.864;0;0;0;0
134.869;0;0;0;0
134.874;0;0;0;0
134.879;0;0;0;0
134.884;0;0;0;0
134.889;0;0;0;0
134.894;0;0;0;0
134.899;0;0;0;0
134.904;0;0;0;0
134.909;0;0;0;0
134.914;0;0;0;0
134.919;0;0;0;0
134.924;0;0;0;0
134.929;0;0;0;0
134.934;0;0;0;0
134.939;0;0;0;0
134.944;0;0;0;0
134.949;0;0;0;0
134.954;0;0;0;0
134.959;0;0;0;0
134.964;0;0;0;0
134.969;0;0;0;0
134.974;0;0;0;0
134.979;0;0;0;0
134.984;0;0;0;0
134.989;0;0;0;0
134.994;0;0;0;0
134.999;0;0;0;0
135.004;0;0;0;0
135.009;0;0;0;0
135.014;0;0;0;0
135.019;0;0;0;0
135.024;0;0;0;0
135.029;0;0;0;0
135.034;0;0;0;0
135.039;0;0;0;0
135.044;0;0;0;0
135.049;0;0;0;0
135.054;0;0;0;0
135.059;0;0;0;0
135.064;0;0;0;0
135.069;0;0;0;0
135.074;0;0;0;0
135.079;0;0;0;0
135.084;0;0;0;0
135.089;0;0;0;0
135.094;0;0;0;0
135.099;0;0;0;0
135.104;0;0;0;0
135.109;0;0;0;0
135.114;0;0;0;0
135.119;0;0;0;0
135.124;0;0;0;0
135.129;0;0;0;0
135.134;0;0;0;0
135.139;0;0;0;0
135.144;0;0;0;0
135.149;0;0;0;0
135.154;0;0;0;0
135.159;0;0;0;0
135.164;0;0;0;0
135.169;0;0;0;0
135.174;0;0;0;0
135.179;0;0;0;0
135.184;0;0;0;0
135.189;0;0;0;0
135.194;0;0;0;0
135.199;0;0;0;0
135.204;0;0;0;0
135.209;0;0;0;0
135.214;0;0;0;0
135.219;0;0;0;0
135.224;0;0;0;0
135.229;0;0;0;0
135.234;0;0;0;0
135.239;0;0;0;0
135.244;0;0;0;0
135.249;0;0;0;0
135.254;0;0;0;0
135.259;0;0;0;0
135.264;0;0;0;0
135.269;0;0;0;0
135.274;0;0;0;0
135.279;0;0;0;0
135.284;0;0;0;0
135.289;0;0;0;0
135.294;0;0;0;0
135.299;0;0;0;0
135.304;0;0;0;0
135.309;0;0;0;0
135.314;0;0;0;0
135.319;0;0;0;0
135.324;0;0;0;0
135.329;0;0;0;0
135.334;0;0;0;0
135.339;0;0;0;0
135.344;0;0;0;0
135.349;0;0;0;0
135.354;0;0;0;0
135.359;0;0;0;0
135.364;0;0;0;0
135.369;0;0;0;0
135.374;0;0;0;0
135.379;0;0;0;0
135.384;0;0;0;0
135.389;0;0;0;0
135.394;0;0;0;0
135.399;0;0;0;0
135.404;0;0;0;0
135.409;0;0;0;0
135.414;0;0;0;0
135.419;0;0;0;0
135.424;0;0;0;0
135.429;0;0;0;0
135.434;0;0;0;0
135.439;0;0;0;0
135.444;-23;0;0;0
135.449;-54;516;0;0
135.454;-117;250;0;0
135.459;-156;388;0;0
135.464;-187;451;0;0
135.469;-233;355;0;0
135.474;-278;340;0;0
135.479;-316;383;0;0
135.484;-353;415;0;0
135.489;-382;448;0;0
135.494;-418;433;0;0
135.499;-446;538;0;0
135.504;-474;510;0;0
135.509;-495;510;0;0
135.514;-515;563;0;0
135.519;-535;614;0;0
135.524;-555;814;0;0
135.529;-562;814;0;0
135.534;-575;814;0;0
135.539;-587;1019;0;0
135.544;-594;1019;0;0
135.549;-600;1019;0;0
135.554;-606;1583;0;0
135.559;-606;1583;0;0
135.564;-606;1583;0;0
135.569;-600;1583;0;0
135.574;-587;1583;0;0
135.579;-587;1583;0;0
135.584;-575;1583;0;0
135.589;-562;3426;0;0
135.594;-542;930;0;0
135.599;-529;930;0;0
135.604;-509;593;0;0
135.609;-481;765;0;0
135.614;-453;553;0;0
135.619;-432;606;0;0
135.624;-404;475;0;0
135.629;-375;506;0;0
135.634;-338;463;0;0
135.639;-309;410;0;0
135.644;-271;428;0;0
135.649;-233;419;0;0
135.654;-195;385;0;0
135.659;-156;387;0;0
135.664;-109;370;0;0
135.669;-70;385;0;0
135.674;-23;331;0;0
135.679;15;350;0;0
135.684;62;390;0;0
135.689;101;378;0;0
135.694;140;276;0;0
135.699;187;387;0;0
135.704;218;413;0;0
135.709;256;425;0;0
135.714;294;438;0;0
135.719;331;400;0;0
135.724;368;422;0;0
135.729;397;481;0;0
135.734;418;544;0;0
135.739;439;544;0;0
135.744;467;590;0;0
135.749;488;590;0;0
135.754;509;632;0;0
135.759;529;732;0;0
135.764;535;732;0;0
135.769;549;732;0;0
135.774;562;1053;0;0
135.779;568;1053;0;0
135.784;575;1053;0;0
135.789;575;1053;0;0
135.794;575;1053;0;0
135.799;575;1053;0;0
135.804;575;1053;0;0
135.809;562;3511;0;0
135.814;562;3511;0;0
135.819;549;3511;0;0
135.824;535;1594;0;0
135.829;522;1594;0;0
135.834;502;909;0;0
135.839;481;713;0;0
135.844;460;662;0;0
135.849;439;662;0;0
135.854;411;613;0;0
135.859;382;560;0;0
135.864;353;512;0;0
135.869;323;470;0;0
135.874;294;470;0;0
135.879;256;414;0;0
135.884;218;409;0;0
135.889;187;432;0;0
135.894;148;427;0;0
135.899;101;387;0;0
135.904;62;375;0;0
135.909;23;390;0;0
135.914;-15;394;0;0
135.919;-62;372;0;0
135.924;-94;405;0;0
135.929;-140;387;0;0
135.934;-171;374;0;0
135.939;-210;441;0;0
135.944;-248;426;0;0
135.949;-278;422;0;0
135.954;-309;440;0;0
135.959;-338;519;0;0
135.964;-368;530;0;0
135.969;-397;501;0;0
135.974;-418;664;0;0
135.979;-439;664;0;0
135.984;-460;627;0;0
135.989;-481;759;0;0
135.994;-495;759;0;0
135.999;-509;887;0;0
136.004;-515;887;0;0
136.009;-529;1144;0;0
136.014;-535;1144;0;0
136.019;-535;1144;0;0
136.024;-535;1144;0;0
136.029;-535;1144;0;0
136.034;-535;1144;0;0
136.039;-535;1144;0;0
136.044;-529;1144;0;0
136.049;-522;1144;0;0
136.054;-509;0;0;0
136.059;-495;0;0;0
136.064;-481;1031;0;0
136.069;-460;900;0;0
136.074;-446;900;0;0
136.079;-425;749;0;0
136.084;-404;664;0;0
136.089;-382;664;0;0
136.094;-353;623;0;0
136.099;-323;563;0;0
136.104;-301;502;0;0
136.109;-271;537;0;0
136.114;-233;463;0;0
136.119;-195;470;0;0
136.124;-164;462;0;0
136.129;-125;396;0;0
136.134;-94;424;0;0
136.139;-54;459;0;0
136.144;-15;391;0;0
136.149;23;421;0;0
136.154;62;449;0;0
136.159;94;403;0;0
136.164;133;417;0;0
136.169;164;450;0;0
136.174;202;474;0;0
136.179;233;465;0;0
136.184;263;477;0;0
136.189;294;488;0;0
136.194;323;508;0;0
136.199;346;517;0;0
136.204;375;555;0;0
136.209;397;606;0;0
136.214;418;699;0;0
136.219;439;699;0;0
136.224;453;745;0;0
136.229;467;745;0;0
136.234;481;854;0;0
136.239;488;854;0;0
136.244;495;1025;0;0
136.249;509;1025;0;0
136.254;509;1025;0;0
136.259;509;1025;0;0
136.264;509;1025;0;0
136.269;509;1025;0;0
136.274;509;1025;0;0
136.279;495;1025;0;0
136.284;488;0;0;0
136.289;481;0;0;0
136.294;467;0;0;0
136.299;453;1195;0;0
136.304;439;1195;0;0
136.309;418;928;0;0
136.314;397;757;0;0
136.319;375;654;0;0
136.324;353;654;0;0
136.329;323;585;0;0
136.334;301;605;0;0
136.339;271;563;0;0
136.344;241;487;0;0
136.349;210;473;0;0
136.354;179;507;0;0
136.359;148;495;0;0
136.364;109;451;0;0
136.369;70;439;0;0
136.374;39;474;0;0
136.379;0;451;0;0
136.384;-31;432;0;0
136.389;-62;412;0;0
136.394;-101;470;0;0
136.399;-133;441;0;0
136.404;-164;427;0;0
136.409;-195;522;0;0
136.414;-225;507;0;0
136.419;-263;480;0;0
136.424;-286;499;0;0
136.429;-316;565;0;0
136.434;-338;621;0;0
136.439;-360;672;0;0
136.444;-382;672;0;0
136.449;-397;682;0;0
136.454;-411;682;0;0
136.459;-425;922;0;0
136.464;-439;922;0;0
136.469;-453;1027;0;0
136.474;-460;1027;0;0
136.479;-467;1027;0;0
136.484;-474;1809;0;0
136.489;-474;1809;0;0
136.494;-474;1809;0;0
136.499;-474;1809;0;0
136.504;-467;1809;0;0
136.509;-467;1809;0;0
136.514;-453;1809;0;0
136.519;-453;1809;0;0
136.524;-439;1809;0;0
136.529;-425;0;0;0
136.534;-411;0;0;0
136.539;-397;1001;0;0
136.544;-382;1001;0;0
136.549;-360;911;0;0
136.554;-338;677;0;0
136.559;-316;698;0;0
136.564;-294;698;0;0
136.569;-271;605;0;0
136.574;-241;569;0;0
136.579;-210;423;0;0
136.584;-187;656;0;0
136.589;-148;411;0;0
136.594;-117;569;0;0
136.599;-94;409;0;0
136.604;-54;615;0;0
136.609;-15;402;0;0
136.614;15;484;0;0
136.619;47;536;0;0
136.624;78;463;0;0
136.629;109;434;0;0
136.634;140;487;0;0
136.639;164;559;0;0
136.644;202;548;0;0
136.649;225;499;0;0
136.654;256;547;0;0
136.659;278;442;0;0
136.664;301;878;0;0
136.669;323;878;0;0
136.674;338;677;0;0
136.679;360;747;0;0
136.684;382;747;0;0
136.689;397;823;0;0
136.694;404;823;0;0
136.699;418;1111;0;0
136.704;425;1111;0;0
136.709;439;1111;0;0
136.714;439;1111;0;0
136.719;446;1770;0;0
136.724;453;1770;0;0
136.729;453;1770;0;0
136.734;446;1770;0;0
136.739;439;1770;0;0
136.744;439;1770;0;0
136.749;425;2981;0;0
136.754;418;2981;0;0
136.759;411;2981;0;0
136.764;397;1439;0;0
136.769;382;1439;0;0
136.774;368;1032;0;0
136.779;346;861;0;0
136.784;331;861;0;0
136.789;309;812;0;0
136.794;286;662;0;0
136.799;256;583;0;0
136.804;233;583;0;0
136.809;210;590;0;0
136.814;187;634;0;0
136.819;156;564;0;0
136.824;125;500;0;0
136.829;94;508;0;0
136.834;62;533;0;0
136.839;31;540;0;0
136.844;0;501;0;0
136.849;-31;487;0;0
136.854;-54;524;0;0
136.859;-86;544;0;0
136.864;-117;487;0;0
136.869;-148;489;0;0
136.874;-171;489;0;0
136.879;-195;665;0;0
136.884;-225;572;0;0
136.889;-248;545;0;0
136.894;-271;663;0;0
136.899;-294;663;0;0
136.904;-316;740;0;0
136.909;-331;764;0;0
136.914;-346;764;0;0
136.919;-368;939;0;0
136.924;-375;939;0;0
136.929;-389;1121;0;0
136.934;-397;1121;0;0
136.939;-404;1121;0;0
136.944;-411;1121;0;0
136.949;-411;1121;0;0
136.954;-418;2388;0;0
136.959;-418;2388;0;0
136.964;-418;2388;0;0
136.969;-411;2388;0;0
136.974;-404;2388;0;0
136.979;-397;2388;0;0
136.984;-397;2388;0;0
136.989;-382;2388;0;0
136.994;-368;3971;0;0
136.999;-360;3971;0;0
137.004;-346;1101;0;0
137.009;-331;1101;0;0
137.014;-309;933;0;0
137.019;-294;933;0;0
137.024;-278;803;0;0
137.029;-248;682;0;0
137.034;-225;655;0;0
137.039;-202;655;0;0
137.044;-179;671;0;0
137.049;-156;586;0;0
137.054;-125;583;0;0
137.059;-101;629;0;0
137.064;-70;518;0;0
137.069;-39;498;0;0
137.074;-15;498;0;0
137.079;15;587;0;0
137.084;39;579;0;0
137.089;70;527;0;0
137.094;94;419;0;0
137.099;125;750;0;0
137.104;148;608;0;0
137.109;171;608;0;0
137.114;202;604;0;0
137.119;218;632;0;0
137.124;248;671;0;0
137.129;263;671;0;0
137.134;278;758;0;0
137.139;301;865;0;0
137.144;316;865;0;0
137.149;331;676;0;0
137.154;346;676;0;0
137.159;360;1362;0;0
137.164;368;1362;0;0
137.169;375;1362;0;0
137.174;382;1362;0;0
137.179;382;1362;0;0
137.184;389;2452;0;0
137.189;389;2452;0;0
137.194;389;2452;0;0
137.199;382;2452;0;0
137.204;382;2452;0;0
137.209;375;2452;0;0
137.214;368;2452;0;0
137.219;360;2452;0;0
137.224;353;2452;0;0
137.229;338;0;0;0
137.234;331;0;0;0
137.239;309;1253;0;0
137.244;294;1253;0;0
137.249;278;848;0;0
137.254;256;795;0;0
137.259;241;795;0;0
137.264;218;806;0;0
137.269;202;806;0;0
137.274;171;735;0;0
137.279;148;608;0;0
137.284;125;605;0;0
137.289;94;644;0;0
137.294;78;644;0;0
137.299;47;639;0;0
137.304;23;575;0;0
137.309;-7;572;0;0
137.314;-31;608;0;0
137.319;-62;607;0;0
137.324;-86;597;0;0
137.329;-109;597;0;0
137.334;-133;552;0;0
137.339;-156;667;0;0
137.344;-179;711;0;0
137.349;-202;711;0;0
137.354;-225;653;0;0
137.359;-241;827;0;0
137.364;-256;827;0;0
137.369;-278;829;0;0
137.374;-294;829;0;0
137.379;-309;903;0;0
137.384;-316;903;0;0
137.389;-331;1256;0;0
137.394;-338;1256;0;0
137.399;-346;1256;0;0
137.404;-353;1256;0;0
137.409;-360;2089;0;0
137.414;-360;2089;0;0
137.419;-360;2089;0;0
137.424;-360;2089;0;0
137.429;-360;2089;0;0
137.434;-353;2089;0;0
137.439;-353;2089;0;0
137.444;-346;2089;0;0
137.449;-338;2089;0;0
137.454;-331;2089;0;0
137.459;-316;0;0;0
137.464;-309;0;0;0
137.469;-294;0;0;0
137.474;-278;1555;0;0
137.479;-263;1555;0;0
137.484;-248;915;0;0
137.489;-225;881;0;0
137.494;-210;881;0;0
137.499;-187;623;0;0
137.504;-164;873;0;0
137.509;-140;873;0;0
137.514;-125;724;0;0
137.519;-101;694;0;0
137.524;-70;637;0;0
137.529;-47;637;0;0
137.534;-23;602;0;0
137.539;0;704;0;0
137.544;23;615;0;0
137.549;47;615;0;0
137.554;70;648;0;0
137.559;94;486;0;0
137.564;117;874;0;0
137.569;133;874;0;0
137.574;156;748;0;0
137.579;179;733;0;0
137.584;202;733;0;0
137.589;218;776;0;0
137.594;233;776;0;0
137.599;248;866;0;0
137.604;263;866;0;0
137.609;278;1105;0;0
137.614;286;1105;0;0
137.619;301;1319;0;0
137.624;309;1319;0;0
137.629;316;1319;0;0
137.634;323;1319;0;0
137.639;331;1719;0;0
137.644;338;1719;0;0
137.649;338;1719;0;0
137.654;338;1719;0;0
137.659;338;1719;0;0
137.664;331;1719;0;0
137.669;323;1719;0;0
137.674;323;1719;0;0
137.679;309;3857;0;0
137.684;309;3857;0;0
137.689;294;3857;0;0
137.694;278;1646;0;0
137.699;271;1646;0;0
137.704;256;1206;0;0
137.709;248;1206;0;0
137.714;225;1083;0;0
137.719;218;1083;0;0
137.724;195;911;0;0
137.729;171;911;0;0
137.734;156;775;0;0
137.739;133;772;0;0
137.744;117;772;0;0
137.749;94;786;0;0
137.754;70;700;0;0
137.759;47;700;0;0
137.764;31;697;0;0
137.769;0;693;0;0
137.774;-15;693;0;0
137.779;-39;687;0;0
137.784;-62;737;0;0
137.789;-86;689;0;0
137.794;-109;689;0;0
137.799;-125;669;0;0
137.804;-148;822;0;0
137.809;-164;822;0;0
137.814;-187;868;0;0
137.819;-202;868;0;0
137.824;-218;862;0;0
137.829;-225;862;0;0
137.834;-241;1090;0;0
137.839;-256;1090;0;0
137.844;-271;1207;0;0
137.849;-278;1207;0;0
137.854;-286;1207;0;0
137.859;-294;1207;0;0
137.864;-301;1755;0;0
137.869;-309;1755;0;0
137.874;-309;1755;0;0
137.879;-309;1755;0;0
137.884;-309;1755;0;0
137.889;-309;1755;0;0
137.894;-309;1755;0;0
137.899;-301;1755;0;0
137.904;-301;1755;0;0
137.909;-294;1755;0;0
137.914;-286;0;0;0
137.919;-278;0;0;0
137.924;-263;0;0;0
137.929;-256;1593;0;0
137.934;-241;1593;0;0
137.939;-225;1213;0;0
137.944;-218;1213;0;0
137.949;-202;1213;0;0
137.954;-187;1040;0;0
137.959;-164;886;0;0
137.964;-148;886;0;0
137.969;-133;914;0;0
137.974;-109;914;0;0
137.979;-94;835;0;0
137.984;-70;738;0;0
137.989;-47;738;0;0
137.994;-31;738;0;0
137.999;-7;801;0;0
138.004;7;801;0;0
138.009;31;777;0;0
138.014;54;735;0;0
138.019;70;735;0;0
138.024;94;780;0;0
138.029;109;780;0;0
138.034;125;893;0;0
138.039;140;893;0;0
138.044;156;877;0;0
138.049;179;969;0;0
138.054;187;969;0;0
138.059;202;969;0;0
138.064;218;1071;0;0
138.069;233;1071;0;0
138.074;241;1258;0;0
138.079;248;1258;0;0
138.084;256;1258;0;0
138.089;263;1258;0;0
138.094;271;1975;0;0
138.099;278;1975;0;0
138.104;278;1975;0;0
138.109;278;1975;0;0
138.114;278;1975;0;0
138.119;278;1975;0;0
138.124;278;1975;0;0
138.129;278;1975;0;0
138.134;271;1975;0;0
138.139;263;1975;0;0
138.144;256;0;0;0
138.149;248;0;0;0
138.154;241;0;0;0
138.159;233;0;0;0
138.164;218;1805;0;0
138.169;210;1805;0;0
138.174;195;1289;0;0
138.179;187;1289;0;0
138.184;164;1023;0;0
138.189;156;1023;0;0
138.194;133;975;0;0
138.199;117;975;0;0
138.204;101;959;0;0
138.209;86;959;0;0
138.214;62;839;0;0
138.219;47;839;0;0
138.224;31;855;0;0
138.229;7;809;0;0
138.234;-7;809;0;0
138.239;-31;848;0;0
138.244;-47;848;0;0
138.249;-62;876;0;0
138.254;-86;812;0;0
138.259;-101;812;0;0
138.264;-117;862;0;0
138.269;-133;862;0;0
138.274;-148;1014;0;0
138.279;-164;1014;0;0
138.284;-179;1117;0;0
138.289;-187;1117;0;0
138.294;-202;1117;0;0
138.299;-210;1257;0;0
138.304;-218;1257;0;0
138.309;-225;1257;0;0
138.314;-241;1755;0;0
138.319;-248;1755;0;0
138.324;-248;1755;0;0
138.329;-256;1755;0;0
138.334;-256;1755;0;0
138.339;-256;1755;0;0
138.344;-256;1755;0;0
138.349;-256;1755;0;0
138.354;-256;1755;0;0
138.359;-256;1755;0;0
138.364;-248;1755;0;0
138.369;-248;1755;0;0
138.374;-241;1755;0;0
138.379;-233;1755;0;0
138.384;-225;0;0;0
138.389;-218;0;0;0
138.394;-202;0;0;0
138.399;-195;1634;0;0
138.404;-179;1634;0;0
138.409;-164;1235;0;0
138.414;-156;1235;0;0
138.419;-140;1235;0;0
138.424;-125;1185;0;0
138.429;-109;1185;0;0
138.434;-94;1044;0;0
138.439;-78;1044;0;0
138.444;-62;893;0;0
138.449;-47;893;0;0
138.454;-31;948;0;0
138.459;-7;966;0;0
138.464;0;966;0;0
138.469;23;913;0;0
138.474;39;913;0;0
138.479;62;932;0;0
138.484;70;932;0;0
138.489;86;985;0;0
138.494;101;985;0;0
138.499;117;1106;0;0
138.504;125;1106;0;0
138.509;140;1106;0;0
138.514;156;1172;0;0
138.519;164;1172;0;0
138.524;179;1362;0;0
138.529;187;1362;0;0
138.534;195;1362;0;0
138.539;202;1362;0;0
138.544;218;1714;0;0
138.549;218;1714;0;0
138.554;218;1714;0;0
138.559;225;1714;0;0
138.564;225;1714;0;0
138.569;233;1714;0;0
138.574;233;1714;0;0
138.579;233;1714;0;0
138.584;225;0;0;0
138.589;225;0;0;0
138.594;218;0;0;0
138.599;218;0;0;0
138.604;218;0;0;0
138.609;202;0;0;0
138.614;202;3212;0;0
138.619;187;3212;0;0
138.624;179;3212;0;0
138.629;171;3212;0;0
138.634;156;1617;0;0
138.639;148;1617;0;0
138.644;133;1360;0;0
138.649;125;1360;0;0
138.654;109;1360;0;0
138.659;94;1247;0;0
138.664;86;1247;0;0
138.669;70;1063;0;0
138.674;54;1063;0;0
138.679;39;1065;0;0
138.684;23;1065;0;0
138.689;7;1021;0;0
138.694;-7;1021;0;0
138.699;-23;1039;0;0
138.704;-31;1039;0;0
138.709;-54;1080;0;0
138.714;-62;1080;0;0
138.719;-78;1080;0;0
138.724;-94;1036;0;0
138.729;-109;1036;0;0
138.734;-125;1151;0;0
138.739;-133;1151;0;0
138.744;-140;1151;0;0
138.749;-156;1378;0;0
138.754;-156;1378;0;0
138.759;-171;1378;0;0
138.764;-179;1706;0;0
138.769;-187;1706;0;0
138.774;-195;1706;0;0
138.779;-195;1706;0;0
138.784;-202;1706;0;0
138.789;-202;1706;0;0
138.794;-210;2957;0;0
138.799;-210;2957;0;0
138.804;-210;2957;0;0
138.809;-210;2957;0;0
138.814;-210;2957;0;0
138.819;-202;2957;0;0
138.824;-202;2957;0;0
138.829;-195;2957;0;0
138.834;-195;2957;0;0
138.839;-187;2957;0;0
138.844;-179;2957;0;0
138.849;-171;2957;0;0
138.854;-164;0;0;0
138.859;-156;0;0;0
138.864;-148;0;0;0
138.869;-133;1408;0;0
138.874;-125;1408;0;0
138.879;-117;1408;0;0
138.884;-101;1796;0;0
138.889;-94;1796;0;0
138.894;-78;1796;0;0
138.899;-62;1154;0;0
138.904;-47;1154;0;0
138.909;-31;1191;0;0
138.914;-23;1191;0;0
138.919;-7;1239;0;0
138.924;0;1239;0;0
138.929;15;1239;0;0
138.934;31;1211;0;0
138.939;39;1211;0;0
138.944;54;880;0;0
138.949;62;880;0;0
138.954;78;880;0;0
138.959;94;1573;0;0
138.964;94;1573;0;0
138.969;109;1573;0;0
138.974;125;1551;0;0
138.979;125;1551;0;0
138.984;133;1551;0;0
138.989;140;1551;0;0
138.994;156;1821;0;0
138.999;156;1821;0;0
139.004;164;1821;0;0
139.009;171;1821;0;0
139.014;171;1821;0;0
139.019;179;2859;0;0
139.024;179;2859;0;0
139.029;179;2859;0;0
139.034;179;2859;0;0
139.039;179;2859;0;0
139.044;179;2859;0;0
139.049;179;2859;0;0
139.054;171;2859;0;0
139.059;171;2859;0;0
139.064;164;2859;0;0
139.069;156;2859;0;0
139.074;156;2859;0;0
139.079;148;2859;0;0
139.084;140;2859;0;0
139.089;133;0;0;0
139.094;125;0;0;0
139.099;117;0;0;0
139.104;109;0;0;0
139.109;94;1839;0;0
139.114;86;1839;0;0
139.119;78;1839;0;0
139.124;62;1484;0;0
139.129;54;1484;0;0
139.134;39;1386;0;0
139.139;31;1386;0;0
139.144;15;1386;0;0
139.149;7;1337;0;0
139.154;0;1337;0;0
139.159;-15;1337;0;0
139.164;-31;1359;0;0
139.169;-39;1359;0;0
139.174;-47;1359;0;0
139.179;-62;1391;0;0
139.184;-70;1391;0;0
139.189;-86;1429;0;0
139.194;-94;1429;0;0
139.199;-101;1429;0;0
139.204;-109;1429;0;0
139.209;-117;1730;0;0
139.214;-125;1730;0;0
139.219;-133;1730;0;0
139.224;-140;1730;0;0
139.229;-140;1730;0;0
139.234;-148;2460;0;0
139.239;-148;2460;0;0
139.244;-156;2460;0;0
139.249;-156;2460;0;0
139.254;-156;2460;0;0
139.259;-156;2460;0;0
139.264;-156;2460;0;0
139.269;-156;2460;0;0
139.274;-156;2460;0;0
139.279;-156;2460;0;0
139.284;-156;2460;0;0
139.289;-148;2460;0;0
139.294;-148;2460;0;0
139.299;-140;2460;0;0
139.304;-133;0;0;0
139.309;-133;0;0;0
139.314;-125;0;0;0
139.319;-117;0;0;0
139.324;-109;0;0;0
139.329;-101;2393;0;0
139.334;-94;2393;0;0
139.339;-86;2393;0;0
139.344;-78;2393;0;0
139.349;-62;1728;0;0
139.354;-54;1728;0;0
139.359;-47;1728;0;0
139.364;-39;1610;0;0
139.369;-31;1610;0;0
139.374;-23;1610;0;0
139.379;-7;1736;0;0
139.384;0;1736;0;0
139.389;7;1736;0;0
139.394;15;1736;0;0
139.399;31;1666;0;0
139.404;31;1666;0;0
139.409;47;1666;0;0
139.414;54;1640;0;0
139.419;62;1640;0;0
139.424;70;1640;0;0
139.429;78;1640;0;0
139.434;86;1992;0;0
139.439;94;1992;0;0
139.444;94;1992;0;0
139.449;101;1992;0;0
139.454;109;1992;0;0
139.459;109;1992;0;0
139.464;117;2914;0;0
139.469;125;2914;0;0
139.474;125;2914;0;0
139.479;125;2914;0;0
139.484;125;2914;0;0
139.489;125;2914;0;0
139.494;125;2914;0;0
139.499;125;2914;0;0
139.504;125;2914;0;0
139.509;125;2914;0;0
139.514;125;2914;0;0
139.519;125;2914;0;0
139.524;117;2914;0;0
139.529;117;2914;0;0
139.534;109;2914;0;0
139.539;101;0;0;0
139.544;94;0;0;0
139.549;94;0;0;0
139.554;94;0;0;0
139.559;78;0;0;0
139.564;78;0;0;0
139.569;62;2646;0;0
139.574;62;2646;0;0
139.579;54;2646;0;0
139.584;47;2646;0;0
139.589;31;2076;0;0
139.594;31;2076;0;0
139.599;23;2076;0;0
139.604;15;2076;0;0
139.609;0;1950;0;0
139.614;0;1950;0;0
139.619;-15;1950;0;0
139.624;-15;1950;0;0
139.629;-31;1939;0;0
139.634;-31;1939;0;0
139.639;-39;1939;0;0
139.644;-47;1939;0;0
139.649;-54;2110;0;0
139.654;-62;2110;0;0
139.659;-70;2110;0;0
139.664;-70;2110;0;0
139.669;-78;2110;0;0
139.674;-86;2445;0;0
139.679;-94;2445;0;0
139.684;-94;2445;0;0
139.689;-94;2445;0;0
139.694;-101;2445;0;0
139.699;-101;2445;0;0
139.704;-101;2445;0;0
139.709;-109;2445;0;0
139.714;-109;2445;0;0
139.719;-109;2445;0;0
139.724;-109;2445;0;0
139.729;-109;2445;0;0
139.734;-109;2445;0;0
139.739;-109;2445;0;0
139.744;-101;0;0;0
139.749;-101;0;0;0
139.754;-101;0;0;0
139.759;-94;0;0;0
139.764;-94;0;0;0
139.769;-86;0;0;0
139.774;-86;0;0;0
139.779;-78;0;0;0
139.784;-70;0;0;0
139.789;-62;0;0;0
139.794;-62;0;0;0
139.799;-54;0;0;0
139.804;-54;0;0;0
139.809;-47;2227;0;0
139.814;-39;2227;0;0
139.819;-31;2227;0;0
139.824;-31;2227;0;0
139.829;-23;2227;0;0
139.834;-15;2227;0;0
139.839;-7;3429;0;0
139.844;0;3429;0;0
139.849;0;3429;0;0
139.854;0;3429;0;0
139.859;7;3429;0;0
139.864;15;3429;0;0
139.869;23;2771;0;0
139.874;31;2771;0;0
139.879;31;2771;0;0
139.884;39;2771;0;0
139.889;47;2771;0;0
139.894;47;2771;0;0
139.899;54;3059;0;0
139.904;54;3059;0;0
139.909;62;3059;0;0
139.914;62;3059;0;0
139.919;62;3059;0;0
139.924;62;3059;0;0
139.929;70;3059;0;0
139.934;70;3059;0;0
139.939;70;3059;0;0
139.944;78;3059;0;0
139.949;78;3059;0;0
139.954;78;3059;0;0
139.959;78;3059;0;0
139.964;78;3059;0;0
139.969;70;0;0;0
139.974;70;0;0;0
139.979;70;0;0;0
139.984;70;0;0;0
139.989;62;0;0;0
139.994;62;0;0;0
139.999;62;0;0;0
140.004;62;0;0;0
140.009;54;0;0;0
140.014;54;0;0;0
140.019;47;0;0;0
140.024;47;0;0;0
140.029;39;0;0;0
140.034;31;0;0;0
140.039;31;0;0;0
140.044;31;0;0;0
140.049;23;0;0;0
140.054;15;0;0;0
140.059;15;0;0;0
140.064;7;3528;0;0
140.069;0;3528;0;0
140.074;0;3528;0;0
140.079;0;3528;0;0
140.084;-7;3528;0;0
140.089;-15;3528;0;0
140.094;-15;3528;0;0
140.099;-23;3481;0;0
140.104;-31;3481;0;0
140.109;-31;3481;0;0
140.114;-31;3481;0;0
140.119;-31;3481;0;0
140.124;-39;3481;0;0
140.129;-39;3481;0;0
140.134;-47;3481;0;0
140.139;-47;3481;0;0
140.144;-47;3481;0;0
140.149;-54;0;0;0
140.154;-54;0;0;0
140.159;-54;0;0;0
140.164;-54;0;0;0
140.169;-54;0;0;0
140.174;-54;0;0;0
140.179;-54;0;0;0
140.184;-54;0;0;0
140.189;-54;0;0;0
140.194;-47;0;0;0
140.199;-47;0;0;0
140.204;-47;0;0;0
140.209;-47;0;0;0
140.214;-47;0;0;0
140.219;-47;0;0;0
140.224;-47;0;0;0
140.229;-39;0;0;0
140.234;-39;0;0;0
140.239;-39;0;0;0
140.244;-31;0;0;0
140.249;-31;0;0;0
140.254;-31;0;0;0
140.259;-31;0;0;0
140.264;-31;0;0;0
140.269;-31;0;0;0
140.274;-31;0;0;0
140.279;-23;0;0;0
140.284;-23;0;0;0
140.289;-15;0;0;0
140.294;-15;0;0;0
140.299;-15;0;0;0
140.304;-7;0;0;0
140.309;-7;0;0;0
140.314;-7;0;0;0
140.319;0;0;0;0
140.324;0;0;0;0
140.329;0;0;0;0
140.334;0;0;0;0
140.339;0;0;0;0
140.344;7;0;0;0
140.349;7;0;0;0
140.354;7;0;0;0
140.359;15;0;0;0
140.364;15;0;0;0
140.369;15;0;0;0
140.374;15;0;0;0
140.379;15;0;0;0
140.384;23;0;0;0
140.389;23;0;0;0
140.394;23;0;0;0
140.399;23;0;0;0
140.404;23;0;0;0
140.409;23;0;0;0
140.414;23;0;0;0
140.419;23;0;0;0
140.424;23;0;0;0
140.429;23;0;0;0
140.434;23;0;0;0
140.439;23;0;0;0
140.444;23;0;0;0
140.449;23;0;0;0
140.454;23;0;0;0
140.459;23;0;0;0
140.464;23;0;0;0
140.469;23;0;0;0
140.474;23;0;0;0
140.479;15;0;0;0
140.484;15;0;0;0
140.489;15;0;0;0
140.494;15;0;0;0
140.499;15;0;0;0
140.504;15;0;0;0
140.509;7;0;0;0
140.514;7;0;0;0
140.519;7;0;0;0
140.524;7;0;0;0
140.529;0;0;0;0
140.534;0;0;0;0
140.539;0;0;0;0
140.544;0;0;0;0
140.549;0;0;0;0
140.554;0;0;0;0
140.559;0;0;0;0
140.564;0;0;0;0
140.569;0;0;0;0
140.574;-7;0;0;0
140.579;-7;0;0;0
140.584;-7;0;0;0
140.589;-7;0;0;0
140.594;-7;0;0;0
140.599;-7;0;0;0
140.604;-15;0;0;0
140.609;-15;0;0;0
140.614;-15;0;0;0
140.619;-15;0;0;0
140.624;-15;0;0;0
140.629;-15;0;0;0
140.634;-15;0;0;0
140.639;-15;0;0;0
140.644;-15;0;0;0
140.649;-15;0;0;0
140.654;-15;0;0;0
140.659;-15;0;0;0
140.664;-15;0;0;0
140.669;-15;0;0;0
140.674;-15;0;0;0
140.679;-15;0;0;0
140.684;-15;0;0;0
140.689;-15;0;0;0
140.694;-15;0;0;0
140.699;-15;0;0;0
140.704;-7;0;0;0
140.709;-7;0;0;0
140.714;-7;0;0;0
140.719;-7;0;0;0
140.724;-7;0;0;0
140.729;-7;0;0;0
140.734;-7;0;0;0
140.739;-7;0;0;0
140.744;-7;0;0;0
140.749;-7;0;0;0
140.754;-7;0;0;0
140.759;-7;0;0;0
140.764;-7;0;0;0
140.769;-7;0;0;0
140.774;-7;0;0;0
140.779;-7;0;0;0
140.784;-7;0;0;0
140.789;-7;0;0;0
140.794;-7;0;0;0
140.799;-7;0;0;0
140.804;-7;0;0;0
140.809;-7;0;0;0
140.814;-7;0;0;0
140.819;-7;0;0;0
140.824;-7;0;0;0
140.829;-7;0;0;0
140.834;-7;0;0;0
140.839;-7;0;0;0
140.844;-7;0;0;0
140.849;-7;0;0;0
140.854;-7;0;0;0
140.859;-7;0;0;0
140.864;-7;0;0;0
140.869;-7;0;0;0
140.874;-7;0;0;0
140.879;-7;0;0;0
140.884;-7;0;0;0
140.889;-7;0;0;0
140.894;-7;0;0;0
140.899;-7;0;0;0
140.904;-7;0;0;0
140.909;-7;0;0;0
140.914;-7;0;0;0
140.919;-7;0;0;0
140.924;-7;0;0;0
140.929;-7;0;0;0
140.934;-7;0;0;0
140.939;-7;0;0;0
140.944;-7;0;0;0
140.949;-7;0;0;0
140.954;-7;0;0;0
140.959;-7;0;0;0
140.964;-7;0;0;0
140.969;-7;0;0;0
140.974;-7;0;0;0
140.979;-7;0;0;0
140.984;-7;0;0;0
140.989;-7;0;0;0
140.994;-7;0;0;0
140.999;-7;0;0;0
141.004;-7;0;0;0
141.009;-7;0;0;0
141.014;-7;0;0;0
141.019;-7;0;0;0
141.024;-7;0;0;0
141.029;-7;0;0;0
141.034;-7;0;0;0
141.039;-7;0;0;0
141.044;-7;0;0;0
141.049;-7;0;0;0
141.054;-7;0;0;0
141.059;-7;0;0;0
141.064;-7;0;0;0
141.069;-7;0;0;0
141.074;-7;0;0;0
141.079;-7;0;0;0
141.084;-7;0;0;0
141.089;-7;0;0;0
141.094;-7;0;0;0
141.099;-7;0;0;0
141.104;-7;0;0;0
141.109;-7;0;0;0
141.114;-7;0;0;0
141.119;-7;0;0;0
141.124;-7;0;0;0
141.129;-7;0;0;0
141.134;-7;0;0;0
141.139;-7;0;0;0
141.144;-7;0;0;0
141.149;-7;0;0;0
141.154;-7;0;0;0
141.159;-7;0;0;0
141.164;-7;0;0;0
141.169;-7;0;0;0
141.174;-7;0;0;0
141.179;-7;0;0;0
141.184;-7;0;0;0
141.189;-7;0;0;0
141.194;-7;0;0;0
141.199;-7;0;0;0
141.204;-7;0;0;0
141.209;-7;0;0;0
141.214;-7;0;0;0
141.219;-7;0;0;0
141.224;-7;0;0;0
141.229;-7;0;0;0
141.234;-7;0;0;0
141.239;-7;0;0;0
141.244;-7;0;0;0
141.249;-7;0;0;0
141.254;-7;0;0;0
141.259;-7;0;0;0
141.264;-7;0;0;0
141.269;-7;0;0;0
141.274;-7;0;0;0
141.279;-7;0;0;0
141.284;-7;0;0;0
141.289;-7;0;0;0
141.294;-7;0;0;0
141.299;-7;0;0;0
141.304;-7;0;0;0
141.309;-7;0;0;0
141.314;-7;0;0;0
141.319;-7;0;0;0
141.324;-7;0;0;0
141.329;-7;0;0;0
141.334;-7;0;0;0
141.339;-7;0;0;0
141.344;-7;0;0;0
141.349;-7;0;0;0
141.354;-7;0;0;0
141.359;-7;0;0;0
141.364;-7;0;0;0
141.369;-7;0;0;0
141.374;-7;0;0;0
141.379;-7;0;0;0
141.384;-7;0;0;0
141.389;-7;0;0;0
141.394;-7;0;0;0
141.399;-7;0;0;0
141.404;-7;0;0;0
141.409;-7;0;0;0
141.414;-7;0;0;0
141.419;-7;0;0;0
141.424;-7;0;0;0
141.429;-7;0;0;0
141.434;-7;0;0;0
141.439;-7;0;0;0
141.444;-7;0;0;0
141.449;-7;0;0;0
141.454;-7;0;0;0
141.459;-7;0;0;0
141.464;-7;0;0;0
141.469;-7;0;0;0
141.474;-7;0;0;0
141.479;-7;0;0;0
141.484;-7;0;0;0
141.489;-7;0;0;0
141.494;-7;0;0;0
141.499;-7;0;0;0
141.504;-7;0;0;0
141.509;-7;0;0;0
141.514;-7;0;0;0
141.519;-7;0;0;0
141.524;-7;0;0;0
141.529;-7;0;0;0
141.534;-7;0;0;0
141.539;-7;0;0;0
141.544;-7;0;0;0
141.549;-7;0;0;0
141.554;-7;0;0;0
141.559;-7;0;0;0
141.564;-7;0;0;0
141.569;-7;0;0;0
141.574;-7;0;0;0
141.579;-7;0;0;0
141.584;-7;0;0;0
141.589;-7;0;0;0
141.594;-7;0;0;0
141.599;-7;0;0;0
141.604;-7;0;0;0
141.609;-7;0;0;0
141.614;-7;0;0;0
141.619;-7;0;0;0
141.624;-7;0;0;0
141.629;-7;0;0;0
141.634;-7;0;0;0
141.639;-7;0;0;0
141.644;-7;0;0;0
141.649;-7;0;0;0
141.654;-7;0;0;0
141.659;-7;0;0;0
141.664;-7;0;0;0
141.669;-7;0;0;0
141.674;-7;0;0;0
141.679;-7;0;0;0
141.684;-7;0;0;0
141.689;-7;0;0;0
141.694;-7;0;0;0
141.699;-7;0;0;0
141.704;-7;0;0;0
141.709;-7;0;0;0
141.714;-7;0;0;0
141.719;-7;0;0;0
141.724;-7;0;0;0
141.729;-7;0;0;0
141.734;-7;0;0;0
141.739;-7;0;0;0
141.744;-7;0;0;0
141.749;-7;0;0;0
141.754;-7;0;0;0
141.759;-7;0;0;0
141.764;-7;0;0;0
141.769;-7;0;0;0
141.774;-7;0;0;0
141.779;-7;0;0;0
141.784;-7;0;0;0
141.789;-7;0;0;0
141.794;-7;0;0;0
141.799;-7;0;0;0
141.804;-7;0;0;0
141.809;-7;0;0;0
141.814;-7;0;0;0
141.819;-7;0;0;0
141.824;-7;0;0;0
141.829;-7;0;0;0
141.834;-7;0;0;0
141.839;-7;0;0;0
141.844;-7;0;0;0
141.849;-7;0;0;0
141.854;-7;0;0;0
141.859;-7;0;0;0
141.864;-7;0;0;0
141.869;-7;0;0;0
141.874;-7;0;0;0
141.879;-7;0;0;0
141.884;-7;0;0;0
141.889;-7;0;0;0
141.894;-7;0;0;0
141.899;-7;0;0;0
141.904;-7;0;0;0
141.909;-7;0;0;0
141.914;-7;0;0;0
141.919;-7;0;0;0
141.924;-7;0;0;0
141.929;-7;0;0;0
141.934;-7;0;0;0
141.939;-7;0;0;0
141.944;-7;0;0;0
141.949;-7;0;0;0
141.954;-7;0;0;0
141.959;-7;0;0;0
141.964;-7;0;0;0
141.969;-7;0;0;0
141.974;-7;0;0;0
141.979;-7;0;0;0
141.984;-7;0;0;0
141.989;-7;0;0;0
141.994;-7;0;0;0
141.999;-7;0;0;0
142.004;-7;0;0;0
142.009;-7;0;0;0
142.014;-7;0;0;0
142.019;-7;0;0;0
142.024;-7;0;0;0
142.029;-7;0;0;0
142.034;-7;0;0;0
142.039;-7;0;0;0
142.044;-7;0;0;0
142.049;-7;0;0;0
142.054;-7;0;0;0
142.059;-7;0;0;0
142.064;-7;0;0;0
142.069;-7;0;0;0
142.074;-7;0;0;0
142.079;-7;0;0;0
142.084;-7;0;0;0
142.089;-7;0;0;0
142.094;-7;0;0;0
142.099;-7;0;0;0
142.104;-7;0;0;0
142.109;-7;0;0;0
142.114;-7;0;0;0
142.119;-7;0;0;0
142.124;-7;0;0;0
142.129;-7;0;0;0
142.134;-7;0;0;0
142.139;-7;0;0;0
142.144;-7;0;0;0
142.149;-7;0;0;0
142.154;-7;0;0;0
142.159;-7;0;0;0
142.164;-7;0;0;0
142.169;-7;0;0;0
142.174;-7;0;0;0
142.179;-7;0;0;0
142.184;-7;0;0;0
142.189;-7;0;0;0
142.194;-7;0;0;0
142.199;-7;0;0;0
142.204;-7;0;0;0
142.209;-7;0;0;0
142.214;-7;0;0;0
142.219;-7;0;0;0
142.224;-7;0;0;0
142.229;-7;0;0;0
142.234;-7;0;0;0
142.239;-7;0;0;0
142.244;-7;0;0;0
142.249;-7;0;0;0
142.254;-7;0;0;0
142.259;-7;0;0;0
142.264;-7;0;0;0
142.269;-7;0;0;0
142.274;-7;0;0;0
142.279;-7;0;0;0
142.284;-7;0;0;0
142.289;-7;0;0;0
142.294;-7;0;0;0
142.299;-7;0;0;0
142.304;-7;0;0;0
142.309;-7;0;0;0
142.314;-7;0;0;0
142.319;-7;0;0;0
142.324;-7;0;0;0
142.329;-7;0;0;0
142.334;-7;0;0;0
142.339;-7;0;0;0
142.344;-7;0;0;0
142.349;-7;0;0;0
142.354;-7;0;0;0
142.359;-7;0;0;0
142.364;-7;0;0;0
142.369;-7;0;0;0
142.374;-7;0;0;0
142.379;-7;0;0;0
142.384;-7;0;0;0
142.389;-7;0;0;0
142.394;-7;0;0;0
142.399;-7;0;0;0
142.404;-7;0;0;0
142.409;-7;0;0;0
142.414;-7;0;0;0
142.419;-7;0;0;0
142.424;-7;0;0;0
142.429;-7;0;0;0
142.434;-7;0;0;0
142.439;-7;0;0;0
142.444;-7;0;0;0
142.449;-7;0;0;0
142.454;-7;0;0;0
142.459;-7;0;0;0
142.464;-7;0;0;0
142.469;-7;0;0;0
142.474;-7;0;0;0
142.479;-7;0;0;0
142.484;-7;0;0;0
142.489;-7;0;0;0
142.494;-7;0;0;0
142.499;-7;0;0;0
142.504;-7;0;0;0
142.509;-7;0;0;0
142.514;-7;0;0;0
142.519;-7;0;0;0
142.524;-7;0;0;0
142.529;-7;0;0;0
142.534;-7;0;0;0
142.539;-7;0;0;0
142.544;-7;0;0;0
142.549;-7;0;0;0
142.554;-7;0;0;0
142.559;-7;0;0;0
142.564;-7;0;0;0
142.569;-7;0;0;0
142.574;-7;0;0;0
142.579;-7;0;0;0
142.584;-7;0;0;0
142.589;-7;0;0;0
142.594;-7;0;0;0
142.599;-7;0;0;0
142.604;-7;0;0;0
142.609;-7;0;0;0
142.614;-7;0;0;0
142.619;-7;0;0;0
142.624;-7;0;0;0
142.629;-7;0;0;0
142.634;-7;0;0;0
142.639;-7;0;0;0
142.644;-7;0;0;0
142.649;-7;0;0;0
142.654;-7;0;0;0
142.659;-7;0;0;0
142.664;-7;0;0;0
142.669;-7;0;0;0
142.674;-7;0;0;0
142.679;-7;0;0;0
142.684;-7;0;0;0
142.689;-7;0;0;0
142.694;-7;0;0;0
142.699;-7;0;0;0
142.704;-7;0;0;0
142.709;-7;0;0;0
142.714;-7;0;0;0
142.719;-7;0;0;0
142.724;-7;0;0;0
142.729;-7;0;0;0
142.734;-7;0;0;0
142.739;-7;0;0;0
142.744;-7;0;0;0
142.749;-7;0;0;0
142.754;-7;0;0;0
142.759;-7;0;0;0
142.764;-7;0;0;0
142.769;-7;0;0;0
142.774;-7;0;0;0
142.779;-7;0;0;0
142.784;-7;0;0;0
142.789;-7;0;0;0
142.794;-7;0;0;0
142.799;-7;0;0;0
142.804;-7;0;0;0
142.809;-7;0;0;0
142.814;-7;0;0;0
142.819;-7;0;0;0
142.824;-7;0;0;0
142.829;-7;0;0;0
142.834;-7;0;0;0
142.839;-7;0;0;0
142.844;-7;0;0;0
142.849;-7;0;0;0
142.854;-7;0;0;0
142.859;-7;0;0;0
142.864;-7;0;0;0
142.869;-7;0;0;0
142.874;-7;0;0;0
142.879;-7;0;0;0
142.884;-7;0;0;0
142.889;-7;0;0;0
142.894;-7;0;0;0
142.899;-7;0;0;0
142.904;-7;0;0;0
142.909;-7;0;0;0
142.914;-7;0;0;0
142.919;-7;0;0;0
142.924;-7;0;0;0
142.929;-7;0;0;0
142.934;-7;0;0;0
142.939;-7;0;0;0
142.944;-7;0;0;0
142.949;-7;0;0;0
142.954;-7;0;0;0
142.959;-7;0;0;0
142.964;-7;0;0;0
142.969;-7;0;0;0
142.974;-7;0;0;0
142.979;-7;0;0;0
142.984;-7;0;0;0
142.989;-7;0;0;0
142.994;-7;0;0;0
142.999;-7;0;0;0
143.004;-7;0;0;0
143.009;-7;0;0;0
143.014;-7;0;0;0
143.019;-7;0;0;0
143.024;-7;0;0;0
143.029;-7;0;0;0
143.034;-7;0;0;0
143.039;-7;0;0;0
143.044;-7;0;0;0
143.049;-7;0;0;0
143.054;-7;0;0;0
143.059;-7;0;0;0
143.064;-7;0;0;0
143.069;-7;0;0;0
143.074;-7;0;0;0
143.079;-7;0;0;0
143.084;-7;0;0;0
143.089;-7;0;0;0
143.094;-7;0;0;0
143.099;-7;0;0;0
143.104;-7;0;0;0
143.109;-7;0;0;0
143.114;-7;0;0;0
143.119;-7;0;0;0
143.124;-7;0;0;0
143.129;-7;0;0;0
143.134;-7;0;0;0
143.139;-7;0;0;0
143.144;-7;0;0;0
143.149;-7;0;0;0
143.154;-7;0;0;0
143.159;-7;0;0;0
143.164;-7;0;0;0
143.169;-7;0;0;0
143.174;-7;0;0;0
143.179;-7;0;0;0
143.184;-7;0;0;0
143.189;-7;0;0;0
143.194;-7;0;0;0
143.199;-7;0;0;0
143.204;-7;0;0;0
143.209;-7;0;0;0
143.214;-7;0;0;0
143.219;-7;0;0;0
143.224;-7;0;0;0
143.229;-7;0;0;0
143.234;-7;0;0;0
143.239;-7;0;0;0
143.244;-7;0;0;0
143.249;-7;0;0;0
143.254;-7;0;0;0
143.259;-7;0;0;0
143.264;-7;0;0;0
143.269;-7;0;0;0
143.274;-7;0;0;0
143.279;-7;0;0;0
143.284;-7;0;0;0
143.289;-7;0;0;0
143.294;-7;0;0;0
143.299;-7;0;0;0
143.304;-7;0;0;0
143.309;-7;0;0;0
143.314;-7;0;0;0
143.319;-7;0;0;0
143.324;-7;0;0;0
143.329;-7;0;0;0
143.334;-7;0;0;0
143.339;-7;0;0;0
143.344;-7;0;0;0
143.349;-7;0;0;0
143.354;-7;0;0;0
143.359;-7;0;0;0
143.364;-7;0;0;0
143.369;-7;0;0;0
143.374;-7;0;0;0
143.379;-7;0;0;0
143.384;-7;0;0;0
143.389;-7;0;0;0
143.394;-7;0;0;0
143.399;-7;0;0;0
143.404;-7;0;0;0
143.409;-7;0;0;0
143.414;-7;0;0;0
143.419;-7;0;0;0
143.424;-7;0;0;0
143.429;-7;0;0;0
143.434;-7;0;0;0
143.439;-7;0;0;0
143.444;-7;0;0;0
143.449;-7;0;0;0
143.454;-7;0;0;0
143.459;-7;0;0;0
143.464;-7;0;0;0
143.469;-7;0;0;0
143.474;-7;0;0;0
143.479;-7;0;0;0
143.484;-7;0;0;0
143.489;-7;0;0;0
143.494;-7;0;0;0
143.499;-7;0;0;0
143.504;-7;0;0;0
143.509;-7;0;0;0
143.514;-7;0;0;0
143.519;-7;0;0;0
143.524;-7;0;0;0
143.529;-7;0;0;0
143.534;-7;0;0;0
143.539;-7;0;0;0
143.544;-7;0;0;0
143.549;-7;0;0;0
143.554;-7;0;0;0
143.559;-7;0;0;0
143.564;-7;0;0;0
143.569;-7;0;0;0
143.574;-7;0;0;0
143.579;-7;0;0;0
143.584;-7;0;0;0
143.589;-7;0;0;0
143.594;-7;0;0;0
143.599;-7;0;0;0
143.604;-7;0;0;0
143.609;-7;0;0;0
143.614;-7;0;0;0
143.619;-7;0;0;0
143.624;-7;0;0;0
143.629;-7;0;0;0
143.634;-7;0;0;0
143.639;-7;0;0;0
143.644;-7;0;0;0
143.649;-7;0;0;0
143.654;-7;0;0;0
143.659;-7;0;0;0
143.664;-7;0;0;0
143.669;-7;0;0;0
143.674;-7;0;0;0
143.679;-7;0;0;0
143.684;-7;0;0;0
143.689;-7;0;0;0
143.694;-7;0;0;0
143.699;-7;0;0;0
143.704;-7;0;0;0
143.709;-7;0;0;0
143.714;-7;0;0;0
143.719;-7;0;0;0
143.724;-7;0;0;0
143.729;-7;0;0;0
143.734;-7;0;0;0
143.739;-7;0;0;0
143.744;-7;0;0;0
143.749;-7;0;0;0
143.754;-7;0;0;0
143.759;-7;0;0;0
143.764;-7;0;0;0
143.769;-7;0;0;0
143.774;-7;0;0;0
143.779;-7;0;0;0
143.784;-7;0;0;0
143.789;-7;0;0;0
143.794;-7;0;0;0
143.799;-7;0;0;0
143.804;-7;0;0;0
143.809;-7;0;0;0
143.814;-7;0;0;0
143.819;-7;0;0;0
143.824;-7;0;0;0
143.829;-7;0;0;0
143.834;-7;0;0;0
143.839;-7;0;0;0
143.844;-7;0;0;0
143.849;-7;0;0;0
143.854;-7;0;0;0
143.859;-7;0;0;0
143.864;-7;0;0;0
143.869;-7;0;0;0
143.874;-7;0;0;0
143.879;-7;0;0;0
143.884;-7;0;0;0
143.889;-7;0;0;0
143.894;-7;0;0;0
143.899;-7;0;0;0
143.904;-7;0;0;0
143.909;-7;0;0;0
143.914;-7;0;0;0
143.919;-7;0;0;0
143.924;-7;0;0;0
143.929;-7;0;0;0
143.934;-7;0;0;0
143.939;-7;0;0;0
143.944;-7;0;0;0
143.949;-7;0;0;0
143.954;-7;0;0;0
143.959;-7;0;0;0
143.964;-7;0;0;0
143.969;-7;0;0;0
143.974;-7;0;0;0
143.979;-7;0;0;0
143.984;-7;0;0;0
143.989;-7;0;0;0
143.994;-7;0;0;0
143.999;-7;0;0;0
144.004;-7;0;0;0
144.009;-7;0;0;0
144.014;-7;0;0;0
144.019;-7;0;0;0
144.024;-7;0;0;0
144.029;-7;0;0;0
144.034;-7;0;0;0
144.039;-7;0;0;0
144.044;-7;0;0;0
144.049;-7;0;0;0
144.054;-7;0;0;0
144.059;-7;0;0;0
144.064;-7;0;0;0
144.069;-7;0;0;0
144.074;-7;0;0;0
144.079;-7;0;0;0
144.084;-7;0;0;0
144.089;-7;0;0;0
144.094;-7;0;0;0
144.099;-7;0;0;0
144.104;-7;0;0;0
144.109;-7;0;0;0
144.114;-7;0;0;0
144.119;-7;0;0;0
144.124;-7;0;0;0
144.129;-7;0;0;0
144.134;-7;0;0;0
144.139;-7;0;0;0
144.144;-7;0;0;0
144.149;-7;0;0;0
144.154;-7;0;0;0
144.159;-7;0;0;0
144.164;-7;0;0;0
144.169;-7;0;0;0
144.174;-7;0;0;0
144.179;-7;0;0;0
144.184;-7;0;0;0
144.189;-7;0;0;0
144.194;-7;0;0;0
144.199;-7;0;0;0
144.204;-7;0;0;0
144.209;-7;0;0;0
144.214;-7;0;0;0
144.219;-7;0;0;0
144.224;-7;0;0;0
144.229;-7;0;0;0
144.234;-7;0;0;0
144.239;-7;0;0;0
144.244;-7;0;0;0
144.249;-7;0;0;0
144.254;-7;0;0;0
144.259;-7;0;0;0
144.264;-7;0;0;0
144.269;-7;0;0;0
144.274;-7;0;0;0
144.279;-7;0;0;0
144.284;-7;0;0;0
144.289;-7;0;0;0
144.294;-7;0;0;0
144.299;-7;0;0;0
144.304;-7;0;0;0
144.309;-7;0;0;0
144.314;-7;0;0;0
144.319;-7;0;0;0
144.324;-7;0;0;0
144.329;-7;0;0;0
144.334;-7;0;0;0
144.339;-7;0;0;0
144.344;-7;0;0;0
144.349;-7;0;0;0
144.354;-7;0;0;0
144.359;-7;0;0;0
144.364;-7;0;0;0
144.369;-7;0;0;0
144.374;-7;0;0;0
144.379;-7;0;0;0
144.384;-7;0;0;0
144.389;-7;0;0;0
144.394;-7;0;0;0
144.399;-7;0;0;0
144.404;-7;0;0;0
144.409;-7;0;0;0
144.414;-7;0;0;0
144.419;-7;0;0;0
144.424;-7;0;0;0
144.429;-7;0;0;0
144.434;-7;0;0;0
144.439;-7;0;0;0
144.444;-7;0;0;0
144.449;-7;0;0;0
144.454;-7;0;0;0
144.459;-7;0;0;0
144.464;-7;0;0;0
144.469;-7;0;0;0
144.474;-7;0;0;0
144.479;-7;0;0;0
144.484;-7;0;0;0
144.489;-7;0;0;0
144.494;-7;0;0;0
144.499;-7;0;0;0
144.504;-7;0;0;0
144.509;-7;0;0;0
144.514;-7;0;0;0
144.519;-7;0;0;0
144.524;-7;0;0;0
144.529;-7;0;0;0
144.534;-7;0;0;0
144.539;-7;0;0;0
144.544;-7;0;0;0
144.549;-7;0;0;0
144.554;-7;0;0;0
144.559;-7;0;0;0
144.564;-7;0;0;0
144.569;-7;0;0;0
144.574;-7;0;0;0
144.579;-7;0;0;0
144.584;-7;0;0;0
144.589;-7;0;0;0
144.594;-7;0;0;0
144.599;-7;0;0;0
144.604;-7;0;0;0
144.609;-7;0;0;0
144.614;-7;0;0;0
144.619;-7;0;0;0
144.624;-7;0;0;0
144.629;-7;0;0;0
144.634;-7;0;0;0
144.639;-7;0;0;0
144.644;-7;0;0;0
144.649;-7;0;0;0
144.654;-7;0;0;0
144.659;-7;0;0;0
144.664;-7;0;0;0
144.669;-7;0;0;0
144.674;-7;0;0;0
144.679;-7;0;0;0
144.684;-7;0;0;0
144.689;-7;0;0;0
144.694;-7;0;0;0
144.699;-7;0;0;0
144.704;-7;0;0;0
144.709;-7;0;0;0
144.714;-7;0;0;0
144.719;-7;0;0;0
144.724;-7;0;0;0
144.729;-7;0;0;0
144.734;-7;0;0;0
144.739;-7;0;0;0
144.744;-7;0;0;0
144.749;-7;0;0;0
144.754;-7;0;0;0
144.759;-7;0;0;0
144.764;-7;0;0;0
144.769;-7;0;0;0
144.774;-7;0;0;0
144.779;-7;0;0;0
144.784;-7;0;0;0
144.789;-7;0;0;0
144.794;-7;0;0;0
144.799;-7;0;0;0
144.804;-7;0;0;0
144.809;-7;0;0;0
144.814;-7;0;0;0
144.819;-7;0;0;0
144.824;-7;0;0;0
144.829;-7;0;0;0
144.834;-7;0;0;0
144.839;-7;0;0;0
144.844;-7;0;0;0
144.849;-7;0;0;0
144.854;-7;0;0;0
144.859;-7;0;0;0
144.864;-7;0;0;0
144.869;-7;0;0;0
144.874;-7;0;0;0
144.879;-7;0;0;0
144.884;-7;0;0;0
144.889;-7;0;0;0
144.894;-7;0;0;0
144.899;-7;0;0;0
144.904;-7;0;0;0
144.909;-7;0;0;0
144.914;-7;0;0;0
144.919;-7;0;0;0
144.924;-7;0;0;0
144.929;-7;0;0;0
144.934;-7;0;0;0
144.939;-7;0;0;0
144.944;-7;0;0;0
144.949;-7;0;0;0
144.954;-7;0;0;0
144.959;-7;0;0;0
144.964;-7;0;0;0
144.969;-7;0;0;0
144.974;-7;0;0;0
144.979;-7;0;0;0
144.984;-7;0;0;0
144.989;-7;0;0;0
144.994;-7;0;0;0
144.999;-7;0;0;0
145.004;-7;0;0;0
145.009;-7;0;0;0
145.014;-7;0;0;0
145.019;-7;0;0;0
145.024;-7;0;0;0
145.029;-7;0;0;0
145.034;-7;0;0;0
145.039;-7;0;0;0
145.044;-7;0;0;0
145.049;-7;0;0;0
145.054;-7;0;0;0
145.059;-7;0;0;0
145.064;-7;0;0;0
145.069;-7;0;0;0
145.074;-7;0;0;0
145.079;-7;0;0;0
145.084;-7;0;0;0
145.089;-7;0;0;0
145.094;-7;0;0;0
145.099;-7;0;0;0
145.104;-7;0;0;0
145.109;-7;0;0;0
145.114;-7;0;0;0
145.119;-7;0;0;0
145.124;-7;0;0;0
145.129;-7;0;0;0
145.134;-7;0;0;0
145.139;-7;0;0;0
145.144;-7;0;0;0
145.149;-7;0;0;0
145.154;-7;0;0;0
145.159;-7;0;0;0
145.164;-7;0;0;0
145.169;-7;0;0;0
145.174;-7;0;0;0
145.179;-7;0;0;0
145.184;-7;0;0;0
145.189;-7;0;0;0
145.194;-7;0;0;0
145.199;-7;0;0;0
145.204;-7;0;0;0
145.209;-7;0;0;0
145.214;-7;0;0;0
145.219;-7;0;0;0
145.224;-7;0;0;0
145.229;-7;0;0;0
145.234;-7;0;0;0
145.239;-7;0;0;0
145.244;-7;0;0;0
145.249;-7;0;0;0
145.254;-7;0;0;0
145.259;-7;0;0;0
145.264;-7;0;0;0
145.269;-7;0;0;0
145.274;-7;0;0;0
145.279;-7;0;0;0
145.284;-7;0;0;0
145.289;-7;0;0;0
145.294;-7;0;0;0
145.299;-7;0;0;0
145.304;-7;0;0;0
145.309;-7;0;0;0
145.314;-7;0;0;0
145.319;-7;0;0;0
145.324;-7;0;0;0
145.329;-7;0;0;0
145.334;-7;0;0;0
145.339;-7;0;0;0
145.344;-7;0;0;0
145.349;-7;0;0;0
145.354;-7;0;0;0
145.359;-7;0;0;0
145.364;-7;0;0;0
145.369;-7;0;0;0
145.374;-7;0;0;0
145.379;-7;0;0;0
145.384;-7;0;0;0
145.389;-7;0;0;0
145.394;-7;0;0;0
145.399;-7;0;0;0
145.404;-7;0;0;0
145.409;-7;0;0;0
145.414;-7;0;0;0
145.419;-7;0;0;0
145.424;-7;0;0;0
145.429;-7;0;0;0
145.434;-7;0;0;0
145.439;-7;0;0;0
145.444;-7;0;0;0
145.449;-7;0;0;0
145.454;-7;0;0;0
145.459;-7;0;0;0
145.464;-7;0;0;0
145.469;-7;0;0;0
145.474;-7;0;0;0
145.479;-7;0;0;0
145.484;-7;0;0;0
145.489;-7;0;0;0
145.494;-7;0;0;0
145.499;-7;0;0;0
145.504;-7;0;0;0
145.509;-7;0;0;0
145.514;-7;0;0;0
145.519;-7;0;0;0
145.524;-7;0;0;0
145.529;-7;0;0;0
145.534;-7;0;0;0
145.539;-7;0;0;0
145.544;-7;0;0;0
145.549;-7;0;0;0
145.554;-7;0;0;0
145.559;-7;0;0;0
145.564;-7;0;0;0
145.569;-7;0;0;0
145.574;-7;0;0;0
145.579;-7;0;0;0
145.584;-7;0;0;0
145.589;-7;0;0;0
145.594;-7;0;0;0
145.599;-7;0;0;0
145.604;-7;0;0;0
145.609;-7;0;0;0
145.614;-7;0;0;0
145.619;-7;0;0;0
145.624;-7;0;0;0
145.629;-7;0;0;0
145.634;-7;0;0;0
145.639;-7;0;0;0
145.644;-7;0;0;0
145.649;-7;0;0;0
145.654;-7;0;0;0
145.659;-7;0;0;0
145.664;-7;0;0;0
145.669;-7;0;0;0
145.674;-7;0;0;0
145.679;-7;0;0;0
145.684;-7;0;0;0
145.689;-7;0;0;0
145.694;-7;0;0;0
145.699;-7;0;0;0
145.704;-7;0;0;0
145.709;-7;0;0;0
145.714;-7;0;0;0
145.719;-7;0;0;0
145.724;-7;0;0;0
145.729;-7;0;0;0
145.734;-7;0;0;0
145.739;-7;0;0;0
145.744;-7;0;0;0
145.749;-7;0;0;0
145.754;-7;0;0;0
145.759;-7;0;0;0
145.764;-7;0;0;0
145.769;-7;0;0;0
145.774;-7;0;0;0
145.779;-7;0;0;0
145.784;-7;0;0;0
145.789;-7;0;0;0
145.794;-7;0;0;0
145.799;-7;0;0;0
145.804;-7;0;0;0
145.809;-7;0;0;0
145.814;-7;0;0;0
145.819;-7;0;0;0
145.824;-7;0;0;0
145.829;-7;0;0;0
145.834;-7;0;0;0
145.839;-7;0;0;0
145.844;-7;0;0;0
145.849;-7;0;0;0
145.854;-7;0;0;0
145.859;-7;0;0;0
145.864;-7;0;0;0
145.869;-7;0;0;0
145.874;-7;0;0;0
145.879;-7;0;0;0
145.884;-7;0;0;0
145.889;-7;0;0;0
145.894;-7;0;0;0
145.899;-7;0;0;0
145.904;-7;0;0;0
145.909;-7;0;0;0
145.914;-7;0;0;0
145.919;-7;0;0;0
145.924;-7;0;0;0
145.929;-7;0;0;0
145.934;-7;0;0;0
145.939;-7;0;0;0
145.944;-7;0;0;0
145.949;-7;0;0;0
145.954;-7;0;0;0
145.959;-7;0;0;0
145.964;-7;0;0;0
145.969;-7;0;0;0
145.974;-7;0;0;0
145.979;-7;0;0;0
145.984;-7;0;0;0
145.989;-7;0;0;0
145.994;-7;0;0;0
145.999;-7;0;0;0
146.004;-7;0;0;0
146.009;-7;0;0;0
146.014;-7;0;0;0
146.019;-7;0;0;0
146.024;-7;0;0;0
146.029;-7;0;0;0
146.034;-7;0;0;0
146.039;-7;0;0;0
146.044;-7;0;0;0
146.049;-7;0;0;0
146.054;-7;0;0;0
146.059;-7;0;0;0
146.064;-7;0;0;0
146.069;-7;0;0;0
146.074;-7;0;0;0
146.079;-7;0;0;0
146.084;-7;0;0;0
146.089;-7;0;0;0
146.094;-7;0;0;0
146.099;-7;0;0;0
146.104;-7;0;0;0
146.109;-7;0;0;0
146.114;-7;0;0;0
146.119;-7;0;0;0
146.124;-7;0;0;0
146.129;-7;0;0;0
146.134;-7;0;0;0
146.139;-7;0;0;0
146.144;-7;0;0;0
146.149;-7;0;0;0
146.154;-7;0;0;0
146.159;-7;0;0;0
146.164;-7;0;0;0
146.169;-7;0;0;0
146.174;-7;0;0;0
146.179;-7;0;0;0
146.184;-7;0;0;0
146.189;-7;0;0;0
146.194;-7;0;0;0
146.199;-7;0;0;0
146.204;-7;0;0;0
146.209;-7;0;0;0
146.214;-7;0;0;0
146.219;-7;0;0;0
146.224;-7;0;0;0
146.229;-7;0;0;0
146.234;-7;0;0;0
146.239;-7;0;0;0
146.244;-7;0;0;0
146.249;-7;0;0;0
146.254;-7;0;0;0
146.259;-7;0;0;0
146.264;-7;0;0;0
146.269;-7;0;0;0
146.274;-7;0;0;0
146.279;-7;0;0;0
146.284;-7;0;0;0
146.289;-7;0;0;0
146.294;-7;0;0;0
146.299;-7;0;0;0
146.304;-7;0;0;0
146.309;-7;0;0;0
146.314;-7;0;0;0
146.319;-7;0;0;0
146.324;-7;0;0;0
146.329;-7;0;0;0
146.334;-7;0;0;0
146.339;-7;0;0;0
146.344;-7;0;0;0
146.349;-7;0;0;0
146.354;-7;0;0;0
146.359;-7;0;0;0
146.364;-7;0;0;0
146.369;-7;0;0;0
146.374;-7;0;0;0
146.379;-7;0;0;0
146.384;-7;0;0;0
146.389;-7;0;0;0
146.394;-7;0;0;0
146.399;-7;0;0;0
146.404;-7;0;0;0
146.409;-7;0;0;0
146.414;-7;0;0;0
146.419;-7;0;0;0
146.424;-7;0;0;0
146.429;-7;0;0;0
146.434;-7;0;0;0
146.439;-7;0;0;0
146.444;-7;0;0;0
146.449;-7;0;0;0
146.454;-7;0;0;0
146.459;-7;0;0;0
146.464;-7;0;0;0
146.469;-7;0;0;0
146.474;-7;0;0;0
146.479;-7;0;0;0
146.484;-7;0;0;0
146.489;-7;0;0;0
146.494;-7;0;0;0
146.499;-7;0;0;0
146.504;-7;0;0;0
146.509;-7;0;0;0
146.514;-7;0;0;0
146.519;-7;0;0;0
146.524;-7;0;0;0
146.529;-7;0;0;0
146.534;-7;0;0;0
146.539;-7;0;0;0
146.544;-7;0;0;0
146.549;-7;0;0;0
146.554;-7;0;0;0
146.559;-7;0;0;0
146.564;-7;0;0;0
146.569;-7;0;0;0
146.574;-7;0;0;0
146.579;-7;0;0;0
146.584;-7;0;0;0
146.589;-7;0;0;0
146.594;-7;0;0;0
146.599;-7;0;0;0
146.604;-7;0;0;0
146.609;-7;0;0;0
146.614;-7;0;0;0
146.619;-7;0;0;0
146.624;-7;0;0;0
146.629;-7;0;0;0
146.634;-7;0;0;0
146.639;-7;0;0;0
146.644;-7;0;0;0
146.649;-7;0;0;0
146.654;-7;0;0;0
146.659;-7;0;0;0
146.664;-7;0;0;0
146.669;-7;0;0;0
146.674;-7;0;0;0
146.679;-7;0;0;0
146.684;-7;0;0;0
146.689;-7;0;0;0
146.694;-7;0;0;0
146.699;-7;0;0;0
146.704;-7;0;0;0
146.709;-7;0;0;0
146.714;-7;0;0;0
146.719;-7;0;0;0
146.724;-7;0;0;0
146.729;-7;0;0;0
146.734;-7;0;0;0
146.739;-7;0;0;0
146.744;-7;0;0;0
146.749;-7;0;0;0
146.754;-7;0;0;0
146.759;-7;0;0;0
146.764;-7;0;0;0
146.769;-7;0;0;0
146.774;-7;0;0;0
146.779;-7;0;0;0
146.784;-7;0;0;0
146.789;-7;0;0;0
146.794;-7;0;0;0
146.799;-7;0;0;0
146.804;-7;0;0;0
146.809;-7;0;0;0
146.814;-7;0;0;0
146.819;-7;0;0;0
146.824;-7;0;0;0
146.829;-7;0;0;0
146.834;-7;0;0;0
146.839;-7;0;0;0
146.844;-7;0;0;0
146.849;-7;0;0;0
146.854;-7;0;0;0
146.859;-7;0;0;0
146.864;-7;0;0;0
146.869;-7;0;0;0
146.874;-7;0;0;0
146.879;-7;0;0;0
146.884;-7;0;0;0
146.889;-7;0;0;0
146.894;-7;0;0;0
146.899;-7;0;0;0
146.904;-7;0;0;0
146.909;-7;0;0;0
146.914;-7;0;0;0
146.919;-7;0;0;0
146.924;-7;0;0;0
146.929;-7;0;0;0
146.934;-7;0;0;0
146.939;-7;0;0;0
146.944;-7;0;0;0
146.949;-7;0;0;0
146.954;-7;0;0;0
146.959;-7;0;0;0
146.964;-7;0;0;0
146.969;-7;0;0;0
146.974;-7;0;0;0
146.979;-7;0;0;0
146.984;-7;0;0;0
146.989;-7;0;0;0
146.994;-7;0;0;0
146.999;-7;0;0;0
147.004;-7;0;0;0
147.009;-7;0;0;0
147.014;-7;0;0;0
147.019;-7;0;0;0
147.024;-7;0;0;0
147.029;-7;0;0;0
147.034;-7;0;0;0
147.039;-7;0;0;0
147.044;-7;0;0;0
147.049;-7;0;0;0
147.054;-7;0;0;0
147.059;-7;0;0;0
147.064;-7;0;0;0
147.069;-7;0;0;0
147.074;-7;0;0;0
147.079;-7;0;0;0
147.084;-7;0;0;0
147.089;-7;0;0;0
147.094;-7;0;0;0
147.099;-7;0;0;0
147.104;-7;0;0;0
147.109;-7;0;0;0
147.114;-7;0;0;0
147.119;-7;0;0;0
147.124;-7;0;0;0
147.129;-7;0;0;0
147.134;-7;0;0;0
147.139;-7;0;0;0
147.144;-7;0;0;0
147.149;-7;0;0;0
147.154;-7;0;0;0
147.159;-7;0;0;0
147.164;-7;0;0;0
147.169;-7;0;0;0
147.174;-7;0;0;0
147.179;-7;0;0;0
147.184;-7;0;0;0
147.189;-7;0;0;0
147.194;-7;0;0;0
147.199;-7;0;0;0
147.204;-7;0;0;0
147.209;-7;0;0;0
147.214;-7;0;0;0
147.219;-7;0;0;0
147.224;-7;0;0;0
147.229;-7;0;0;0
147.234;-7;0;0;0
147.239;-7;0;0;0
147.244;-7;0;0;0
147.249;-7;0;0;0
147.254;-7;0;0;0
147.259;-7;0;0;0
147.264;-7;0;0;0
147.269;-7;0;0;0
147.274;-7;0;0;0
147.279;-7;0;0;0
147.284;-7;0;0;0
147.289;-7;0;0;0
147.294;-7;0;0;0
147.299;-7;0;0;0
147.304;-7;0;0;0
147.309;-7;0;0;0
147.314;-7;0;0;0
147.319;-7;0;0;0
147.324;-7;0;0;0
147.329;-7;0;0;0
147.334;-7;0;0;0
147.339;-7;0;0;0
147.344;-7;0;0;0
147.349;-7;0;0;0
147.354;-7;0;0;0
147.359;-7;0;0;0
147.364;-7;0;0;0
147.369;-7;0;0;0
147.374;-7;0;0;0
147.379;-7;0;0;0
147.384;-7;0;0;0
147.389;-7;0;0;0
147.394;-7;0;0;0
147.399;-7;0;0;0
147.404;-7;0;0;0
147.409;-7;0;0;0
147.414;-7;0;0;0
147.419;-7;0;0;0
147.424;-7;0;0;0
147.429;-7;0;0;0
147.434;-7;0;0;0
147.439;-7;0;0;0
147.444;-7;0;0;0
147.449;-7;0;0;0
147.454;-7;0;0;0
147.459;-7;0;0;0
147.464;-7;0;0;0
147.469;-7;0;0;0
147.474;-7;0;0;0
147.479;-7;0;0;0
147.484;-7;0;0;0
147.489;-7;0;0;0
147.494;-7;0;0;0
147.499;-7;0;0;0
147.504;-7;0;0;0
147.509;-7;0;0;0
147.514;-7;0;0;0
147.519;-7;0;0;0
147.524;-7;0;0;0
147.529;-7;0;0;0
147.534;-7;0;0;0
147.539;-7;0;0;0
147.544;-7;0;0;0
147.549;-7;0;0;0
147.554;-7;0;0;0
147.559;-7;0;0;0
147.564;-7;0;0;0
147.569;-7;0;0;0
147.574;-7;0;0;0
147.579;-7;0;0;0
147.584;-7;0;0;0
147.589;-7;0;0;0
147.594;-7;0;0;0
147.599;-7;0;0;0
147.604;-7;0;0;0
147.609;-7;0;0;0
147.614;-7;0;0;0
147.619;-7;0;0;0
147.624;-7;0;0;0
147.629;-7;0;0;0
147.634;-7;0;0;0
147.639;-7;0;0;0
147.644;-7;0;0;0
147.649;-7;0;0;0
147.654;-7;0;0;0
147.659;-7;0;0;0
147.664;-7;0;0;0
147.669;-7;0;0;0
147.674;-7;0;0;0
147.679;-7;0;0;0
147.684;-7;0;0;0
147.689;-7;0;0;0
147.694;-7;0;0;0
147.699;-7;0;0;0
147.704;-7;0;0;0
147.709;-7;0;0;0
147.714;-7;0;0;0
147.719;-7;0;0;0
147.724;-7;0;0;0
147.729;-7;0;0;0
147.734;-7;0;0;0
147.739;-7;0;0;0
147.744;-7;0;0;0
147.749;-7;0;0;0
147.754;-7;0;0;0
147.759;-7;0;0;0
147.764;-7;0;0;0
147.769;-7;0;0;0
147.774;-7;0;0;0
147.779;-7;0;0;0
147.784;-7;0;0;0
147.789;-7;0;0;0
147.794;-7;0;0;0
147.799;-7;0;0;0
147.804;-7;0;0;0
147.809;-7;0;0;0
147.814;-7;0;0;0
147.819;-7;0;0;0
147.824;-7;0;0;0
147.829;-7;0;0;0
147.834;-7;0;0;0
147.839;-7;0;0;0
147.844;-7;0;0;0
147.849;-7;0;0;0
147.854;-7;0;0;0
147.859;-7;0;0;0
147.864;-7;0;0;0
147.869;-7;0;0;0
147.874;-7;0;0;0
147.879;-7;0;0;0
147.884;-7;0;0;0
147.889;-7;0;0;0
147.894;-7;0;0;0
147.899;-7;0;0;0
147.904;-7;0;0;0
147.909;-7;0;0;0
147.914;-7;0;0;0
147.919;-7;0;0;0
147.924;-7;0;0;0
147.929;-7;0;0;0
147.934;-7;0;0;0
147.939;-7;0;0;0
147.944;-7;0;0;0
147.949;-7;0;0;0
147.954;-7;0;0;0
147.959;-7;0;0;0
147.964;-7;0;0;0
147.969;-7;0;0;0
147.974;-7;0;0;0
147.979;-7;0;0;0
147.984;-7;0;0;0
147.989;-7;0;0;0
147.994;-7;0;0;0
147.999;-7;0;0;0
148.004;-7;0;0;0
148.009;-7;0;0;0
148.014;-7;0;0;0
148.019;-7;0;0;0
148.024;-7;0;0;0
148.029;-7;0;0;0
148.034;-7;0;0;0
148.039;-7;0;0;0
148.044;-7;0;0;0
148.049;-7;0;0;0
148.054;-7;0;0;0
148.059;-7;0;0;0
148.064;-7;0;0;0
148.069;-7;0;0;0
148.074;-7;0;0;0
148.079;-7;0;0;0
148.084;-7;0;0;0
148.089;-7;0;0;0
148.094;-7;0;0;0
148.099;-7;0;0;0
148.104;-7;0;0;0
148.109;-7;0;0;0
148.114;-7;0;0;0
148.119;-7;0;0;0
148.124;-7;0;0;0
148.129;-7;0;0;0
148.134;-7;0;0;0
148.139;-7;0;0;0
148.144;-7;0;0;0
148.149;-7;0;0;0
148.154;-7;0;0;0
148.159;-7;0;0;0
148.164;-7;0;0;0
148.169;-7;0;0;0
148.174;-7;0;0;0
148.179;-7;0;0;0
148.184;-7;0;0;0
148.189;-7;0;0;0
148.194;-7;0;0;0
148.199;-7;0;0;0
148.204;-7;0;0;0
148.209;-7;0;0;0
148.214;-7;0;0;0
148.219;-7;0;0;0
148.224;-7;0;0;0
148.229;-7;0;0;0
148.234;-7;0;0;0
148.239;-7;0;0;0
148.244;-7;0;0;0
148.249;-7;0;0;0
148.254;-7;0;0;0
148.259;-7;0;0;0
148.264;-7;0;0;0
148.269;-7;0;0;0
148.274;-7;0;0;0
148.279;-7;0;0;0
148.284;-7;0;0;0
148.289;-7;0;0;0
148.294;-7;0;0;0
148.299;-7;0;0;0
148.304;-7;0;0;0
148.309;-7;0;0;0
148.314;-7;0;0;0
148.319;-7;0;0;0
148.324;-7;0;0;0
148.329;-7;0;0;0
148.334;-7;0;0;0
148.339;-7;0;0;0
148.344;-7;0;0;0
148.349;-7;0;0;0
148.354;-7;0;0;0
148.359;-7;0;0;0
148.364;-7;0;0;0
148.369;-7;0;0;0
148.374;-7;0;0;0
148.379;-7;0;0;0
148.384;-7;0;0;0
148.389;-7;0;0;0
148.394;-7;0;0;0
148.399;-7;0;0;0
148.404;-7;0;0;0
148.409;-7;0;0;0
148.414;-7;0;0;0
148.419;-7;0;0;0
148.424;-7;0;0;0
148.429;-7;0;0;0
148.434;-7;0;0;0
148.439;-7;0;0;0
148.444;-7;0;0;0
148.449;-7;0;0;0
148.454;-7;0;0;0
148.459;-7;0;0;0
148.464;-7;0;0;0
148.469;-7;0;0;0
148.474;-7;0;0;0
148.479;-7;0;0;0
148.484;-7;0;0;0
148.489;-7;0;0;0
148.494;-7;0;0;0
148.499;-7;0;0;0
148.504;-7;0;0;0
148.509;-7;0;0;0
148.514;-7;0;0;0
148.519;-7;0;0;0
148.524;-7;0;0;0
148.529;-7;0;0;0
148.534;-7;0;0;0
148.539;-7;0;0;0
148.544;-7;0;0;0
148.549;-7;0;0;0
148.554;-7;0;0;0
148.559;-7;0;0;0
148.564;-7;0;0;0
148.569;-7;0;0;0
148.574;-7;0;0;0
148.579;-7;0;0;0
148.584;-7;0;0;0
148.589;-7;0;0;0
148.594;-7;0;0;0
148.599;-7;0;0;0
148.604;-7;0;0;0
148.609;-7;0;0;0
148.614;-7;0;0;0
148.619;-7;0;0;0
148.624;-7;0;0;0
148.629;-7;0;0;0
148.634;-7;0;0;0
148.639;-7;0;0;0
148.644;-7;0;0;0
148.649;-7;0;0;0
148.654;-7;0;0;0
148.659;-7;0;0;0
148.664;-7;0;0;0
148.669;-7;0;0;0
148.674;-7;0;0;0
148.679;-7;0;0;0
148.684;-7;0;0;0
148.689;-7;0;0;0
148.694;-7;0;0;0
148.699;-7;0;0;0
148.704;-7;0;0;0
148.709;-7;0;0;0
148.714;-7;0;0;0
148.719;-7;0;0;0
148.724;-7;0;0;0
148.729;-7;0;0;0
148.734;-7;0;0;0
148.739;-7;0;0;0
148.744;-7;0;0;0
148.749;-7;0;0;0
148.754;-7;0;0;0
148.759;-7;0;0;0
148.764;-7;0;0;0
148.769;-7;0;0;0
148.774;-7;0;0;0
148.779;-7;0;0;0
148.784;-7;0;0;0
148.789;-7;0;0;0
148.794;-7;0;0;0
148.799;-7;0;0;0
148.804;-7;0;0;0
148.809;-7;0;0;0
148.814;-7;0;0;0
148.819;-7;0;0;0
148.824;-7;0;0;0
148.829;-7;0;0;0
148.834;-7;0;0;0
148.839;-7;0;0;0
148.844;-7;0;0;0
148.849;-7;0;0;0
148.854;-7;0;0;0
148.859;-7;0;0;0
148.864;-7;0;0;0
148.869;-7;0;0;0
148.874;-7;0;0;0
148.879;-7;0;0;0
148.884;-7;0;0;0
148.889;-7;0;0;0
148.894;-7;0;0;0
148.899;-7;0;0;0
148.904;-7;0;0;0
148.909;-7;0;0;0
148.914;-7;0;0;0
148.919;-7;0;0;0
148.924;-7;0;0;0
148.929;-7;0;0;0
148.934;-7;0;0;0
148.939;-7;0;0;0
148.944;-7;0;0;0
148.949;-7;0;0;0
148.954;-7;0;0;0
148.959;-7;0;0;0
148.964;-7;0;0;0
148.969;-7;0;0;0
148.974;-7;0;0;0
148.979;-7;0;0;0
148.984;-7;0;0;0
148.989;-7;0;0;0
148.994;-7;0;0;0
148.999;-7;0;0;0
149.004;-7;0;0;0
149.009;-7;0;0;0
149.014;-7;0;0;0
149.019;-7;0;0;0
149.024;-7;0;0;0
149.029;-7;0;0;0
149.034;-7;0;0;0
149.039;-7;0;0;0
149.044;-7;0;0;0
149.049;-7;0;0;0
149.054;-7;0;0;0
149.059;-7;0;0;0
149.064;-7;0;0;0
149.069;-7;0;0;0
149.074;-7;0;0;0
149.079;-7;0;0;0
149.084;-7;0;0;0
149.089;-7;0;0;0
149.094;-7;0;0;0
149.099;-7;0;0;0
149.104;-7;0;0;0
149.109;-7;0;0;0
149.114;-7;0;0;0
149.119;-7;0;0;0
149.124;-7;0;0;0
149.129;-7;0;0;0
149.134;-7;0;0;0
149.139;-7;0;0;0
149.144;-7;0;0;0
149.149;-7;0;0;0
149.154;-7;0;0;0
149.159;-7;0;0;0
149.164;-7;0;0;0
149.169;-7;0;0;0
149.174;-7;0;0;0
149.179;-7;0;0;0
149.184;-7;0;0;0
149.189;-7;0;0;0
149.194;-7;0;0;0
149.199;-7;0;0;0
149.204;-7;0;0;0
149.209;-7;0;0;0
149.214;-7;0;0;0
149.219;-7;0;0;0
149.224;-7;0;0;0
149.229;-7;0;0;0
149.234;-7;0;0;0
149.239;-7;0;0;0
149.244;-7;0;0;0
149.249;-7;0;0;0
149.254;-7;0;0;0
149.259;-7;0;0;0
149.264;-7;0;0;0
149.269;-7;0;0;0
149.274;-7;0;0;0
149.279;-7;0;0;0
149.284;-7;0;0;0
149.289;-7;0;0;0
149.294;-7;0;0;0
149.299;-7;0;0;0
149.304;-7;0;0;0
149.309;-7;0;0;0
149.314;-7;0;0;0
149.319;-7;0;0;0
149.324;-7;0;0;0
149.329;-7;0;0;0
149.334;-7;0;0;0
149.339;-7;0;0;0
149.344;-7;0;0;0
149.349;-7;0;0;0
149.354;-7;0;0;0
149.359;-7;0;0;0
149.364;-7;0;0;0
149.369;-7;0;0;0
149.374;-7;0;0;0
149.379;-7;0;0;0
149.384;-7;0;0;0
149.389;-7;0;0;0
149.394;-7;0;0;0
149.399;-7;0;0;0
149.404;-7;0;0;0
149.409;-7;0;0;0
149.414;-7;0;0;0
149.419;-7;0;0;0
149.424;-7;0;0;0
149.429;-7;0;0;0
149.434;-7;0;0;0
149.439;-7;0;0;0
149.444;-7;0;0;0
149.449;-7;0;0;0
149.454;-7;0;0;0
149.459;-7;0;0;0
149.464;-7;0;0;0
149.469;-7;0;0;0
149.474;-7;0;0;0
149.479;-7;0;0;0
149.484;-7;0;0;0
149.489;-7;0;0;0
149.494;-7;0;0;0
149.499;-7;0;0;0
149.504;-7;0;0;0
149.509;-7;0;0;0
149.514;-7;0;0;0
149.519;-7;0;0;0
149.524;-7;0;0;0
149.529;-7;0;0;0
149.534;-7;0;0;0
149.539;-7;0;0;0
149.544;-7;0;0;0
149.549;-7;0;0;0
149.554;-7;0;0;0
149.559;-7;0;0;0
149.564;-7;0;0;0
149.569;-7;0;0;0
149.574;-7;0;0;0
149.579;-7;0;0;0
149.584;-7;0;0;0
149.589;-7;0;0;0
149.594;-7;0;0;0
149.599;-7;0;0;0
149.604;-7;0;0;0
149.609;-7;0;0;0
149.614;-7;0;0;0
149.619;-7;0;0;0
149.624;-7;0;0;0
149.629;-7;0;0;0
149.634;-7;0;0;0
149.639;-7;0;0;0
149.644;-7;0;0;0
149.649;-7;0;0;0
149.654;-7;0;0;0
149.659;-7;0;0;0
149.664;-7;0;0;0
149.669;-7;0;0;0
149.674;-7;0;0;0
149.679;-7;0;0;0
149.684;-7;0;0;0
149.689;-7;0;0;0
149.694;-7;0;0;0
149.699;-7;0;0;0
149.704;-7;0;0;0
149.709;-7;0;0;0
149.714;-7;0;0;0
149.719;-7;0;0;0
149.724;-7;0;0;0
149.729;-7;0;0;0
149.734;-7;0;0;0
149.739;-7;0;0;0
149.744;-7;0;0;0
149.749;-7;0;0;0
149.754;-7;0;0;0
149.759;-7;0;0;0
149.764;-7;0;0;0
149.769;-7;0;0;0
149.774;-7;0;0;0
149.779;-7;0;0;0
149.784;-7;0;0;0
149.789;-7;0;0;0
149.794;-7;0;0;0
149.799;-7;0;0;0
149.804;-7;0;0;0
149.809;-7;0;0;0
149.814;-7;0;0;0
149.819;-7;0;0;0
149.824;-7;0;0;0
149.829;-7;0;0;0
149.834;-7;0;0;0
149.839;-7;0;0;0
149.844;-7;0;0;0
149.849;-7;0;0;0
149.854;-7;0;0;0
149.859;-7;0;0;0
149.864;-7;0;0;0
149.869;-7;0;0;0
149.874;-7;0;0;0
149.879;-7;0;0;0
149.884;-7;0;0;0
149.889;-7;0;0;0
149.894;-7;0;0;0
149.899;-7;0;0;0
149.904;-7;0;0;0
149.909;-7;0;0;0
149.914;-7;0;0;0
149.919;-7;0;0;0
149.924;-7;0;0;0
149.929;-7;0;0;0
149.934;-7;0;0;0
149.939;-7;0;0;0
149.944;-7;0;0;0
149.949;-7;0;0;0
149.954;-7;0;0;0
149.959;-7;0;0;0
149.964;-7;0;0;0
149.969;-7;0;0;0
149.974;-7;0;0;0
149.979;-7;0;0;0
149.984;-7;0;0;0
149.989;-7;0;0;0
149.994;-7;0;0;0
149.999;-7;0;0;0
150.004;-7;0;0;0
150.009;-7;0;0;0
150.014;-7;0;0;0
150.019;-7;0;0;0
150.024;-7;0;0;0
150.029;-7;0;0;0
150.034;-7;0;0;0
150.039;-7;0;0;0
150.044;-7;0;0;0
150.049;-7;0;0;0
150.054;-7;0;0;0
150.059;-7;0;0;0
150.064;-7;0;0;0
150.069;-7;0;0;0
150.074;-7;0;0;0
150.079;-7;0;0;0
150.084;-7;0;0;0
150.089;-7;0;0;0
150.094;-7;0;0;0
150.099;-7;0;0;0
150.104;-7;0;0;0
150.109;-7;0;0;0
150.114;-7;0;0;0
150.119;-7;0;0;0
150.124;-7;0;0;0
150.129;-7;0;0;0
150.134;-7;0;0;0
150.139;-7;0;0;0
150.144;-7;0;0;0
150.149;-7;0;0;0
150.154;-7;0;0;0
150.159;-7;0;0;0
150.164;-7;0;0;0
150.169;-7;0;0;0
150.174;-7;0;0;0
150.179;-7;0;0;0
150.184;-7;0;0;0
150.189;-7;0;0;0
150.194;-7;0;0;0
150.199;-7;0;0;0
150.204;-7;0;0;0
150.209;-7;0;0;0
150.214;-7;0;0;0
150.219;-7;0;0;0
150.224;-7;0;0;0
150.229;-7;0;0;0
150.234;-7;0;0;0
150.239;-7;0;0;0
150.244;-7;0;0;0
150.249;-7;0;0;0
150.254;-7;0;0;0
150.259;-7;0;0;0
150.264;-7;0;0;0
150.269;-7;0;0;0
150.274;-7;0;0;0
150.279;-7;0;0;0
150.284;-7;0;0;0
150.289;-7;0;0;0
150.294;-7;0;0;0
150.299;-7;0;0;0
150.304;-7;0;0;0
150.309;-7;0;0;0
150.314;-7;0;0;0
150.319;-7;0;0;0
150.324;-7;0;0;0
150.329;-7;0;0;0
150.334;-7;0;0;0
150.339;-7;0;0;0
150.344;-7;0;0;0
150.349;-7;0;0;0
150.354;-7;0;0;0
150.359;-7;0;0;0
150.364;-7;0;0;0
150.369;-7;0;0;0
150.374;-7;0;0;0
150.379;-7;0;0;0
150.384;-7;0;0;0
150.389;-7;0;0;0
150.394;-7;0;0;0
150.399;-7;0;0;0
150.404;-7;0;0;0
150.409;-7;0;0;0
150.414;-7;0;0;0
150.419;-7;0;0;0
150.424;-7;0;0;0
150.429;-7;0;0;0
150.434;-7;0;0;0
150.439;-7;0;0;0
150.444;-7;0;0;0
150.449;-7;0;0;0
150.454;-7;0;0;0
150.459;-7;0;0;0
150.464;-7;0;0;0
150.469;-7;0;0;0
150.474;-7;0;0;0
150.479;-7;0;0;0
150.484;-7;0;0;0
150.489;-7;0;0;0
150.494;-7;0;0;0
150.499;-7;0;0;0
150.504;-7;0;0;0
150.509;-7;0;0;0
150.514;-7;0;0;0
150.519;-7;0;0;0
150.524;-7;0;0;0
150.529;-7;0;0;0
150.534;-7;0;0;0
150.539;-7;0;0;0
150.544;-7;0;0;0
150.549;-7;0;0;0
150.554;-7;0;0;0
150.559;-7;0;0;0
150.564;-7;0;0;0
150.569;-7;0;0;0
150.574;-7;0;0;0
150.579;-7;0;0;0
150.584;-7;0;0;0
150.589;-7;0;0;0
150.594;-7;0;0;0
150.599;-7;0;0;0
150.604;-7;0;0;0
150.609;-7;0;0;0
150.614;-7;0;0;0
150.619;-7;0;0;0
150.624;-7;0;0;0
150.629;-7;0;0;0
150.634;-7;0;0;0
150.639;-7;0;0;0
150.644;-7;0;0;0
150.649;-7;0;0;0
150.654;-7;0;0;0
150.659;-7;0;0;0
150.664;-7;0;0;0
150.669;-7;0;0;0
150.674;-7;0;0;0
150.679;-7;0;0;0
150.684;-7;0;0;0
150.689;-7;0;0;0
150.694;-7;0;0;0
150.699;-7;0;0;0
150.704;-7;0;0;0
150.709;-7;0;0;0
150.714;-7;0;0;0
150.719;-7;0;0;0
150.724;-7;0;0;0
150.729;-7;0;0;0
150.734;-7;0;0;0
150.739;-7;0;0;0
150.744;-7;0;0;0
150.749;-7;0;0;0
150.754;-7;0;0;0
150.759;-7;0;0;0
150.764;-7;0;0;0
150.769;-7;0;0;0
150.774;-7;0;0;0
150.779;-7;0;0;0
150.784;-7;0;0;0
150.789;-7;0;0;0
150.794;-7;0;0;0
150.799;-7;0;0;0
150.804;-7;0;0;0
150.809;-7;0;0;0
150.814;-7;0;0;0
150.819;-7;0;0;0
150.824;-7;0;0;0
150.829;-7;0;0;0
150.834;-7;0;0;0
150.839;-7;0;0;0
150.844;-7;0;0;0
150.849;-7;0;0;0
150.854;-7;0;0;0
150.859;-7;0;0;0
150.864;-7;0;0;0
150.869;-7;0;0;0
150.874;-7;0;0;0
150.879;-7;0;0;0
150.884;-7;0;0;0
150.889;-7;0;0;0
150.894;-7;0;0;0
150.899;-7;0;0;0
150.904;-7;0;0;0
150.909;-7;0;0;0
150.914;-7;0;0;0
150.919;-7;0;0;0
150.924;-7;0;0;0
150.929;-7;0;0;0
150.934;-7;0;0;0
150.939;-7;0;0;0
150.944;-7;0;0;0
150.949;-7;0;0;0
150.954;-7;0;0;0
150.959;-7;0;0;0
150.964;-7;0;0;0
150.969;-7;0;0;0
150.974;-7;0;0;0
150.979;-7;0;0;0
150.984;-7;0;0;0
150.989;-7;0;0;0
150.994;-7;0;0;0
150.999;-7;0;0;0
151.004;-7;0;0;0
151.009;-7;0;0;0
151.014;-7;0;0;0
151.019;-7;0;0;0
151.024;-7;0;0;0
151.029;-7;0;0;0
151.034;-7;0;0;0
151.039;-7;0;0;0
151.044;-7;0;0;0
151.049;-7;0;0;0
151.054;-7;0;0;0
151.059;-7;0;0;0
151.064;-7;0;0;0
151.069;-7;0;0;0
151.074;-7;0;0;0
151.079;-7;0;0;0
151.084;-7;0;0;0
151.089;-7;0;0;0
151.094;-7;0;0;0
151.099;-7;0;0;0
151.104;-7;0;0;0
151.109;-7;0;0;0
151.114;-7;0;0;0
151.119;-7;0;0;0
151.124;-7;0;0;0
151.129;-7;0;0;0
151.134;-7;0;0;0
151.139;-7;0;0;0
151.144;-7;0;0;0
151.149;-7;0;0;0
151.154;-7;0;0;0
151.159;-7;0;0;0
151.164;-7;0;0;0
151.169;-7;0;0;0
151.174;-7;0;0;0
151.179;-7;0;0;0
151.184;-7;0;0;0
151.189;-7;0;0;0
151.194;-7;0;0;0
151.199;-7;0;0;0
151.204;-7;0;0;0
151.209;-7;0;0;0
151.214;-7;0;0;0
151.219;-7;0;0;0
151.224;-7;0;0;0
151.229;-7;0;0;0
151.234;-7;0;0;0
151.239;-7;0;0;0
151.244;-7;0;0;0
151.249;-7;0;0;0
151.254;-7;0;0;0
151.259;-7;0;0;0
151.264;-7;0;0;0
151.269;-7;0;0;0
151.274;-7;0;0;0
151.279;-7;0;0;0
151.284;-7;0;0;0
151.289;-7;0;0;0
151.294;-7;0;0;0
151.299;-7;0;0;0
151.304;-7;0;0;0
151.309;-7;0;0;0
151.314;-7;0;0;0
151.319;-7;0;0;0
151.324;-7;0;0;0
151.329;-7;0;0;0
151.334;-7;0;0;0
151.339;-7;0;0;0
151.344;-7;0;0;0
151.349;-7;0;0;0
151.354;-7;0;0;0
151.359;-7;0;0;0
151.364;-7;0;0;0
151.369;-7;0;0;0
151.374;-7;0;0;0
151.379;-7;0;0;0
151.384;-7;0;0;0
151.389;-7;0;0;0
151.394;-7;0;0;0
151.399;-7;0;0;0
151.404;-7;0;0;0
151.409;-7;0;0;0
151.414;-7;0;0;0
151.419;-7;0;0;0
151.424;-7;0;0;0
151.429;-7;0;0;0
151.434;-7;0;0;0
151.439;-7;0;0;0
151.444;-7;0;0;0
151.449;-7;0;0;0
151.454;-7;0;0;0
151.459;-7;0;0;0
151.464;-7;0;0;0
151.469;-7;0;0;0
151.474;-7;0;0;0
151.479;-7;0;0;0
151.484;-7;0;0;0
151.489;-7;0;0;0
151.494;-7;0;0;0
151.499;-7;0;0;0
151.504;-7;0;0;0
151.509;-7;0;0;0
151.514;-7;0;0;0
151.519;-7;0;0;0
151.524;-7;0;0;0
151.529;-7;0;0;0
151.534;-7;0;0;0
151.539;-7;0;0;0
151.544;-7;0;0;0
151.549;-7;0;0;0
151.554;-7;0;0;0
151.559;-7;0;0;0
151.564;-7;0;0;0
151.569;-7;0;0;0
151.574;-7;0;0;0
151.579;-7;0;0;0
151.584;-7;0;0;0
151.589;-7;0;0;0
151.594;-7;0;0;0
151.599;-7;0;0;0
151.604;-7;0;0;0
151.609;-7;0;0;0
151.614;-7;0;0;0
151.619;-7;0;0;0
151.624;-7;0;0;0
151.629;-7;0;0;0
151.634;-7;0;0;0
151.639;-7;0;0;0
151.644;-7;0;0;0
151.649;-7;0;0;0
151.654;-7;0;0;0
151.659;-7;0;0;0
151.664;-7;0;0;0
151.669;-7;0;0;0
151.674;-7;0;0;0
151.679;-7;0;0;0
151.684;-7;0;0;0
151.689;-7;0;0;0
151.694;-7;0;0;0
151.699;-7;0;0;0
151.704;-7;0;0;0
151.709;-7;0;0;0
151.714;-7;0;0;0
151.719;-7;0;0;0
151.724;-7;0;0;0
151.729;-7;0;0;0
151.734;-7;0;0;0
151.739;-7;0;0;0
151.744;-7;0;0;0
151.749;-7;0;0;0
151.754;-7;0;0;0
151.759;-7;0;0;0
151.764;-7;0;0;0
151.769;-7;0;0;0
151.774;-7;0;0;0
151.779;-7;0;0;0
151.784;-7;0;0;0
151.789;-7;0;0;0
151.794;-7;0;0;0
151.799;-7;0;0;0
151.804;-7;0;0;0
151.809;-7;0;0;0
151.814;-7;0;0;0
151.819;-7;0;0;0
151.824;-7;0;0;0
151.829;-7;0;0;0
151.834;-7;0;0;0
151.839;-7;0;0;0
151.844;-7;0;0;0
151.849;-7;0;0;0
151.854;-7;0;0;0
151.859;-7;0;0;0
151.864;-7;0;0;0
151.869;-7;0;0;0
151.874;-7;0;0;0
151.879;-7;0;0;0
151.884;-7;0;0;0
151.889;-7;0;0;0
151.894;-7;0;0;0
151.899;-7;0;0;0
151.904;-7;0;0;0
151.909;-7;0;0;0
151.914;-7;0;0;0
151.919;-7;0;0;0
151.924;-7;0;0;0
151.929;-7;0;0;0
151.934;-7;0;0;0
151.939;-7;0;0;0
151.944;-7;0;0;0
151.949;-7;0;0;0
151.954;-7;0;0;0
151.959;-7;0;0;0
151.964;-7;0;0;0
151.969;-7;0;0;0
151.974;-7;0;0;0
151.979;-7;0;0;0
151.984;-7;0;0;0
151.989;-7;0;0;0
151.994;-7;0;0;0
151.999;-7;0;0;0
152.004;-7;0;0;0
152.009;-7;0;0;0
152.014;-7;0;0;0
152.019;-7;0;0;0
152.024;-7;0;0;0
152.029;-7;0;0;0
152.034;-7;0;0;0
152.039;-7;0;0;0
152.044;-7;0;0;0
152.049;-7;0;0;0
152.054;-7;0;0;0
152.059;-7;0;0;0
152.064;-7;0;0;0
152.069;-7;0;0;0
152.074;-7;0;0;0
152.079;-7;0;0;0
152.084;-7;0;0;0
152.089;-7;0;0;0
152.094;-7;0;0;0
152.099;-7;0;0;0
152.104;-7;0;0;0
152.109;-7;0;0;0
152.114;-7;0;0;0
152.119;-7;0;0;0
152.124;-7;0;0;0
152.129;-7;0;0;0
152.134;-7;0;0;0
152.139;-7;0;0;0
152.144;-7;0;0;0
152.149;-7;0;0;0
152.154;-7;0;0;0
152.159;-7;0;0;0
152.164;-7;0;0;0
152.169;-7;0;0;0
152.174;-7;0;0;0
152.179;-7;0;0;0
152.184;-7;0;0;0
152.189;-7;0;0;0
152.194;-7;0;0;0
152.199;-7;0;0;0
152.204;-7;0;0;0
152.209;-7;0;0;0
152.214;-7;0;0;0
152.219;-7;0;0;0
152.224;-7;0;0;0
152.229;-7;0;0;0
152.234;-7;0;0;0
152.239;-7;0;0;0
152.244;-7;0;0;0
152.249;-7;0;0;0
152.254;-7;0;0;0
152.259;-7;0;0;0
152.264;-7;0;0;0
152.269;-7;0;0;0
152.274;-7;0;0;0
152.279;-7;0;0;0
152.284;-7;0;0;0
152.289;-7;0;0;0
152.294;-7;0;0;0
152.299;-7;0;0;0
152.304;-7;0;0;0
152.309;-7;0;0;0
152.314;-7;0;0;0
152.319;-7;0;0;0
152.324;-7;0;0;0
152.329;-7;0;0;0
152.334;-7;0;0;0
152.339;-7;0;0;0
152.344;-7;0;0;0
152.349;-7;0;0;0
152.354;-7;0;0;0
152.359;-7;0;0;0
152.364;-7;0;0;0
152.369;-7;0;0;0
152.374;-7;0;0;0
152.379;-7;0;0;0
152.384;-7;0;0;0
152.389;-7;0;0;0
152.394;-7;0;0;0
152.399;-7;0;0;0
152.404;-7;0;0;0
152.409;-7;0;0;0
152.414;-7;0;0;0
152.419;-7;0;0;0
152.424;-7;0;0;0
152.429;-7;0;0;0
152.434;-7;0;0;0
152.439;-7;0;0;0
152.444;-7;0;0;0
152.449;-7;0;0;0
152.454;-7;0;0;0
152.459;-7;0;0;0
152.464;-7;0;0;0
152.469;-7;0;0;0
152.474;-7;0;0;0
152.479;-7;0;0;0
152.484;-7;0;0;0
152.489;-7;0;0;0
152.494;-7;0;0;0
152.499;-7;0;0;0
152.504;-7;0;0;0
152.509;-7;0;0;0
152.514;-7;0;0;0
152.519;-7;0;0;0
152.524;-7;0;0;0
152.529;-7;0;0;0
152.534;-7;0;0;0
152.539;-7;0;0;0
152.544;-7;0;0;0
152.549;-7;0;0;0
152.554;-7;0;0;0
152.559;-7;0;0;0
152.564;-7;0;0;0
152.569;-7;0;0;0
152.574;-7;0;0;0
152.579;-7;0;0;0
152.584;-7;0;0;0
152.589;-7;0;0;0
152.594;-7;0;0;0
152.599;-7;0;0;0
152.604;-7;0;0;0
152.609;-7;0;0;0
152.614;-7;0;0;0
152.619;-7;0;0;0
152.624;-7;0;0;0
152.629;-7;0;0;0
152.634;-7;0;0;0
152.639;-7;0;0;0
152.644;-7;0;0;0
152.649;-7;0;0;0
152.654;-7;0;0;0
152.659;-7;0;0;0
152.664;-7;0;0;0
152.669;-7;0;0;0
152.674;-7;0;0;0
152.679;-7;0;0;0
152.684;-7;0;0;0
152.689;-7;0;0;0
152.694;-7;0;0;0
152.699;-7;0;0;0
152.704;-7;0;0;0
152.709;-7;0;0;0
152.714;-7;0;0;0
152.719;-7;0;0;0
152.724;-7;0;0;0
152.729;-7;0;0;0
152.734;-7;0;0;0
152.739;-7;0;0;0
152.744;-7;0;0;0
152.749;-7;0;0;0
152.754;-7;0;0;0
152.759;-7;0;0;0
152.764;-7;0;0;0
152.769;-7;0;0;0
152.774;-7;0;0;0
152.779;-7;0;0;0
152.784;-7;0;0;0
152.789;-7;0;0;0
152.794;-7;0;0;0
152.799;-7;0;0;0
152.804;-7;0;0;0
152.809;-7;0;0;0
152.814;-7;0;0;0
152.819;-7;0;0;0
152.824;-7;0;0;0
152.829;-7;0;0;0
152.834;-7;0;0;0
152.839;-7;0;0;0
152.844;-7;0;0;0
152.849;-7;0;0;0
152.854;-7;0;0;0
152.859;-7;0;0;0
152.864;-7;0;0;0
152.869;-7;0;0;0
152.874;-7;0;0;0
152.879;-7;0;0;0
152.884;-7;0;0;0
152.889;-7;0;0;0
152.894;-7;0;0;0
152.899;-7;0;0;0
152.904;-7;0;0;0
152.909;-7;0;0;0
152.914;-7;0;0;0
152.919;-7;0;0;0
152.924;-7;0;0;0
152.929;-7;0;0;0
152.934;-7;0;0;0
152.939;-7;0;0;0
152.944;-7;0;0;0
152.949;-7;0;0;0
152.954;-7;0;0;0
152.959;-7;0;0;0
152.964;-7;0;0;0
152.969;-7;0;0;0
152.974;-7;0;0;0
152.979;-7;0;0;0
152.984;-7;0;0;0
152.989;-7;0;0;0
152.994;-7;0;0;0
152.999;-7;0;0;0
153.004;-7;0;0;0
153.009;-7;0;0;0
153.014;-7;0;0;0
153.019;-7;0;0;0
153.024;-7;0;0;0
153.029;-7;0;0;0
153.034;-7;0;0;0
153.039;-7;0;0;0
153.044;-7;0;0;0
153.049;-7;0;0;0
153.054;-7;0;0;0
153.059;-7;0;0;0
153.064;-7;0;0;0
153.069;-7;0;0;0
153.074;-7;0;0;0
153.079;-7;0;0;0
153.084;-7;0;0;0
153.089;-7;0;0;0
153.094;-7;0;0;0
153.099;-7;0;0;0
153.104;-7;0;0;0
153.109;-7;0;0;0
153.114;-7;0;0;0
153.119;-7;0;0;0
153.124;-7;0;0;0
153.129;-7;0;0;0
153.134;-7;0;0;0
153.139;-7;0;0;0
153.144;-7;0;0;0
153.149;-7;0;0;0
153.154;-7;0;0;0
153.159;-7;0;0;0
153.164;-7;0;0;0
153.169;-7;0;0;0
153.174;-7;0;0;0
153.179;-7;0;0;0
153.184;-7;0;0;0
153.189;-7;0;0;0
153.194;-7;0;0;0
153.199;-7;0;0;0
153.204;-7;0;0;0
153.209;-7;0;0;0
153.214;-7;0;0;0
153.219;-7;0;0;0
153.224;-7;0;0;0
153.229;-7;0;0;0
153.234;-7;0;0;0
153.239;-7;0;0;0
153.244;-7;0;0;0
153.249;-7;0;0;0
153.254;-7;0;0;0
153.259;-7;0;0;0
153.264;-7;0;0;0
153.269;-7;0;0;0
153.274;-7;0;0;0
153.279;-7;0;0;0
153.284;-7;0;0;0
153.289;-7;0;0;0
153.294;-7;0;0;0
153.299;-7;0;0;0
153.304;-7;0;0;0
153.309;-7;0;0;0
153.314;-7;0;0;0
153.319;-7;0;0;0
153.324;-7;0;0;0
153.329;-7;0;0;0
153.334;-7;0;0;0
153.339;-7;0;0;0
153.344;-7;0;0;0
153.349;-7;0;0;0
153.354;-7;0;0;0
153.359;-7;0;0;0
153.364;-7;0;0;0
153.369;-7;0;0;0
153.374;-7;0;0;0
153.379;-7;0;0;0
153.384;-7;0;0;0
153.389;-7;0;0;0
153.394;-7;0;0;0
153.399;-7;0;0;0
153.404;-7;0;0;0
153.409;-7;0;0;0
153.414;-7;0;0;0
153.419;-7;0;0;0
153.424;-7;0;0;0
153.429;-7;0;0;0
153.434;-7;0;0;0
153.439;-7;0;0;0
153.444;-7;0;0;0
153.449;-7;0;0;0
153.454;-7;0;0;0
153.459;-7;0;0;0
153.464;-7;0;0;0
153.469;-7;0;0;0
153.474;-7;0;0;0
153.479;-7;0;0;0