t;e;d;i;set

0.479;0;0;0;0
0.484;0;0;0;0
0.489;0;0;0;0
0.494;0;0;0;0
0.499;0;0;0;0
0.504;0;0;0;0
0.509;0;0;0;0
0.514;0;0;0;0
0.519;0;0;0;0
0.524;0;0;0;0
0.529;0;0;0;0
0.534;0;0;0;0
0.539;0;0;0;0
0.544;0;0;0;0
0.549;0;0;0;0
0.554;0;0;0;0
0.559;0;0;0;0
0.564;0;0;0;0
0.569;0;0;0;0
0.574;0;0;0;0
0.579;0;0;0;0
0.584;0;0;0;0
0.589;0;0;0;0
0.594;0;0;0;0
0.599;0;0;0;0
0.604;0;0;0;0
0.609;0;0;0;0
0.614;0;0;0;0
0.619;0;0;0;0
0.624;0;0;0;0
0.629;0;0;0;0
0.634;0;0;0;0
0.639;0;0;0;0
0.644;0;0;0;0
0.649;0;0;0;0
0.654;0;0;0;0
0.659;0;0;0;0
0.664;0;0;0;0
0.669;0;0;0;0
0.674;0;0;0;0
0.679;0;0;0;0
0.684;0;0;0;0
0.689;0;0;0;0
0.694;0;0;0;0
0.699;0;0;0;0
0.704;0;0;0;0
0.709;0;0;0;0
0.714;0;0;0;0
0.719;0;0;0;0
0.724;0;0;0;0
0.729;0;0;0;0
0.734;0;0;0;0
0.739;0;0;0;0
0.744;0;0;0;0
0.749;0;0;0;0
0.754;0;0;0;0
0.759;0;0;0;0
0.764;0;0;0;0
0.769;0;0;0;0
0.774;0;0;0;0
0.779;0;0;0;0
0.784;0;0;0;0
0.789;0;0;0;0
0.794;0;0;0;0
0.799;0;0;0;0
0.804;0;0;0;0
0.809;0;0;0;0
0.814;0;0;0;0
0.819;0;0;0;0
0.824;0;0;0;0
0.829;0;0;0;0
0.834;0;0;0;0
0.839;0;0;0;0
0.844;0;0;0;0
0.849;0;0;0;0
0.854;0;0;0;0
0.859;0;0;0;0
0.864;0;0;0;0
0.869;0;0;0;0
0.874;0;0;0;0
0.879;0;0;0;0
0.884;0;0;0;0
0.889;0;0;0;0
0.894;0;0;0;0
0.899;0;0;0;0
0.904;0;0;0;0
0.909;0;0;0;0
0.914;0;0;0;0
0.919;0;0;0;0
0.924;0;0;0;0
0.929;0;0;0;0
0.934;0;0;0;0
0.939;0;0;0;0
0.944;0;0;0;0
0.949;0;0;0;0
0.954;0;0;0;0
0.959;0;0;0;0
0.964;0;0;0;0
0.969;0;0;0;0
0.974;0;0;0;0
0.979;0;0;0;0
0.984;0;0;0;0
0.989;0;0;0;0
0.994;0;0;0;0
0.999;0;0;0;0
1.004;0;0;0;0
1.009;0;0;0;0
1.014;0;0;0;0
1.019;0;0;0;0
1.024;0;0;0;0
1.029;0;0;0;0
1.034;0;0;0;0
1.039;0;0;0;0
1.044;0;0;0;0
1.049;0;0;0;0
1.054;0;0;0;0
1.059;0;0;0;0
1.064;0;0;0;0
1.069;0;0;0;0
1.074;7;0;0;0
1.079;15;0;0;0
1.084;31;0;0;0
1.089;47;0;0;0
1.094;54;0;0;0
1.099;70;0;0;0
1.104;86;0;0;0
1.109;109;0;0;0
1.114;125;0;0;0
1.119;140;0;0;0
1.124;171;0;0;0
1.129;187;0;0;0
1.134;202;0;0;0
1.139;218;0;0;0
1.144;241;0;0;0
1.149;263;0;0;0
1.154;278;0;0;0
1.159;301;0;0;0
1.164;323;0;0;0
1.169;338;0;0;0
1.174;353;0;0;0
1.179;368;0;0;0
1.184;382;0;0;0
1.189;397;0;0;0
1.194;411;0;0;0
1.199;425;0;0;0
1.204;439;0;0;0
1.209;453;0;0;0
1.214;467;0;0;0
1.219;481;0;0;0
1.224;495;0;0;0
1.229;495;0;0;0
1.234;509;0;0;0
1.239;515;0;0;0
1.244;522;0;0;0
1.249;522;0;0;0
1.254;529;0;0;0
1.259;529;0;0;0
1.264;529;0;0;0
1.269;529;0;0;0
1.274;522;0;0;0
1.279;522;0;0;0
1.284;509;0;0;0
1.289;502;0;0;0
1.294;488;0;0;0
1.299;474;0;0;0
1.304;453;0;0;0
1.309;439;0;0;0
1.314;411;0;0;0
1.319;397;0;0;0
1.324;368;0;0;0
1.329;338;0;0;0
1.334;309;0;0;0
1.339;278;0;0;0
1.344;248;0;0;0
1.349;218;0;0;0
1.354;179;0;0;0
1.359;148;0;0;0
1.364;109;0;0;0
1.369;70;0;0;0
1.374;39;0;0;0
1.379;0;0;0;0
1.384;-47;0;0;0
1.389;-78;0;0;0
1.394;-117;0;0;0
1.399;-156;0;0;0
1.404;-187;0;0;0
1.409;-218;0;0;0
1.414;-256;0;0;0
1.419;-286;0;0;0
1.424;-316;0;0;0
1.429;-346;0;0;0
1.434;-368;0;0;0
1.439;-397;0;0;0
1.444;-411;0;0;0
1.449;-432;0;0;0
1.454;-453;0;0;0
1.459;-467;0;0;0
1.464;-481;0;0;0
1.469;-495;0;0;0
1.474;-502;0;0;0
1.479;-509;0;0;0
1.484;-522;0;0;0
1.489;-522;0;0;0
1.494;-522;0;0;0
1.499;-522;0;0;0
1.504;-522;0;0;0
1.509;-515;0;0;0
1.514;-509;0;0;0
1.519;-495;0;0;0
1.524;-488;0;0;0
1.529;-474;0;0;0
1.534;-467;0;0;0
1.539;-446;0;0;0
1.544;-432;0;0;0
1.549;-411;0;0;0
1.554;-389;0;0;0
1.559;-368;0;0;0
1.564;-338;0;0;0
1.569;-316;0;0;0
1.574;-286;0;0;0
1.579;-256;0;0;0
1.584;-225;0;0;0
1.589;-195;0;0;0
1.594;-156;0;0;0
1.599;-125;0;0;0
1.604;-94;0;0;0
1.609;-47;0;0;0
1.614;-15;0;0;0
1.619;15;0;0;0
1.624;54;0;0;0
1.629;94;0;0;0
1.634;125;0;0;0
1.639;148;0;0;0
1.644;187;0;0;0
1.649;218;0;0;0
1.654;248;0;0;0
1.659;263;0;0;0
1.664;294;0;0;0
1.669;323;0;0;0
1.674;346;0;0;0
1.679;368;0;0;0
1.684;382;0;0;0
1.689;404;0;0;0
1.694;418;0;0;0
1.699;432;0;0;0
1.704;439;0;0;0
1.709;453;0;0;0
1.714;460;0;0;0
1.719;467;0;0;0
1.724;467;0;0;0
1.729;467;0;0;0
1.734;467;0;0;0
1.739;467;0;0;0
1.744;460;0;0;0
1.749;453;0;0;0
1.754;439;0;0;0
1.759;432;0;0;0
1.764;418;0;0;0
1.769;411;0;0;0
1.774;389;0;0;0
1.779;368;0;0;0
1.784;353;0;0;0
1.789;323;0;0;0
1.794;309;0;0;0
1.799;278;0;0;0
1.804;256;0;0;0
1.809;225;0;0;0
1.814;202;0;0;0
1.819;171;0;0;0
1.824;140;0;0;0
1.829;109;0;0;0
1.834;70;0;0;0
1.839;47;0;0;0
1.844;7;0;0;0
1.849;-23;0;0;0
1.854;-62;0;0;0
1.859;-94;0;0;0
1.864;-125;0;0;0
1.869;-156;0;0;0
1.874;-187;0;0;0
1.879;-210;0;0;0
1.884;-241;0;0;0
1.889;-271;0;0;0
1.894;-294;0;0;0
1.899;-316;0;0;0
1.904;-346;0;0;0
1.909;-360;0;0;0
1.914;-382;0;0;0
1.919;-397;0;0;0
1.924;-411;0;0;0
1.929;-425;0;0;0
1.934;-432;0;0;0
1.939;-439;0;0;0
1.944;-453;0;0;0
1.949;-453;0;0;0
1.954;-460;0;0;0
1.959;-460;0;0;0
1.964;-460;0;0;0
1.969;-460;0;0;0
1.974;-453;0;0;0
1.979;-446;0;0;0
1.984;-439;0;0;0
1.989;-432;0;0;0
1.994;-418;0;0;0
1.999;-411;0;0;0
2.004;-397;0;0;0
2.009;-382;0;0;0
2.014;-360;0;0;0
2.019;-346;0;0;0
2.024;-323;0;0;0
2.029;-301;0;0;0
2.034;-278;0;0;0
2.039;-248;0;0;0
2.044;-225;0;0;0
2.049;-202;0;0;0
2.054;-171;0;0;0
2.059;-140;0;0;0
2.064;-109;0;0;0
2.069;-78;0;0;0
2.074;-47;0;0;0
2.079;-15;0;0;0
2.084;15;0;0;0
2.089;47;0;0;0
2.094;78;0;0;0
2.099;101;0;0;0
2.104;133;0;0;0
2.109;156;0;0;0
2.114;187;0;0;0
2.119;210;0;0;0
2.124;233;0;0;0
2.129;256;0;0;0
2.134;278;0;0;0
2.139;301;0;0;0
2.144;323;0;0;0
2.149;338;0;0;0
2.154;353;0;0;0
2.159;360;0;0;0
2.164;368;0;0;0
2.169;382;0;0;0
2.174;389;0;0;0
2.179;397;0;0;0
2.184;404;0;0;0
2.189;404;0;0;0
2.194;404;0;0;0
2.199;404;0;0;0
2.204;404;0;0;0
2.209;397;0;0;0
2.214;389;0;0;0
2.219;382;0;0;0
2.224;375;0;0;0
2.229;360;0;0;0
2.234;353;0;0;0
2.239;331;0;0;0
2.244;323;0;0;0
2.249;301;0;0;0
2.254;278;0;0;0
2.259;263;0;0;0
2.264;233;0;0;0
2.269;218;0;0;0
2.274;195;0;0;0
2.279;171;0;0;0
2.284;140;0;0;0
2.289;109;0;0;0
2.294;78;0;0;0
2.299;54;0;0;0
2.304;23;0;0;0
2.309;0;0;0;0
2.314;-31;0;0;0
2.319;-62;0;0;0
2.324;-86;0;0;0
2.329;-117;0;0;0
2.334;-148;0;0;0
2.339;-171;0;0;0
2.344;-195;0;0;0
2.349;-225;0;0;0
2.354;-241;0;0;0
2.359;-263;0;0;0
2.364;-286;0;0;0
2.369;-301;0;0;0
2.374;-323;0;0;0
2.379;-338;0;0;0
2.384;-353;0;0;0
2.389;-360;0;0;0
2.394;-375;0;0;0
2.399;-382;0;0;0
2.404;-389;0;0;0
2.409;-397;0;0;0
2.414;-404;0;0;0
2.419;-404;0;0;0
2.424;-411;0;0;0
2.429;-404;0;0;0
2.434;-404;0;0;0
2.439;-397;0;0;0
2.444;-397;0;0;0
2.449;-382;0;0;0
2.454;-375;0;0;0
2.459;-368;0;0;0
2.464;-353;0;0;0
2.469;-338;0;0;0
2.474;-323;0;0;0
2.479;-309;0;0;0
2.484;-294;0;0;0
2.489;-271;0;0;0
2.494;-256;0;0;0
2.499;-233;0;0;0
2.504;-210;0;0;0
2.509;-187;0;0;0
2.514;-164;0;0;0
2.519;-140;0;0;0
2.524;-109;0;0;0
2.529;-86;0;0;0
2.534;-54;0;0;0
2.539;-31;0;0;0
2.544;-7;0;0;0
2.549;15;0;0;0
2.554;47;0;0;0
2.559;78;0;0;0
2.564;101;0;0;0
2.569;117;0;0;0
2.574;140;0;0;0
2.579;171;0;0;0
2.584;195;0;0;0
2.589;210;0;0;0
2.594;233;0;0;0
2.599;241;0;0;0
2.604;263;0;0;0
2.609;278;0;0;0
2.614;294;0;0;0
2.619;309;0;0;0
2.624;323;0;0;0
2.629;323;0;0;0
2.634;338;0;0;0
2.639;346;0;0;0
2.644;346;0;0;0
2.649;353;0;0;0
2.654;353;0;0;0
2.659;353;0;0;0
2.664;353;0;0;0
2.669;346;0;0;0
2.674;338;0;0;0
2.679;331;0;0;0
2.684;323;0;0;0
2.689;316;0;0;0
2.694;309;0;0;0
2.699;294;0;0;0
2.704;278;0;0;0
2.709;263;0;0;0
2.714;248;0;0;0
2.719;233;0;0;0
2.724;210;0;0;0
2.729;195;0;0;0
2.734;171;0;0;0
2.739;140;0;0;0
2.744;125;0;0;0
2.749;101;0;0;0
2.754;78;0;0;0
2.759;54;0;0;0
2.764;31;0;0;0
2.769;0;0;0;0
2.774;-15;0;0;0
2.779;-47;0;0;0
2.784;-70;0;0;0
2.789;-94;0;0;0
2.794;-117;0;0;0
2.799;-140;0;0;0
2.804;-164;0;0;0
2.809;-179;0;0;0
2.814;-202;0;0;0
2.819;-225;0;0;0
2.824;-241;0;0;0
2.829;-256;0;0;0
2.834;-271;0;0;0
2.839;-294;0;0;0
2.844;-301;0;0;0
2.849;-316;0;0;0
2.854;-323;0;0;0
2.859;-331;0;0;0
2.864;-338;0;0;0
2.869;-346;0;0;0
2.874;-353;0;0;0
2.879;-353;0;0;0
2.884;-353;0;0;0
2.889;-353;0;0;0
2.894;-353;0;0;0
2.899;-353;0;0;0
2.904;-346;0;0;0
2.909;-338;0;0;0
2.914;-331;0;0;0
2.919;-323;0;0;0
2.924;-316;0;0;0
2.929;-301;0;0;0
2.934;-286;0;0;0
2.939;-271;0;0;0
2.944;-263;0;0;0
2.949;-241;0;0;0
2.954;-225;0;0;0
2.959;-210;0;0;0
2.964;-187;0;0;0
2.969;-171;0;0;0
2.974;-148;0;0;0
2.979;-125;0;0;0
2.984;-109;0;0;0
2.989;-78;0;0;0
2.994;-54;0;0;0
2.999;-31;0;0;0
3.004;-15;0;0;0
3.009;15;0;0;0
3.014;31;0;0;0
3.019;54;0;0;0
3.024;78;0;0;0
3.029;94;0;0;0
3.034;117;0;0;0
3.039;140;0;0;0
3.044;156;0;0;0
3.049;171;0;0;0
3.054;195;0;0;0
3.059;202;0;0;0
3.064;218;0;0;0
3.069;233;0;0;0
3.074;241;0;0;0
3.079;256;0;0;0
3.084;263;0;0;0
3.089;271;0;0;0
3.094;278;0;0;0
3.099;294;0;0;0
3.104;294;0;0;0
3.109;294;0;0;0
3.114;294;0;0;0
3.119;294;0;0;0
3.124;294;0;0;0
3.129;294;0;0;0
3.134;294;0;0;0
3.139;278;0;0;0
3.144;278;0;0;0
3.149;263;0;0;0
3.154;263;0;0;0
3.159;248;0;0;0
3.164;233;0;0;0
3.169;225;0;0;0
3.174;210;0;0;0
3.179;202;0;0;0
3.184;179;0;0;0
3.189;164;0;0;0
3.194;140;0;0;0
3.199;125;0;0;0
3.204;109;0;0;0
3.209;86;0;0;0
3.214;70;0;0;0
3.219;47;0;0;0
3.224;23;0;0;0
3.229;7;0;0;0
3.234;-15;0;0;0
3.239;-39;0;0;0
3.244;-54;0;0;0
3.249;-78;0;0;0
3.254;-101;0;0;0
3.259;-117;0;0;0
3.264;-140;0;0;0
3.269;-156;0;0;0
3.274;-171;0;0;0
3.279;-187;0;0;0
3.284;-202;0;0;0
3.289;-218;0;0;0
3.294;-233;0;0;0
3.299;-241;0;0;0
3.304;-256;0;0;0
3.309;-263;0;0;0
3.314;-278;0;0;0
3.319;-286;0;0;0
3.324;-294;0;0;0
3.329;-294;0;0;0
3.334;-301;0;0;0
3.339;-301;0;0;0
3.344;-301;0;0;0
3.349;-301;0;0;0
3.354;-301;0;0;0
3.359;-301;0;0;0
3.364;-294;0;0;0
3.369;-294;0;0;0
3.374;-286;0;0;0
3.379;-278;0;0;0
3.384;-271;0;0;0
3.389;-263;0;0;0
3.394;-248;0;0;0
3.399;-241;0;0;0
3.404;-225;0;0;0
3.409;-210;0;0;0
3.414;-202;0;0;0
3.419;-179;0;0;0
3.424;-171;0;0;0
3.429;-148;0;0;0
3.434;-133;0;0;0
3.439;-117;0;0;0
3.444;-101;0;0;0
3.449;-78;0;0;0
3.454;-54;0;0;0
3.459;-39;0;0;0
3.464;-15;0;0;0
3.469;0;0;0;0
3.474;15;0;0;0
3.479;39;0;0;0
3.484;54;0;0;0
3.489;70;0;0;0
3.494;86;0;0;0
3.499;109;0;0;0
3.504;117;0;0;0
3.509;140;0;0;0
3.514;148;0;0;0
3.519;164;0;0;0
3.524;171;0;0;0
3.529;187;0;0;0
3.534;202;0;0;0
3.539;210;0;0;0
3.544;218;0;0;0
3.549;225;0;0;0
3.554;233;0;0;0
3.559;233;0;0;0
3.564;241;0;0;0
3.569;241;0;0;0
3.574;241;0;0;0
3.579;241;0;0;0
3.584;241;0;0;0
3.589;241;0;0;0
3.594;233;0;0;0
3.599;233;0;0;0
3.604;233;0;0;0
3.609;225;0;0;0
3.614;218;0;0;0
3.619;202;0;0;0
3.624;202;0;0;0
3.629;187;0;0;0
3.634;171;0;0;0
3.639;164;0;0;0
3.644;148;0;0;0
3.649;140;0;0;0
3.654;117;0;0;0
3.659;109;0;0;0
3.664;94;0;0;0
3.669;78;0;0;0
3.674;54;0;0;0
3.679;47;0;0;0
3.684;23;0;0;0
3.689;7;0;0;0
3.694;-15;0;0;0
3.699;-31;0;0;0
3.704;-47;0;0;0
3.709;-62;0;0;0
3.714;-78;0;0;0
3.719;-94;0;0;0
3.724;-109;0;0;0
3.729;-133;0;0;0
3.734;-140;0;0;0
3.739;-156;0;0;0
3.744;-171;0;0;0
3.749;-179;0;0;0
3.754;-195;0;0;0
3.759;-202;0;0;0
3.764;-210;0;0;0
3.769;-225;0;0;0
3.774;-233;0;0;0
3.779;-233;0;0;0
3.784;-241;0;0;0
3.789;-248;0;0;0
3.794;-248;0;0;0
3.799;-256;0;0;0
3.804;-256;0;0;0
3.809;-256;0;0;0
3.814;-256;0;0;0
3.819;-256;0;0;0
3.824;-248;0;0;0
3.829;-241;0;0;0
3.834;-241;0;0;0
3.839;-233;0;0;0
3.844;-225;0;0;0
3.849;-218;0;0;0
3.854;-210;0;0;0
3.859;-202;0;0;0
3.864;-187;0;0;0
3.869;-179;0;0;0
3.874;-171;0;0;0
3.879;-156;0;0;0
3.884;-140;0;0;0
3.889;-133;0;0;0
3.894;-117;0;0;0
3.899;-101;0;0;0
3.904;-78;0;0;0
3.909;-70;0;0;0
3.914;-54;0;0;0
3.919;-39;0;0;0
3.924;-23;0;0;0
3.929;-7;0;0;0
3.934;7;0;0;0
3.939;15;0;0;0
3.944;39;0;0;0
3.949;47;0;0;0
3.954;70;0;0;0
3.959;78;0;0;0
3.964;94;0;0;0
3.969;109;0;0;0
3.974;117;0;0;0
3.979;125;0;0;0
3.984;140;0;0;0
3.989;140;0;0;0
3.994;156;0;0;0
3.999;164;0;0;0
4.004;171;0;0;0
4.009;171;0;0;0
4.014;179;0;0;0
4.019;187;0;0;0
4.024;187;0;0;0
4.029;195;0;0;0
4.034;195;0;0;0
4.039;195;0;0;0
4.044;195;0;0;0
4.049;195;0;0;0
4.054;187;0;0;0
4.059;187;0;0;0
4.064;179;0;0;0
4.069;171;0;0;0
4.074;171;0;0;0
4.079;164;0;0;0
4.084;156;0;0;0
4.089;140;0;0;0
4.094;140;0;0;0
4.099;125;0;0;0
4.104;117;0;0;0
4.109;109;0;0;0
4.114;94;0;0;0
4.119;78;0;0;0
4.124;70;0;0;0
4.129;54;0;0;0
4.134;47;0;0;0
4.139;31;0;0;0
4.144;15;0;0;0
4.149;0;0;0;0
4.154;-15;0;0;0
4.159;-23;0;0;0
4.164;-39;0;0;0
4.169;-47;0;0;0
4.174;-62;0;0;0
4.179;-78;0;0;0
4.184;-94;0;0;0
4.189;-101;0;0;0
4.194;-117;0;0;0
4.199;-125;0;0;0
4.204;-140;0;0;0
4.209;-148;0;0;0
4.214;-156;0;0;0
4.219;-164;0;0;0
4.224;-171;0;0;0
4.229;-179;0;0;0
4.234;-179;0;0;0
4.239;-187;0;0;0
4.244;-195;0;0;0
4.249;-202;0;0;0
4.254;-202;0;0;0
4.259;-202;0;0;0
4.264;-202;0;0;0
4.269;-202;0;0;0
4.274;-202;0;0;0
4.279;-202;0;0;0
4.284;-202;0;0;0
4.289;-195;0;0;0
4.294;-195;0;0;0
4.299;-187;0;0;0
4.304;-179;0;0;0
4.309;-171;0;0;0
4.314;-171;0;0;0
4.319;-164;0;0;0
4.324;-156;0;0;0
4.329;-148;0;0;0
4.334;-140;0;0;0
4.339;-133;0;0;0
4.344;-117;0;0;0
4.349;-109;0;0;0
4.354;-94;0;0;0
4.359;-78;0;0;0
4.364;-70;0;0;0
4.369;-62;0;0;0
4.374;-47;0;0;0
4.379;-39;0;0;0
4.384;-23;0;0;0
4.389;-15;0;0;0
4.394;0;0;0;0
4.399;7;0;0;0
4.404;15;0;0;0
4.409;31;0;0;0
4.414;47;0;0;0
4.419;54;0;0;0
4.424;62;0;0;0
4.429;78;0;0;0
4.434;78;0;0;0
4.439;86;0;0;0
4.444;101;0;0;0
4.449;109;0;0;0
4.454;109;0;0;0
4.459;117;0;0;0
4.464;125;0;0;0
4.469;125;0;0;0
4.474;133;0;0;0
4.479;133;0;0;0
4.484;140;0;0;0
4.489;140;0;0;0
4.494;140;0;0;0
4.499;140;0;0;0
4.504;140;0;0;0
4.509;140;0;0;0
4.514;140;0;0;0
4.519;140;0;0;0
4.524;133;0;0;0
4.529;125;0;0;0
4.534;125;0;0;0
4.539;117;0;0;0
4.544;109;0;0;0
4.549;109;0;0;0
4.554;101;0;0;0
4.559;94;0;0;0
4.564;86;0;0;0
4.569;78;0;0;0
4.574;70;0;0;0
4.579;54;0;0;0
4.584;47;0;0;0
4.589;39;0;0;0
4.594;31;0;0;0
4.599;15;0;0;0
4.604;7;0;0;0
4.609;0;0;0;0
4.614;-15;0;0;0
4.619;-23;0;0;0
4.624;-31;0;0;0
4.629;-47;0;0;0
4.634;-47;0;0;0
4.639;-62;0;0;0
4.644;-70;0;0;0
4.649;-78;0;0;0
4.654;-86;0;0;0
4.659;-94;0;0;0
4.664;-109;0;0;0
4.669;-109;0;0;0
4.674;-117;0;0;0
4.679;-125;0;0;0
4.684;-133;0;0;0
4.689;-140;0;0;0
4.694;-140;0;0;0
4.699;-140;0;0;0
4.704;-148;0;0;0
4.709;-148;0;0;0
4.714;-148;0;0;0
4.719;-156;0;0;0
4.724;-156;0;0;0
4.729;-156;0;0;0
4.734;-156;0;0;0
4.739;-148;0;0;0
4.744;-148;0;0;0
4.749;-148;0;0;0
4.754;-140;0;0;0
4.759;-140;0;0;0
4.764;-140;0;0;0
4.769;-133;0;0;0
4.774;-133;0;0;0
4.779;-125;0;0;0
4.784;-117;0;0;0
4.789;-109;0;0;0
4.794;-101;0;0;0
4.799;-94;0;0;0
4.804;-86;0;0;0
4.809;-78;0;0;0
4.814;-70;0;0;0
4.819;-62;0;0;0
4.824;-54;0;0;0
4.829;-47;0;0;0
4.834;-39;0;0;0
4.839;-31;0;0;0
4.844;-23;0;0;0
4.849;-15;0;0;0
4.854;-7;0;0;0
4.859;0;0;0;0
4.864;7;0;0;0
4.869;15;0;0;0
4.874;23;0;0;0
4.879;31;0;0;0
4.884;39;0;0;0
4.889;47;0;0;0
4.894;47;0;0;0
4.899;54;0;0;0
4.904;62;0;0;0
4.909;70;0;0;0
4.914;78;0;0;0
4.919;78;0;0;0
4.924;78;0;0;0
4.929;78;0;0;0
4.934;86;0;0;0
4.939;86;0;0;0
4.944;86;0;0;0
4.949;94;0;0;0
4.954;94;0;0;0
4.959;94;0;0;0
4.964;94;0;0;0
4.969;94;0;0;0
4.974;86;0;0;0
4.979;86;0;0;0
4.984;86;0;0;0
4.989;78;0;0;0
4.994;78;0;0;0
4.999;78;0;0;0
5.004;70;0;0;0
5.009;70;0;0;0
5.014;62;0;0;0
5.019;54;0;0;0
5.024;47;0;0;0
5.029;47;0;0;0
5.034;39;0;0;0
5.039;31;0;0;0
5.044;23;0;0;0
5.049;15;0;0;0
5.054;15;0;0;0
5.059;7;0;0;0
5.064;0;0;0;0
5.069;-7;0;0;0
5.074;-15;0;0;0
5.079;-15;0;0;0
5.084;-23;0;0;0
5.089;-31;0;0;0
5.094;-39;0;0;0
5.099;-47;0;0;0
5.104;-47;0;0;0
5.109;-54;0;0;0
5.114;-62;0;0;0
5.119;-70;0;0;0
5.124;-78;0;0;0
5.129;-78;0;0;0
5.134;-78;0;0;0
5.139;-86;0;0;0
5.144;-86;0;0;0
5.149;-94;0;0;0
5.154;-94;0;0;0
5.159;-101;0;0;0
5.164;-101;0;0;0
5.169;-101;0;0;0
5.174;-101;0;0;0
5.179;-109;0;0;0
5.184;-109;0;0;0
5.189;-109;0;0;0
5.194;-101;0;0;0
5.199;-101;0;0;0
5.204;-101;0;0;0
5.209;-101;0;0;0
5.214;-101;0;0;0
5.219;-94;0;0;0
5.224;-94;0;0;0
5.229;-86;0;0;0
5.234;-86;0;0;0
5.239;-78;0;0;0
5.244;-78;0;0;0
5.249;-78;0;0;0
5.254;-70;0;0;0
5.259;-70;0;0;0
5.264;-62;0;0;0
5.269;-54;0;0;0
5.274;-54;0;0;0
5.279;-47;0;0;0
5.284;-47;0;0;0
5.289;-39;0;0;0
5.294;-39;0;0;0
5.299;-31;0;0;0
5.304;-23;0;0;0
5.309;-23;0;0;0
5.314;-15;0;0;0
5.319;-15;0;0;0
5.324;-7;0;0;0
5.329;-7;0;0;0
5.334;0;0;0;0
5.339;7;0;0;0
5.344;7;0;0;0
5.349;15;0;0;0
5.354;15;0;0;0
5.359;15;0;0;0
5.364;23;0;0;0
5.369;23;0;0;0
5.374;31;0;0;0
5.379;31;0;0;0
5.384;39;0;0;0
5.389;39;0;0;0
5.394;39;0;0;0
5.399;39;0;0;0
5.404;47;0;0;0
5.409;47;0;0;0
5.414;47;0;0;0
5.419;47;0;0;0
5.424;47;0;0;0
5.429;47;0;0;0
5.434;47;0;0;0
5.439;39;0;0;0
5.444;39;0;0;0
5.449;39;0;0;0
5.454;39;0;0;0
5.459;31;0;0;0
5.464;31;0;0;0
5.469;31;0;0;0
5.474;23;0;0;0
5.479;23;0;0;0
5.484;15;0;0;0
5.489;15;0;0;0
5.494;15;0;0;0
5.499;15;0;0;0
5.504;7;0;0;0
5.509;7;0;0;0
5.514;0;0;0;0
5.519;0;0;0;0
5.524;-7;0;0;0
5.529;-7;0;0;0
5.534;-15;0;0;0
5.539;-15;0;0;0
5.544;-15;0;0;0
5.549;-23;0;0;0
5.554;-23;0;0;0
5.559;-31;0;0;0
5.564;-31;0;0;0
5.569;-31;0;0;0
5.574;-39;0;0;0
5.579;-39;0;0;0
5.584;-47;0;0;0
5.589;-47;0;0;0
5.594;-47;0;0;0
5.599;-47;0;0;0
5.604;-47;0;0;0
5.609;-47;0;0;0
5.614;-47;0;0;0
5.619;-54;0;0;0
5.624;-54;0;0;0
5.629;-54;0;0;0
5.634;-54;0;0;0
5.639;-54;0;0;0
5.644;-54;0;0;0
5.649;-54;0;0;0
5.654;-54;0;0;0
5.659;-54;0;0;0
5.664;-47;0;0;0
5.669;-47;0;0;0
5.674;-47;0;0;0
5.679;-47;0;0;0
5.684;-47;0;0;0
5.689;-47;0;0;0
5.694;-47;0;0;0
5.699;-47;0;0;0
5.704;-47;0;0;0
5.709;-47;0;0;0
5.714;-39;0;0;0
5.719;-39;0;0;0
5.724;-39;0;0;0
5.729;-31;0;0;0
5.734;-31;0;0;0
5.739;-31;0;0;0
5.744;-31;0;0;0
5.749;-31;0;0;0
5.754;-23;0;0;0
5.759;-23;0;0;0
5.764;-23;0;0;0
5.769;-15;0;0;0
5.774;-15;0;0;0
5.779;-15;0;0;0
5.784;-15;0;0;0
5.789;-15;0;0;0
5.794;-15;0;0;0
5.799;-15;0;0;0
5.804;-15;0;0;0
5.809;-7;0;0;0
5.814;-7;0;0;0
5.819;-7;0;0;0
5.824;-7;0;0;0
5.829;0;0;0;0
5.834;0;0;0;0
5.839;0;0;0;0
5.844;0;0;0;0
5.849;0;0;0;0
5.854;0;0;0;0
5.859;0;0;0;0
5.864;0;0;0;0
5.869;0;0;0;0
5.874;0;0;0;0
5.879;0;0;0;0
5.884;0;0;0;0
5.889;0;0;0;0
5.894;0;0;0;0
5.899;0;0;0;0
5.904;0;0;0;0
5.909;0;0;0;0
5.914;0;0;0;0
5.919;0;0;0;0
5.924;0;0;0;0
5.929;0;0;0;0
5.934;0;0;0;0
5.939;0;0;0;0
5.944;-7;0;0;0
5.949;-7;0;0;0
5.954;-7;0;0;0
5.959;-7;0;0;0
5.964;-7;0;0;0
5.969;-7;0;0;0
5.974;-15;0;0;0
5.979;-15;0;0;0
5.984;-15;0;0;0
5.989;-15;0;0;0
5.994;-15;0;0;0
5.999;-15;0;0;0
6.004;-15;0;0;0
6.009;-15;0;0;0
6.014;-15;0;0;0
6.019;-15;0;0;0
6.024;-15;0;0;0
6.029;-15;0;0;0
6.034;-15;0;0;0
6.039;-15;0;0;0
6.044;-23;0;0;0
6.049;-23;0;0;0
6.054;-23;0;0;0
6.059;-23;0;0;0
6.064;-23;0;0;0
6.069;-23;0;0;0
6.074;-23;0;0;0
6.079;-23;0;0;0
6.084;-23;0;0;0
6.089;-23;0;0;0
6.094;-23;0;0;0
6.099;-23;0;0;0
6.104;-23;0;0;0
6.109;-23;0;0;0
6.114;-23;0;0;0
6.119;-23;0;0;0
6.124;-23;0;0;0
6.129;-23;0;0;0
6.134;-23;0;0;0
6.139;-23;0;0;0
6.144;-23;0;0;0
6.149;-23;0;0;0
6.154;-23;0;0;0
6.159;-23;0;0;0
6.164;-23;0;0;0
6.169;-23;0;0;0
6.174;-23;0;0;0
6.179;-23;0;0;0
6.184;-23;0;0;0
6.189;-23;0;0;0
6.194;-23;0;0;0
6.199;-23;0;0;0
6.204;-23;0;0;0
6.209;-23;0;0;0
6.214;-23;0;0;0
6.219;-23;0;0;0
6.224;-23;0;0;0
6.229;-23;0;0;0
6.234;-23;0;0;0
6.239;-23;0;0;0
6.244;-23;0;0;0
6.249;-23;0;0;0
6.254;-23;0;0;0
6.259;-23;0;0;0
6.264;-23;0;0;0
6.269;-23;0;0;0
6.274;-23;0;0;0
6.279;-23;0;0;0
6.284;-23;0;0;0
6.289;-23;0;0;0
6.294;-23;0;0;0
6.299;-23;0;0;0
6.304;-23;0;0;0
6.309;-23;0;0;0
6.314;-23;0;0;0
6.319;-23;0;0;0
6.324;-23;0;0;0
6.329;-23;0;0;0
6.334;-23;0;0;0
6.339;-23;0;0;0
6.344;-23;0;0;0
6.349;-23;0;0;0
6.354;-23;0;0;0
6.359;-23;0;0;0
6.364;-23;0;0;0
6.369;-23;0;0;0
6.374;-23;0;0;0
6.379;-23;0;0;0
6.384;-23;0;0;0
6.389;-23;0;0;0
6.394;-23;0;0;0
6.399;-23;0;0;0
6.404;-23;0;0;0
6.409;-23;0;0;0
6.414;-23;0;0;0
6.419;-23;0;0;0
6.424;-23;0;0;0
6.429;-23;0;0;0
6.434;-23;0;0;0
6.439;-23;0;0;0
6.444;-23;0;0;0
6.449;-23;0;0;0
6.454;-23;0;0;0
6.459;-23;0;0;0
6.464;-23;0;0;0
6.469;-23;0;0;0
6.474;-23;0;0;0
6.479;-23;0;0;0
6.484;-23;0;0;0
6.489;-23;0;0;0
6.494;-23;0;0;0
6.499;-23;0;0;0
6.504;-23;0;0;0
6.509;-23;0;0;0
6.514;-23;0;0;0
6.519;-23;0;0;0
6.524;-23;0;0;0
6.529;-23;0;0;0
6.534;-23;0;0;0
6.539;-23;0;0;0
6.544;-23;0;0;0
6.549;-23;0;0;0
6.554;-23;0;0;0
6.559;-23;0;0;0
6.564;-23;0;0;0
6.569;-23;0;0;0
6.574;-23;0;0;0
6.579;-23;0;0;0
6.584;-23;0;0;0
6.589;-23;0;0;0
6.594;-23;0;0;0
6.599;-23;0;0;0
6.604;-23;0;0;0
6.609;-23;0;0;0
6.614;-23;0;0;0
6.619;-23;0;0;0
6.624;-23;0;0;0
6.629;-23;0;0;0
6.634;-23;0;0;0
6.639;-23;0;0;0
6.644;-23;0;0;0
6.649;-23;0;0;0
6.654;-23;0;0;0
6.659;-23;0;0;0
6.664;-23;0;0;0
6.669;-23;0;0;0
6.674;-23;0;0;0
6.679;-23;0;0;0
6.684;-23;0;0;0
6.689;-23;0;0;0
6.694;-23;0;0;0
6.699;-23;0;0;0
6.704;-23;0;0;0
6.709;-23;0;0;0
6.714;-23;0;0;0
6.719;-23;0;0;0
6.724;-23;0;0;0
6.729;-23;0;0;0
6.734;-23;0;0;0
6.739;-23;0;0;0
6.744;-23;0;0;0
6.749;-23;0;0;0
6.754;-23;0;0;0
6.759;-23;0;0;0
6.764;-23;0;0;0
6.769;-23;0;0;0
6.774;-23;0;0;0
6.779;-23;0;0;0
6.784;-23;0;0;0
6.789;-23;0;0;0
6.794;-23;0;0;0
6.799;-23;0;0;0
6.804;-23;0;0;0
6.809;-23;0;0;0
6.814;-23;0;0;0
6.819;-23;0;0;0
6.824;-23;0;0;0
6.829;-23;0;0;0
6.834;-23;0;0;0
6.839;-23;0;0;0
6.844;-23;0;0;0
6.849;-23;0;0;0
6.854;-23;0;0;0
6.859;-23;0;0;0
6.864;-23;0;0;0
6.869;-23;0;0;0
6.874;-23;0;0;0
6.879;-23;0;0;0
6.884;-23;0;0;0
6.889;-23;0;0;0
6.894;-23;0;0;0
6.899;-23;0;0;0
6.904;-23;0;0;0
6.909;-23;0;0;0
6.914;-23;0;0;0
6.919;-23;0;0;0
6.924;-23;0;0;0
6.929;-23;0;0;0
6.934;-23;0;0;0
6.939;-23;0;0;0
6.944;-23;0;0;0
6.949;-23;0;0;0
6.954;-23;0;0;0
6.959;-23;0;0;0
6.964;-23;0;0;0
6.969;-23;0;0;0
6.974;-23;0;0;0
6.979;-23;0;0;0
6.984;-23;0;0;0
6.989;-23;0;0;0
6.994;-23;0;0;0
6.999;-23;0;0;0
7.004;-23;0;0;0
7.009;-23;0;0;0
7.014;-23;0;0;0
7.019;-23;0;0;0
7.024;-23;0;0;0
7.029;-23;0;0;0
7.034;-23;0;0;0
7.039;-23;0;0;0
7.044;-23;0;0;0
7.049;-23;0;0;0
7.054;-23;0;0;0
7.059;-23;0;0;0
7.064;-23;0;0;0
7.069;-23;0;0;0
7.074;-23;0;0;0
7.079;-23;0;0;0
7.084;-23;0;0;0
7.089;-23;0;0;0
7.094;-23;0;0;0
7.099;-23;0;0;0
7.104;-23;0;0;0
7.109;-23;0;0;0
7.114;-23;0;0;0
7.119;-23;0;0;0
7.124;-23;0;0;0
7.129;-23;0;0;0
7.134;-23;0;0;0
7.139;-23;0;0;0
7.144;-23;0;0;0
7.149;-23;0;0;0
7.154;-23;0;0;0
7.159;-23;0;0;0
7.164;-23;0;0;0
7.169;-23;0;0;0
7.174;-23;0;0;0
7.179;-23;0;0;0
7.184;-23;0;0;0
7.189;-23;0;0;0
7.194;-23;0;0;0
7.199;-23;0;0;0
7.204;-23;0;0;0
7.209;-23;0;0;0
7.214;-23;0;0;0
7.219;-23;0;0;0
7.224;-23;0;0;0
7.229;-23;0;0;0
7.234;-23;0;0;0
7.239;-23;0;0;0
7.244;-23;0;0;0
7.249;-23;0;0;0
7.254;-23;0;0;0
7.259;-23;0;0;0
7.264;-23;0;0;0
7.269;-23;0;0;0
7.274;-23;0;0;0
7.279;-23;0;0;0
7.284;-23;0;0;0
7.289;-23;0;0;0
7.294;-23;0;0;0
7.299;-23;0;0;0
7.304;-23;0;0;0
7.309;-23;0;0;0
7.314;-23;0;0;0
7.319;-23;0;0;0
7.324;-23;0;0;0
7.329;-23;0;0;0
7.334;-23;0;0;0
7.339;-23;0;0;0
7.344;-23;0;0;0
7.349;-23;0;0;0
7.354;-23;0;0;0
7.359;-23;0;0;0
7.364;-23;0;0;0
7.369;-23;0;0;0
7.374;-23;0;0;0
7.379;-23;0;0;0
7.384;-23;0;0;0
7.389;-23;0;0;0
7.394;-23;0;0;0
7.399;-23;0;0;0
7.404;-23;0;0;0
7.409;-23;0;0;0
7.414;-23;0;0;0
7.419;-23;0;0;0
7.424;-23;0;0;0
7.429;-23;0;0;0
7.434;-23;0;0;0
7.439;-23;0;0;0
7.444;-23;0;0;0
7.449;-23;0;0;0
7.454;-23;0;0;0
7.459;-23;0;0;0
7.464;-23;0;0;0
7.469;-23;0;0;0
7.474;-23;0;0;0
7.479;-23;0;0;0
7.484;-23;0;0;0
7.489;-23;0;0;0
7.494;-23;0;0;0
7.499;-23;0;0;0
7.504;-23;0;0;0
7.509;-23;0;0;0
7.514;-23;0;0;0
7.519;-23;0;0;0
7.524;-23;0;0;0
7.529;-23;0;0;0
7.534;-23;0;0;0
7.539;-23;0;0;0
7.544;-23;0;0;0
7.549;-23;0;0;0
7.554;-23;0;0;0
7.559;-23;0;0;0
7.564;-23;0;0;0
7.569;-23;0;0;0
7.574;-23;0;0;0
7.579;-23;0;0;0
7.584;-23;0;0;0
7.589;-23;0;0;0
7.594;-23;0;0;0
7.599;-23;0;0;0
7.604;-23;0;0;0
7.609;-23;0;0;0
7.614;-23;0;0;0
7.619;-23;0;0;0
7.624;-23;0;0;0
7.629;-23;0;0;0
7.634;-23;0;0;0
7.639;-23;0;0;0
7.644;-23;0;0;0
7.649;-23;0;0;0
7.654;-23;0;0;0
7.659;-23;0;0;0
7.664;-23;0;0;0
7.669;-23;0;0;0
7.674;-23;0;0;0
7.679;-23;0;0;0
7.684;-23;0;0;0
7.689;-23;0;0;0
7.694;-23;0;0;0
7.699;-23;0;0;0
7.704;-23;0;0;0
7.709;-23;0;0;0
7.714;-23;0;0;0
7.719;-23;0;0;0
7.724;-23;0;0;0
7.729;-23;0;0;0
7.734;-23;0;0;0
7.739;-23;0;0;0
7.744;-23;0;0;0
7.749;-23;0;0;0
7.754;-23;0;0;0
7.759;-23;0;0;0
7.764;-23;0;0;0
7.769;-23;0;0;0
7.774;-23;0;0;0
7.779;-23;0;0;0
7.784;-23;0;0;0
7.789;-23;0;0;0
7.794;-23;0;0;0
7.799;-23;0;0;0
7.804;-23;0;0;0
7.809;-23;0;0;0
7.814;-23;0;0;0
7.819;-23;0;0;0
7.824;-23;0;0;0
7.829;-23;0;0;0
7.834;-23;0;0;0
7.839;-23;0;0;0
7.844;-23;0;0;0
7.849;-23;0;0;0
7.854;-23;0;0;0
7.859;-23;0;0;0
7.864;-23;0;0;0
7.869;-23;0;0;0
7.874;-23;0;0;0
7.879;-23;0;0;0
7.884;-23;0;0;0
7.889;-23;0;0;0
7.894;-23;0;0;0
7.899;-23;0;0;0
7.904;-23;0;0;0
7.909;-23;0;0;0
7.914;-23;0;0;0
7.919;-23;0;0;0
7.924;-23;0;0;0
7.929;-23;0;0;0
7.934;-23;0;0;0
7.939;-23;0;0;0
7.944;-23;0;0;0
7.949;-23;0;0;0
7.954;-23;0;0;0
7.959;-23;0;0;0
7.964;-23;0;0;0
7.969;-23;0;0;0
7.974;-23;0;0;0
7.979;-23;0;0;0
7.984;-23;0;0;0
7.989;-23;0;0;0
7.994;-23;0;0;0
7.999;-23;0;0;0
8.004;-23;0;0;0
8.009;-23;0;0;0
8.014;-23;0;0;0
8.019;-23;0;0;0
8.024;-23;0;0;0
8.029;-23;0;0;0
8.034;-23;0;0;0
8.039;-23;0;0;0
8.044;-23;0;0;0
8.049;-23;0;0;0
8.054;-23;0;0;0
8.059;-23;0;0;0
8.064;-23;0;0;0
8.069;-23;0;0;0
8.074;-23;0;0;0
8.079;-23;0;0;0
8.084;-23;0;0;0
8.089;-23;0;0;0
8.094;-23;0;0;0
8.099;-23;0;0;0
8.104;-23;0;0;0
8.109;-23;0;0;0
8.114;-23;0;0;0
8.119;-23;0;0;0
8.124;-23;0;0;0
8.129;-23;0;0;0
8.134;-23;0;0;0
8.139;-23;0;0;0
8.144;-23;0;0;0
8.149;-23;0;0;0
8.154;-23;0;0;0
8.159;-23;0;0;0
8.164;-23;0;0;0
8.169;-23;0;0;0
8.174;-23;0;0;0
8.179;-23;0;0;0
8.184;-23;0;0;0
8.189;-23;0;0;0
8.194;-23;0;0;0
8.199;-23;0;0;0
8.204;-23;0;0;0
8.209;-23;0;0;0
8.214;-23;0;0;0
8.219;-23;0;0;0
8.224;-23;0;0;0
8.229;-23;0;0;0
8.234;-23;0;0;0
8.239;-23;0;0;0
8.244;-23;0;0;0
8.249;-23;0;0;0
8.254;-23;0;0;0
8.259;-23;0;0;0
8.264;-23;0;0;0
8.269;-23;0;0;0
8.274;-23;0;0;0
8.279;-23;0;0;0
8.284;-23;0;0;0
8.289;-23;0;0;0
8.294;-23;0;0;0
8.299;-23;0;0;0
8.304;-23;0;0;0
8.309;-23;0;0;0
8.314;-23;0;0;0
8.319;-23;0;0;0
8.324;-23;0;0;0
8.329;-23;0;0;0
8.334;-23;0;0;0
8.339;-23;0;0;0
8.344;-23;0;0;0
8.349;-23;0;0;0
8.354;-23;0;0;0
8.359;-23;0;0;0
8.364;-23;0;0;0
8.369;-23;0;0;0
8.374;-23;0;0;0
8.379;-23;0;0;0
8.384;-23;0;0;0
8.389;-23;0;0;0
8.394;-23;0;0;0
8.399;-23;0;0;0
8.404;-23;0;0;0
8.409;-23;0;0;0
8.414;-23;0;0;0
8.419;-23;0;0;0
8.424;-23;0;0;0
8.429;-23;0;0;0
8.434;-23;0;0;0
8.439;-23;0;0;0
8.444;-23;0;0;0
8.449;-23;0;0;0
8.454;-23;0;0;0
8.459;-23;0;0;0
8.464;-23;0;0;0
8.469;-23;0;0;0
8.474;-23;0;0;0
8.479;-23;0;0;0
8.484;-23;0;0;0
8.489;-23;0;0;0
8.494;-23;0;0;0
8.499;-23;0;0;0
8.504;-23;0;0;0
8.509;-23;0;0;0
8.514;-23;0;0;0
8.519;-23;0;0;0
8.524;-23;0;0;0
8.529;-23;0;0;0
8.534;-23;0;0;0
8.539;-23;0;0;0
8.544;-23;0;0;0
8.549;-23;0;0;0
8.554;-23;0;0;0
8.559;-23;0;0;0
8.564;-23;0;0;0
8.569;-23;0;0;0
8.574;-23;0;0;0
8.579;-23;0;0;0
8.584;-23;0;0;0
8.589;-23;0;0;0
8.594;-23;0;0;0
8.599;-23;0;0;0
8.604;-23;0;0;0
8.609;-23;0;0;0
8.614;-23;0;0;0
8.619;-23;0;0;0
8.624;-23;0;0;0
8.629;-23;0;0;0
8.634;-23;0;0;0
8.639;-23;0;0;0
8.644;-23;0;0;0
8.649;-23;0;0;0
8.654;-23;0;0;0
8.659;-23;0;0;0
8.664;-23;0;0;0
8.669;-23;0;0;0
8.674;-23;0;0;0
8.679;-23;0;0;0
8.684;-23;0;0;0
8.689;-23;0;0;0
8.694;-23;0;0;0
8.699;-23;0;0;0
8.704;-23;0;0;0
8.709;-23;0;0;0
8.714;-23;0;0;0
8.719;-23;0;0;0
8.724;-23;0;0;0
8.729;-23;0;0;0
8.734;-23;0;0;0
8.739;-23;0;0;0
8.744;-23;0;0;0
8.749;-23;0;0;0
8.754;-23;0;0;0
8.759;-23;0;0;0
8.764;-23;0;0;0
8.769;-23;0;0;0
8.774;-23;0;0;0
8.779;-23;0;0;0
8.784;-23;0;0;0
8.789;-23;0;0;0
8.794;-23;0;0;0
8.799;-23;0;0;0
8.804;-23;0;0;0
8.809;-23;0;0;0
8.814;-23;0;0;0
8.819;-23;0;0;0
8.824;-23;0;0;0
8.829;-23;0;0;0
8.834;-23;0;0;0
8.839;-23;0;0;0
8.844;-23;0;0;0
8.849;-23;0;0;0
8.854;-23;0;0;0
8.859;-23;0;0;0
8.864;-23;0;0;0
8.869;-23;0;0;0
8.874;-23;0;0;0
8.879;-23;0;0;0
8.884;-23;0;0;0
8.889;-23;0;0;0
8.894;-23;0;0;0
8.899;-23;0;0;0
8.904;-23;0;0;0
8.909;-23;0;0;0
8.914;-23;0;0;0
8.919;-23;0;0;0
8.924;-23;0;0;0
8.929;-23;0;0;0
8.934;-23;0;0;0
8.939;-23;0;0;0
8.944;-23;0;0;0
8.949;-23;0;0;0
8.954;-23;0;0;0
8.959;-23;0;0;0
8.964;-23;0;0;0
8.969;-23;0;0;0
8.974;-23;0;0;0
8.979;-23;0;0;0
8.984;-23;0;0;0
8.989;-23;0;0;0
8.994;-23;0;0;0
8.999;-23;0;0;0
9.004;-23;0;0;0
9.009;-23;0;0;0
9.014;-23;0;0;0
9.019;-23;0;0;0
9.024;-23;0;0;0
9.029;-23;0;0;0
9.034;-23;0;0;0
9.039;-23;0;0;0
9.044;-23;0;0;0
9.049;-23;0;0;0
9.054;-23;0;0;0
9.059;-23;0;0;0
9.064;-23;0;0;0
9.069;-23;0;0;0
9.074;-23;0;0;0
9.079;-23;0;0;0
9.084;-23;0;0;0
9.089;-23;0;0;0
9.094;-23;0;0;0
9.099;-23;0;0;0
9.104;-23;0;0;0
9.109;-23;0;0;0
9.114;-23;0;0;0
9.119;-23;0;0;0
9.124;-23;0;0;0
9.129;-23;0;0;0
9.134;-23;0;0;0
9.139;-23;0;0;0
9.144;-23;0;0;0
9.149;-23;0;0;0
9.154;-23;0;0;0
9.159;-23;0;0;0
9.164;-23;0;0;0
9.169;-23;0;0;0
9.174;-23;0;0;0
9.179;-23;0;0;0
9.184;-23;0;0;0
9.189;-23;0;0;0
9.194;-23;0;0;0
9.199;-23;0;0;0
9.204;-23;0;0;0
9.209;-23;0;0;0
9.214;-23;0;0;0
9.219;-23;0;0;0
9.224;-23;0;0;0
9.229;-23;0;0;0
9.234;-23;0;0;0
9.239;-23;0;0;0
9.244;-23;0;0;0
9.249;-23;0;0;0
9.254;-23;0;0;0
9.259;-23;0;0;0
9.264;-23;0;0;0
9.269;-23;0;0;0
9.274;-23;0;0;0
9.279;-23;0;0;0
9.284;-23;0;0;0
9.289;-23;0;0;0
9.294;-23;0;0;0
9.299;-23;0;0;0
9.304;-23;0;0;0
9.309;-23;0;0;0
9.314;-23;0;0;0
9.319;-23;0;0;0
9.324;-23;0;0;0
9.329;-23;0;0;0
9.334;-23;0;0;0
9.339;-23;0;0;0
9.344;-23;0;0;0
9.349;-23;0;0;0
9.354;-23;0;0;0
9.359;-23;0;0;0
9.364;-23;0;0;0
9.369;-23;0;0;0
9.374;-23;0;0;0
9.379;-23;0;0;0
9.384;-23;0;0;0
9.389;-23;0;0;0
9.394;-23;0;0;0
9.399;-23;0;0;0
9.404;-23;0;0;0
9.409;-23;0;0;0
9.414;-23;0;0;0
9.419;-23;0;0;0
9.424;-23;0;0;0
9.429;-23;0;0;0
9.434;-23;0;0;0
9.439;-23;0;0;0
9.444;-23;0;0;0
9.449;-23;0;0;0
9.454;-23;0;0;0
9.459;-23;0;0;0
9.464;-23;0;0;0
9.469;-23;0;0;0
9.474;-23;0;0;0
9.479;-23;0;0;0
9.484;-23;0;0;0
9.489;-23;0;0;0
9.494;-23;0;0;0
9.499;-23;0;0;0
9.504;-23;0;0;0
9.509;-23;0;0;0
9.514;-23;0;0;0
9.519;-23;0;0;0
9.524;-23;0;0;0
9.529;-23;0;0;0
9.534;-23;0;0;0
9.539;-23;0;0;0
9.544;-23;0;0;0
9.549;-23;0;0;0
9.554;-23;0;0;0
9.559;-23;0;0;0
9.564;-23;0;0;0
9.569;-23;0;0;0
9.574;-23;0;0;0
9.579;-23;0;0;0
9.584;-23;0;0;0
9.589;-23;0;0;0
9.594;-23;0;0;0
9.599;-23;0;0;0
9.604;-23;0;0;0
9.609;-23;0;0;0
9.614;-23;0;0;0
9.619;-23;0;0;0
9.624;-23;0;0;0
9.629;-23;0;0;0
9.634;-23;0;0;0
9.639;-23;0;0;0
9.644;-23;0;0;0
9.649;-23;0;0;0
9.654;-23;0;0;0
9.659;-23;0;0;0
9.664;-23;0;0;0
9.669;-23;0;0;0
9.674;-23;0;0;0
9.679;-23;0;0;0
9.684;-23;0;0;0
9.689;-23;0;0;0
9.694;-23;0;0;0
9.699;-23;0;0;0
9.704;-23;0;0;0
9.709;-23;0;0;0
9.714;-23;0;0;0
9.719;-23;0;0;0
9.724;-23;0;0;0
9.729;-23;0;0;0
9.734;-23;0;0;0
9.739;-23;0;0;0
9.744;-23;0;0;0
9.749;-23;0;0;0
9.754;-23;0;0;0
9.759;-23;0;0;0
9.764;-23;0;0;0
9.769;-23;0;0;0
9.774;-23;0;0;0
9.779;-23;0;0;0
9.784;-23;0;0;0
9.789;-23;0;0;0
9.794;-23;0;0;0
9.799;-23;0;0;0
9.804;-23;0;0;0
9.809;-23;0;0;0
9.814;-23;0;0;0
9.819;-23;0;0;0
9.824;-23;0;0;0
9.829;-23;0;0;0
9.834;-23;0;0;0
9.839;-23;0;0;0
9.844;-23;0;0;0
9.849;-23;0;0;0
9.854;-23;0;0;0
9.859;-23;0;0;0
9.864;-23;0;0;0
9.869;-23;0;0;0
9.874;-23;0;0;0
9.879;-23;0;0;0
9.884;-23;0;0;0
9.889;-23;0;0;0
9.894;-23;0;0;0
9.899;-23;0;0;0
9.904;-23;0;0;0
9.909;-23;0;0;0
9.914;-23;0;0;0
9.919;-23;0;0;0
9.924;-23;0;0;0
9.929;-23;0;0;0
9.934;-23;0;0;0
9.939;-23;0;0;0
9.944;-23;0;0;0
9.949;-23;0;0;0
9.954;-23;0;0;0
9.959;-23;0;0;0
9.964;-23;0;0;0
9.969;-23;0;0;0
9.974;-23;0;0;0
9.979;-23;0;0;0
9.984;-23;0;0;0
9.989;-23;0;0;0
9.994;-23;0;0;0
9.999;-23;0;0;0
10.004;-23;0;0;0
10.009;-23;0;0;0
10.014;-23;0;0;0
10.019;-23;0;0;0
10.024;-23;0;0;0
10.029;-23;0;0;0
10.034;-23;0;0;0
10.039;-23;0;0;0
10.044;-23;0;0;0
10.049;-23;0;0;0
10.054;-23;0;0;0
10.059;-23;0;0;0
10.064;-23;0;0;0
10.069;-23;0;0;0
10.074;-23;0;0;0
10.079;-23;0;0;0
10.084;-23;0;0;0
10.089;-23;0;0;0
10.094;-23;0;0;0
10.099;-23;0;0;0
10.104;-23;0;0;0
10.109;-23;0;0;0
10.114;-23;0;0;0
10.119;-23;0;0;0
10.124;-23;0;0;0
10.129;-23;0;0;0
10.134;-23;0;0;0
10.139;-23;0;0;0
10.144;-23;0;0;0
10.149;-23;0;0;0
10.154;-23;0;0;0
10.159;-23;0;0;0
10.164;-23;0;0;0
10.169;-23;0;0;0
10.174;-23;0;0;0
10.179;-23;0;0;0
10.184;-23;0;0;0
10.189;-23;0;0;0
10.194;-23;0;0;0
10.199;-23;0;0;0
10.204;-23;0;0;0
10.209;-23;0;0;0
10.214;-23;0;0;0
10.219;-23;0;0;0
10.224;-23;0;0;0
10.229;-23;0;0;0
10.234;-23;0;0;0
10.239;-23;0;0;0
10.244;-23;0;0;0
10.249;-23;0;0;0
10.254;-23;0;0;0
10.259;-23;0;0;0
10.264;-23;0;0;0
10.269;-23;0;0;0
10.274;-23;0;0;0
10.279;-23;0;0;0
10.284;-23;0;0;0
10.289;-23;0;0;0
10.294;-23;0;0;0
10.299;-23;0;0;0
10.304;-23;0;0;0
10.309;-23;0;0;0
10.314;-23;0;0;0
10.319;-23;0;0;0
10.324;-23;0;0;0
10.329;-23;0;0;0
10.334;-23;0;0;0
10.339;-23;0;0;0
10.344;-23;0;0;0
10.349;-23;0;0;0
10.354;-23;0;0;0
10.359;-23;0;0;0
10.364;-23;0;0;0
10.369;-23;0;0;0
10.374;-23;0;0;0
10.379;-23;0;0;0
10.384;-23;0;0;0
10.389;-23;0;0;0
10.394;-23;0;0;0
10.399;-23;0;0;0
10.404;-23;0;0;0
10.409;-23;0;0;0
10.414;-23;0;0;0
10.419;-23;0;0;0
10.424;-23;0;0;0
10.429;-23;0;0;0
10.434;-23;0;0;0
10.439;-23;0;0;0
10.444;-23;0;0;0
10.449;-23;0;0;0
10.454;-23;0;0;0
10.459;-23;0;0;0
10.464;-23;0;0;0
10.469;-23;0;0;0
10.474;-23;0;0;0
10.479;-23;0;0;0
10.484;-23;0;0;0
10.489;-23;0;0;0
10.494;-23;0;0;0
10.499;-23;0;0;0
10.504;-23;0;0;0
10.509;-23;0;0;0
10.514;-23;0;0;0
10.519;-23;0;0;0
10.524;-23;0;0;0
10.529;-23;0;0;0
10.534;-23;0;0;0
10.539;-23;0;0;0
10.544;-23;0;0;0
10.549;-23;0;0;0
10.554;-23;0;0;0
10.559;-23;0;0;0
10.564;-23;0;0;0
10.569;-23;0;0;0
10.574;-23;0;0;0
10.579;-23;0;0;0
10.584;-23;0;0;0
10.589;-23;0;0;0
10.594;-23;0;0;0
10.599;-23;0;0;0
10.604;-23;0;0;0
10.609;-23;0;0;0
10.614;-23;0;0;0
10.619;-23;0;0;0
10.624;-23;0;0;0
10.629;-23;0;0;0
10.634;-23;0;0;0
10.639;-23;0;0;0
10.644;-23;0;0;0
10.649;-23;0;0;0
10.654;-23;0;0;0
10.659;-23;0;0;0
10.664;-23;0;0;0
10.669;-23;0;0;0
10.674;-23;0;0;0
10.679;-23;0;0;0
10.684;-23;0;0;0
10.689;-23;0;0;0
10.694;-23;0;0;0
10.699;-23;0;0;0
10.704;-23;0;0;0
10.709;-23;0;0;0
10.714;-23;0;0;0
10.719;-23;0;0;0
10.724;-23;0;0;0
10.729;-23;0;0;0
10.734;-23;0;0;0
10.739;-23;0;0;0
10.744;-23;0;0;0
10.749;-23;0;0;0
10.754;-23;0;0;0
10.759;-23;0;0;0
10.764;-23;0;0;0
10.769;-23;0;0;0
10.774;-23;0;0;0
10.779;-23;0;0;0
10.784;-23;0;0;0
10.789;-23;0;0;0
10.794;-23;0;0;0
10.799;-23;0;0;0
10.804;-23;0;0;0
10.809;-23;0;0;0
10.814;-23;0;0;0
10.819;-23;0;0;0
10.824;-23;0;0;0
10.829;-23;0;0;0
10.834;-23;0;0;0
10.839;-23;0;0;0
10.844;-23;0;0;0
10.849;-23;0;0;0
10.854;-23;0;0;0
10.859;-23;0;0;0
10.864;-23;0;0;0
10.869;-23;0;0;0
10.874;-23;0;0;0
10.879;-23;0;0;0
10.884;-23;0;0;0
10.889;-23;0;0;0
10.894;-23;0;0;0
10.899;-23;0;0;0
10.904;-23;0;0;0
10.909;-23;0;0;0
10.914;-23;0;0;0
10.919;-23;0;0;0
10.924;-23;0;0;0
10.929;-23;0;0;0
10.934;-23;0;0;0
10.939;-23;0;0;0
10.944;-23;0;0;0
10.949;-23;0;0;0
10.954;-23;0;0;0
10.959;-23;0;0;0
10.964;-23;0;0;0
10.969;-23;0;0;0
10.974;-23;0;0;0
10.979;-23;0;0;0
10.984;-23;0;0;0
10.989;-23;0;0;0
10.994;-23;0;0;0
10.999;-23;0;0;0
11.004;-23;0;0;0
11.009;-23;0;0;0
11.014;-23;0;0;0
11.019;-23;0;0;0
11.024;-23;0;0;0
11.029;-23;0;0;0
11.034;-23;0;0;0
11.039;-23;0;0;0
11.044;-23;0;0;0
11.049;-23;0;0;0
11.054;-23;0;0;0
11.059;-23;0;0;0
11.064;-23;0;0;0
11.069;-23;0;0;0
11.074;-23;0;0;0
11.079;-23;0;0;0
11.084;-23;0;0;0
11.089;-23;0;0;0
11.094;-23;0;0;0
11.099;-23;0;0;0
11.104;-23;0;0;0
11.109;-23;0;0;0
11.114;-23;0;0;0
11.119;-23;0;0;0
11.124;-23;0;0;0
11.129;-23;0;0;0
11.134;-23;0;0;0
11.139;-23;0;0;0
11.144;-23;0;0;0
11.149;-23;0;0;0
11.154;-23;0;0;0
11.159;-23;0;0;0
11.164;-23;0;0;0
11.169;-23;0;0;0
11.174;-23;0;0;0
11.179;-23;0;0;0
11.184;-23;0;0;0
11.189;-23;0;0;0
11.194;-23;0;0;0
11.199;-23;0;0;0
11.204;-23;0;0;0
11.209;-23;0;0;0
11.214;-23;0;0;0
11.219;-23;0;0;0
11.224;-23;0;0;0
11.229;-23;0;0;0
11.234;-23;0;0;0
11.239;-23;0;0;0
11.244;-23;0;0;0
11.249;-23;0;0;0
11.254;-23;0;0;0
11.259;-23;0;0;0
11.264;-23;0;0;0
11.269;-23;0;0;0
11.274;-23;0;0;0
11.279;-23;0;0;0
11.284;-23;0;0;0
11.289;-23;0;0;0
11.294;-23;0;0;0
11.299;-23;0;0;0
11.304;-23;0;0;0
11.309;-23;0;0;0
11.314;-23;0;0;0
11.319;-23;0;0;0
11.324;-23;0;0;0
11.329;-23;0;0;0
11.334;-23;0;0;0
11.339;-23;0;0;0
11.344;-23;0;0;0
11.349;-23;0;0;0
11.354;-23;0;0;0
11.359;-23;0;0;0
11.364;-23;0;0;0
11.369;-23;0;0;0
11.374;-23;0;0;0
11.379;-23;0;0;0
11.384;-23;0;0;0
11.389;-23;0;0;0
11.394;-23;0;0;0
11.399;-23;0;0;0
11.404;-23;0;0;0
11.409;-23;0;0;0
11.414;-23;0;0;0
11.419;-23;0;0;0
11.424;-23;0;0;0
11.429;-23;0;0;0
11.434;-23;0;0;0
11.439;-23;0;0;0
11.444;-23;0;0;0
11.449;-23;0;0;0
11.454;-23;0;0;0
11.459;-23;0;0;0
11.464;-23;0;0;0
11.469;-23;0;0;0
11.474;-23;0;0;0
11.479;-23;0;0;0
11.484;-23;0;0;0
11.489;-23;0;0;0
11.494;-23;0;0;0
11.499;-23;0;0;0
11.504;-23;0;0;0
11.509;-23;0;0;0
11.514;-23;0;0;0
11.519;-23;0;0;0
11.524;-23;0;0;0
11.529;-23;0;0;0
11.534;-23;0;0;0
11.539;-23;0;0;0
11.544;-23;0;0;0
11.549;-23;0;0;0
11.554;-23;0;0;0
11.559;-23;0;0;0
11.564;-23;0;0;0
11.569;-23;0;0;0
11.574;-23;0;0;0
11.579;-23;0;0;0
11.584;-23;0;0;0
11.589;-23;0;0;0
11.594;-23;0;0;0
11.599;-23;0;0;0
11.604;-23;0;0;0
11.609;-23;0;0;0
11.614;-23;0;0;0
11.619;-23;0;0;0
11.624;-23;0;0;0
11.629;-23;0;0;0
11.634;-23;0;0;0
11.639;-23;0;0;0
11.644;-23;0;0;0
11.649;-23;0;0;0
11.654;-23;0;0;0
11.659;-23;0;0;0
11.664;-23;0;0;0
11.669;-23;0;0;0
11.674;-23;0;0;0
11.679;-23;0;0;0
11.684;-23;0;0;0
11.689;-23;0;0;0
11.694;-23;0;0;0
11.699;-23;0;0;0
11.704;-23;0;0;0
11.709;-23;0;0;0
11.714;-23;0;0;0
11.719;-23;0;0;0
11.724;-23;0;0;0
11.729;-23;0;0;0
11.734;-23;0;0;0
11.739;-23;0;0;0
11.744;-23;0;0;0
11.749;-23;0;0;0
11.754;-23;0;0;0
11.759;-23;0;0;0
11.764;-23;0;0;0
11.769;-23;0;0;0
11.774;-23;0;0;0
11.779;-23;0;0;0
11.784;-23;0;0;0
11.789;-23;0;0;0
11.794;-23;0;0;0
11.799;-23;0;0;0
11.804;-23;0;0;0
11.809;-23;0;0;0
11.814;-23;0;0;0
11.819;-23;0;0;0
11.824;-23;0;0;0
11.829;-23;0;0;0
11.834;-23;0;0;0
11.839;-23;0;0;0
11.844;-23;0;0;0
11.849;-23;0;0;0
11.854;-23;0;0;0
11.859;-23;0;0;0
11.864;-23;0;0;0
11.869;-23;0;0;0
11.874;-23;0;0;0
11.879;-23;0;0;0
11.884;-23;0;0;0
11.889;-23;0;0;0
11.894;-23;0;0;0
11.899;-23;0;0;0
11.904;-23;0;0;0
11.909;-23;0;0;0
11.914;-23;0;0;0
11.919;-23;0;0;0
11.924;-23;0;0;0
11.929;-23;0;0;0
11.934;-23;0;0;0
11.939;-23;0;0;0
11.944;-23;0;0;0
11.949;-23;0;0;0
11.954;-23;0;0;0
11.959;-23;0;0;0
11.964;-23;0;0;0
11.969;-23;0;0;0
11.974;-23;0;0;0
11.979;-23;0;0;0
11.984;-23;0;0;0
11.989;-23;0;0;0
11.994;-23;0;0;0
11.999;-23;0;0;0
12.004;-23;0;0;0
12.009;-23;0;0;0
12.014;-23;0;0;0
12.019;-23;0;0;0
12.024;-23;0;0;0
12.029;-23;0;0;0
12.034;-23;0;0;0
12.039;-23;0;0;0
12.044;-23;0;0;0
12.049;-23;0;0;0
12.054;-23;0;0;0
12.059;-23;0;0;0
12.064;-23;0;0;0
12.069;-23;0;0;0
12.074;-23;0;0;0
12.079;-23;0;0;0
12.084;-23;0;0;0
12.089;-23;0;0;0
12.094;-23;0;0;0
12.099;-23;0;0;0
12.104;-23;0;0;0
12.109;-23;0;0;0
12.114;-23;0;0;0
12.119;-23;0;0;0
12.124;-23;0;0;0
12.129;-23;0;0;0
12.134;-23;0;0;0
12.139;-23;0;0;0
12.144;-23;0;0;0
12.149;-23;0;0;0
12.154;-23;0;0;0
12.159;-23;0;0;0
12.164;-23;0;0;0
12.169;-23;0;0;0
12.174;-23;0;0;0
12.179;-23;0;0;0
12.184;-23;0;0;0
12.189;-23;0;0;0
12.194;-23;0;0;0
12.199;-23;0;0;0
12.204;-23;0;0;0
12.209;-23;0;0;0
12.214;-23;0;0;0
12.219;-23;0;0;0
12.224;-23;0;0;0
12.229;-23;0;0;0
12.234;-23;0;0;0
12.239;-23;0;0;0
12.244;-23;0;0;0
12.249;-23;0;0;0
12.254;-23;0;0;0
12.259;-23;0;0;0
12.264;-23;0;0;0
12.269;-23;0;0;0
12.274;-23;0;0;0
12.279;-23;0;0;0
12.284;-23;0;0;0
12.289;-23;0;0;0
12.294;-23;0;0;0
12.299;-23;0;0;0
12.304;-23;0;0;0
12.309;-23;0;0;0
12.314;-23;0;0;0
12.319;-23;0;0;0
12.324;-23;0;0;0
12.329;-23;0;0;0
12.334;-23;0;0;0
12.339;-23;0;0;0
12.344;-23;0;0;0
12.349;-23;0;0;0
12.354;-23;0;0;0
12.359;-23;0;0;0
12.364;-23;0;0;0
12.369;-23;0;0;0
12.374;-23;0;0;0
12.379;-23;0;0;0
12.384;-23;0;0;0
12.389;-23;0;0;0
12.394;-23;0;0;0
12.399;-23;0;0;0
12.404;-23;0;0;0
12.409;-23;0;0;0
12.414;-23;0;0;0
12.419;-23;0;0;0
12.424;-23;0;0;0
12.429;-23;0;0;0
12.434;-23;0;0;0
12.439;-23;0;0;0
12.444;-23;0;0;0
12.449;-23;0;0;0
12.454;-23;0;0;0
12.459;-23;0;0;0
12.464;-23;0;0;0
12.469;-23;0;0;0
12.474;-23;0;0;0
12.479;-23;0;0;0
12.484;-23;0;0;0
12.489;-23;0;0;0
12.494;-23;0;0;0
12.499;-23;0;0;0
12.504;-23;0;0;0
12.509;-23;0;0;0
12.514;-23;0;0;0
12.519;-23;0;0;0
12.524;-23;0;0;0
12.529;-23;0;0;0
12.534;-23;0;0;0
12.539;-23;0;0;0
12.544;-23;0;0;0
12.549;-23;0;0;0
12.554;-23;0;0;0
12.559;-23;0;0;0
12.564;-23;0;0;0
12.569;-23;0;0;0
12.574;-23;0;0;0
12.579;-23;0;0;0
12.584;-23;0;0;0
12.589;-23;0;0;0
12.594;-23;0;0;0
12.599;-23;0;0;0
12.604;-23;0;0;0
12.609;-23;0;0;0
12.614;-23;0;0;0
12.619;-23;0;0;0
12.624;-23;0;0;0
12.629;-23;0;0;0
12.634;-23;0;0;0
12.639;-23;0;0;0
12.644;-23;0;0;0
12.649;-23;0;0;0
12.654;-23;0;0;0
12.659;-23;0;0;0
12.664;-23;0;0;0
12.669;-23;0;0;0
12.674;-23;0;0;0
12.679;-23;0;0;0
12.684;-23;0;0;0
12.689;-23;0;0;0
12.694;-23;0;0;0
12.699;-23;0;0;0
12.704;-23;0;0;0
12.709;-23;0;0;0
12.714;-23;0;0;0
12.719;-23;0;0;0
12.724;-23;0;0;0
12.729;-23;0;0;0
12.734;-23;0;0;0
12.739;-23;0;0;0
12.744;-23;0;0;0
12.749;-23;0;0;0
12.754;-23;0;0;0
12.759;-23;0;0;0
12.764;-23;0;0;0
12.769;-23;0;0;0
12.774;-23;0;0;0
12.779;-23;0;0;0
12.784;-23;0;0;0
12.789;-23;0;0;0
12.794;-23;0;0;0
12.799;-23;0;0;0
12.804;-23;0;0;0
12.809;-23;0;0;0
12.814;-23;0;0;0
12.819;-23;0;0;0
12.824;-23;0;0;0
12.829;-23;0;0;0
12.834;-23;0;0;0
12.839;-23;0;0;0
12.844;-23;0;0;0
12.849;-23;0;0;0
12.854;-23;0;0;0
12.859;-23;0;0;0
12.864;-23;0;0;0
12.869;-23;0;0;0
12.874;-23;0;0;0
12.879;-23;0;0;0
12.884;-23;0;0;0
12.889;-23;0;0;0
12.894;-23;0;0;0
12.899;-23;0;0;0
12.904;-23;0;0;0
12.909;-23;0;0;0
12.914;-23;0;0;0
12.919;-23;0;0;0
12.924;-23;0;0;0
12.929;-23;0;0;0
12.934;-23;0;0;0
12.939;-23;0;0;0
12.944;-23;0;0;0
12.949;-23;0;0;0
12.954;-23;0;0;0
12.959;-23;0;0;0
12.964;-23;0;0;0
12.969;-23;0;0;0
12.974;-23;0;0;0
12.979;-23;0;0;0
12.984;-23;0;0;0
12.989;-23;0;0;0
12.994;-23;0;0;0
12.999;-23;0;0;0
13.004;-23;0;0;0
13.009;-23;0;0;0
13.014;-23;0;0;0
13.019;-23;0;0;0
13.024;-23;0;0;0
13.029;-23;0;0;0
13.034;-23;0;0;0
13.039;-15;0;0;0
13.044;-15;0;0;0
13.049;-15;0;0;0
13.054;-15;0;0;0
13.059;-15;0;0;0
13.064;-15;0;0;0
13.069;-15;0;0;0
13.074;-15;0;0;0
13.079;-15;0;0;0
13.084;-15;0;0;0
13.089;-15;0;0;0
13.094;-15;0;0;0
13.099;-15;0;0;0
13.104;-23;0;0;0
13.109;-23;0;0;0
13.114;-23;0;0;0
13.119;-23;0;0;0
13.124;-23;0;0;0
13.129;-23;0;0;0
13.134;-31;0;0;0
13.139;-31;0;0;0
13.144;-31;0;0;0
13.149;-31;0;0;0
13.154;-31;0;0;0
13.159;-31;0;0;0
13.164;-31;0;0;0
13.169;-31;0;0;0
13.174;-31;0;0;0
13.179;-31;0;0;0
13.184;-31;0;0;0
13.189;-31;0;0;0
13.194;-31;0;0;0
13.199;-31;0;0;0
13.204;-31;0;0;0
13.209;-31;0;0;0
13.214;-31;0;0;0
13.219;-31;0;0;0
13.224;-31;0;0;0
13.229;-31;0;0;0
13.234;-31;0;0;0
13.239;-31;0;0;0
13.244;-31;0;0;0
13.249;-31;0;0;0
13.254;-31;0;0;0
13.259;-31;0;0;0
13.264;-31;0;0;0
13.269;-31;0;0;0
13.274;-23;0;0;0
13.279;-23;0;0;0
13.284;-23;0;0;0
13.289;-23;0;0;0
13.294;-23;0;0;0
13.299;-23;0;0;0
13.304;-23;0;0;0
13.309;-23;0;0;0
13.314;-23;0;0;0
13.319;-23;0;0;0
13.324;-23;0;0;0
13.329;-23;0;0;0
13.334;-23;0;0;0
13.339;-15;0;0;0
13.344;-15;0;0;0
13.349;-15;0;0;0
13.354;-15;0;0;0
13.359;-15;0;0;0
13.364;-15;0;0;0
13.369;-15;0;0;0
13.374;-15;0;0;0
13.379;-15;0;0;0
13.384;-15;0;0;0
13.389;-15;0;0;0
13.394;-15;0;0;0
13.399;-15;0;0;0
13.404;-15;0;0;0
13.409;-15;0;0;0
13.414;-15;0;0;0
13.419;-15;0;0;0
13.424;-15;0;0;0
13.429;-15;0;0;0
13.434;-15;0;0;0
13.439;-15;0;0;0
13.444;-15;0;0;0
13.449;-15;0;0;0
13.454;-15;0;0;0
13.459;-15;0;0;0
13.464;-15;0;0;0
13.469;-15;0;0;0
13.474;-15;0;0;0
13.479;-15;0;0;0
13.484;-15;0;0;0
13.489;-15;0;0;0
13.494;-15;0;0;0
13.499;-15;0;0;0
13.504;-15;0;0;0
13.509;-15;0;0;0
13.514;-15;0;0;0
13.519;-15;0;0;0
13.524;-15;0;0;0
13.529;-15;0;0;0
13.534;-15;0;0;0
13.539;-15;0;0;0
13.544;-15;0;0;0
13.549;-15;0;0;0
13.554;-15;0;0;0
13.559;-15;0;0;0
13.564;-15;0;0;0
13.569;-15;0;0;0
13.574;-15;0;0;0
13.579;-15;0;0;0
13.584;-15;0;0;0
13.589;-15;0;0;0
13.594;-15;0;0;0
13.599;-15;0;0;0
13.604;-15;0;0;0
13.609;-15;0;0;0
13.614;-15;0;0;0
13.619;-15;0;0;0
13.624;-15;0;0;0
13.629;-15;0;0;0
13.634;-15;0;0;0
13.639;-15;0;0;0
13.644;-15;0;0;0
13.649;-15;0;0;0
13.654;-15;0;0;0
13.659;-15;0;0;0
13.664;-15;0;0;0
13.669;-15;0;0;0
13.674;-15;0;0;0
13.679;-15;0;0;0
13.684;-15;0;0;0
13.689;-15;0;0;0
13.694;-15;0;0;0
13.699;-15;0;0;0
13.704;-15;0;0;0
13.709;-15;0;0;0
13.714;-15;0;0;0
13.719;-15;0;0;0
13.724;-15;0;0;0
13.729;-15;0;0;0
13.734;-15;0;0;0
13.739;-15;0;0;0
13.744;-15;0;0;0
13.749;-15;0;0;0
13.754;-15;0;0;0
13.759;-15;0;0;0
13.764;-15;0;0;0
13.769;-15;0;0;0
13.774;-15;0;0;0
13.779;-15;0;0;0
13.784;-15;0;0;0
13.789;-15;0;0;0
13.794;-15;0;0;0
13.799;-15;0;0;0
13.804;-15;0;0;0
13.809;-15;0;0;0
13.814;-15;0;0;0
13.819;-15;0;0;0
13.824;-15;0;0;0
13.829;-15;0;0;0
13.834;-15;0;0;0
13.839;-15;0;0;0
13.844;-15;0;0;0
13.849;-15;0;0;0
13.854;-15;0;0;0
13.859;-15;0;0;0
13.864;-15;0;0;0
13.869;-15;0;0;0
13.874;-15;0;0;0
13.879;-15;0;0;0
13.884;-15;0;0;0
13.889;-15;0;0;0
13.894;-15;0;0;0
13.899;-15;0;0;0
13.904;-15;0;0;0
13.909;-15;0;0;0
13.914;-15;0;0;0
13.919;-15;0;0;0
13.924;-15;0;0;0
13.929;-15;0;0;0
13.934;-15;0;0;0
13.939;-15;0;0;0
13.944;-15;0;0;0
13.949;-15;0;0;0
13.954;-15;0;0;0
13.959;-15;0;0;0
13.964;-15;0;0;0
13.969;-15;0;0;0
13.974;-15;0;0;0
13.979;-15;0;0;0
13.984;-15;0;0;0
13.989;-15;0;0;0
13.994;-15;0;0;0
13.999;-15;0;0;0
14.004;-15;0;0;0
14.009;-15;0;0;0
14.014;-15;0;0;0
14.019;-15;0;0;0
14.024;-15;0;0;0
14.029;-15;0;0;0
14.034;-15;0;0;0
14.039;-15;0;0;0
14.044;-15;0;0;0
14.049;-15;0;0;0
14.054;-15;0;0;0
14.059;-15;0;0;0
14.064;-15;0;0;0
14.069;-15;0;0;0
14.074;-15;0;0;0
14.079;-15;0;0;0
14.084;-15;0;0;0
14.089;-15;0;0;0
14.094;-15;0;0;0
14.099;-15;0;0;0
14.104;-15;0;0;0
14.109;-15;0;0;0
14.114;-15;0;0;0
14.119;-15;0;0;0
14.124;-15;0;0;0
14.129;-15;0;0;0
14.134;-15;0;0;0
14.139;-15;0;0;0
14.144;-15;0;0;0
14.149;-15;0;0;0
14.154;-15;0;0;0
14.159;-15;0;0;0
14.164;-15;0;0;0
14.169;-15;0;0;0
14.174;-15;0;0;0
14.179;-15;0;0;0
14.184;-15;0;0;0
14.189;-15;0;0;0
14.194;-15;0;0;0
14.199;-15;0;0;0
14.204;-15;0;0;0
14.209;-15;0;0;0
14.214;-15;0;0;0
14.219;-15;0;0;0
14.224;-15;0;0;0
14.229;-15;0;0;0
14.234;-15;0;0;0
14.239;-15;0;0;0
14.244;-15;0;0;0
14.249;-15;0;0;0
14.254;-15;0;0;0
14.259;-15;0;0;0
14.264;-15;0;0;0
14.269;-15;0;0;0
14.274;-15;0;0;0
14.279;-15;0;0;0
14.284;-15;0;0;0
14.289;-15;0;0;0
14.294;-15;0;0;0
14.299;-15;0;0;0
14.304;-15;0;0;0
14.309;-15;0;0;0
14.314;-15;0;0;0
14.319;-15;0;0;0
14.324;-15;0;0;0