t;e;d;i;set

1.019;0;2.908667830133799;0;0
1.024;0;2.5393600812595225;0;0
1.029;0;2.253267237494367;0;0
1.034;0;2.025111381125962;0;0
1.039;0;1.8389113644722324;0;0
1.044;0;1.6840687100033682;0;0
1.049;0;1.5532774153463809;0;0
1.054;0;1.4413375612568464;0;0
1.059;0;1.3444474321054047;0;0
1.064;0;1.2597631645250693;0;0
1.069;0;1.1851149561507466;0;0
1.074;0;1.1188185276348177;0;0
1.079;0;1.0595465140919686;0;0
1.084;0;1.0062386798148522;0;0
1.089;0;0.9580379383023567;0;0
1.094;0;0.9142439202779301;0;0
1.099;0;0.8742787200559539;0;0
1.104;0;0.8376612497905846;0;0
1.109;0;0.8039877793857534;0;0
1.114;0;0.7729169887154119;0;0
1.119;0;0.744158356898348;0;0
1.124;0;0.7174630506528914;0;0
1.129;0;0.6926167059149466;0;0
1.134;0;0.6694336591243808;0;0
1.139;0;0.6477522995206633;0;0
1.144;0;0.627431296273058;0;0
1.149;0;-2.2665457842248413;0;0
1.154;0;-0.6317917614354309;0;0
1.159;0;-0.6524008350730689;0;0
1.164;0;-0.674399784192069;0;0
1.169;0;-0.6979341150195422;0;0
1.174;0;-0.7231703789412786;0;0
1.179;0;-0.7503001200480192;0;0
1.184;0;-0.7795447458684128;0;0
1.189;0;-0.8111615833874107;0;0
1.194;0;-0.8454514710855597;0;0
1.199;0;-0.882768361581921;0;0
1.204;0;-0.9235315847801995;0;0
1.209;0;-0.9682416731216111;0;0
1.214;0;-1.0175010175010175;0;0
1.219;0;-1.072041166380789;0;0
1.224;0;-1.1327594019030358;0;0
1.229;0;-1.2007684918347743;0;0
1.234;0;-1.2774655084312723;0;0
1.239;0;-1.3646288209606987;0;0
1.244;0;-1.4645577035735209;0;0
1.249;0;-1.5802781289506953;0;0
1.254;0;-1.7158544955387782;0;0
1.259;0;-1.8768768768768769;0;0
1.264;0;-2.071251035625518;0;0
1.269;0;-2.310536044362292;0;0
1.274;0;-2.6123301985370952;0;0
1.279;0;-3.0048076923076925;0;0
1.284;0;-3.536067892503536;0;0
1.289;0;-4.29553264604811;0;0
1.294;0;-5.470459518599562;0;0
1.299;0;-7.530120481927711;0;0
1.304;0;-12.077294685990339;0;0
1.309;0;-30.48780487804878;0;0
1.314;0;58.8235294117647;0;0
1.319;0;14.245014245014245;0;0
1.324;0;8.547008547008547;0;0
1.329;0;5.875440658049354;0;0
1.334;0;4.541326067211626;0;0
1.339;0;3.745318352059925;0;0
1.344;0;3.1545741324921135;0;0
1.349;0;2.7247956403269753;0;0
1.354;0;2.3980815347721824;0;0
1.359;0;2.1413276231263385;0;0
1.364;0;1.9342359767891684;0;0
1.369;0;1.763668430335097;0;0
1.374;0;1.6207455429497568;0;0
1.379;0;1.4992503748125936;0;0
1.384;0;1.394700139470014;0;0
1.389;0;1.303780964797914;0;0
1.394;0;1.2239902080783354;0;0
1.399;0;1.1534025374855825;0;0
1.404;0;1.0905125408942202;0;0
1.409;0;1.0341261633919339;0;0
1.414;0;0.983284169124877;0;0
1.419;0;0.9372071227741331;0;0
1.424;0;0.8952551477170994;0;0
1.429;0;0.856898029134533;0;0
1.434;0;0.8216926869350862;0;0
1.439;0;0.7892659826361483;0;0
1.444;0;0.7593014426727411;0;0
1.449;0;0.731528895391368;0;0
1.454;0;0.7057163020465773;0;0
1.459;0;0.6816632583503749;0;0
1.464;0;0.6591957811470006;0;0
1.469;0;0.6381620931716656;0;0
1.474;0;0.9792401096748923;0;0
1.479;0;-0.9863878477017163;0;0
1.484;0;-0.6411900487304437;0;0
1.489;0;-0.6624271330153683;0;0
1.494;0;-0.6851192107426692;0;0
1.499;0;-0.7094211123723042;0;0
1.504;0;-0.7355104442483084;0;0
1.509;0;-0.7635919364691509;0;0
1.514;0;-0.7939028262940616;0;0
1.519;0;-0.8267195767195767;0;0
1.524;0;-0.8623663332183512;0;0
1.529;0;-0.9012256669069935;0;0
1.534;0;-0.9437523593808984;0;0
1.539;0;-0.9904912836767037;0;0
1.544;0;-1.0421008753647354;0;0
1.549;0;-1.0993843447669305;0;0
1.554;0;-1.1633317822242903;0;0
1.559;0;-1.2351778656126482;0;0
1.564;0;-1.3164823591363877;0;0
1.569;0;-1.4092446448703495;0;0
1.574;0;-1.5160703456640388;0;0
1.579;0;-1.6404199475065617;0;0
1.584;0;-1.7869907076483202;0;0
1.589;0;-1.9623233908948194;0;0
1.594;0;-2.175805047867711;0;0
1.599;0;-2.44140625;0;0
1.604;0;-2.7808676307007785;0;0
1.609;0;-3.2299741602067185;0;0
1.614;0;-3.852080123266564;0;0
1.619;0;-4.770992366412214;0;0
1.624;0;-6.265664160401003;0;0
1.629;0;-9.124087591240876;0;0
1.634;0;-16.778523489932887;0;0
1.639;0;-104.16666666666667;0;0
1.644;0;23.04147465437788;0;0
1.649;0;11.086474501108647;0;0
1.654;0;6.97350069735007;0;0
1.659;0;5.170630816959669;0;0
1.664;0;4.108463434675431;0;0
1.669;0;3.4458993797381114;0;0
1.674;0;2.9394473838918285;0;0
1.679;0;2.5627883136852896;0;0
1.684;0;2.271694684234439;0;0
1.689;0;2.039983680130559;0;0
1.694;7;-0.6471654154801968;0;0
1.699;7;-0.37230081906180196;0;0
1.704;23;-1.2623074981065388;0;0
1.709;31;-1.7780938833570412;0;0
1.714;39;-7.299270072992701;0;0
1.719;54;11.574074074074074;0;0
1.724;70;10.526315789473685;0;0
1.729;78;10.822510822510823;0;0
1.734;94;10.060362173038229;0;0
1.739;109;10.395010395010395;0;0
1.744;125;14.005602240896359;0;0
1.749;133;13.157894736842104;0;0
1.754;148;10.37344398340249;0;0
1.759;164;12.048192771084338;0;0
1.764;179;12.376237623762377;0;0
1.769;202;12.254901960784315;0;0
1.774;225;17.301038062283737;0;0
1.779;248;18.45018450184502;0;0
1.784;278;18.65671641791045;0;0
1.789;309;24.03846153846154;0;0
1.794;338;22.22222222222222;0;0
1.799;375;22.52252252252252;0;0
1.804;404;25.12562814070352;0;0
1.809;432;26.881720430107528;0;0
1.814;474;26.737967914438503;0;0
1.819;509;29.585798816568047;0;0
1.824;535;24.752475247524753;0;0
1.829;562;21.92982456140351;0;0
1.834;594;22.727272727272727;0;0
1.839;619;24.752475247524753;0;0
1.844;643;23.364485981308412;0;0
1.849;661;20.408163265306122;0;0
1.854;684;18.726591760299627;0;0
1.859;701;22.123893805309734;0;0
1.864;712;19.37984496124031;0;0
1.869;734;15.92356687898089;0;0
1.874;744;15.97444089456869;0;0
1.879;755;15.015015015015015;0;0
1.884;765;13.26259946949602;0;0
1.889;775;13.368983957219251;0;0
1.894;785;11.764705882352942;0;0
1.899;794;11.46788990825688;0;0
1.904;804;10.526315789473685;0;0
1.909;809;10.16260162601626;0;0
1.914;818;11.086474501108647;0;0
1.919;831;12.88659793814433;0;0
1.924;844;15.015015015015015;0;0
1.929;856;15.290519877675841;0;0
1.934;864;17.36111111111111;0;0
1.939;880;17.857142857142858;0;0
1.944;891;18.45018450184502;0;0
1.949;901;18.050541516245488;0;0
1.954;908;17.24137931034483;0;0
1.959;920;16.556291390728475;0;0
1.964;929;16.722408026755854;0;0
1.969;935;16.949152542372882;0;0
1.974;943;15.19756838905775;0;0
1.979;948;13.368983957219251;0;0
1.984;953;13.333333333333334;0;0
1.989;958;13.850415512465373;0;0
1.994;962;13.089005235602095;0;0
1.999;966;11.904761904761905;0;0
2.004;970;10.70663811563169;0;0
2.009;970;10.121457489878543;0;0
2.014;972;8.077544426494345;0;0
2.019;974;6.693440428380187;0;0
2.024;974;5.399568034557236;0;0
2.029;975;4.616805170821792;0;0
2.034;977;6.067961165048544;0;0
2.039;979;7.352941176470588;0;0
2.044;980;6.887052341597796;0;0
2.049;982;6.6401062416998675;0;0
2.054;983;6.954102920723226;0;0
2.059;985;6.25;0;0
2.064;985;5.482456140350878;0;0
2.069;983;9.523809523809524;0;0
2.074;982;-5.274261603375527;0;0
2.079;979;-4.440497335701599;0;0
2.084;975;-8.561643835616438;0;0
2.089;970;-13.123359580052494;0;0
2.094;962;-17.6678445229682;0;0
2.099;953;-21.92982456140351;0;0
2.104;943;-24.50980392156863;0;0
2.109;926;-27.624309392265193;0;0
2.114;908;-30.48780487804878;0;0
2.119;887;-31.446540880503143;0;0
2.124;864;-34.96503496503497;0;0
2.129;831;-38.46153846153846;0;0
2.134;794;-40.32258064516129;0;0
2.139;755;-41.32231404958678;0;0
2.144;712;-43.47826086956522;0;0
2.149;655;-47.16981132075472;0;0
2.154;600;-46.2962962962963;0;0
2.159;542;-49.01960784313726;0;0
2.164;460;-53.763440860215056;0;0
2.169;389;-55.55555555555556;0;0
2.174;316;-56.17977528089887;0;0
2.179;233;-53.191489361702125;0;0
2.184;148;-53.763440860215056;0;0
2.189;62;-55.55555555555556;0;0
2.194;-23;-56.81818181818182;0;0
2.199;-117;-56.81818181818182;0;0
2.204;-195;-55.55555555555556;0;0
2.209;-278;-54.34782608695652;0;0
2.214;-353;-51.02040816326531;0;0
2.219;-425;-50.505050505050505;0;0
2.224;-495;-49.504950495049506;0;0
2.229;-555;-51.02040816326531;0;0
2.234;-619;-49.01960784313726;0;0
2.239;-673;-46.728971962616825;0;0
2.244;-723;-47.16981132075472;0;0
2.249;-765;-46.728971962616825;0;0
2.254;-804;-42.016806722689076;0;0
2.259;-835;-37.3134328358209;0;0
2.264;-864;-37.59398496240601;0;0
2.269;-887;-35.714285714285715;0;0
2.274;-904;-31.25;0;0
2.279;-920;-29.940119760479043;0;0
2.284;-935;-25.252525252525253;0;0
2.289;-943;-21.551724137931036;0;0
2.294;-953;-20.92050209205021;0;0
2.299;-958;-23.04147465437788;0;0
2.304;-962;-15.015015015015015;0;0
2.309;-966;-12.468827930174564;0;0
2.314;-966;-10.309278350515465;0;0
2.319;-968;-7.374631268436578;0;0
2.324;-966;-18.939393939393938;0;0
2.329;-966;6.0606060606060606;0;0
2.334;-962;4.45632798573975;0;0
2.339;-958;5.555555555555555;0;0
2.344;-953;11.7096018735363;0;0
2.349;-946;14.792899408284024;0;0
2.354;-938;18.115942028985508;0;0
2.359;-923;24.390243902439025;0;0
2.364;-908;25.510204081632654;0;0
2.369;-891;24.271844660194176;0;0
2.374;-864;29.761904761904763;0;0
2.379;-840;33.333333333333336;0;0
2.384;-813;32.25806451612903;0;0
2.389;-775;37.878787878787875;0;0
2.394;-739;40.32258064516129;0;0
2.399;-695;40.0;0;0
2.404;-637;47.16981132075472;0;0
2.409;-581;46.728971962616825;0;0
2.414;-529;45.45454545454545;0;0
2.419;-460;50.0;0;0
2.424;-389;48.07692307692308;0;0
2.429;-316;50.0;0;0
2.434;-241;52.083333333333336;0;0
2.439;-171;50.0;0;0
2.444;-86;52.63157894736842;0;0
2.449;-7;53.763440860215056;0;0
2.454;70;52.083333333333336;0;0
2.459;148;53.763440860215056;0;0
2.464;225;52.083333333333336;0;0
2.469;301;49.01960784313726;0;0
2.474;375;48.54368932038835;0;0
2.479;439;51.02040816326531;0;0
2.484;509;50.0;0;0
2.489;568;50.0;0;0
2.494;619;46.728971962616825;0;0
2.499;667;42.016806722689076;0;0
2.504;712;40.32258064516129;0;0
2.509;750;39.0625;0;0
2.514;785;37.3134328358209;0;0
2.519;813;34.48275862068966;0;0
2.524;840;31.055900621118013;0;0
2.529;864;30.120481927710845;0;0
2.534;880;28.24858757062147;0;0
2.539;894;25.906735751295336;0;0
2.544;908;23.04147465437788;0;0
2.549;917;18.939393939393938;0;0
2.554;923;16.835016835016834;0;0
2.559;929;18.939393939393938;0;0
2.564;932;14.204545454545455;0;0
2.569;938;9.00900900900901;0;0
2.574;938;7.246376811594203;0;0
2.579;938;5.675368898978434;0;0
2.584;932;-17.006802721088434;0;0
2.589;932;-4.721435316336166;0;0
2.594;923;-5.91016548463357;0;0
2.599;917;-11.363636363636363;0;0
2.604;908;-14.534883720930232;0;0
2.609;894;-23.14814814814815;0;0
2.614;880;-23.04147465437788;0;0
2.619;864;-28.571428571428573;0;0
2.624;844;-28.089887640449437;0;0
2.629;818;-30.120481927710845;0;0
2.634;790;-30.48780487804878;0;0
2.639;755;-34.96503496503497;0;0
2.644;723;-35.46099290780142;0;0
2.649;678;-38.46153846153846;0;0
2.654;637;-38.75968992248062;0;0
2.659;581;-42.016806722689076;0;0
2.664;529;-43.85964912280702;0;0
2.669;467;-45.04504504504504;0;0
2.674;404;-45.45454545454545;0;0
2.679;338;-48.54368932038835;0;0
2.684;263;-50.0;0;0
2.689;195;-53.191489361702125;0;0
2.694;117;-50.0;0;0
2.699;39;-48.54368932038835;0;0
2.704;-39;-50.505050505050505;0;0
2.709;-117;-52.083333333333336;0;0
2.714;-187;-51.02040816326531;0;0
2.719;-256;-47.16981132075472;0;0
2.724;-331;-48.07692307692308;0;0
2.729;-389;-46.2962962962963;0;0
2.734;-453;-45.04504504504504;0;0
2.739;-509;-43.47826086956522;0;0
2.744;-568;-43.10344827586207;0;0
2.749;-612;-42.016806722689076;0;0
2.754;-661;-42.016806722689076;0;0
2.759;-701;-39.682539682539684;0;0
2.764;-744;-37.3134328358209;0;0
2.769;-770;-34.72222222222222;0;0
2.774;-799;-31.25;0;0
2.779;-822;-29.069767441860463;0;0
2.784;-844;-27.77777777777778;0;0
2.789;-860;-26.455026455026456;0;0
2.794;-876;-29.940119760479043;0;0
2.799;-887;-18.45018450184502;0;0
2.804;-894;-15.873015873015873;0;0
2.809;-901;-16.89189189189189;0;0
2.814;-908;-13.404825737265416;0;0
2.819;-911;-10.141987829614605;0;0
2.824;-911;-7.4183976261127595;0;0
2.829;-911;-5.411255411255412;0;0
2.834;-908;-9.727626459143968;0;0
2.839;-904;4.616805170821792;0;0
2.844;-898;4.633920296570899;0;0
2.849;-887;10.0;0;0
2.854;-880;16.025641025641026;0;0
2.859;-868;16.722408026755854;0;0
2.864;-852;18.65671641791045;0;0
2.869;-831;23.80952380952381;0;0
2.874;-804;31.055900621118013;0;0
2.879;-785;30.120481927710845;0;0
2.884;-755;27.624309392265193;0;0
2.889;-723;31.446540880503143;0;0
2.894;-684;36.76470588235294;0;0
2.899;-643;35.97122302158273;0;0
2.904;-594;37.3134328358209;0;0
2.909;-542;41.666666666666664;0;0
2.914;-495;42.3728813559322;0;0
2.919;-432;42.73504273504273;0;0
2.924;-375;41.666666666666664;0;0
2.929;-309;43.85964912280702;0;0
2.934;-248;43.85964912280702;0;0
2.939;-179;44.24778761061947;0;0
2.944;-109;48.54368932038835;0;0
2.949;-39;48.07692307692308;0;0
2.954;39;47.61904761904762;0;0
2.959;101;48.54368932038835;0;0
2.964;171;47.16981132075472;0;0
2.969;241;45.04504504504504;0;0
2.974;301;43.85964912280702;0;0
2.979;368;44.24778761061947;0;0
2.984;425;42.016806722689076;0;0
2.989;481;41.666666666666664;0;0
2.994;535;41.32231404958678;0;0
2.999;587;39.0625;0;0
3.004;631;35.97122302158273;0;0
3.009;667;35.714285714285715;0;0
3.014;701;32.05128205128205;0;0
3.019;734;30.864197530864196;0;0
3.024;760;29.585798816568047;0;0
3.029;785;28.24858757062147;0;0
3.034;804;24.271844660194176;0;0
3.039;818;21.73913043478261;0;0
3.044;835;20.5761316872428;0;0
3.049;848;18.181818181818183;0;0
3.054;856;15.67398119122257;0;0
3.059;864;13.736263736263735;0;0
3.064;864;11.013215859030836;0;0
3.069;868;8.090614886731391;0;0
3.074;868;6.082725060827251;0;0
3.079;868;4.664179104477612;0;0
3.084;864;13.850415512465373;0;0
3.089;864;-3.7037037037037037;0;0
3.094;852;-3.875968992248062;0;0
3.099;844;-8.103727714748784;0;0
3.104;831;-14.836795252225519;0;0
3.109;813;-19.157088122605366;0;0
3.114;794;-25.252525252525253;0;0
3.119;775;-21.83406113537118;0;0
3.124;755;-24.390243902439025;0;0
3.129;723;-27.932960893854748;0;0
3.134;695;-32.05128205128205;0;0
3.139;661;-29.585798816568047;0;0
3.144;619;-34.24657534246575;0;0
3.149;581;-35.46099290780142;0;0
3.154;535;-37.3134328358209;0;0
3.159;488;-39.0625;0;0
3.164;432;-40.65040650406504;0;0
3.169;375;-42.016806722689076;0;0
3.174;316;-43.10344827586207;0;0
3.179;248;-44.24778761061947;0;0
3.184;187;-43.85964912280702;0;0
3.189;117;-44.24778761061947;0;0
3.194;54;-43.85964912280702;0;0
3.199;-15;-43.85964912280702;0;0
3.204;-86;-45.87155963302752;0;0
3.209;-148;-47.16981132075472;0;0
3.214;-210;-42.73504273504273;0;0
3.219;-271;-43.47826086956522;0;0
3.224;-331;-43.85964912280702;0;0
3.229;-389;-43.85964912280702;0;0
3.234;-446;-38.75968992248062;0;0
3.239;-488;-36.76470588235294;0;0
3.244;-542;-37.03703703703704;0;0
3.249;-581;-37.03703703703704;0;0
3.254;-619;-32.89473684210526;0;0
3.259;-655;-34.01360544217687;0;0
3.264;-690;-31.84713375796178;0;0
3.269;-718;-26.881720430107528;0;0
3.274;-744;-33.11258278145695;0;0
3.279;-765;-25.906735751295336;0;0
3.284;-785;-20.5761316872428;0;0
3.289;-799;-20.242914979757085;0;0
3.294;-813;-18.587360594795538;0;0
3.299;-822;-13.850415512465373;0;0
3.304;-827;-11.655011655011656;0;0
3.309;-831;-10.141987829614605;0;0
3.314;-835;-8.710801393728223;0;0
3.319;-835;-8.305647840531561;0;0
3.324;-835;19.53125;0;0
3.329;-831;6.613756613756614;0;0
3.334;-822;5.524861878453039;0;0
3.339;-818;6.501950585175552;0;0
3.344;-804;9.293680297397769;0;0
3.349;-794;12.953367875647668;0;0
3.354;-780;15.384615384615385;0;0
3.359;-760;20.491803278688526;0;0
3.364;-734;25.510204081632654;0;0
3.369;-718;22.52252252252252;0;0
3.374;-684;24.63054187192118;0;0
3.379;-649;32.05128205128205;0;0
3.384;-625;28.40909090909091;0;0
3.389;-581;31.645569620253166;0;0
3.394;-535;37.3134328358209;0;0
3.399;-502;28.735632183908045;0;0
3.404;-446;38.16793893129771;0;0
3.409;-397;35.97122302158273;0;0
3.414;-338;34.96503496503497;0;0
3.419;-286;38.16793893129771;0;0
3.424;-241;36.76470588235294;0;0
3.429;-179;40.98360655737705;0;0
3.434;-117;42.016806722689076;0;0
3.439;-54;42.3728813559322;0;0
3.444;7;43.47826086956522;0;0
3.449;70;42.73504273504273;0;0
3.454;133;38.75968992248062;0;0
3.459;195;39.682539682539684;0;0
3.464;256;40.98360655737705;0;0
3.469;301;38.16793893129771;0;0
3.474;353;36.76470588235294;0;0
3.479;404;37.878787878787875;0;0
3.484;453;36.231884057971016;0;0
3.489;502;34.01360544217687;0;0
3.494;542;36.76470588235294;0;0
3.499;581;32.6797385620915;0;0
3.504;612;29.239766081871345;0;0
3.509;643;26.31578947368421;0;0
3.514;667;25.510204081632654;0;0
3.519;695;26.041666666666668;0;0
3.524;712;24.271844660194176;0;0
3.529;734;20.0;0;0
3.534;750;17.18213058419244;0;0
3.539;760;17.482517482517483;0;0
3.544;770;13.966480446927374;0;0
3.549;775;11.363636363636363;0;0
3.554;780;9.276437847866418;0;0
3.559;785;7.440476190476191;0;0
3.564;785;5.889281507656066;0;0
3.569;780;10.040160642570282;0;0
3.574;775;-5.470459518599562;0;0
3.579;770;-4.032258064516129;0;0
3.584;760;-5.7405281285878305;0;0
3.589;750;-10.504201680672269;0;0
3.594;734;-13.623978201634877;0;0
3.599;718;-16.949152542372882;0;0
3.604;695;-18.65671641791045;0;0
3.609;673;-19.68503937007874;0;0
3.614;649;-21.551724137931036;0;0
3.619;619;-24.154589371980677;0;0
3.624;594;-27.027027027027028;0;0
3.629;555;-30.120481927710845;0;0
3.634;515;-31.25;0;0
3.639;474;-33.78378378378378;0;0
3.644;425;-34.24657534246575;0;0
3.649;375;-35.714285714285715;0;0
3.654;331;-34.96503496503497;0;0
3.659;278;-35.97122302158273;0;0
3.664;225;-37.59398496240601;0;0
3.669;164;-38.46153846153846;0;0
3.674;101;-39.37007874015748;0;0
3.679;54;-39.0625;0;0
3.684;-7;-37.03703703703704;0;0
3.689;-70;-40.32258064516129;0;0
3.694;-125;-40.0;0;0
3.699;-179;-40.32258064516129;0;0
3.704;-233;-37.3134328358209;0;0
3.709;-286;-35.97122302158273;0;0
3.714;-338;-37.3134328358209;0;0
3.719;-382;-33.78378378378378;0;0
3.724;-432;-33.333333333333336;0;0
3.729;-467;-31.84713375796178;0;0
3.734;-509;-31.25;0;0
3.739;-549;-31.446540880503143;0;0
3.744;-581;-34.01360544217687;0;0
3.749;-606;-26.737967914438503;0;0
3.754;-637;-26.455026455026456;0;0
3.759;-661;-27.027027027027028;0;0
3.764;-678;-21.09704641350211;0;0
3.769;-701;-20.080321285140563;0;0
3.774;-718;-20.833333333333332;0;0
3.779;-728;-16.39344262295082;0;0
3.784;-739;-11.312217194570136;0;0
3.789;-744;-11.185682326621924;0;0
3.794;-750;-8.771929824561404;0;0
3.799;-750;-6.756756756756757;0;0
3.804;-750;-5.307855626326964;0;0
3.809;-750;-4.194630872483222;0;0
3.814;-744;15.432098765432098;0;0
3.819;-739;3.351206434316354;0;0
3.824;-728;3.654970760233918;0;0
3.829;-718;7.716049382716049;0;0
3.834;-701;11.848341232227488;0;0
3.839;-678;18.050541516245488;0;0
3.844;-661;20.74688796680498;0;0
3.849;-643;18.45018450184502;0;0
3.854;-619;23.696682464454977;0;0
3.859;-581;27.932960893854748;0;0
3.864;-555;29.940119760479043;0;0
3.869;-522;26.737967914438503;0;0
3.874;-481;28.40909090909091;0;0
3.879;-446;31.645569620253166;0;0
3.884;-404;29.41176470588235;0;0
3.889;-360;34.01360544217687;0;0
3.894;-309;35.2112676056338;0;0
3.899;-263;32.05128205128205;0;0
3.904;-210;33.78378378378378;0;0
3.909;-164;34.96503496503497;0;0
3.914;-109;37.3134328358209;0;0
3.919;-54;35.46099290780142;0;0
3.924;0;36.76470588235294;0;0
3.929;54;37.03703703703704;0;0
3.934;101;34.48275862068966;0;0
3.939;156;36.76470588235294;0;0
3.944;210;34.72222222222222;0;0
3.949;256;34.01360544217687;0;0
3.954;301;33.11258278145695;0;0
3.959;346;32.89473684210526;0;0
3.964;389;32.89473684210526;0;0
3.969;432;32.05128205128205;0;0
3.974;474;35.2112676056338;0;0
3.979;509;28.735632183908045;0;0
3.984;535;25.380710659898476;0;0
3.989;568;24.154589371980677;0;0
3.994;594;23.80952380952381;0;0
3.999;619;22.22222222222222;0;0
4.004;637;19.9203187250996;0;0
4.009;655;17.301038062283737;0;0
4.014;667;16.44736842105263;0;0
4.019;678;14.204545454545455;0;0
4.024;690;13.020833333333334;0;0
4.029;695;11.52073732718894;0;0
4.034;701;12.31527093596059;0;0
4.039;701;9.469696969696969;0;0
4.044;701;6.426735218508997;0;0
4.049;701;4.863813229571984;0;0
4.054;695;19.305019305019304;0;0
4.059;690;-3.2765399737876804;0;0
4.064;678;-3.8910505836575875;0;0
4.069;667;-8.264462809917354;0;0
4.074;655;-12.285012285012286;0;0
4.079;637;-14.124293785310735;0;0
4.084;619;-16.611295681063122;0;0
4.089;594;-20.5761316872428;0;0
4.094;568;-21.645021645021647;0;0
4.099;542;-23.58490566037736;0;0
4.104;515;-26.595744680851062;0;0
4.109;474;-28.24858757062147;0;0
4.114;439;-28.571428571428573;0;0
4.119;404;-29.585798816568047;0;0
4.124;360;-31.25;0;0
4.129;316;-30.864197530864196;0;0
4.134;271;-31.645569620253166;0;0
4.139;225;-33.78378378378378;0;0
4.144;171;-40.98360655737705;0;0
4.149;125;-34.48275862068966;0;0
4.154;70;-34.48275862068966;0;0
4.159;23;-32.467532467532465;0;0
4.164;-23;-34.24657534246575;0;0
4.169;-78;-36.231884057971016;0;0
4.174;-133;-33.78378378378378;0;0
4.179;-179;-34.72222222222222;0;0
4.184;-225;-34.01360544217687;0;0
4.189;-271;-33.78378378378378;0;0
4.194;-309;-32.467532467532465;0;0
4.199;-353;-29.41176470588235;0;0
4.204;-389;-28.90173410404624;0;0
4.209;-425;-29.761904761904763;0;0
4.214;-460;-26.881720430107528;0;0
4.219;-495;-25.380710659898476;0;0
4.224;-522;-23.14814814814815;0;0
4.229;-549;-22.42152466367713;0;0
4.234;-562;-18.796992481203006;0;0
4.239;-575;-14.367816091954023;0;0
4.244;-581;-12.077294685990339;0;0
4.249;-581;-8.361204013377927;0;0
4.254;-581;-5.89622641509434;0;0
4.259;-581;-4.553734061930784;0;0
4.264;-575;13.020833333333334;0;0
4.269;-562;3.4199726402188784;0;0
4.274;-555;5.889281507656066;0;0
4.279;-542;9.293680297397769;0;0
4.284;-522;12.224938875305623;0;0
4.289;-502;18.115942028985508;0;0
4.294;-481;19.455252918287936;0;0
4.299;-460;17.985611510791365;0;0
4.304;-439;17.006802721088434;0;0
4.309;-411;21.367521367521366;0;0
4.314;-389;21.367521367521366;0;0
4.319;-353;22.93577981651376;0;0
4.324;-323;25.380710659898476;0;0
4.329;-294;24.154589371980677;0;0
4.334;-256;24.63054187192118;0;0
4.339;-218;25.380710659898476;0;0
4.344;-179;24.875621890547265;0;0
4.349;-148;27.027027027027028;0;0
4.354;-101;28.90173410404624;0;0
4.359;-70;26.31578947368421;0;0
4.364;-23;29.41176470588235;0;0
4.369;15;29.761904761904763;0;0
4.374;54;27.027027027027028;0;0
4.379;101;28.089887640449437;0;0
4.384;133;28.24858757062147;0;0
4.389;164;25.641025641025642;0;0
4.394;202;26.041666666666668;0;0
4.399;241;27.17391304347826;0;0
4.404;271;24.63054187192118;0;0
4.409;301;22.831050228310502;0;0
4.414;331;25.906735751295336;0;0
4.419;360;22.624434389140273;0;0
4.424;389;21.367521367521366;0;0
4.429;418;20.161290322580644;0;0
4.434;432;19.157088122605366;0;0
4.439;453;17.73049645390071;0;0
4.444;474;14.792899408284024;0;0
4.449;488;14.749262536873156;0;0
4.454;502;14.577259475218659;0;0
4.459;515;13.736263736263735;0;0
4.464;522;10.775862068965518;0;0
4.469;529;8.264462809917354;0;0
4.474;535;6.858710562414266;0;0
4.479;535;5.827505827505828;0;0
4.484;542;7.052186177715091;0;0
4.489;535;-29.585798816568047;0;0
4.494;529;-4.911591355599215;0;0
4.499;529;-4.5004500450045;0;0
4.504;515;-4.780114722753346;0;0
4.509;509;-6.747638326585695;0;0
4.514;495;-8.576329331046312;0;0
4.519;481;-10.59322033898305;0;0
4.524;460;-11.682242990654206;0;0
4.529;446;-14.45086705202312;0;0
4.534;425;-16.39344262295082;0;0
4.539;404;-17.921146953405017;0;0
4.544;375;-20.5761316872428;0;0
4.549;346;-24.63054187192118;0;0
4.554;316;-20.66115702479339;0;0
4.559;294;-20.32520325203252;0;0
4.564;256;-22.52252252252252;0;0
4.569;225;-24.875621890547265;0;0
4.574;195;-26.455026455026456;0;0
4.579;156;-25.906735751295336;0;0
4.584;117;-26.17801047120419;0;0
4.589;78;-25.77319587628866;0;0
4.594;47;-24.390243902439025;0;0
4.599;7;-25.77319587628866;0;0
4.604;-23;-27.3224043715847;0;0
4.609;-54;-21.459227467811157;0;0
4.614;-78;-17.921146953405017;0;0
4.619;-94;-16.611295681063122;0;0
4.624;-117;-15.479876160990711;0;0
4.629;-125;-14.245014245014245;0;0
4.634;-133;-10.060362173038229;0;0
4.639;-148;-9.107468123861567;0;0
4.644;-148;-8.278145695364238;0;0
4.649;-156;-6.578947368421052;0;0
4.654;-164;-5.73394495412844;0;0
4.659;-171;-4.921259842519685;0;0
4.664;-171;-4.587155963302752;0;0
4.669;-179;-3.943217665615142;0;0
4.674;-179;-3.819709702062643;0;0
4.679;-179;-3.518648838845883;0;0
4.684;-179;-2.9922202274087373;0;0
4.689;-179;-2.6028110359187924;0;0
4.694;-179;-2.3030861354214647;0;0
4.699;-179;-2.0652622883106155;0;0
4.704;-179;-1.8719580681392738;0;0
4.709;-179;-1.7117425539198905;0;0
4.714;-171;-1.9201228878648233;0;0
4.719;-171;3.861003861003861;0;0
4.724;-164;2.3934897079942554;0;0
4.729;-156;4.646840148698884;0;0
4.734;-148;6.7294751009421265;0;0
4.739;-148;5.2631578947368425;0;0
4.744;-140;4.582951420714941;0;0
4.749;-133;6.648936170212766;0;0
4.754;-125;9.746588693957115;0;0
4.759;-117;7.800312012480499;0;0
4.764;-109;6.402048655569782;0;0
4.769;-94;6.868131868131868;0;0
4.774;-86;9.191176470588236;0;0
4.779;-70;8.103727714748784;0;0
4.784;-62;7.739938080495356;0;0
4.789;-54;8.976660682226212;0;0
4.794;-39;8.319467554076539;0;0
4.799;-31;7.668711656441718;0;0
4.804;-23;8.361204013377927;0;0
4.809;-15;8.156606851549755;0;0
4.814;0;7.183908045977011;0;0
4.819;7;8.143322475570033;0;0
4.824;15;7.9239302694136295;0;0
4.829;23;7.23589001447178;0;0
4.834;39;8.291873963515755;0;0
4.839;47;8.896797153024911;0;0
4.844;54;7.94912559618442;0;0
4.849;70;7.485029940119761;0;0
4.854;70;7.541478129713424;0;0
4.859;78;6.8493150684931505;0;0
4.864;86;6.345177664974619;0;0
4.869;94;6.075334143377885;0;0
4.874;101;8.012820512820513;0;0
4.879;101;7.462686567164179;0;0
4.884;109;6.613756613756614;0;0
4.889;117;5.2356020942408374;0;0
4.894;117;4.310344827586207;0;0
4.899;125;4.051863857374392;0;0
4.904;133;3.808073115003808;0;0
4.909;133;3.7537537537537538;0;0
4.914;133;3.427004797806717;0;0
4.919;133;2.925687536571094;0;0
4.924;133;2.5523226135783563;0;0
4.929;133;2.2634676324128566;0;0
4.934;133;2.03334688897926;0;0
4.939;133;1.8456995201181248;0;0
4.944;125;2.0661157024793386;0;0
4.949;125;-4.122011541632316;0;0
4.954;117;-1.5837820715869497;0;0
4.959;117;-1.5837820715869497;0;0
4.964;109;-1.5807777426493834;0;0
4.969;101;-1.8504811250925242;0;0
4.974;101;-3.1665611146295123;0;0
4.979;94;-3.687315634218289;0;0
4.984;86;-3.930817610062893;0;0
4.989;86;-4.553734061930784;0;0
4.994;78;-4.868549172346641;0;0
4.999;70;-5.506607929515418;0;0
5.004;62;-5.307855626326964;0;0
5.009;54;-5.611672278338945;0;0
5.014;47;-6.459948320413437;0;0
5.019;39;-7.122507122507122;0;0
5.024;23;-9.276437847866418;0;0
5.029;15;-9.633911368015415;0;0
5.034;7;-8.417508417508417;0;0
5.039;7;-7.363770250368188;0;0
5.044;-7;-6.25;0;0
5.049;-15;-6.666666666666667;0;0
5.054;-23;-7.9239302694136295;0;0
5.059;-31;-6.527415143603133;0;0
5.064;-39;-6.024096385542169;0;0
5.069;-47;-5.980861244019139;0;0
5.074;-54;-6.345177664974619;0;0
5.079;-54;-6.226650062266501;0;0
5.084;-62;-5.01002004008016;0;0
5.089;-70;-4.821600771456123;0;0
5.094;-70;-4.716981132075472;0;0
5.099;-70;-3.816793893129771;0;0
5.104;-78;-3.313452617627568;0;0
5.109;-78;-3.2552083333333335;0;0
5.114;-78;-2.925687536571094;0;0
5.119;-70;81.9672131147541;0;0
5.124;-70;3.679175864606328;0;0
5.129;-70;3.107520198881293;0;0
5.134;-70;2.6896180742334588;0;0
5.139;-70;2.370791844476055;0;0
5.144;-62;2.300966405890474;0;0
5.149;-62;2.249212775528565;0;0
5.154;-62;2.0218358269308534;0;0
5.159;-54;1.7265193370165746;0;0
5.164;-54;1.589319771137953;0;0
5.169;-54;1.5513496742165684;0;0
5.174;-54;1.439677512237259;0;0
5.179;-54;1.3430029546065;0;0
5.184;-54;1.2584948401711553;0;0
5.189;-54;1.1839924224484963;0;0
5.194;-47;1.327668613913967;0;0
5.199;-47;1.467997651203758;0;0
5.204;-39;1.5733165512901195;0;0
5.209;-39;1.7433751743375174;0;0
5.214;-39;1.603592046183451;0;0
5.219;-31;1.8677624206200971;0;0
5.224;-23;2.6737967914438503;0;0
5.229;-23;3.219575016097875;0;0
5.234;-23;2.7731558513588466;0;0
5.239;-15;2.6371308016877637;0;0
5.244;-15;2.8425241614553722;0;0
5.249;-7;2.8785261945883707;0;0
5.254;-7;3.0248033877797944;0;0
5.259;0;2.910360884749709;0;0
5.264;0;3.1665611146295123;0;0
5.269;7;3.3444816053511706;0;0
5.274;7;3.434065934065934;0;0
5.279;7;2.9308323563892147;0;0
5.284;15;2.782415136338342;0;0
5.289;15;2.9002320185614847;0;0
5.294;23;2.75027502750275;0;0
5.299;23;2.834467120181406;0;0
5.304;23;2.4826216484607744;0;0
5.309;31;2.5839793281653747;0;0
5.314;31;2.6595744680851063;0;0
5.319;39;2.799552071668533;0;0
5.324;39;2.9069767441860463;0;0
5.329;39;2.5380710659898478;0;0
5.334;39;2.2522522522522523;0;0
5.339;39;2.0242914979757085;0;0
5.344;39;1.838235294117647;0;0
5.349;39;1.6835016835016836;0;0
5.354;39;1.5527950310559007;0;0
5.359;39;1.440922190201729;0;0
5.364;39;1.3440860215053763;0;0
5.369;39;1.2594458438287153;0;0
5.374;39;1.1848341232227488;0;0
5.379;39;1.1185682326621924;0;0
5.384;39;1.0593220338983051;0;0
5.389;39;1.0060362173038229;0;0
5.394;39;0.9578544061302682;0;0
5.399;39;0.9140767824497258;0;0
5.404;31;-3.837298541826554;0;0
5.409;31;-0.9291953168556031;0;0
5.414;23;-0.8807468733485996;0;0
5.419;23;-0.940379913485048;0;0
5.424;23;-0.8981498113885396;0;0
5.429;15;-0.8773469029654325;0;0
5.434;15;-1.0860121633362294;0;0
5.439;15;-1.1893434823977165;0;0
5.444;7;-1.6056518946692357;0;0
5.449;7;-2.4330900243309004;0;0
5.454;7;-2.1691973969631237;0;0
5.459;7;-1.9569471624266144;0;0
5.464;7;-1.7825311942959001;0;0
5.469;0;-1.864975755315181;0;0
5.474;0;-1.9425019425019425;0;0
5.479;-7;-1.9677292404565132;0;0
5.484;-7;-2.162629757785467;0;0
5.489;-7;-1.95160031225605;0;0
5.494;-15;-1.8142235123367199;0;0
5.499;-15;-2.052545155993432;0;0
5.504;-15;-2.068680182043856;0;0
5.509;-15;-1.8747656542932134;0;0
5.514;-23;-1.7476406850751485;0;0
5.519;-23;-1.9615535504119261;0;0
5.524;-23;-1.9723865877712032;0;0
5.529;-23;-1.7953321364452424;0;0
5.534;-23;-1.6474464579901154;0;0
5.539;-23;-1.5220700152207;0;0
5.544;-23;-1.4144271570014144;0;0
5.549;-23;-1.321003963011889;0;0
5.554;-23;-1.2391573729863692;0;0
5.559;-23;-1.1668611435239207;0;0
5.564;-23;-1.1025358324145536;0;0
5.569;-23;-1.044932079414838;0;0
5.574;-23;-0.9930486593843099;0;0
5.579;-23;-0.9460737937559129;0;0
5.584;-23;-0.9033423667570009;0;0
5.589;-23;-0.8643042350907519;0;0
5.594;-23;-0.8285004142502072;0;0
5.599;-23;-0.7955449482895783;0;0
5.604;-15;3.834355828220859;0;0
5.609;-15;0.8538251366120219;0;0
5.614;-15;0.8188666885031117;0;0
5.619;-7;0.7814942169427946;0;0
5.624;-7;0.8503401360544217;0;0
5.629;-7;0.8156606851549756;0;0
5.634;-7;0.7836990595611285;0;0
5.639;0;0.8981498113885396;0;0
5.644;0;1.0595465140919686;0;0
5.649;0;1.0062386798148522;0;0
5.654;7;1.4814814814814814;0;0
5.659;7;2.0903010033444818;0;0
5.664;7;1.8925056775170326;0;0
5.669;7;1.7289073305670817;0;0
5.674;7;1.5913430935709738;0;0
5.679;7;1.474056603773585;0;0
5.684;7;1.372872048325096;0;0
5.689;15;1.38811771238201;0;0
5.694;15;1.5295197308045274;0;0
5.699;15;1.4208581983518045;0;0
5.704;15;1.3266118333775536;0;0
5.709;23;1.8677624206200971;0;0
5.714;23;2.4461839530332683;0;0
5.719;23;2.1795989537925022;0;0
5.724;31;2.5113008538422905;0;0
5.729;39;3.115264797507788;0;0
5.734;39;2.6954177897574123;0;0
5.739;39;2.512562814070352;0;0
5.744;39;2.232142857142857;0;0
5.749;47;2.3094688221709005;0;0
5.754;47;2.6695141484249865;0;0
5.759;54;3.668378576669112;0;0
5.764;54;4.45632798573975;0;0
5.769;54;3.6443148688046647;0;0
5.774;62;3.4059945504087192;0;0
5.779;62;3.793626707132018;0;0
5.784;62;3.351206434316354;0;0
5.789;70;2.727768685215494;0;0
5.794;70;2.513826043237808;0;0
5.799;70;2.233139794551139;0;0
5.804;70;2.008838891120932;0;0
5.809;70;1.8254837531945967;0;0
5.814;78;1.7562346329469618;0;0
5.819;78;1.86219739292365;0;0
5.824;86;1.7488632388947185;0;0
5.829;86;1.8917896329928112;0;0
5.834;86;1.9164430816404754;0;0
5.839;94;1.7927572606669058;0;0
5.844;94;2.0764119601328903;0;0
5.849;101;2.367424242424242;0;0
5.854;101;2.8506271379703536;0;0
5.859;101;2.6164311878597593;0;0
5.864;101;2.3137436372049978;0;0
5.869;109;2.4142926122646067;0;0
5.874;109;2.485089463220676;0;0
5.879;117;3.3967391304347827;0;0
5.884;117;4.118616144975288;0;0
5.889;117;3.4153005464480874;0;0
5.894;125;3.506311360448808;0;0
5.899;125;3.8910505836575875;0;0
5.904;133;3.0637254901960786;0;0
5.909;133;2.656748140276302;0;0
5.914;133;2.457002457002457;0;0
5.919;133;2.1881838074398248;0;0
5.924;133;1.9723865877712032;0;0
5.929;140;1.9432568985619898;0;0
5.934;140;2.1052631578947367;0;0
5.939;148;2.0;0;0
5.944;148;2.1739130434782608;0;0
5.949;148;2.0669698222405954;0;0
5.954;148;1.8733608092918697;0;0
5.959;156;2.0300446609825418;0;0
5.964;156;2.172024326672459;0;0
5.969;156;1.9592476489028212;0;0
5.974;164;2.858776443682104;0;0
5.979;164;3.690036900369004;0;0
5.984;164;3.115264797507788;0;0
5.989;164;2.6954177897574123;0;0
5.994;164;2.375296912114014;0;0
5.999;164;2.1231422505307855;0;0
6.004;164;1.9193857965451055;0;0
6.009;164;1.7513134851138354;0;0
6.014;164;1.6103059581320451;0;0
6.019;164;1.4903129657228018;0;0
6.024;164;1.3869625520110958;0;0
6.029;164;1.297016861219196;0;0
6.034;164;1.218026796589525;0;0
6.039;171;1.2468827930174564;0;0
6.044;171;1.2800819252432156;0;0
6.049;171;1.2030798845043311;0;0
6.054;171;1.1348161597821154;0;0
6.059;171;1.0738831615120275;0;0
6.064;171;1.019160211985324;0;0
6.069;171;0.969743987587277;0;0
6.074;171;0.9248982611912689;0;0
6.079;171;0.884016973125884;0;0
6.084;171;0.8465966813410092;0;0
6.089;179;0.7705347511172754;0;0
6.094;179;0.7419498441905327;0;0
6.099;179;0.7512019230769231;0;0
6.104;179;0.7240081088908196;0;0
6.109;179;0.6987143655673561;0;0
6.114;179;0.6751282743721307;0;0
6.119;179;0.6530825496342738;0;0
6.124;179;0.6324310650139134;0;0
6.129;179;0.6130456105934281;0;0
6.134;179;0.5948132286462051;0;0
6.139;179;0.577634011090573;0;0
6.144;179;0.5614192679092747;0;0
6.149;179;0.54608999563128;0;0
6.154;179;0.531575590048905;0;0
6.159;179;0.5178127589063795;0;0
6.164;179;0.5047445992327882;0;0
6.169;179;0.4923198109491926;0;0
6.174;179;0.48049202383240436;0;0
6.179;179;0.4692192192192192;0;0
6.184;179;0.45846323124885385;0;0
6.189;179;0.44818931516672644;0;0
6.194;179;0.43836577240049096;0;0
6.199;187;0.46563605885639786;0;0
6.204;187;0.5067909993918508;0;0
6.209;187;0.4942665085013839;0;0
6.214;187;0.4823461315840247;0;0
6.219;187;0.47098718914845517;0;0
6.224;187;0.4601509295048776;0;0
6.229;187;0.44980208708168407;0;0
6.234;187;0.4399084990322013;0;0
6.239;187;0.43044077134986225;0;0
6.244;187;0.42137198719029156;0;0
6.249;187;0.41267745130406075;0;0
6.254;195;0.44976162633804084;0;0
6.259;195;0.5152514427040396;0;0
6.264;195;0.5023106288929073;0;0
6.269;195;0.49000392003136023;0;0
6.274;195;0.4782858236081883;0;0
6.279;195;0.4671150971599402;0;0
6.284;195;0.4564542632828191;0;0
6.289;195;0.4462691895751517;0;0
6.294;195;0.4365287235900122;0;0
6.299;195;0.42720437457279564;0;0
6.304;195;0.41827003513468297;0;0
6.309;195;0.40970173713536545;0;0
6.314;195;0.4014774369680424;0;0
6.319;195;0.39357682619647355;0;0
6.324;195;0.385981164119191;0;0
6.329;195;0.378673129354741;0;0
6.334;195;0.37163668797383675;0;0
6.339;195;0.36485697606538237;0;0
6.344;195;0.35832019492618605;0;0
6.349;202;0.4115565067083711;0;0
6.354;202;0.47778308647873863;0;0
6.359;202;0.4666355576294914;0;0
6.364;210;0.4803535402055913;0;0
6.369;210;0.6191183754333829;0;0
6.374;210;0.6751282743721307;0;0
6.379;210;0.6530825496342738;0;0
6.384;210;0.6324310650139134;0;0
6.389;210;0.6130456105934281;0;0
6.394;210;0.5948132286462051;0;0
6.399;210;0.577634011090573;0;0
6.404;210;0.5614192679092747;0;0
6.409;218;0.6434178355424013;0;0
6.414;218;0.8770391159445712;0;0
6.419;218;0.8401949252226516;0;0
6.424;218;0.8063215610385421;0;0
6.429;218;0.7750736319950395;0;0
6.434;218;0.7461572899567229;0;0
6.439;218;0.719320961012804;0;0
6.444;218;0.6943480072212193;0;0
6.449;218;0.6710508656556167;0;0
6.454;218;0.6492663290481756;0;0
6.459;218;0.6288517167651868;0;0
6.464;218;0.6096817461285209;0;0
6.469;218;0.5916459590580996;0;0
6.474;218;0.5746465923457074;0;0
6.479;218;0.5585968048262764;0;0
6.484;218;0.5434191935659167;0;0
6.489;218;0.5290445455507353;0;0
6.494;218;0.5154107823935676;0;0
6.499;218;0.5024620641141594;0;0
6.504;218;0.49014802470346047;0;0
6.509;218;0.478423117405033;0;0
6.514;218;0.46724605177086254;0;0
6.519;218;0.45657930782576933;0;0
6.524;210;-12.01923076923077;0;0
6.529;210;-0.5060728744939271;0;0
6.534;210;-0.49358341559723595;0;0
6.539;210;-0.4816955684007707;0;0
6.544;210;-0.4703668861712135;0;0
6.549;210;-0.45955882352941174;0;0
6.554;210;-0.44923629829290207;0;0
6.559;210;-0.43936731107205623;0;0
6.564;210;-0.4299226139294927;0;0
6.569;210;-0.4208754208754209;0;0
6.574;210;-0.41220115416323166;0;0
6.579;210;-0.40387722132471726;0;0
6.584;210;-0.39588281868566905;0;0
6.589;210;-0.38819875776397517;0;0
6.594;210;-0.38080731150038083;0;0
6.599;210;-0.37369207772795215;0;0
6.604;210;-0.36683785766691124;0;0
6.609;210;-1.447596988998263;0;0
6.614;210;2.2192632046160674;0;0
6.619;210;2.4962556165751373;0;0
6.624;210;2.852253280091272;0;0
6.629;210;3.32667997338656;0;0
6.634;210;3.9904229848363926;0;0
6.639;210;4.985044865403789;0;0
6.644;210;6.6401062416998675;0;0
6.649;210;9.940357852882704;0;0
6.654;210;19.76284584980237;0;0
6.659;210;1666.6666666666667;0;0
6.664;210;-20.32520325203252;0;0
6.669;210;-10.080645161290322;0;0
6.674;210;-6.702412868632708;0;0
6.679;210;-5.020080321285141;0;0
6.684;210;-4.012841091492777;0;0
6.689;210;-3.342245989304813;0;0
6.694;210;-2.86368843069874;0;0
6.699;210;-2.50501002004008;0;0
6.704;210;-2.226179875333927;0;0
6.709;210;-2.003205128205128;0;0
6.714;210;-1.820830298616169;0;0
6.719;210;-1.6688918558077437;0;0
6.724;210;-1.5403573629081948;0;0
6.729;210;-1.4302059496567505;0;0
6.734;210;-1.3347570742124932;0;0
6.739;210;-1.2512512512512513;0;0
6.744;210;-1.1775788977861517;0;0
6.749;218;-0.4954910316123278;0;0
6.754;218;-0.34492273730684325;0;0
6.759;218;-0.3509757124806963;0;0
6.764;218;-0.35724492712203487;0;0
6.769;218;-0.3637421795431398;0;0
6.774;218;-0.37048014226437465;0;0
6.779;218;-0.37747244451155065;0;0
6.784;218;-0.38473376423514927;0;0
6.789;218;-0.39227993095873215;0;0
6.794;218;-0.4001280409731114;0;0
6.799;225;15.67398119122257;0;0
6.804;225;0.7020499859590003;0;0
6.809;225;0.6782419967444384;0;0
6.814;225;0.6559958016268695;0;0
6.819;225;0.6351626016260162;0;0
6.824;225;0.6156119182467372;0;0
6.829;225;0.5972288580984233;0;0
6.834;225;0.5799118533982834;0;0
6.839;225;0.563570784490532;0;0
6.844;225;0.5481254110940583;0;0
6.849;225;0.5335040546308152;0;0
6.854;225;0.5196424859696529;0;0
6.859;225;0.506482982171799;0;0
6.864;225;0.4939735230191662;0;0
6.869;225;0.4820671037408407;0;0
6.874;225;0.47072114479382415;0;0
6.879;225;0.459896983075791;0;0
6.884;225;0.44955943175687824;0;0
6.889;225;0.43967639817094617;0;0
6.894;225;0.43021855102392015;0;0
6.899;225;0.4211590296495957;0;0
6.904;225;0.4124731892426992;0;0
6.909;225;0.40413837698027805;0;0
6.914;225;0.3961337347488512;0;0
6.919;225;0.3884400248601616;0;0
6.924;225;0.38103947568968144;0;0
6.929;225;0.37391564463057136;0;0
6.934;225;0.3670532961385993;0;0
6.939;225;1.4509576320371445;0;0
6.944;225;-2.21141088014153;0;0
6.949;225;-2.486325211337643;0;0
6.954;225;-2.8392958546280522;0;0
6.959;225;-3.3090668431502315;0;0
6.964;225;-3.965107057890563;0;0
6.969;225;-4.945598417408506;0;0
6.974;225;-6.570302233902759;0;0
6.979;225;-9.784735812133073;0;0
6.984;225;-19.157088122605366;0;0
6.989;225;-454.54545454545456;0;0
6.994;225;21.008403361344538;0;0
6.999;225;10.245901639344263;0;0
7.004;225;6.775067750677507;0;0
7.009;225;5.060728744939271;0;0
7.014;225;4.038772213247173;0;0
7.019;225;3.360215053763441;0;0
7.024;225;2.8768699654775602;0;0
7.029;225;2.515090543259557;0;0
7.034;225;2.234137622877569;0;0
7.039;225;2.009646302250804;0;0
7.044;225;1.8261504747991235;0;0
7.049;225;1.6733601070950468;0;0
7.054;225;1.5441630636195183;0;0
7.059;225;1.43348623853211;0;0
7.064;233;0.4678581454103116;0;0
7.069;233;0.3391900142459806;0;0
7.074;233;0.33353345340537655;0;0
7.079;233;0.3280624630929729;0;0
7.084;233;0.32276805887289395;0;0
7.089;233;0.31764182707578936;0;0
7.094;233;0.7087172218284904;0;0
7.099;233;-35.46099290780142;0;0
7.104;233;46.2962962962963;0;0
7.109;233;13.966480446927374;0;0
7.114;233;8.223684210526315;0;0
7.119;233;5.827505827505828;0;0
7.124;233;4.512635379061372;0;0
7.129;233;3.681885125184094;0;0
7.134;233;3.109452736318408;0;0
7.139;233;2.6910656620021527;0;0
7.144;233;2.3719165085388996;0;0
7.149;233;2.1204410517387617;0;0
7.154;233;1.9171779141104295;0;0
7.159;233;1.7494751574527643;0;0
7.164;233;1.6087516087516087;0;0
7.169;233;1.4889815366289458;0;0
7.174;233;1.3858093126385809;0;0
7.179;233;1.2960082944530844;0;0
7.184;233;1.2171372930866602;0;0
7.189;233;1.1473152822395594;0;0
7.194;233;1.0850694444444444;0;0
7.199;233;1.029230135858378;0;0
7.204;233;0.9788566953797964;0;0
7.209;233;0.933184023889511;0;0
7.214;233;0.891583452211127;0;0
7.219;233;0.8535336292249914;0;0
7.224;233;0.8185985592665357;0;0
7.229;233;0.7864108210128972;0;0
7.234;233;0.7566585956416465;0;0
7.239;233;0.7290755322251385;0;0
7.244;233;0.7034327518289252;0;0
7.249;233;0.679532481652623;0;0
7.254;233;0.6572029442691903;0;0
7.259;233;0.6363752068219423;0;0
7.264;233;0.6167509559639818;0;0
7.269;233;0.5983008256551394;0;0
7.274;233;0.5809225049378413;0;0
7.279;233;0.5645252342779722;0;0
7.284;233;0.5490282200505106;0;0
7.289;233;0.5343593031954686;0;0
7.294;233;0.5204538357447694;0;0
7.299;233;0.5072537283149031;0;0
7.304;233;0.49470663896309486;0;0
7.309;233;0.4827652795210968;0;0
7.314;233;0.4713868200245121;0;0
7.319;233;0.46053237542599246;0;0
7.324;233;0.4501665616278023;0;0
7.329;233;0.44025711015232893;0;0
7.334;233;0.4307745326096321;0;0
7.339;233;0.4216918276123809;0;0
7.344;233;0.4129842240026431;0;0
7.349;233;0.40462895524803755;0;0
7.354;233;0.3966050606805743;0;0
7.359;233;0.38889320992455473;0;0
7.364;233;0.3814755474174105;0;0
7.369;233;0.37433555439095606;0;0
7.374;233;0.3674579260674653;0;0
7.379;233;0.3608284621490943;0;0
7.384;233;0.3544339689515843;0;0
7.389;241;0.5149330587023687;0;0
7.394;241;-10.75268817204301;0;0
7.399;241;-3.278688524590164;0;0
7.404;241;-3.9215686274509802;0;0
7.409;241;-4.878048780487805;0;0
7.414;241;-6.451612903225806;0;0
7.419;241;-9.523809523809524;0;0
7.424;241;-18.181818181818183;0;0
7.429;241;-200.0;0;0
7.434;241;22.321428571428573;0;0
7.439;241;10.548523206751055;0;0
7.444;241;6.906077348066298;0;0
7.449;241;5.13347022587269;0;0
7.454;241;4.084967320261438;0;0
7.459;241;3.3921302578018997;0;0
7.464;241;2.9002320185614847;0;0
7.469;241;2.5329280648429586;0;0
7.474;248;-2.2482014388489207;0;0
7.479;248;-0.9340556697179152;0;0
7.484;248;-0.9798157946306094;0;0
7.489;248;-1.030290541932825;0;0
7.494;248;-1.0862480990658265;0;0
7.499;248;-1.1486331265793706;0;0
7.504;248;-1.2186205215695833;0;0
7.509;248;-1.2976901116013495;0;0
7.514;248;-1.3877324451845685;0;0
7.519;248;-1.4912019087384432;0;0
7.524;248;-1.6113438607798904;0;0
7.529;248;-1.752541184717841;0;0
7.534;248;-1.920860545524395;0;0
7.539;248;-2.124946876328092;0;0
7.544;248;-2.377555872563005;0;0
7.549;248;-2.698327037236913;0;0
7.554;248;-3.119151590767311;0;0
7.559;248;-3.695491500369549;0;0
7.564;248;-4.533091568449683;0;0
7.569;248;-5.861664712778429;0;0
7.574;248;-8.291873963515755;0;0
7.579;248;-14.164305949008499;0;0
7.584;248;-48.54368932038835;0;0
7.589;248;34.24657534246575;0;0
7.594;248;-1.9364833462432223;0;0
7.599;248;-0.3919416790781532;0;0
7.604;248;-0.3228722717293039;0;0
7.609;248;-0.3281701233919664;0;0
7.614;248;-0.33364473508608034;0;0
7.619;248;-0.33930510314875134;0;0
7.624;248;-0.34516084495374844;0;0
7.629;248;-0.3512222534419781;0;0
7.634;248;-0.3575003575003575;0;0
7.639;248;-0.36400698893418754;0;0
7.644;248;-0.37075485688862525;0;0
7.649;248;-0.3777576307041402;0;0
7.654;248;-0.3850300323425227;0;0
7.659;248;-0.3925879396984925;0;0
7.664;248;-0.4004485023226013;0;0
7.669;248;-0.40863027133050017;0;0
7.674;248;-0.41715334556983147;0;0
7.679;248;-0.42603953646898435;0;0
7.684;248;-0.4353125544140693;0;0
7.689;248;-0.44499822000711997;0;0
7.694;248;-0.4551247041689423;0;0
7.699;248;-0.46572280178837555;0;0
7.704;248;-0.4768262445164982;0;0
7.709;248;-0.48847205939820243;0;0
7.714;248;-0.5007009813739235;0;0
7.719;248;-0.5135579293344289;0;0
7.724;248;-0.5270925574530888;0;0
7.729;248;-0.5413598960589;0;0
7.734;248;-0.5564210994880926;0;0
7.739;248;-0.5723443223443223;0;0
7.744;248;-0.5892057506481263;0;0
7.749;248;-0.6070908207867897;0;0
7.754;248;-0.6260956674179815;0;0
7.759;248;-0.6463288521199586;0;0
7.764;248;-0.6678242286630159;0;0
7.769;248;-0.690894016857814;0;0
7.774;256;-1.7337031900138695;0;0
7.779;256;3.225806451612903;0;0
7.784;256;2.849002849002849;0;0
7.789;256;-5.138746145940391;0;0
7.794;256;-0.4485109436670255;0;0
7.799;256;-0.36030842401095337;0;0
7.804;256;-0.36691861745064946;0;0
7.809;256;-0.37377588397996564;0;0
7.814;256;-0.38089433991010896;0;0
7.819;256;-0.38828919779451737;0;0
7.824;256;-0.3959768749505029;0;0
7.829;256;-0.4039751151329078;0;0
7.834;256;-0.4123031252576895;0;0
7.839;256;-0.42098172939294437;0;0
7.844;256;-0.4300335426163241;0;0
7.849;256;-0.43948316779467345;0;0
7.854;256;-0.4493574188909859;0;0
7.859;256;-0.4596855750666544;0;0
7.864;256;-0.4704996706502306;0;0
7.869;256;-0.4818348270212971;0;0
7.874;256;-0.49372963365261185;0;0
7.879;256;-0.5062265870203503;0;0
7.884;256;-0.5193725979017347;0;0
7.889;256;-0.5332195798229711;0;0
7.894;256;-0.5478251342171578;0;0
7.899;256;-0.5632533513574406;0;0
7.904;256;-0.579575750550597;0;0
7.909;256;-0.5968723886832995;0;0
7.914;256;-0.6152331733727082;0;0
7.919;256;-0.6347594261774787;0;0
7.924;256;-0.6555657532450505;0;0
7.929;256;-0.67778229632642;0;0
7.934;256;-0.7015574575557738;0;0
7.939;256;-0.7270612185546023;0;0
7.944;256;-0.7544892108042855;0;0
7.949;256;-0.7840677434530343;0;0
7.954;256;-0.8160600620205647;0;0
7.959;256;-0.8507742045261187;0;0
7.964;256;-0.888572951839346;0;0
7.969;256;-0.9298865538404315;0;0
7.974;256;-0.9752291788570314;0;0
7.979;256;-1.0252204223908141;0;0
7.984;256;-1.080613788631943;0;0
7.989;256;-1.142334932602239;0;0
7.994;256;-1.2115338017930701;0;0
7.999;256;-1.2896569512509672;0;0
8.004;256;-1.3785497656465397;0;0
8.009;256;-1.4806040864672787;0;0
8.014;256;-1.598976654940838;0;0
8.019;256;-1.7379214459506431;0;0
8.024;256;-1.903311762466692;0;0
8.029;256;-2.103491796381994;0;0
8.034;256;-2.3507287259050305;0;0
8.039;256;-2.6638252530633992;0;0
8.044;256;-3.073140749846343;0;0
8.049;256;-3.6310820624546114;0;0
8.054;256;-4.436557231588288;0;0
8.059;256;-5.701254275940707;0;0
8.064;256;-7.974481658692185;0;0
8.069;256;-13.26259946949602;0;0
8.074;256;-39.37007874015748;0;0
8.079;256;41.32231404958678;0;0
8.084;256;13.477088948787062;0;0
8.089;256;8.051529790660226;0;0
8.094;256;5.7405281285878305;0;0
8.099;256;4.460303300624442;0;0
8.104;256;3.6469730123997084;0;0
8.109;256;3.0845157310302285;0;0
8.114;256;2.672367717797969;0;0
8.119;256;-0.6021194605009634;0;0
8.124;256;-0.35686246520590964;0;0
8.129;256;-0.3633456870866943;0;0
8.134;256;-0.3700688328029013;0;0
8.139;256;-0.3770454716838851;0;0
8.144;256;-0.38429021597110136;0;0
8.149;263;-0.4801690194948622;0;0
8.154;263;-0.7942811755361397;0;0
8.159;263;-0.8086689309396733;0;0
8.164;263;-0.8427439743805831;0;0
8.169;263;-0.8798169980644026;0;0
8.174;263;-0.9203018590097553;0;0
8.179;271;-0.8646031471554556;0;0
8.184;271;-0.9036688957166095;0;0
8.189;271;-1.067463706233988;0;0
8.194;271;-1.1276499774470004;0;0
8.199;271;-1.1950286806883366;0;0
8.204;271;-1.2709710218607015;0;0
8.209;271;-1.3572204125950054;0;0
8.214;271;-1.4560279557367501;0;0
8.219;271;-1.57035175879397;0;0
8.224;271;-1.7041581458759374;0;0
8.229;271;-1.8628912071535022;0;0
8.234;271;-2.0542317173377156;0;0
8.239;271;-2.2893772893772892;0;0
8.244;271;-2.5853154084798344;0;0
8.249;271;-2.969121140142518;0;0
8.254;271;-3.486750348675035;0;0
8.259;271;-4.222972972972973;0;0
8.264;271;-5.353319057815845;0;0
8.269;271;-7.309941520467836;0;0
8.274;271;-11.52073732718894;0;0
8.279;271;-27.17391304347826;0;0
8.284;271;76.92307692307692;0;0
8.289;271;15.873015873015873;0;0
8.294;271;8.849557522123893;0;0
8.299;271;6.134969325153374;0;0
8.304;271;4.694835680751174;0;0
8.309;271;3.802281368821293;0;0
8.314;271;3.194888178913738;0;0
8.319;271;2.7548209366391183;0;0
8.324;271;2.4213075060532687;0;0
8.329;271;-0.9744689144416293;0;0
8.334;271;-0.36187305493232974;0;0
8.339;271;-0.36854131348124125;0;0
8.344;271;-0.3754599384245701;0;0
8.349;271;-0.38264329991581847;0;0
8.354;271;-0.3901068892876648;0;0
8.359;271;-0.39786743057213336;0;0
8.364;271;-0.40594300560201346;0;0
8.369;271;-0.41435319466313086;0;0
8.374;271;-0.42311923500042314;0;0
8.379;271;-0.432264199878966;0;0
8.384;271;-0.4418132013784572;0;0
8.389;271;-0.4517936206740761;0;0
8.394;271;-0.4622353702505316;0;0
8.399;271;-0.4731711933377496;0;0
8.404;271;-0.4846370068818455;0;0
8.409;271;-0.49667229561935033;0;0
8.414;271;-0.5093205663644698;0;0
8.419;271;-0.5226298735235706;0;0
8.424;271;-0.5366534292154127;0;0
8.429;271;-0.5514503143266791;0;0
8.434;271;-0.5670863105364636;0;0
8.439;271;-0.5836348780203104;0;0
8.444;271;-0.6011783094865937;0;0
8.449;271;-0.6198090987975704;0;0
8.454;271;-0.6396315722144045;0;0
8.459;271;-0.6607638430025109;0;0
8.464;271;-0.6833401667350006;0;0
8.469;271;-0.7075137965190321;0;0
8.474;271;-0.7334604664808567;0;0
8.479;271;-0.7613826709304097;0;0
8.484;271;-0.7915149596327371;0;0
8.489;271;-0.8241305422778968;0;0
8.494;271;-0.8594018563080096;0;0
8.499;271;-0.8979885057471264;0;0
8.504;271;-0.9402030838661151;0;0
8.509;271;-0.9865824782951855;0;0
8.514;271;-1.03777501037775;0;0
8.519;271;-1.094570928196147;0;0
8.524;271;-1.1579434923575729;0;0
8.529;271;-1.2291052114060963;0;0
8.534;271;-1.3095861707700367;0;0
8.539;271;-1.4013452914798206;0;0
8.544;271;-1.506931886678722;0;0
8.549;271;-1.6297262059973925;0;0
8.554;271;-1.7743080198722498;0;0
8.559;278;-3.0637254901960786;0;0
8.564;278;-2.935995302407516;0;0
8.569;278;-1.9440124416796267;0;0
8.574;278;-2.153316106804479;0;0
8.579;278;-2.413127413127413;0;0
8.584;278;-2.74423710208562;0;0
8.589;278;-3.1806615776081424;0;0
8.594;278;-3.7821482602118004;0;0
8.599;278;-4.664179104477612;0;0
8.604;278;-6.082725060827251;0;0
8.609;278;-8.741258741258742;0;0
8.614;278;-15.527950310559007;0;0
8.619;278;-68.4931506849315;0;0
8.624;278;28.40909090909091;0;0
8.629;278;11.737089201877934;0;0
8.634;278;7.396449704142012;0;0
8.639;278;5.399568034557236;0;0
8.644;278;4.2517006802721085;0;0
8.649;286;-1.8248175182481752;0;0
8.654;286;-1.3561160835367507;0;0
8.659;286;-1.4547570555717195;0;0
8.664;286;-1.5688735487919674;0;0
8.669;286;-1.7024174327545114;0;0
8.674;286;-1.8608113137327875;0;0
8.679;286;-2.0517029134181373;0;0
8.684;286;-2.286236854138089;0;0
8.689;286;-2.581311306143521;0;0
8.694;286;-2.963841138114997;0;0
8.699;286;-3.4794711203897006;0;0
8.704;286;-4.212299915754001;0;0
8.709;286;-5.336179295624333;0;0
8.714;286;-7.27802037845706;0;0
8.719;286;-11.441647597254004;0;0
8.724;286;-26.737967914438503;0;0
8.729;286;80.64516129032258;0;0
8.734;286;16.025641025641026;0;0
8.739;286;8.896797153024911;0;0
8.744;286;6.157635467980295;0;0
8.749;286;4.708097928436912;0;0
8.754;286;3.8109756097560976;0;0
8.759;286;3.201024327784891;0;0
8.764;286;2.759381898454746;0;0
8.769;286;-0.7274843590862796;0;0
8.774;286;-0.35536602700781805;0;0
8.779;286;-0.361794500723589;0;0
8.784;286;-0.36845983787767134;0;0
8.789;286;-0.37537537537537535;0;0
8.794;286;-0.38255547054322875;0;0
8.799;286;-0.39001560062402496;0;0
8.804;286;-0.39777247414478917;0;0
8.809;286;-0.40584415584415584;0;0
8.814;286;-0.4142502071251036;0;0
8.819;286;-0.4230118443316413;0;0
8.824;286;-0.43215211754537597;0;0
8.829;286;-0.4416961130742049;0;0
8.834;286;-0.45167118337850043;0;0
8.839;286;-0.46210720887245843;0;0
8.844;286;-0.47303689687795647;0;0
8.849;286;-0.4844961240310077;0;0
8.854;286;-0.49652432969215493;0;0
8.859;286;-0.5091649694501018;0;0
8.864;286;-0.522466039707419;0;0
8.869;286;-0.5364806866952789;0;0
8.874;286;-0.5512679162072768;0;0
8.879;286;-0.5668934240362812;0;0
8.884;286;-0.5834305717619603;0;0
8.889;286;-0.6009615384615384;0;0
8.894;286;-0.6195786864931846;0;0
8.899;286;-0.639386189258312;0;0
8.904;286;-0.6605019815059445;0;0
8.909;286;-0.6830601092896175;0;0
8.914;286;-0.7072135785007072;0;0
8.919;286;-0.7331378299120235;0;0
8.924;286;-0.76103500761035;0;0
8.929;286;-0.7911392405063291;0;0
8.934;286;-0.8235875473562839;0;0
8.939;286;-0.8589589417625837;0;0
8.944;286;-0.8975049362771496;0;0
8.949;286;-0.9396729937981583;0;0
8.954;286;-0.9859988168014199;0;0
8.959;286;-1.0371292263015972;0;0
8.964;286;-1.0938525486764383;0;0
8.969;286;-1.157139551029854;0;0
8.974;286;-1.2281994595922379;0;0
8.979;286;-1.308557969118032;0;0
8.984;286;-1.4001680201624196;0;0
8.989;286;-1.5055706112616682;0;0
8.994;286;-1.6281341582546403;0;0
8.999;286;-1.772421127259837;0;0
9.004;286;-1.9447685725398678;0;0
9.009;286;-2.154243860404998;0;0
9.014;286;-2.4142926122646067;0;0
9.019;286;-2.745744096650192;0;0
9.024;286;-3.1826861871419476;0;0
9.029;286;-3.785011355034065;0;0
9.034;286;-4.6685340802987865;0;0
9.039;286;-6.090133982947624;0;0
9.044;286;-8.756567425569177;0;0
9.049;286;-15.576323987538942;0;0
9.054;286;-70.4225352112676;0;0
9.059;286;28.089887640449437;0;0
9.064;286;11.682242990654206;0;0