t;e;d;i;set

1.059;0;3;0;0
1.064;0;3;0;0
1.069;0;3;0;0
1.074;0;3;0;0
1.079;0;3;0;0
1.084;0;3;0;0
1.089;0;3;0;0
1.094;0;3;0;0
1.099;0;3;0;0
1.104;0;3;0;0
1.109;0;3;0;0
1.114;0;3;0;0
1.119;0;3;0;0
1.124;0;3;0;0
1.129;0;3;0;0
1.134;0;3;0;0
1.139;0;3;0;0
1.144;0;3;0;0
1.149;0;3;0;0
1.154;0;3;0;0
1.159;0;3;0;0
1.164;0;3;0;0
1.169;0;3;0;0
1.174;0;3;0;0
1.179;0;3;0;0
1.184;0;3;0;0
1.189;0;3;0;0
1.194;0;3;0;0
1.199;0;3;0;0
1.204;0;3;0;0
1.209;0;3;0;0
1.214;0;3;0;0
1.219;0;3;0;0
1.224;0;3;0;0
1.229;0;3;0;0
1.234;0;3;0;0
1.239;0;3;0;0
1.244;0;3;0;0
1.249;0;3;0;0
1.254;0;3;0;0
1.259;0;3;0;0
1.264;0;3;0;0
1.269;0;3;0;0
1.274;0;3;0;0
1.279;0;3;0;0
1.284;0;3;0;0
1.289;0;3;0;0
1.294;0;3;0;0
1.299;0;3;0;0
1.304;0;3;0;0
1.309;0;3;0;0
1.314;0;3;0;0
1.319;0;3;0;0
1.324;0;3;0;0
1.329;0;3;0;0
1.334;0;3;0;0
1.339;0;3;0;0
1.344;0;3;0;0
1.349;0;3;0;0
1.354;0;3;0;0
1.359;0;3;0;0
1.364;0;3;0;0
1.369;0;3;0;0
1.374;0;3;0;0
1.379;0;3;0;0
1.384;0;3;0;0
1.389;0;3;0;0
1.394;0;3;0;0
1.399;0;3;0;0
1.404;0;3;0;0
1.409;0;3;0;0
1.414;0;3;0;0
1.419;0;3;0;0
1.424;0;3;0;0
1.429;0;3;0;0
1.434;0;3;0;0
1.439;0;3;0;0
1.444;0;3;0;0
1.449;0;3;0;0
1.454;0;3;0;0
1.459;0;3;0;0
1.464;0;3;0;0
1.469;0;3;0;0
1.474;0;3;0;0
1.479;0;3;0;0
1.484;0;3;0;0
1.489;0;3;0;0
1.494;0;3;0;0
1.499;0;3;0;0
1.504;0;4;0;0
1.509;15;5;0;0
1.514;23;9;0;0
1.519;47;14;0;0
1.524;70;19;0;0
1.529;86;24;0;0
1.534;109;29;0;0
1.539;140;33;0;0
1.544;156;36;0;0
1.549;187;40;0;0
1.554;202;44;0;0
1.559;233;45;0;0
1.564;248;46;0;0
1.569;271;47;0;0
1.574;294;50;0;0
1.579;323;53;0;0
1.584;353;56;0;0
1.589;382;59;0;0
1.594;411;62;0;0
1.599;446;66;0;0
1.604;481;71;0;0
1.609;522;77;0;0
1.614;555;88;0;0
1.619;587;90;0;0
1.624;612;89;0;0
1.629;643;88;0;0
1.634;667;88;0;0
1.639;695;88;0;0
1.644;718;86;0;0
1.649;734;83;0;0
1.654;755;81;0;0
1.659;770;80;0;0
1.664;785;77;0;0
1.669;799;75;0;0
1.674;813;71;0;0
1.679;822;68;0;0
1.684;835;69;0;0
1.689;840;65;0;0
1.694;852;61;0;0
1.699;856;57;0;0
1.704;868;54;0;0
1.709;872;51;0;0
1.714;876;48;0;0
1.719;880;44;0;0
1.724;880;40;0;0
1.729;883;37;0;0
1.734;883;34;0;0
1.739;887;30;0;0
1.744;887;27;0;0
1.749;887;24;0;0
1.754;887;22;0;0
1.759;887;20;0;0
1.764;887;18;0;0
1.769;887;16;0;0
1.774;891;15;0;0
1.779;891;13;0;0
1.784;891;12;0;0
1.789;891;11;0;0
1.794;891;10;0;0
1.799;891;9;0;0
1.804;891;9;0;0
1.809;891;8;0;0
1.814;891;7;0;0
1.819;891;7;0;0
1.824;891;6;0;0
1.829;891;6;0;0
1.834;891;6;0;0
1.839;891;5;0;0
1.844;891;5;0;0
1.849;891;5;0;0
1.854;891;5;0;0
1.859;891;5;0;0
1.864;891;4;0;0
1.869;891;4;0;0
1.874;891;4;0;0
1.879;891;4;0;0
1.884;891;4;0;0
1.889;891;4;0;0
1.894;891;4;0;0
1.899;891;3;0;0
1.904;887;3;0;0
1.909;887;2;0;0
1.914;883;1;0;0
1.919;880;1;0;0
1.924;872;-1;0;0
1.929;864;-7;0;0
1.934;852;-13;0;0
1.939;840;-19;0;0
1.944;822;-27;0;0
1.949;804;-35;0;0
1.954;780;-44;0;0
1.959;760;-58;0;0
1.964;728;-65;0;0
1.969;695;-76;0;0
1.974;649;-96;0;0
1.979;612;-102;0;0
1.984;568;-109;0;0
1.989;515;-116;0;0
1.994;460;-126;0;0
1.999;397;-134;0;0
2.004;331;-140;0;0
2.009;271;-144;0;0
2.014;202;-148;0;0
2.019;140;-154;0;0
2.024;62;-159;0;0
2.029;-7;-163;0;0
2.034;-78;-166;0;0
2.039;-148;-168;0;0
2.044;-218;-172;0;0
2.049;-278;-172;0;0
2.054;-346;-171;0;0
2.059;-404;-171;0;0
2.064;-460;-168;0;0
2.069;-509;-166;0;0
2.074;-562;-165;0;0
2.079;-606;-164;0;0
2.084;-649;-162;0;0
2.089;-684;-158;0;0
2.094;-718;-153;0;0
2.099;-750;-148;0;0
2.104;-780;-142;0;0
2.109;-799;-136;0;0
2.114;-818;-128;0;0
2.119;-835;-125;0;0
2.124;-844;-116;0;0
2.129;-856;-108;0;0
2.134;-868;-101;0;0
2.139;-872;-94;0;0
2.144;-876;-84;0;0
2.149;-876;-76;0;0
2.154;-876;-69;0;0
2.159;-876;-64;0;0
2.164;-868;-53;0;0
2.169;-868;-44;0;0
2.174;-856;-34;0;0
2.179;-848;-22;0;0
2.184;-831;-9;0;0
2.189;-813;3;0;0
2.194;-794;14;0;0
2.199;-775;29;0;0
2.204;-750;42;0;0
2.209;-718;54;0;0
2.214;-684;63;0;0
2.219;-649;73;0;0
2.224;-606;80;0;0
2.229;-562;90;0;0
2.234;-515;99;0;0
2.239;-467;106;0;0
2.244;-411;113;0;0
2.249;-353;119;0;0
2.254;-294;125;0;0
2.259;-233;131;0;0
2.264;-171;137;0;0
2.269;-109;142;0;0
2.274;-39;147;0;0
2.279;31;151;0;0
2.284;101;154;0;0
2.289;164;156;0;0
2.294;233;156;0;0
2.299;286;155;0;0
2.304;346;155;0;0
2.309;397;154;0;0
2.314;453;153;0;0
2.319;502;153;0;0
2.324;549;152;0;0
2.329;600;151;0;0
2.334;631;146;0;0
2.339;667;141;0;0
2.344;695;134;0;0
2.349;718;127;0;0
2.354;739;122;0;0
2.359;765;117;0;0
2.364;780;109;0;0
2.369;794;101;0;0
2.374;804;94;0;0
2.379;818;86;0;0
2.384;822;80;0;0
2.389;827;72;0;0
2.394;827;64;0;0
2.399;827;57;0;0
2.404;827;52;0;0
2.409;818;42;0;0
2.414;813;34;0;0
2.419;804;25;0;0
2.424;790;14;0;0
2.429;780;3;0;0
2.434;760;-6;0;0
2.439;739;-15;0;0
2.444;718;-26;0;0
2.449;695;-37;0;0
2.454;661;-47;0;0
2.459;631;-56;0;0
2.464;600;-65;0;0
2.469;555;-73;0;0
2.474;509;-82;0;0
2.479;467;-93;0;0
2.484;411;-102;0;0
2.489;353;-110;0;0
2.494;301;-116;0;0
2.499;241;-121;0;0
2.504;179;-127;0;0
2.509;117;-132;0;0
2.514;54;-137;0;0
2.519;-7;-141;0;0
2.524;-78;-145;0;0
2.529;-140;-148;0;0
2.534;-202;-151;0;0
2.539;-263;-152;0;0
2.544;-316;-151;0;0
2.549;-368;-151;0;0
2.554;-418;-151;0;0
2.559;-467;-148;0;0
2.564;-509;-145;0;0
2.569;-555;-146;0;0
2.574;-600;-143;0;0
2.579;-625;-139;0;0
2.584;-661;-135;0;0
2.589;-690;-130;0;0
2.594;-718;-125;0;0
2.599;-739;-121;0;0
2.604;-760;-114;0;0
2.609;-775;-106;0;0
2.614;-785;-99;0;0
2.619;-799;-93;0;0
2.624;-809;-86;0;0
2.629;-809;-78;0;0
2.634;-813;-76;0;0
2.639;-818;-70;0;0
2.644;-813;-58;0;0
2.649;-809;-46;0;0
2.654;-804;-37;0;0
2.659;-799;-28;0;0
2.664;-790;-20;0;0
2.669;-775;-10;0;0
2.674;-760;3;0;0
2.679;-739;14;0;0
2.684;-718;23;0;0
2.689;-695;30;0;0
2.694;-661;41;0;0
2.699;-631;51;0;0
2.704;-600;60;0;0
2.709;-562;72;0;0
2.714;-522;79;0;0
2.719;-474;86;0;0
2.724;-432;94;0;0
2.729;-382;99;0;0
2.734;-331;104;0;0
2.739;-278;110;0;0
2.744;-225;115;0;0
2.749;-164;121;0;0
2.754;-109;126;0;0
2.759;-47;129;0;0
2.764;15;134;0;0
2.769;78;138;0;0
2.774;133;139;0;0
2.779;187;140;0;0
2.784;248;140;0;0
2.789;294;140;0;0
2.794;353;140;0;0
2.799;397;139;0;0
2.804;439;137;0;0
2.809;488;135;0;0
2.814;529;134;0;0
2.819;568;131;0;0
2.824;600;127;0;0
2.829;625;122;0;0
2.834;649;116;0;0
2.839;673;110;0;0
2.844;695;104;0;0
2.849;712;97;0;0
2.854;728;91;0;0
2.859;739;85;0;0
2.864;750;78;0;0
2.869;760;71;0;0
2.874;760;65;0;0
2.879;760;59;0;0
2.884;760;54;0;0
2.889;760;49;0;0
2.894;755;42;0;0
2.899;744;34;0;0
2.904;739;25;0;0
2.909;723;15;0;0
2.914;707;5;0;0
2.919;690;-5;0;0
2.924;673;-15;0;0
2.929;649;-25;0;0
2.934;625;-38;0;0
2.939;594;-46;0;0
2.944;562;-55;0;0
2.949;522;-63;0;0
2.954;481;-71;0;0
2.959;439;-80;0;0
2.964;397;-87;0;0
2.969;346;-94;0;0
2.974;294;-101;0;0
2.979;248;-105;0;0
2.984;195;-111;0;0
2.989;140;-117;0;0
2.994;78;-123;0;0
2.999;15;-127;0;0
3.004;-31;-129;0;0
3.009;-94;-133;0;0
3.014;-156;-136;0;0
3.019;-210;-138;0;0
3.024;-256;-138;0;0
3.029;-309;-137;0;0
3.034;-353;-138;0;0
3.039;-404;-136;0;0
3.044;-439;-133;0;0
3.049;-481;-130;0;0
3.054;-522;-129;0;0
3.059;-555;-128;0;0
3.064;-587;-123;0;0
3.069;-612;-118;0;0
3.074;-643;-114;0;0
3.079;-667;-111;0;0
3.084;-684;-105;0;0
3.089;-701;-98;0;0
3.094;-718;-93;0;0
3.099;-728;-87;0;0
3.104;-739;-87;0;0
3.109;-739;-87;0;0
3.114;-744;-78;0;0
3.119;-750;-69;0;0
3.124;-750;-61;0;0
3.129;-744;-51;0;0
3.134;-739;-42;0;0
3.139;-734;-34;0;0
3.144;-718;-25;0;0
3.149;-712;-16;0;0
3.154;-695;-6;0;0
3.159;-673;5;0;0
3.164;-649;14;0;0
3.169;-631;21;0;0
3.174;-600;30;0;0
3.179;-575;41;0;0
3.184;-535;50;0;0
3.189;-502;57;0;0
3.194;-467;64;0;0
3.199;-425;71;0;0
3.204;-382;78;0;0
3.209;-346;83;0;0
3.214;-294;89;0;0
3.219;-248;94;0;0
3.224;-202;100;0;0
3.229;-140;106;0;0
3.234;-94;109;0;0
3.239;-39;114;0;0
3.244;15;118;0;0
3.249;70;121;0;0
3.254;125;122;0;0
3.259;171;124;0;0
3.264;225;124;0;0
3.269;263;124;0;0
3.274;316;123;0;0
3.279;360;123;0;0
3.284;404;125;0;0
3.289;439;123;0;0
3.294;481;121;0;0
3.299;515;118;0;0
3.304;549;114;0;0
3.309;575;109;0;0
3.314;600;104;0;0
3.319;619;98;0;0
3.324;637;93;0;0
3.329;649;88;0;0
3.334;667;82;0;0
3.339;673;76;0;0
3.344;684;69;0;0
3.349;690;63;0;0
3.354;695;57;0;0
3.359;695;51;0;0
3.364;695;46;0;0
3.369;690;38;0;0
3.374;684;30;0;0
3.379;673;22;0;0
3.384;667;12;0;0
3.389;649;5;0;0
3.394;637;-2;0;0
3.399;619;-11;0;0
3.404;600;-19;0;0
3.409;575;-27;0;0
3.414;549;-36;0;0
3.419;522;-48;0;0
3.424;488;-56;0;0
3.429;446;-63;0;0
3.434;411;-70;0;0
3.439;368;-76;0;0
3.444;323;-82;0;0
3.449;286;-87;0;0
3.454;241;-92;0;0
3.459;195;-98;0;0
3.464;140;-104;0;0
3.469;94;-110;0;0
3.474;47;-114;0;0
3.479;-7;-115;0;0
3.484;-62;-118;0;0
3.489;-109;-121;0;0
3.494;-164;-124;0;0
3.499;-210;-124;0;0
3.504;-256;-124;0;0
3.509;-301;-123;0;0
3.514;-346;-123;0;0
3.519;-382;-121;0;0
3.524;-418;-119;0;0
3.529;-453;-115;0;0
3.534;-488;-113;0;0
3.539;-522;-110;0;0
3.544;-549;-107;0;0
3.549;-575;-103;0;0
3.554;-594;-97;0;0
3.559;-612;-93;0;0
3.564;-631;-90;0;0
3.569;-649;-85;0;0
3.574;-655;-81;0;0
3.579;-667;-74;0;0
3.584;-673;-67;0;0
3.589;-673;-61;0;0
3.594;-673;-56;0;0
3.599;-673;-41;0;0
3.604;-673;-29;0;0
3.609;-673;-20;0;0
3.614;-661;-15;0;0
3.619;-649;-10;0;0
3.624;-643;-5;0;0
3.629;-625;1;0;0
3.634;-606;8;0;0
3.639;-587;17;0;0
3.644;-562;25;0;0
3.649;-542;32;0;0
3.654;-515;42;0;0
3.659;-481;49;0;0
3.664;-453;56;0;0
3.669;-418;60;0;0
3.674;-382;65;0;0
3.679;-346;71;0;0
3.684;-301;76;0;0
3.689;-263;81;0;0
3.694;-218;91;0;0
3.699;-171;95;0;0
3.704;-125;99;0;0
3.709;-78;102;0;0
3.714;-31;105;0;0
3.719;15;108;0;0
3.724;62;110;0;0
3.729;109;111;0;0
3.734;156;111;0;0
3.739;202;112;0;0
3.744;241;111;0;0
3.749;278;110;0;0
3.754;323;110;0;0
3.759;360;109;0;0
3.764;397;107;0;0
3.769;432;105;0;0
3.774;460;102;0;0
3.779;488;98;0;0
3.784;515;94;0;0
3.789;535;90;0;0
3.794;555;86;0;0
3.799;575;83;0;0
3.804;587;77;0;0
3.809;600;73;0;0
3.814;612;67;0;0
3.819;619;61;0;0
3.824;625;56;0;0
3.829;625;51;0;0
3.834;625;46;0;0
3.839;625;42;0;0
3.844;625;39;0;0
3.849;619;32;0;0
3.854;606;26;0;0
3.859;600;17;0;0
3.864;581;5;0;0
3.869;568;-2;0;0
3.874;549;-10;0;0
3.879;529;-17;0;0
3.884;502;-24;0;0
3.889;474;-32;0;0
3.894;446;-39;0;0
3.899;418;-47;0;0
3.904;382;-53;0;0
3.909;353;-59;0;0
3.914;316;-65;0;0
3.919;278;-71;0;0
3.924;233;-77;0;0
3.929;195;-87;0;0
3.934;148;-91;0;0
3.939;109;-95;0;0
3.944;62;-98;0;0
3.949;15;-102;0;0
3.954;-31;-104;0;0
3.959;-78;-107;0;0
3.964;-117;-108;0;0
3.969;-164;-110;0;0
3.974;-210;-111;0;0
3.979;-248;-110;0;0
3.984;-286;-109;0;0
3.989;-323;-109;0;0
3.994;-360;-107;0;0
3.999;-389;-105;0;0
4.004;-418;-103;0;0
4.009;-446;-100;0;0
4.014;-474;-97;0;0
4.019;-495;-94;0;0
4.024;-522;-90;0;0
4.029;-542;-86;0;0
4.034;-562;-82;0;0
4.039;-575;-77;0;0
4.044;-581;-72;0;0
4.049;-594;-66;0;0
4.054;-600;-62;0;0
4.059;-600;-58;0;0
4.064;-606;-59;0;0
4.069;-606;-61;0;0
4.074;-606;-62;0;0
4.079;-600;-53;0;0
4.084;-600;-43;0;0
4.089;-587;-35;0;0
4.094;-575;-26;0;0
4.099;-562;-17;0;0
4.104;-549;-9;0;0
4.109;-535;-1;0;0
4.114;-515;7;0;0
4.119;-488;16;0;0
4.124;-467;24;0;0
4.129;-439;30;0;0
4.134;-411;37;0;0
4.139;-382;43;0;0
4.144;-353;49;0;0
4.149;-316;54;0;0
4.154;-278;60;0;0
4.159;-241;65;0;0
4.164;-202;71;0;0
4.169;-164;76;0;0
4.174;-125;79;0;0
4.179;-78;83;0;0
4.184;-39;88;0;0
4.189;7;91;0;0
4.194;47;93;0;0
4.199;86;95;0;0
4.204;125;100;0;0
4.209;171;100;0;0
4.214;202;100;0;0
4.219;241;99;0;0
4.224;278;102;0;0
4.229;309;100;0;0
4.234;338;97;0;0
4.239;375;95;0;0
4.244;404;92;0;0
4.249;425;89;0;0
4.254;453;86;0;0
4.259;467;83;0;0
4.264;495;78;0;0
4.269;509;74;0;0
4.274;522;69;0;0
4.279;535;64;0;0
4.284;549;60;0;0
4.289;549;56;0;0
4.294;555;51;0;0
4.299;562;46;0;0
4.304;562;42;0;0
4.309;555;37;0;0
4.314;555;29;0;0
4.319;549;23;0;0
4.324;542;18;0;0
4.329;529;12;0;0
4.334;522;5;0;0
4.339;502;0;0;0
4.344;481;-8;0;0
4.349;467;-16;0;0
4.354;439;-26;0;0
4.359;418;-31;0;0
4.364;397;-37;0;0
4.369;368;-42;0;0
4.374;338;-54;0;0
4.379;309;-59;0;0
4.384;271;-63;0;0
4.389;233;-67;0;0
4.394;202;-72;0;0
4.399;171;-76;0;0
4.404;125;-80;0;0
4.409;86;-83;0;0
4.414;47;-87;0;0
4.419;15;-89;0;0
4.424;-31;-92;0;0
4.429;-70;-94;0;0
4.434;-109;-95;0;0
4.439;-148;-97;0;0
4.444;-187;-98;0;0
4.449;-225;-97;0;0
4.454;-256;-96;0;0
4.459;-294;-95;0;0
4.464;-323;-94;0;0
4.469;-353;-98;0;0
4.474;-382;-94;0;0
4.479;-404;-91;0;0
4.484;-425;-87;0;0
4.489;-439;-83;0;0
4.494;-467;-79;0;0
4.499;-481;-75;0;0
4.504;-495;-72;0;0
4.509;-509;-67;0;0
4.514;-522;-63;0;0
4.519;-529;-60;0;0
4.524;-535;-54;0;0
4.529;-542;-50;0;0
4.534;-542;-46;0;0
4.539;-542;-42;0;0
4.544;-542;-39;0;0
4.549;-535;-33;0;0
4.554;-529;-26;0;0
4.559;-522;-20;0;0
4.564;-509;-13;0;0
4.569;-495;-6;0;0
4.574;-481;0;0;0
4.579;-467;6;0;0
4.584;-446;12;0;0
4.589;-425;18;0;0
4.594;-404;24;0;0
4.599;-382;29;0;0
4.604;-353;34;0;0
4.609;-323;40;0;0
4.614;-301;44;0;0
4.619;-271;48;0;0
4.624;-233;53;0;0
4.629;-202;58;0;0
4.634;-171;62;0;0
4.639;-133;66;0;0
4.644;-101;69;0;0
4.649;-62;73;0;0
4.654;-15;77;0;0
4.659;15;79;0;0
4.664;47;81;0;0
4.669;86;83;0;0
4.674;125;83;0;0
4.679;156;84;0;0
4.684;187;84;0;0
4.689;218;83;0;0
4.694;248;82;0;0
4.699;278;81;0;0
4.704;309;80;0;0
4.709;331;79;0;0
4.714;360;77;0;0
4.719;382;75;0;0
4.724;404;71;0;0
4.729;418;68;0;0
4.734;439;65;0;0
4.739;453;62;0;0
4.744;467;58;0;0
4.749;467;55;0;0
4.754;481;50;0;0
4.759;488;46;0;0
4.764;488;41;0;0
4.769;488;38;0;0
4.774;488;30;0;0
4.779;488;20;0;0
4.784;481;13;0;0
4.789;474;9;0;0
4.794;467;6;0;0
4.799;453;2;0;0
4.804;439;-2;0;0
4.809;432;-8;0;0
4.814;411;-13;0;0
4.819;397;-18;0;0
4.824;375;-24;0;0
4.829;353;-29;0;0
4.834;323;-35;0;0
4.839;301;-39;0;0
4.844;278;-43;0;0
4.849;248;-48;0;0
4.854;218;-54;0;0
4.859;187;-58;0;0
4.864;156;-61;0;0
4.869;125;-65;0;0
4.874;86;-69;0;0
4.879;47;-72;0;0
4.884;15;-74;0;0
4.889;-15;-76;0;0
4.894;-47;-79;0;0
4.899;-86;-81;0;0
4.904;-117;-82;0;0
4.909;-156;-84;0;0
4.914;-187;-85;0;0
4.919;-218;-92;0;0
4.924;-248;-90;0;0
4.929;-271;-89;0;0
4.934;-301;-87;0;0
4.939;-323;-85;0;0
4.944;-353;-81;0;0
4.949;-368;-78;0;0
4.954;-389;-75;0;0
4.959;-411;-72;0;0
4.964;-418;-68;0;0
4.969;-432;-63;0;0
4.974;-446;-60;0;0
4.979;-453;-56;0;0
4.984;-467;-52;0;0
4.989;-467;-48;0;0
4.994;-467;-45;0;0
4.999;-474;-41;0;0
5.004;-474;-38;0;0
5.009;-474;-35;0;0
5.014;-467;-23;0;0
5.019;-467;-13;0;0
5.024;-460;-9;0;0
5.029;-446;-5;0;0
5.034;-439;0;0;0
5.039;-425;4;0;0
5.044;-411;8;0;0
5.049;-397;12;0;0
5.054;-382;16;0;0
5.059;-360;21;0;0
5.064;-338;25;0;0
5.069;-323;30;0;0
5.074;-294;34;0;0
5.079;-271;38;0;0
5.084;-241;42;0;0
5.089;-210;46;0;0
5.094;-187;50;0;0
5.099;-156;54;0;0
5.104;-125;57;0;0
5.109;-94;59;0;0
5.114;-62;63;0;0
5.119;-31;66;0;0
5.124;0;68;0;0
5.129;31;68;0;0
5.134;62;70;0;0
5.139;94;71;0;0
5.144;125;72;0;0
5.149;156;72;0;0
5.154;179;72;0;0
5.159;202;71;0;0
5.164;233;70;0;0
5.169;256;68;0;0
5.174;278;67;0;0
5.179;301;66;0;0
5.184;323;65;0;0
5.189;346;63;0;0
5.194;360;61;0;0
5.199;368;57;0;0
5.204;382;53;0;0
5.209;389;50;0;0
5.214;404;46;0;0
5.219;411;43;0;0
5.224;418;40;0;0
5.229;418;37;0;0
5.234;425;34;0;0
5.239;425;31;0;0
5.244;418;23;0;0
5.249;411;16;0;0
5.254;411;12;0;0
5.259;404;8;0;0
5.264;389;5;0;0
5.269;382;0;0;0
5.274;368;-8;0;0
5.279;353;-13;0;0
5.284;338;-16;0;0
5.289;323;-27;0;0
5.294;301;-29;0;0
5.299;278;-33;0;0
5.304;263;-38;0;0
5.309;233;-43;0;0
5.314;210;-45;0;0
5.319;187;-47;0;0
5.324;164;-58;0;0
5.329;133;-61;0;0
5.334;101;-65;0;0
5.339;78;-67;0;0
5.344;47;-68;0;0
5.349;15;-68;0;0
5.354;-15;-70;0;0
5.359;-47;-72;0;0
5.364;-70;-78;0;0
5.369;-101;-77;0;0
5.374;-133;-77;0;0
5.379;-164;-78;0;0
5.384;-187;-76;0;0
5.389;-210;-75;0;0
5.394;-233;-74;0;0
5.399;-263;-72;0;0
5.404;-278;-70;0;0
5.409;-301;-69;0;0
5.414;-323;-66;0;0
5.419;-338;-64;0;0
5.424;-353;-61;0;0
5.429;-368;-58;0;0
5.434;-382;-55;0;0
5.439;-389;-52;0;0
5.444;-397;-48;0;0
5.449;-404;-45;0;0
5.454;-411;-42;0;0
5.459;-411;-39;0;0
5.464;-411;-37;0;0
5.469;-411;-35;0;0
5.474;-411;-34;0;0
5.479;-411;-32;0;0
5.484;-404;-29;0;0
5.489;-397;-23;0;0
5.494;-389;-19;0;0
5.499;-382;-10;0;0
5.504;-368;-4;0;0
5.509;-353;0;0;0
5.514;-338;5;0;0
5.519;-323;10;0;0
5.524;-309;14;0;0
5.529;-294;19;0;0
5.534;-271;23;0;0
5.539;-248;27;0;0
5.544;-225;32;0;0
5.549;-202;36;0;0
5.554;-171;39;0;0
5.559;-148;42;0;0
5.564;-125;51;0;0
5.569;-101;53;0;0
5.574;-70;60;0;0
5.579;-47;63;0;0
5.584;-15;63;0;0
5.589;15;63;0;0
5.594;39;63;0;0
5.599;70;64;0;0
5.604;94;65;0;0
5.609;109;64;0;0
5.614;140;63;0;0
5.619;164;62;0;0
5.624;187;62;0;0
5.629;210;62;0;0
5.634;233;61;0;0
5.639;248;58;0;0
5.644;263;56;0;0
5.649;278;53;0;0
5.654;294;52;0;0
5.659;309;49;0;0
5.664;323;47;0;0
5.669;331;45;0;0
5.674;346;42;0;0
5.679;353;40;0;0
5.684;353;38;0;0
5.689;353;36;0;0
5.694;360;33;0;0
5.699;360;29;0;0
5.704;360;27;0;0
5.709;353;21;0;0
5.714;353;15;0;0
5.719;346;11;0;0
5.724;338;8;0;0
5.729;331;5;0;0
5.734;323;0;0;0
5.739;309;-2;0;0
5.744;294;-7;0;0
5.749;278;-12;0;0
5.754;263;-17;0;0
5.759;248;-21;0;0
5.764;233;-25;0;0
5.769;210;-28;0;0
5.774;187;-32;0;0
5.779;171;-36;0;0
5.784;140;-40;0;0
5.789;117;-43;0;0
5.794;94;-46;0;0
5.799;70;-49;0;0
5.804;47;-51;0;0
5.809;15;-53;0;0
5.814;-7;-55;0;0
5.819;-31;-57;0;0
5.824;-54;-67;0;0
5.829;-78;-67;0;0
5.834;-109;-66;0;0
5.839;-133;-66;0;0
5.844;-156;-66;0;0
5.849;-171;-65;0;0
5.854;-195;-63;0;0
5.859;-218;-62;0;0
5.864;-233;-62;0;0
5.869;-256;-59;0;0
5.874;-271;-57;0;0
5.879;-286;-55;0;0
5.884;-301;-54;0;0
5.889;-316;-51;0;0
5.894;-323;-49;0;0
5.899;-331;-46;0;0
5.904;-346;-43;0;0
5.909;-353;-40;0;0
5.914;-353;-38;0;0
5.919;-353;-35;0;0
5.924;-360;-33;0;0
5.929;-360;-30;0;0
5.934;-360;-28;0;0
5.939;-353;-18;0;0
5.944;-353;-11;0;0
5.949;-346;-5;0;0
5.954;-338;-3;0;0
5.959;-331;-1;0;0
5.964;-323;1;0;0
5.969;-316;4;0;0
5.974;-301;11;0;0
5.979;-286;18;0;0
5.984;-271;21;0;0
5.989;-256;24;0;0
5.994;-241;26;0;0
5.999;-225;34;0;0
6.004;-202;36;0;0
6.009;-179;37;0;0
6.014;-164;40;0;0
6.019;-140;46;0;0
6.024;-117;46;0;0
6.029;-94;47;0;0
6.034;-70;50;0;0
6.039;-47;52;0;0
6.044;-23;52;0;0
6.049;0;52;0;0
6.054;15;54;0;0
6.059;47;54;0;0
6.064;70;54;0;0
6.069;86;55;0;0
6.074;109;58;0;0
6.079;133;57;0;0
6.084;148;56;0;0
6.089;171;60;0;0
6.094;187;58;0;0
6.099;202;56;0;0
6.104;218;53;0;0
6.109;233;51;0;0
6.114;248;49;0;0
6.119;263;46;0;0
6.124;271;44;0;0
6.129;278;42;0;0
6.134;294;39;0;0
6.139;294;37;0;0
6.144;301;34;0;0
6.149;301;32;0;0
6.154;309;31;0;0
6.159;309;31;0;0
6.164;309;29;0;0
6.169;309;28;0;0
6.174;301;22;0;0
6.179;294;17;0;0
6.184;294;14;0;0
6.189;278;10;0;0
6.194;271;6;0;0
6.199;263;1;0;0
6.204;248;-2;0;0
6.209;241;-6;0;0
6.214;233;-10;0;0
6.219;210;-13;0;0
6.224;202;-17;0;0
6.229;179;-25;0;0
6.234;164;-29;0;0
6.239;140;-32;0;0
6.244;125;-34;0;0
6.249;109;-37;0;0
6.254;86;-38;0;0
6.259;62;-41;0;0
6.264;47;-44;0;0
6.269;23;-45;0;0
6.274;0;-47;0;0
6.279;-15;-59;0;0
6.284;-47;-58;0;0
6.289;-62;-57;0;0
6.294;-78;-57;0;0
6.299;-109;-56;0;0
6.304;-125;-56;0;0
6.309;-148;-57;0;0
6.314;-164;-55;0;0
6.319;-179;-54;0;0
6.324;-202;-52;0;0
6.329;-210;-51;0;0
6.334;-225;-49;0;0
6.339;-241;-48;0;0
6.344;-256;-45;0;0
6.349;-263;-44;0;0
6.354;-271;-42;0;0
6.359;-286;-40;0;0
6.364;-294;-37;0;0
6.369;-294;-36;0;0
6.374;-301;-33;0;0
6.379;-309;-31;0;0
6.384;-309;-28;0;0
6.389;-309;-26;0;0
6.394;-309;-24;0;0
6.399;-309;-23;0;0
6.404;-301;-20;0;0
6.409;-301;-16;0;0
6.414;-294;-11;0;0
6.419;-286;-7;0;0
6.424;-278;-3;0;0
6.429;-271;0;0;0
6.434;-263;2;0;0
6.439;-248;5;0;0
6.444;-233;9;0;0
6.449;-225;12;0;0
6.454;-210;15;0;0
6.459;-195;18;0;0
6.464;-179;21;0;0
6.469;-164;24;0;0
6.474;-148;26;0;0
6.479;-133;28;0;0
6.484;-109;31;0;0
6.489;-86;32;0;0
6.494;-70;36;0;0
6.499;-47;43;0;0
6.504;-31;43;0;0
6.509;-15;44;0;0
6.514;7;44;0;0
6.519;23;50;0;0
6.524;47;50;0;0
6.529;62;49;0;0
6.534;78;49;0;0
6.539;101;47;0;0
6.544;109;47;0;0
6.549;133;45;0;0
6.554;148;45;0;0
6.559;164;43;0;0
6.564;171;43;0;0
6.569;187;41;0;0
6.574;202;39;0;0
6.579;210;38;0;0
6.584;218;36;0;0
6.589;233;34;0;0
6.594;233;33;0;0
6.599;241;31;0;0
6.604;248;28;0;0
6.609;248;26;0;0
6.614;248;24;0;0
6.619;248;23;0;0
6.624;248;21;0;0
6.629;248;19;0;0
6.634;248;18;0;0
6.639;241;17;0;0
6.644;241;13;0;0
6.649;233;10;0;0
6.654;233;8;0;0
6.659;218;5;0;0
6.664;210;2;0;0
6.669;202;-1;0;0
6.674;187;-5;0;0
6.679;171;-8;0;0
6.684;164;-12;0;0
6.689;148;-15;0;0
6.694;140;-19;0;0
6.699;117;-21;0;0
6.704;109;-25;0;0
6.709;86;-26;0;0
6.714;70;-29;0;0
6.719;54;-31;0;0
6.724;39;-34;0;0
6.729;15;-35;0;0
6.734;0;-37;0;0
6.739;-15;-39;0;0
6.744;-31;-39;0;0
6.749;-47;-41;0;0
6.754;-70;-47;0;0
6.759;-78;-47;0;0
6.764;-101;-50;0;0
6.769;-117;-50;0;0
6.774;-133;-49;0;0
6.779;-148;-48;0;0
6.784;-164;-45;0;0
6.789;-171;-44;0;0
6.794;-187;-42;0;0
6.799;-202;-41;0;0
6.804;-210;-40;0;0
6.809;-218;-38;0;0
6.814;-225;-36;0;0
6.819;-233;-34;0;0
6.824;-241;-33;0;0
6.829;-241;-31;0;0
6.834;-248;-28;0;0
6.839;-256;-26;0;0
6.844;-256;-24;0;0
6.849;-256;-23;0;0
6.854;-256;-21;0;0
6.859;-256;-20;0;0
6.864;-256;-19;0;0
6.869;-248;-13;0;0
6.874;-241;-8;0;0
6.879;-241;-6;0;0
6.884;-233;-3;0;0
6.889;-225;0;0;0
6.894;-218;1;0;0
6.899;-210;4;0;0
6.904;-202;10;0;0
6.909;-187;13;0;0
6.914;-171;15;0;0
6.919;-164;17;0;0
6.924;-148;19;0;0
6.929;-140;20;0;0
6.934;-125;22;0;0
6.939;-109;24;0;0
6.944;-94;25;0;0
6.949;-78;28;0;0
6.954;-62;29;0;0
6.959;-47;31;0;0
6.964;-31;31;0;0
6.969;-15;33;0;0
6.974;0;33;0;0
6.979;15;34;0;0
6.984;31;34;0;0
6.989;47;35;0;0
6.994;62;35;0;0
6.999;78;35;0;0
7.004;86;35;0;0
7.009;101;34;0;0
7.014;109;34;0;0
7.019;125;33;0;0
7.024;133;32;0;0
7.029;140;32;0;0
7.034;156;30;0;0
7.039;164;29;0;0
7.044;171;32;0;0
7.049;179;33;0;0
7.054;187;32;0;0
7.059;187;29;0;0
7.064;195;27;0;0
7.069;195;25;0;0
7.074;202;25;0;0
7.079;202;25;0;0
7.084;202;24;0;0
7.089;202;23;0;0
7.094;195;22;0;0
7.099;195;17;0;0
7.104;187;13;0;0
7.109;187;10;0;0
7.114;179;7;0;0
7.119;171;1;0;0
7.124;164;-2;0;0
7.129;156;-4;0;0
7.134;148;-6;0;0
7.139;140;-9;0;0
7.144;125;-15;0;0
7.149;117;-18;0;0
7.154;109;-20;0;0
7.159;94;-21;0;0
7.164;78;-22;0;0
7.169;70;-24;0;0
7.174;54;-25;0;0
7.179;47;-27;0;0
7.184;31;-32;0;0
7.189;15;-34;0;0
7.194;0;-40;0;0
7.199;-15;-40;0;0
7.204;-31;-39;0;0
7.209;-47;-38;0;0
7.214;-54;-38;0;0
7.219;-70;-37;0;0
7.224;-78;-37;0;0
7.229;-94;-36;0;0
7.234;-109;-41;0;0
7.239;-117;-44;0;0
7.244;-133;-41;0;0
7.249;-140;-40;0;0
7.254;-148;-38;0;0
7.259;-156;-36;0;0
7.264;-164;-34;0;0
7.269;-171;-32;0;0
7.274;-179;-30;0;0
7.279;-187;-28;0;0
7.284;-195;-26;0;0
7.289;-195;-25;0;0
7.294;-202;-23;0;0
7.299;-202;-22;0;0
7.304;-202;-21;0;0
7.309;-202;-20;0;0
7.314;-202;-20;0;0
7.319;-202;-19;0;0
7.324;-202;-18;0;0
7.329;-202;-18;0;0
7.334;-195;-14;0;0
7.339;-187;-11;0;0
7.344;-187;-9;0;0
7.349;-179;-7;0;0
7.354;-171;-2;0;0
7.359;-164;1;0;0
7.364;-156;4;0;0
7.369;-148;6;0;0
7.374;-140;7;0;0
7.379;-133;9;0;0
7.384;-125;11;0;0
7.389;-109;13;0;0
7.394;-101;15;0;0
7.399;-86;16;0;0
7.404;-78;19;0;0
7.409;-62;20;0;0
7.414;-54;21;0;0
7.419;-47;26;0;0
7.424;-31;27;0;0
7.429;-15;27;0;0
7.434;-7;28;0;0
7.439;0;27;0;0
7.444;15;27;0;0
7.449;23;27;0;0
7.454;39;31;0;0
7.459;47;36;0;0
7.464;62;37;0;0
7.469;70;35;0;0
7.474;78;33;0;0
7.479;86;32;0;0
7.484;94;30;0;0
7.489;101;28;0;0
7.494;109;27;0;0
7.499;109;26;0;0
7.504;117;25;0;0
7.509;125;25;0;0
7.514;133;25;0;0
7.519;133;24;0;0
7.524;140;23;0;0
7.529;140;21;0;0
7.534;140;20;0;0
7.539;140;18;0;0
7.544;140;17;0;0
7.549;140;16;0;0
7.554;140;15;0;0
7.559;140;14;0;0
7.564;140;13;0;0
7.569;133;10;0;0
7.574;125;8;0;0
7.579;125;6;0;0
7.584;117;4;0;0
7.589;109;1;0;0
7.594;109;0;0;0
7.599;94;-4;0;0
7.604;86;-7;0;0
7.609;78;-9;0;0
7.614;78;-11;0;0
7.619;62;-16;0;0
7.624;54;-18;0;0
7.629;47;-19;0;0
7.634;39;-20;0;0
7.639;23;-20;0;0
7.644;15;-21;0;0
7.649;7;-22;0;0
7.654;0;-22;0;0
7.659;-15;-23;0;0
7.664;-23;-24;0;0
7.669;-31;-24;0;0
7.674;-47;-24;0;0
7.679;-47;-24;0;0
7.684;-62;-29;0;0
7.689;-70;-29;0;0
7.694;-78;-28;0;0
7.699;-86;-28;0;0
7.704;-94;-26;0;0
7.709;-109;-29;0;0
7.714;-109;-32;0;0
7.719;-117;-31;0;0
7.724;-125;-29;0;0
7.729;-133;-27;0;0
7.734;-133;-25;0;0
7.739;-140;-24;0;0
7.744;-140;-22;0;0
7.749;-140;-21;0;0
7.754;-148;-20;0;0
7.759;-148;-19;0;0
7.764;-148;-17;0;0
7.769;-148;-16;0;0
7.774;-148;-15;0;0
7.779;-148;-14;0;0
7.784;-148;-14;0;0
7.789;-140;-11;0;0
7.794;-140;-8;0;0
7.799;-140;-6;0;0
7.804;-140;-4;0;0
7.809;-133;-3;0;0
7.814;-125;-1;0;0
7.819;-125;-1;0;0
7.824;-117;0;0;0
7.829;-109;4;0;0
7.834;-101;7;0;0
7.839;-94;8;0;0
7.844;-86;9;0;0
7.849;-78;11;0;0
7.854;-78;12;0;0
7.859;-70;13;0;0
7.864;-54;13;0;0
7.869;-47;14;0;0
7.874;-47;15;0;0
7.879;-39;15;0;0
7.884;-31;17;0;0
7.889;-15;20;0;0
7.894;-15;20;0;0
7.899;-7;19;0;0
7.904;0;19;0;0
7.909;7;18;0;0
7.914;15;21;0;0
7.919;23;23;0;0
7.924;31;23;0;0
7.929;39;21;0;0
7.934;47;21;0;0
7.939;47;21;0;0
7.944;54;20;0;0
7.949;62;19;0;0
7.954;62;18;0;0
7.959;70;17;0;0
7.964;70;16;0;0
7.969;78;15;0;0
7.974;78;14;0;0
7.979;78;14;0;0
7.984;78;13;0;0
7.989;78;13;0;0
7.994;78;12;0;0
7.999;78;12;0;0
8.004;78;11;0;0
8.009;78;11;0;0
8.014;78;10;0;0
8.019;78;10;0;0
8.024;78;9;0;0
8.029;78;9;0;0
8.034;78;8;0;0
8.039;70;7;0;0
8.044;70;5;0;0
8.049;62;4;0;0
8.054;62;3;0;0
8.059;54;2;0;0
8.064;47;0;0;0
8.069;47;-3;0;0
8.074;47;-6;0;0
8.079;39;-7;0;0
8.084;31;-7;0;0
8.089;23;-8;0;0
8.094;15;-10;0;0
8.099;15;-11;0;0
8.104;7;-11;0;0
8.109;0;-12;0;0
8.114;-7;-12;0;0
8.119;-15;-13;0;0
8.124;-15;-14;0;0
8.129;-23;-14;0;0
8.134;-31;-14;0;0
8.139;-31;-14;0;0
8.144;-39;-14;0;0
8.149;-47;-14;0;0
8.154;-47;-14;0;0
8.159;-54;-14;0;0
8.164;-62;-14;0;0
8.169;-62;-14;0;0
8.174;-70;-13;0;0
8.179;-70;-13;0;0
8.184;-78;-12;0;0
8.189;-78;-12;0;0
8.194;-78;-12;0;0
8.199;-78;-12;0;0
8.204;-78;-12;0;0
8.209;-78;-12;0;0
8.214;-86;-11;0;0
8.219;-86;-11;0;0
8.224;-86;-10;0;0
8.229;-86;-9;0;0
8.234;-78;-8;0;0
8.239;-78;-6;0;0
8.244;-78;-3;0;0
8.249;-78;-1;0;0
8.254;-78;0;0;0
8.259;-78;1;0;0
8.264;-78;2;0;0
8.269;-78;2;0;0
8.274;-78;3;0;0
8.279;-70;3;0;0
8.284;-70;3;0;0
8.289;-70;3;0;0
8.294;-62;3;0;0
8.299;-62;3;0;0
8.304;-62;3;0;0
8.309;-62;2;0;0
8.314;-54;3;0;0
8.319;-54;3;0;0
8.324;-47;3;0;0
8.329;-47;3;0;0
8.334;-47;4;0;0
8.339;-47;4;0;0
8.344;-47;4;0;0
8.349;-39;4;0;0
8.354;-39;4;0;0
8.359;-31;4;0;0
8.364;-31;4;0;0
8.369;-31;5;0;0
8.374;-23;5;0;0
8.379;-23;5;0;0
8.384;-15;6;0;0
8.389;-15;8;0;0
8.394;-15;9;0;0
8.399;-15;9;0;0
8.404;-7;9;0;0
8.409;-7;9;0;0
8.414;-7;9;0;0
8.419;0;9;0;0
8.424;0;10;0;0
8.429;0;10;0;0
8.434;0;10;0;0
8.439;7;10;0;0
8.444;7;10;0;0
8.449;7;9;0;0
8.454;7;9;0;0
8.459;15;9;0;0
8.464;15;8;0;0
8.469;15;8;0;0
8.474;15;7;0;0
8.479;15;7;0;0
8.484;15;6;0;0
8.489;15;6;0;0
8.494;15;6;0;0
8.499;15;5;0;0
8.504;15;5;0;0
8.509;15;5;0;0
8.514;15;5;0;0
8.519;15;5;0;0
8.524;15;5;0;0
8.529;7;4;0;0
8.534;7;3;0;0
8.539;7;2;0;0
8.544;7;1;0;0
8.549;7;0;0;0
8.554;0;0;0;0
8.559;0;0;0;0
8.564;0;0;0;0
8.569;0;0;0;0
8.574;0;-1;0;0
8.579;0;-1;0;0
8.584;-7;-1;0;0
8.589;-7;-1;0;0
8.594;-7;-1;0;0
8.599;-7;-1;0;0
8.604;-7;-1;0;0
8.609;-15;-2;0;0
8.614;-15;-2;0;0
8.619;-15;-2;0;0
8.624;-15;-2;0;0
8.629;-15;-2;0;0
8.634;-15;-3;0;0
8.639;-15;-3;0;0
8.644;-15;-3;0;0
8.649;-15;-3;0;0
8.654;-15;-3;0;0
8.659;-15;-3;0;0
8.664;-15;-3;0;0
8.669;-15;-3;0;0
8.674;-15;-3;0;0
8.679;-15;-3;0;0
8.684;-15;-3;0;0
8.689;-15;-3;0;0
8.694;-15;-3;0;0
8.699;-15;-3;0;0
8.704;-15;-3;0;0
8.709;-15;-3;0;0
8.714;-15;-3;0;0
8.719;-15;-3;0;0
8.724;-15;-3;0;0
8.729;-15;-3;0;0
8.734;-15;-3;0;0
8.739;-15;-3;0;0
8.744;-15;-3;0;0
8.749;-15;-3;0;0
8.754;-15;-3;0;0
8.759;-15;-3;0;0
8.764;-15;-3;0;0
8.769;-15;-3;0;0
8.774;-15;-3;0;0
8.779;-15;-3;0;0
8.784;-15;-3;0;0
8.789;-15;-3;0;0
8.794;-15;-3;0;0
8.799;-15;-3;0;0
8.804;-15;-3;0;0
8.809;-15;-3;0;0
8.814;-15;-3;0;0
8.819;-15;-3;0;0
8.824;-15;-3;0;0
8.829;-15;-3;0;0
8.834;-15;-3;0;0
8.839;-15;-3;0;0
8.844;-15;-3;0;0
8.849;-15;-3;0;0
8.854;-15;-3;0;0
8.859;-15;-3;0;0
8.864;-15;-3;0;0
8.869;-15;-3;0;0
8.874;-15;-3;0;0
8.879;-15;-3;0;0
8.884;-15;-3;0;0
8.889;-15;-3;0;0
8.894;-15;-3;0;0
8.899;-15;-3;0;0
8.904;-15;-3;0;0
8.909;-15;-3;0;0
8.914;-15;-3;0;0
8.919;-15;-3;0;0
8.924;-15;-3;0;0
8.929;-15;-3;0;0
8.934;-15;-3;0;0
8.939;-15;-3;0;0
8.944;-15;-3;0;0
8.949;-15;-3;0;0
8.954;-15;-3;0;0
8.959;-15;-3;0;0
8.964;-15;-3;0;0
8.969;-15;-3;0;0
8.974;-15;-3;0;0
8.979;-15;-3;0;0
8.984;-15;-3;0;0
8.989;-15;-3;0;0
8.994;-15;-3;0;0
8.999;-15;-3;0;0
9.004;-15;-3;0;0
9.009;-15;-3;0;0
9.014;-15;-3;0;0
9.019;-15;-3;0;0
9.024;-15;-3;0;0
9.029;-15;-3;0;0
9.034;-15;-3;0;0
9.039;-15;-3;0;0
9.044;-15;-3;0;0
9.049;-15;-3;0;0
9.054;-15;-3;0;0
9.059;-15;-3;0;0
9.064;-15;-3;0;0
9.069;-15;-3;0;0
9.074;-15;-3;0;0
9.079;-15;-3;0;0
9.084;-15;-3;0;0
9.089;-15;-3;0;0
9.094;-15;-3;0;0
9.099;-15;-3;0;0
9.104;-15;-3;0;0
9.109;-15;-3;0;0
9.114;-15;-3;0;0
9.119;-15;-3;0;0
9.124;-15;-3;0;0
9.129;-15;-3;0;0
9.134;-15;-3;0;0
9.139;-15;-3;0;0
9.144;-15;-3;0;0
9.149;-15;-3;0;0
9.154;-15;-3;0;0
9.159;-15;-3;0;0
9.164;-15;-3;0;0
9.169;-15;-3;0;0
9.174;-15;-3;0;0
9.179;-15;-3;0;0
9.184;-15;-3;0;0
9.189;-15;-3;0;0
9.194;-15;-3;0;0
9.199;-15;-3;0;0
9.204;-15;-3;0;0
9.209;-15;-3;0;0
9.214;-15;-3;0;0
9.219;-15;-3;0;0
9.224;-15;-3;0;0
9.229;-15;-3;0;0
9.234;-15;-3;0;0
9.239;-15;-3;0;0
9.244;-15;-3;0;0
9.249;-15;-3;0;0
9.254;-15;-3;0;0
9.259;-15;-3;0;0
9.264;-15;-3;0;0
9.269;-15;-3;0;0
9.274;-15;-3;0;0
9.279;-15;-3;0;0
9.284;-15;-3;0;0
9.289;-15;-3;0;0
9.294;-15;-3;0;0
9.299;-15;-3;0;0
9.304;-15;-3;0;0
9.309;-15;-3;0;0
9.314;-15;-3;0;0
9.319;-15;-3;0;0
9.324;-15;-3;0;0
9.329;-15;-3;0;0
9.334;-15;-3;0;0
9.339;-15;-3;0;0
9.344;-15;-3;0;0
9.349;-15;-3;0;0
9.354;-15;-3;0;0
9.359;-15;-3;0;0
9.364;-15;-3;0;0
9.369;-15;-3;0;0
9.374;-15;-3;0;0
9.379;-15;-3;0;0
9.384;-15;-3;0;0
9.389;-15;-3;0;0
9.394;-15;-3;0;0
9.399;-15;-3;0;0
9.404;-15;-3;0;0
9.409;-15;-3;0;0
9.414;-15;-3;0;0
9.419;-15;-3;0;0
9.424;-15;-3;0;0
9.429;-15;-3;0;0
9.434;-15;-3;0;0
9.439;-15;-3;0;0
9.444;-15;-3;0;0
9.449;-15;-3;0;0
9.454;-15;-3;0;0
9.459;-15;-3;0;0
9.464;-15;-3;0;0
9.469;-15;-3;0;0
9.474;-15;-3;0;0
9.479;-15;-3;0;0
9.484;-15;-3;0;0
9.489;-15;-3;0;0
9.494;-15;-3;0;0
9.499;-15;-3;0;0
9.504;-15;-3;0;0
9.509;-15;-3;0;0
9.514;-15;-3;0;0
9.519;-15;-3;0;0
9.524;-15;-3;0;0
9.529;-15;-3;0;0
9.534;-15;-3;0;0
9.539;-15;-3;0;0
9.544;-15;-3;0;0
9.549;-15;-3;0;0
9.554;-15;-3;0;0
9.559;-15;-3;0;0
9.564;-15;-3;0;0
9.569;-15;-3;0;0
9.574;-15;-3;0;0
9.579;-15;-3;0;0
9.584;-15;-3;0;0
9.589;-15;-3;0;0
9.594;-15;-3;0;0
9.599;-15;-3;0;0
9.604;-15;-3;0;0
9.609;-15;-3;0;0
9.614;-15;-3;0;0
9.619;-15;-3;0;0
9.624;-15;-3;0;0
9.629;-15;-3;0;0
9.634;-15;-3;0;0
9.639;-15;-3;0;0
9.644;-15;-3;0;0
9.649;-15;-3;0;0
9.654;-15;-3;0;0
9.659;-15;-3;0;0
9.664;-15;-3;0;0
9.669;-15;-3;0;0
9.674;-15;-3;0;0
9.679;-15;-3;0;0
9.684;-15;-3;0;0
9.689;-15;-3;0;0
9.694;-15;-3;0;0
9.699;-15;-3;0;0
9.704;-15;-3;0;0
9.709;-15;-3;0;0
9.714;-15;-3;0;0
9.719;-15;-3;0;0
9.724;-15;-3;0;0
9.729;-15;-3;0;0
9.734;-15;-3;0;0
9.739;-15;-3;0;0
9.744;-15;-3;0;0
9.749;-15;-3;0;0
9.754;-15;-3;0;0
9.759;-15;-3;0;0
9.764;-15;-3;0;0
9.769;-15;-3;0;0
9.774;-15;-3;0;0
9.779;-15;-3;0;0
9.784;-15;-3;0;0
9.789;-15;-3;0;0
9.794;-15;-3;0;0
9.799;-15;-3;0;0
9.804;-15;-3;0;0
9.809;-15;-3;0;0
9.814;-15;-3;0;0
9.819;-15;-3;0;0
9.824;-15;-3;0;0
9.829;-15;-3;0;0
9.834;-15;-3;0;0
9.839;-15;-3;0;0
9.844;-15;-3;0;0
9.849;-15;-3;0;0
9.854;-15;-3;0;0
9.859;-15;-3;0;0
9.864;-15;-3;0;0
9.869;-15;-3;0;0
9.874;-15;-3;0;0
9.879;-15;-3;0;0
9.884;-15;-3;0;0
9.889;-15;-3;0;0
9.894;-15;-3;0;0
9.899;-15;-3;0;0
9.904;-15;-3;0;0
9.909;-15;-3;0;0
9.914;-15;-3;0;0
9.919;-15;-3;0;0
9.924;-15;-3;0;0
9.929;-15;-3;0;0
9.934;-15;-3;0;0
9.939;-15;-3;0;0
9.944;-15;-3;0;0
9.949;-15;-3;0;0
9.954;-15;-3;0;0
9.959;-15;-3;0;0
9.964;-15;-3;0;0
9.969;-15;-3;0;0
9.974;-15;-3;0;0
9.979;-15;-3;0;0
9.984;-15;-3;0;0
9.989;-15;-3;0;0
9.994;-15;-3;0;0
9.999;-15;-3;0;0
10.004;-15;-3;0;0
10.009;-15;-3;0;0
10.014;-15;-3;0;0
10.019;-15;-3;0;0
10.024;-15;-3;0;0
10.029;-15;-3;0;0
10.034;-15;-3;0;0
10.039;-15;-3;0;0
10.044;-15;-3;0;0
10.049;-15;-3;0;0
10.054;-15;-3;0;0
10.059;-15;-3;0;0
10.064;-15;-3;0;0
10.069;-15;-3;0;0
10.074;-15;-3;0;0
10.079;-15;-3;0;0
10.084;-15;-3;0;0
10.089;-15;-3;0;0
10.094;-15;-3;0;0
10.099;-15;-3;0;0
10.104;-15;-3;0;0
10.109;-15;-3;0;0
10.114;-15;-3;0;0
10.119;-15;-3;0;0
10.124;-15;-3;0;0
10.129;-15;-3;0;0
10.134;-15;-3;0;0
10.139;-15;-3;0;0
10.144;-15;-3;0;0
10.149;-15;-3;0;0
10.154;-15;-3;0;0
10.159;-15;-3;0;0
10.164;-15;-3;0;0
10.169;-15;-3;0;0
10.174;-15;-3;0;0
10.179;-15;-3;0;0
10.184;-15;-3;0;0
10.189;-15;-3;0;0
10.194;-15;-3;0;0
10.199;-15;-3;0;0
10.204;-15;-3;0;0
10.209;-7;-3;0;0
10.214;-7;-3;0;0
10.219;-7;-3;0;0
10.224;-7;-3;0;0
10.229;-7;-3;0;0
10.234;-15;-3;0;0
10.239;-15;-3;0;0
10.244;-15;-3;0;0
10.249;-15;-3;0;0
10.254;-15;-3;0;0
10.259;-15;-4;0;0
10.264;-15;-4;0;0
10.269;-15;-4;0;0
10.274;-15;-4;0;0
10.279;-15;-4;0;0
10.284;-15;-4;0;0
10.289;-15;-4;0;0
10.294;-15;-4;0;0
10.299;-15;-4;0;0
10.304;-15;-4;0;0
10.309;-15;-4;0;0
10.314;-15;-4;0;0
10.319;-15;-4;0;0
10.324;-15;-4;0;0
10.329;-15;-4;0;0
10.334;-15;-4;0;0
10.339;-15;-4;0;0
10.344;-15;-4;0;0
10.349;-15;-4;0;0
10.354;-15;-4;0;0
10.359;-15;-4;0;0
10.364;-15;-4;0;0
10.369;-7;-3;0;0
10.374;-7;-3;0;0
10.379;0;-2;0;0
10.384;0;-2;0;0
10.389;0;-2;0;0
10.394;7;-2;0;0
10.399;7;-2;0;0
10.404;7;-2;0;0
10.409;15;-1;0;0
10.414;15;0;0;0
10.419;15;0;0;0
10.424;15;1;0;0
10.429;15;2;0;0
10.434;7;2;0;0
10.439;7;0;0;0
10.444;0;0;0;0
10.449;0;-1;0;0
10.454;0;-1;0;0
10.459;0;-2;0;0
10.464;-7;-2;0;0
10.469;-7;-3;0;0
10.474;-15;-3;0;0
10.479;-15;-3;0;0
10.484;-15;-4;0;0
10.489;-15;-4;0;0
10.494;-15;-5;0;0
10.499;-15;-5;0;0
10.504;-15;-5;0;0
10.509;-23;-6;0;0
10.514;-23;-7;0;0
10.519;-23;-8;0;0
10.524;-23;-9;0;0
10.529;-31;-8;0;0
10.534;-31;-8;0;0
10.539;-31;-8;0;0
10.544;-31;-8;0;0
10.549;-31;-8;0;0
10.554;-31;-8;0;0
10.559;-31;-8;0;0
10.564;-31;-8;0;0
10.569;-31;-8;0;0
10.574;-31;-8;0;0
10.579;-31;-8;0;0
10.584;-31;-8;0;0
10.589;-31;-7;0;0
10.594;-31;-7;0;0
10.599;-31;-7;0;0
10.604;-31;-7;0;0
10.609;-31;-7;0;0
10.614;-31;-7;0;0
10.619;-31;-7;0;0
10.624;-31;-7;0;0
10.629;-31;-7;0;0
10.634;-31;-7;0;0
10.639;-31;-7;0;0
10.644;-31;-7;0;0
10.649;-23;-7;0;0
10.654;-23;-6;0;0
10.659;-23;-4;0;0
10.664;-23;-3;0;0
10.669;-23;-2;0;0
10.674;-23;-2;0;0
10.679;-23;-1;0;0
10.684;-23;-1;0;0
10.689;-23;0;0;0
10.694;-15;0;0;0
10.699;-15;0;0;0
10.704;-15;0;0;0
10.709;-15;0;0;0
10.714;-15;0;0;0
10.719;-15;0;0;0
10.724;-15;0;0;0
10.729;-15;0;0;0
10.734;-15;0;0;0
10.739;-15;0;0;0
10.744;-15;0;0;0
10.749;-15;0;0;0
10.754;-15;1;0;0
10.759;-15;1;0;0
10.764;-15;1;0;0
10.769;-15;1;0;0
10.774;-15;1;0;0
10.779;-15;1;0;0
10.784;-15;1;0;0
10.789;-15;1;0;0
10.794;-15;1;0;0
10.799;-15;1;0;0
10.804;-15;1;0;0
10.809;-15;1;0;0
10.814;-15;1;0;0
10.819;-15;1;0;0
10.824;-15;1;0;0
10.829;-15;1;0;0
10.834;-15;1;0;0
10.839;-15;1;0;0
10.844;-15;1;0;0
10.849;-15;1;0;0
10.854;-15;1;0;0
10.859;-15;1;0;0
10.864;-15;1;0;0
10.869;-15;1;0;0
10.874;-15;1;0;0
10.879;-15;1;0;0
10.884;-15;1;0;0
10.889;-15;1;0;0
10.894;-15;1;0;0
10.899;-15;1;0;0
10.904;-15;1;0;0
10.909;-15;1;0;0
10.914;-15;1;0;0
10.919;-15;1;0;0
10.924;-15;1;0;0
10.929;-15;1;0;0
10.934;-15;1;0;0
10.939;-15;1;0;0
10.944;-15;0;0;0
10.949;-15;0;0;0
10.954;-15;0;0;0
10.959;-15;0;0;0
10.964;-15;0;0;0
10.969;-15;0;0;0
10.974;-15;0;0;0
10.979;-15;0;0;0
10.984;-15;0;0;0
10.989;-15;0;0;0
10.994;-15;0;0;0
10.999;-15;0;0;0
11.004;-15;0;0;0
11.009;-15;0;0;0
11.014;-15;0;0;0
11.019;-15;0;0;0
11.024;-15;0;0;0
11.029;-15;0;0;0
11.034;-15;0;0;0
11.039;-15;0;0;0
11.044;-15;0;0;0
11.049;-15;0;0;0
11.054;-15;0;0;0
11.059;-15;0;0;0
11.064;-15;0;0;0
11.069;-15;0;0;0
11.074;-15;0;0;0
11.079;-15;0;0;0
11.084;-15;0;0;0
11.089;-15;0;0;0
11.094;-15;0;0;0
11.099;-15;0;0;0
11.104;-15;0;0;0
11.109;-15;0;0;0
11.114;-15;0;0;0
11.119;-15;0;0;0
11.124;-15;0;0;0
11.129;-15;0;0;0
11.134;-15;0;0;0
11.139;-15;0;0;0
11.144;-15;0;0;0
11.149;-15;0;0;0
11.154;-15;0;0;0
11.159;-15;0;0;0
11.164;-15;0;0;0
11.169;-15;0;0;0
11.174;-15;0;0;0
11.179;-15;0;0;0
11.184;-15;0;0;0
11.189;-15;0;0;0
11.194;-15;0;0;0
11.199;-15;0;0;0
11.204;-15;0;0;0
11.209;-15;0;0;0
11.214;-15;0;0;0
11.219;-15;0;0;0
11.224;-15;0;0;0
11.229;-15;0;0;0
11.234;-15;0;0;0
11.239;-15;0;0;0
11.244;-15;0;0;0
11.249;-15;0;0;0
11.254;-15;0;0;0
11.259;-15;0;0;0
11.264;-15;0;0;0
11.269;-15;0;0;0
11.274;-15;0;0;0
11.279;-15;0;0;0
11.284;-15;0;0;0
11.289;-15;0;0;0
11.294;-15;0;0;0
11.299;-15;0;0;0
11.304;-15;0;0;0
11.309;-15;0;0;0
11.314;-15;0;0;0
11.319;-15;0;0;0
11.324;-15;0;0;0
11.329;-15;0;0;0
11.334;-15;0;0;0
11.339;-15;0;0;0
11.344;-15;0;0;0
11.349;-15;0;0;0
11.354;-15;0;0;0
11.359;-15;0;0;0
11.364;-15;0;0;0
11.369;-15;0;0;0
11.374;-15;0;0;0
11.379;-15;0;0;0
11.384;-15;0;0;0
11.389;-15;0;0;0
11.394;-15;0;0;0
11.399;-15;0;0;0
11.404;-15;0;0;0
11.409;-15;0;0;0
11.414;-15;0;0;0
11.419;-15;0;0;0
11.424;-15;0;0;0
11.429;-15;0;0;0
11.434;-15;0;0;0
11.439;-15;0;0;0
11.444;-15;0;0;0
11.449;-15;0;0;0
11.454;-15;0;0;0
11.459;-15;0;0;0
11.464;-15;0;0;0
11.469;-15;0;0;0
11.474;-15;0;0;0
11.479;-15;0;0;0
11.484;-15;0;0;0
11.489;-15;0;0;0
11.494;-15;0;0;0
11.499;-15;0;0;0
11.504;-15;0;0;0
11.509;-15;0;0;0
11.514;-15;0;0;0
11.519;-15;0;0;0
11.524;-15;0;0;0
11.529;-15;0;0;0
11.534;-15;0;0;0
11.539;-15;0;0;0
11.544;-15;0;0;0
11.549;-15;0;0;0
11.554;-15;0;0;0
11.559;-15;0;0;0
11.564;-15;0;0;0
11.569;-15;0;0;0
11.574;-15;0;0;0
11.579;-15;0;0;0
11.584;-15;0;0;0
11.589;-15;0;0;0
11.594;-15;0;0;0
11.599;-15;0;0;0
11.604;-15;0;0;0
11.609;-15;0;0;0
11.614;-15;0;0;0
11.619;-15;0;0;0
11.624;-15;0;0;0
11.629;-15;0;0;0
11.634;-15;0;0;0
11.639;-15;0;0;0
11.644;-15;0;0;0
11.649;-15;0;0;0
11.654;-15;0;0;0
11.659;-15;0;0;0
11.664;-15;0;0;0
11.669;-15;0;0;0
11.674;-15;0;0;0
11.679;-15;0;0;0
11.684;-15;0;0;0
11.689;-15;0;0;0
11.694;-15;0;0;0
11.699;-15;0;0;0
11.704;-15;0;0;0
11.709;-15;0;0;0
11.714;-15;0;0;0
11.719;-15;0;0;0
11.724;-15;0;0;0
11.729;-15;0;0;0
11.734;-15;0;0;0
11.739;-15;0;0;0
11.744;-15;0;0;0
11.749;-15;0;0;0
11.754;-15;0;0;0
11.759;-15;0;0;0
11.764;-15;0;0;0
11.769;-15;0;0;0
11.774;-15;0;0;0
11.779;-15;0;0;0
11.784;-15;0;0;0
11.789;-15;0;0;0
11.794;-15;0;0;0
11.799;-15;0;0;0
11.804;-15;0;0;0
11.809;-15;0;0;0
11.814;-15;0;0;0
11.819;-15;0;0;0
11.824;-15;0;0;0
11.829;-15;0;0;0
11.834;-15;0;0;0
11.839;-15;0;0;0
11.844;-15;0;0;0
11.849;-15;0;0;0
11.854;-15;0;0;0
11.859;-15;0;0;0
11.864;-15;0;0;0
11.869;-15;0;0;0
11.874;-15;0;0;0
11.879;-15;0;0;0
11.884;-15;0;0;0
11.889;-15;0;0;0
11.894;-15;0;0;0
11.899;-15;0;0;0
11.904;-15;0;0;0
11.909;-15;0;0;0
11.914;-15;0;0;0
11.919;-15;0;0;0
11.924;-15;0;0;0
11.929;-15;0;0;0
11.934;-15;0;0;0
11.939;-15;0;0;0
11.944;-15;0;0;0
11.949;-15;0;0;0
11.954;-15;0;0;0
11.959;-15;0;0;0
11.964;-15;0;0;0
11.969;-15;0;0;0
11.974;-15;0;0;0
11.979;-15;0;0;0
11.984;-15;0;0;0
11.989;-15;0;0;0
11.994;-15;0;0;0
11.999;-15;0;0;0
12.004;-15;0;0;0
12.009;-15;0;0;0