t;e;d;i;set

1.114;0;-1;0;0
1.119;0;-1;0;0
1.124;0;-1;0;0
1.129;0;-1;0;0
1.134;0;-1;0;0
1.139;0;-1;0;0
1.144;0;-1;0;0
1.149;0;-1;0;0
1.154;0;-1;0;0
1.159;0;-1;0;0
1.164;0;-1;0;0
1.169;0;-1;0;0
1.174;0;-1;0;0
1.179;0;-1;0;0
1.184;0;-1;0;0
1.189;0;-1;0;0
1.194;0;-1;0;0
1.199;0;-1;0;0
1.204;0;-1;0;0
1.209;0;-1;0;0
1.214;0;-1;0;0
1.219;0;-1;0;0
1.224;0;-1;0;0
1.229;0;-1;0;0
1.234;0;-1;0;0
1.239;0;-1;0;0
1.244;0;-1;0;0
1.249;0;-1;0;0
1.254;0;-1;0;0
1.259;0;-1;0;0
1.264;0;-1;0;0
1.269;0;-1;0;0
1.274;0;-1;0;0
1.279;0;-1;0;0
1.284;0;-1;0;0
1.289;0;-1;0;0
1.294;0;-1;0;0
1.299;0;-1;0;0
1.304;0;-1;0;0
1.309;0;-1;0;0
1.314;0;-1;0;0
1.319;0;-1;0;0
1.324;0;-1;0;0
1.329;0;-1;0;0
1.334;0;-1;0;0
1.339;0;-1;0;0
1.344;0;-1;0;0
1.349;0;-1;0;0
1.354;0;-1;0;0
1.359;0;-1;0;0
1.364;0;-1;0;0
1.369;0;-1;0;0
1.374;0;-1;0;0
1.379;0;-1;0;0
1.384;0;-1;0;0
1.389;0;-1;0;0
1.394;0;-1;0;0
1.399;0;-1;0;0
1.404;0;-1;0;0
1.409;0;-1;0;0
1.414;0;-1;0;0
1.419;0;-1;0;0
1.424;0;-1;0;0
1.429;0;-1;0;0
1.434;0;-1;0;0
1.439;0;-1;0;0
1.444;0;-1;0;0
1.449;0;-1;0;0
1.454;0;-1;0;0
1.459;0;-1;0;0
1.464;0;-1;0;0
1.469;0;-1;0;0
1.474;0;-1;0;0
1.479;0;-1;0;0
1.484;0;-1;0;0
1.489;0;-1;0;0
1.494;0;-1;0;0
1.499;0;-1;0;0
1.504;0;-1;0;0
1.509;0;-1;0;0
1.514;0;-1;0;0
1.519;0;-1;0;0
1.524;0;-1;0;0
1.529;0;-1;0;0
1.534;0;-1;0;0
1.539;0;-1;0;0
1.544;0;-1;0;0
1.549;0;-1;0;0
1.554;0;-1;0;0
1.559;0;-1;0;0
1.564;0;-1;0;0
1.569;0;-1;0;0
1.574;0;-1;0;0
1.579;0;-1;0;0
1.584;0;-1;0;0
1.589;0;-1;0;0
1.594;0;-1;0;0
1.599;0;-1;0;0
1.604;0;-1;0;0
1.609;0;-1;0;0
1.614;0;-1;0;0
1.619;0;-1;0;0
1.624;0;-1;0;0
1.629;0;-1;0;0
1.634;0;-1;0;0
1.639;0;-1;0;0
1.644;0;-1;0;0
1.649;0;-1;0;0
1.654;0;-1;0;0
1.659;0;-1;0;0
1.664;0;-1;0;0
1.669;0;-1;0;0
1.674;0;-1;0;0
1.679;0;-1;0;0
1.684;0;-1;0;0
1.689;0;-1;0;0
1.694;0;-1;0;0
1.699;0;-1;0;0
1.704;0;-1;0;0
1.709;0;-1;0;0
1.714;0;-1;0;0
1.719;0;-1;0;0
1.724;0;-1;0;0
1.729;0;-1;0;0
1.734;0;-1;0;0
1.739;0;-1;0;0
1.744;0;-1;0;0
1.749;0;-1;0;0
1.754;0;-1;0;0
1.759;0;-1;0;0
1.764;0;-1;0;0
1.769;0;-1;0;0
1.774;0;-1;0;0
1.779;0;-1;0;0
1.784;0;-1;0;0
1.789;0;-1;0;0
1.794;0;-1;0;0
1.799;7;-1;0;0
1.804;15;-1;0;0
1.809;23;-1;0;0
1.814;31;-1;0;0
1.819;31;-1;0;0
1.824;47;-1;0;0
1.829;62;-1;0;0
1.834;70;-1;0;0
1.839;86;-1;0;0
1.844;94;-1;0;0
1.849;117;-1;0;0
1.854;133;-1;0;0
1.859;156;-1;0;0
1.864;187;-1;0;0
1.869;218;-1;0;0
1.874;248;-1;0;0
1.879;286;-1;0;0
1.884;331;-1;0;0
1.889;368;-1;0;0
1.894;397;-1;0;0
1.899;432;-1;0;0
1.904;467;-1;0;0
1.909;509;-1;0;0
1.914;535;-1;0;0
1.919;568;-1;0;0
1.924;594;-1;0;0
1.929;637;-1;0;0
1.934;661;-1;0;0
1.939;690;-1;0;0
1.944;718;-1;0;0
1.949;750;-1;0;0
1.954;770;-1;0;0
1.959;790;-1;0;0
1.964;813;-1;0;0
1.969;827;-1;0;0
1.974;844;-1;0;0
1.979;860;-1;0;0
1.984;872;-1;0;0
1.989;880;-1;0;0
1.994;887;-1;0;0
1.999;894;-1;0;0
2.004;901;-1;0;0
2.009;908;-1;0;0
2.014;914;-1;0;0
2.019;917;-1;0;0
2.024;923;-1;0;0
2.029;929;-1;0;0
2.034;932;-1;0;0
2.039;938;-1;0;0
2.044;940;-1;0;0
2.049;943;-1;0;0
2.054;946;-1;0;0
2.059;948;-1;0;0
2.064;951;-1;0;0
2.069;953;-1;0;0
2.074;955;-1;0;0
2.079;958;-1;0;0
2.084;960;-1;0;0
2.089;962;-1;0;0
2.094;964;-1;0;0
2.099;968;-1;0;0
2.104;968;-1;0;0
2.109;968;-1;0;0
2.114;970;-1;0;0
2.119;970;-1;0;0
2.124;972;-1;0;0
2.129;972;-1;0;0
2.134;972;-1;0;0
2.139;972;-1;0;0
2.144;974;-1;0;0
2.149;975;-1;0;0
2.154;975;-1;0;0
2.159;977;-1;0;0
2.164;977;-1;0;0
2.169;979;-1;0;0
2.174;980;-1;0;0
2.179;982;-1;0;0
2.184;982;-1;0;0
2.189;985;-1;0;0
2.194;986;-1;0;0
2.199;987;-1;0;0
2.204;988;-1;0;0
2.209;990;-1;0;0
2.214;990;-1;0;0
2.219;991;-1;0;0
2.224;992;-1;0;0
2.229;992;-1;0;0
2.234;992;-1;0;0
2.239;992;-1;0;0
2.244;992;-1;0;0
2.249;993;-1;0;0
2.254;993;-1;0;0
2.259;992;-1;0;0
2.264;992;-1;0;0
2.269;992;-1;0;0
2.274;992;-1;0;0
2.279;992;-1;0;0
2.284;991;-1;0;0
2.289;991;-1;0;0
2.294;991;-1;0;0
2.299;991;-1;0;0
2.304;991;-1;0;0
2.309;991;-1;0;0
2.314;991;-1;0;0
2.319;992;-1;0;0
2.324;992;-1;0;0
2.329;992;-1;0;0
2.334;992;-1;0;0
2.339;992;-1;0;0
2.344;992;-1;0;0
2.349;992;-1;0;0
2.354;992;-1;0;0
2.359;992;-1;0;0
2.364;992;-1;0;0
2.369;992;-1;0;0
2.374;992;-1;0;0
2.379;992;-1;0;0
2.384;992;-1;0;0
2.389;992;-1;0;0
2.394;992;-1;0;0
2.399;992;-1;0;0
2.404;992;-1;0;0
2.409;992;-1;0;0
2.414;992;-1;0;0
2.419;992;-1;0;0
2.424;992;-1;0;0
2.429;992;-1;0;0
2.434;992;-1;0;0
2.439;992;-1;0;0
2.444;992;-1;0;0
2.449;992;-1;0;0
2.454;992;-1;0;0
2.459;992;-1;0;0
2.464;992;-1;0;0
2.469;992;-1;0;0
2.474;992;-1;0;0
2.479;992;-1;0;0
2.484;992;-1;0;0
2.489;992;-1;0;0
2.494;992;-1;0;0
2.499;992;-1;0;0
2.504;992;-1;0;0
2.509;992;-1;0;0
2.514;992;-1;0;0
2.519;992;-1;0;0
2.524;992;-1;0;0
2.529;992;-1;0;0
2.534;992;-1;0;0
2.539;992;-1;0;0
2.544;992;-1;0;0
2.549;992;-1;0;0
2.554;992;-1;0;0
2.559;992;-1;0;0
2.564;992;-1;0;0
2.569;992;-1;0;0
2.574;992;-1;0;0
2.579;992;-1;0;0
2.584;992;-1;0;0
2.589;992;-1;0;0
2.594;992;-1;0;0
2.599;992;-1;0;0
2.604;992;-1;0;0
2.609;992;-1;0;0
2.614;992;-1;0;0
2.619;992;-1;0;0
2.624;992;-1;0;0
2.629;992;-1;0;0
2.634;992;-1;0;0
2.639;992;-1;0;0
2.644;992;-1;0;0
2.649;992;-1;0;0
2.654;992;-1;0;0
2.659;992;-1;0;0
2.664;992;-1;0;0
2.669;992;-1;0;0
2.674;992;-1;0;0
2.679;992;-1;0;0
2.684;992;-1;0;0
2.689;992;-1;0;0
2.694;992;-1;0;0
2.699;992;-1;0;0
2.704;992;-1;0;0
2.709;992;-1;0;0
2.714;992;-1;0;0
2.719;991;-1;0;0
2.724;990;-1;0;0
2.729;987;-1;0;0
2.734;985;-1;0;0
2.739;982;-1;0;0
2.744;975;-1;0;0
2.749;968;-1;0;0
2.754;960;-1;0;0
2.759;948;-1;0;0
2.764;932;-1;0;0
2.769;914;-1;0;0
2.774;891;-1;0;0
2.779;864;-1;0;0
2.784;835;-1;0;0
2.789;794;-1;0;0
2.794;755;-1;0;0
2.799;707;-1;0;0
2.804;649;-1;0;0
2.809;587;-1;0;0
2.814;529;-1;0;0
2.819;453;-1;0;0
2.824;375;-1;0;0
2.829;294;-1;0;0
2.834;210;-1;0;0
2.839;125;-1;0;0
2.844;31;-1;0;0
2.849;-54;-1;0;0
2.854;-148;-1;0;0
2.859;-225;-1;0;0
2.864;-309;-1;0;0
2.869;-389;-1;0;0
2.874;-453;-1;0;0
2.879;-535;-1;0;0
2.884;-594;-1;0;0
2.889;-649;-1;0;0
2.894;-712;-1;0;0
2.899;-755;-1;0;0
2.904;-790;-1;0;0
2.909;-827;-1;0;0
2.914;-860;-1;0;0
2.919;-887;-1;0;0
2.924;-904;-1;0;0
2.929;-923;-1;0;0
2.934;-940;-1;0;0
2.939;-951;-1;0;0
2.944;-958;-1;0;0
2.949;-966;-1;0;0
2.954;-970;-1;0;0
2.959;-975;-1;0;0
2.964;-977;-1;0;0
2.969;-977;-1;0;0
2.974;-979;-1;0;0
2.979;-977;-1;0;0
2.984;-975;-1;0;0
2.989;-974;-1;0;0
2.994;-970;-1;0;0
2.999;-964;-1;0;0
3.004;-958;-1;0;0
3.009;-951;-1;0;0
3.014;-940;-1;0;0
3.019;-923;-1;0;0
3.024;-904;-1;0;0
3.029;-887;-1;0;0
3.034;-860;-1;0;0
3.039;-835;-1;0;0
3.044;-794;-1;0;0
3.049;-755;-1;0;0
3.054;-718;-1;0;0
3.059;-661;-1;0;0
3.064;-600;-1;0;0
3.069;-542;-1;0;0
3.074;-481;-1;0;0
3.079;-411;-1;0;0
3.084;-338;-1;0;0
3.089;-256;-1;0;0
3.094;-179;-1;0;0
3.099;-94;-1;0;0
3.104;-7;-1;0;0
3.109;78;-1;0;0
3.114;156;-1;0;0
3.119;233;-1;0;0
3.124;309;-1;0;0
3.129;389;-1;0;0
3.134;460;-1;0;0
3.139;529;-1;0;0
3.144;587;-1;0;0
3.149;643;-1;0;0
3.154;695;-1;0;0
3.159;734;-1;0;0
3.164;775;-1;0;0
3.169;809;-1;0;0
3.174;840;-1;0;0
3.179;860;-1;0;0
3.184;883;-1;0;0
3.189;901;-1;0;0
3.194;917;-1;0;0
3.199;929;-1;0;0
3.204;938;-1;0;0
3.209;946;-1;0;0
3.214;951;-1;0;0
3.219;955;-1;0;0
3.224;958;-1;0;0
3.229;960;-1;0;0
3.234;960;-1;0;0
3.239;958;-1;0;0
3.244;955;-1;0;0
3.249;951;-1;0;0
3.254;943;-1;0;0
3.259;935;-1;0;0
3.264;926;-1;0;0
3.269;914;-1;0;0
3.274;898;-1;0;0
3.279;880;-1;0;0
3.284;860;-1;0;0
3.289;835;-1;0;0
3.294;804;-1;0;0
3.299;770;-1;0;0
3.304;728;-1;0;0
3.309;684;-1;0;0
3.314;637;-1;0;0
3.319;587;-1;0;0
3.324;529;-1;0;0
3.329;460;-1;0;0
3.334;397;-1;0;0
3.339;316;-1;0;0
3.344;248;-1;0;0
3.349;171;-1;0;0
3.354;94;-1;0;0
3.359;7;-1;0;0
3.364;-70;-1;0;0
3.369;-156;-1;0;0
3.374;-233;-1;0;0
3.379;-309;-1;0;0
3.384;-375;-1;0;0
3.389;-439;-1;0;0
3.394;-509;-1;0;0
3.399;-562;-1;0;0
3.404;-612;-1;0;0
3.409;-667;-1;0;0
3.414;-718;-1;0;0
3.419;-755;-1;0;0
3.424;-790;-1;0;0
3.429;-818;-1;0;0
3.434;-844;-1;0;0
3.439;-868;-1;0;0
3.444;-883;-1;0;0
3.449;-898;-1;0;0
3.454;-911;-1;0;0
3.459;-920;-1;0;0
3.464;-929;-1;0;0
3.469;-935;-1;0;0
3.474;-940;-1;0;0
3.479;-940;-1;0;0
3.484;-940;-1;0;0
3.489;-940;-1;0;0
3.494;-940;-1;0;0
3.499;-935;-1;0;0
3.504;-929;-1;0;0
3.509;-920;-1;0;0
3.514;-914;-1;0;0
3.519;-904;-1;0;0
3.524;-887;-1;0;0
3.529;-868;-1;0;0
3.534;-848;-1;0;0
3.539;-827;-1;0;0
3.544;-790;-1;0;0
3.549;-760;-1;0;0
3.554;-728;-1;0;0
3.559;-684;-1;0;0
3.564;-637;-1;0;0
3.569;-587;-1;0;0
3.574;-529;-1;0;0
3.579;-467;-1;0;0
3.584;-411;-1;0;0
3.589;-338;-1;0;0
3.594;-278;-1;0;0
3.599;-202;-1;0;0
3.604;-125;-1;0;0
3.609;-54;-1;0;0
3.614;31;-1;0;0
3.619;109;-1;0;0
3.624;179;-1;0;0
3.629;248;-1;0;0
3.634;316;-1;0;0
3.639;389;-1;0;0
3.644;453;-1;0;0
3.649;509;-1;0;0
3.654;568;-1;0;0
3.659;619;-1;0;0
3.664;661;-1;0;0
3.669;707;-1;0;0
3.674;739;-1;0;0
3.679;770;-1;0;0
3.684;799;-1;0;0
3.689;822;-1;0;0
3.694;844;-1;0;0
3.699;860;-1;0;0
3.704;876;-1;0;0
3.709;887;-1;0;0
3.714;894;-1;0;0
3.719;904;-1;0;0
3.724;908;-1;0;0
3.729;914;-1;0;0
3.734;914;-1;0;0
3.739;914;-1;0;0
3.744;911;-1;0;0
3.749;908;-1;0;0
3.754;901;-1;0;0
3.759;894;-1;0;0
3.764;883;-1;0;0
3.769;872;-1;0;0
3.774;856;-1;0;0
3.779;840;-1;0;0
3.784;818;-1;0;0
3.789;790;-1;0;0
3.794;765;-1;0;0
3.799;734;-1;0;0
3.804;695;-1;0;0
3.809;655;-1;0;0
3.814;612;-1;0;0
3.819;562;-1;0;0
3.824;509;-1;0;0
3.829;453;-1;0;0
3.834;382;-1;0;0
3.839;323;-1;0;0
3.844;256;-1;0;0
3.849;187;-1;0;0
3.854;109;-1;0;0
3.859;39;-1;0;0
3.864;-31;-1;0;0
3.869;-109;-1;0;0
3.874;-187;-1;0;0
3.879;-248;-1;0;0
3.884;-316;-1;0;0
3.889;-382;-1;0;0
3.894;-439;-1;0;0
3.899;-495;-1;0;0
3.904;-549;-1;0;0
3.909;-587;-1;0;0
3.914;-637;-1;0;0
3.919;-684;-1;0;0
3.924;-718;-1;0;0
3.929;-750;-1;0;0
3.934;-780;-1;0;0
3.939;-804;-1;0;0
3.944;-822;-1;0;0
3.949;-840;-1;0;0
3.954;-852;-1;0;0
3.959;-868;-1;0;0
3.964;-876;-1;0;0
3.969;-883;-1;0;0
3.974;-887;-1;0;0
3.979;-891;-1;0;0
3.984;-891;-1;0;0
3.989;-891;-1;0;0
3.994;-887;-1;0;0
3.999;-883;-1;0;0
4.004;-876;-1;0;0
4.009;-868;-1;0;0
4.014;-856;-1;0;0
4.019;-844;-1;0;0
4.024;-818;-1;0;0
4.029;-799;-1;0;0
4.034;-780;-1;0;0
4.039;-755;-1;0;0
4.044;-718;-1;0;0
4.049;-690;-1;0;0
4.054;-643;-1;0;0
4.059;-606;-1;0;0
4.064;-562;-1;0;0
4.069;-509;-1;0;0
4.074;-453;-1;0;0
4.079;-397;-1;0;0
4.084;-338;-1;0;0
4.089;-278;-1;0;0
4.094;-218;-1;0;0
4.099;-148;-1;0;0
4.104;-86;-1;0;0
4.109;0;-1;0;0
4.114;62;-1;0;0
4.119;125;-1;0;0
4.124;195;-1;0;0
4.129;256;-1;0;0
4.134;323;-1;0;0
4.139;382;-1;0;0
4.144;439;-1;0;0
4.149;488;-1;0;0
4.154;542;-1;0;0
4.159;587;-1;0;0
4.164;631;-1;0;0
4.169;667;-1;0;0
4.174;701;-1;0;0
4.179;728;-1;0;0
4.184;750;-1;0;0
4.189;780;-1;0;0
4.194;794;-1;0;0
4.199;809;-1;0;0
4.204;827;-1;0;0
4.209;835;-1;0;0
4.214;844;-1;0;0
4.219;848;-1;0;0
4.224;856;-1;0;0
4.229;856;-1;0;0
4.234;856;-1;0;0
4.239;856;-1;0;0
4.244;848;-1;0;0
4.249;844;-1;0;0
4.254;835;-1;0;0
4.259;822;-1;0;0
4.264;809;-1;0;0
4.269;790;-1;0;0
4.274;770;-1;0;0
4.279;750;-1;0;0
4.284;728;-1;0;0
4.289;695;-1;0;0
4.294;661;-1;0;0
4.299;625;-1;0;0
4.304;587;-1;0;0
4.309;549;-1;0;0
4.314;495;-1;0;0
4.319;439;-1;0;0
4.324;382;-1;0;0
4.329;331;-1;0;0
4.334;271;-1;0;0
4.339;210;-1;0;0
4.344;140;-1;0;0
4.349;78;-1;0;0
4.354;15;-1;0;0
4.359;-54;-1;0;0
4.364;-125;-1;0;0
4.369;-187;-1;0;0
4.374;-248;-1;0;0
4.379;-309;-1;0;0
4.384;-368;-1;0;0
4.389;-418;-1;0;0
4.394;-467;-1;0;0
4.399;-515;-1;0;0
4.404;-562;-1;0;0
4.409;-594;-1;0;0
4.414;-637;-1;0;0
4.419;-673;-1;0;0
4.424;-701;-1;0;0
4.429;-728;-1;0;0
4.434;-750;-1;0;0
4.439;-770;-1;0;0
4.444;-785;-1;0;0
4.449;-799;-1;0;0
4.454;-809;-1;0;0
4.459;-818;-1;0;0
4.464;-827;-1;0;0
4.469;-827;-1;0;0
4.474;-827;-1;0;0
4.479;-827;-1;0;0
4.484;-827;-1;0;0
4.489;-822;-1;0;0
4.494;-813;-1;0;0
4.499;-809;-1;0;0
4.504;-794;-1;0;0
4.509;-780;-1;0;0
4.514;-760;-1;0;0
4.519;-734;-1;0;0
4.524;-718;-1;0;0
4.529;-690;-1;0;0
4.534;-649;-1;0;0
4.539;-625;-1;0;0
4.544;-587;-1;0;0
4.549;-535;-1;0;0
4.554;-509;-1;0;0
4.559;-453;-1;0;0
4.564;-411;-1;0;0
4.569;-353;-1;0;0
4.574;-301;-1;0;0
4.579;-248;-1;0;0
4.584;-187;-1;0;0
4.589;-125;-1;0;0
4.594;-62;-1;0;0
4.599;0;-1;0;0
4.604;62;-1;0;0
4.609;125;-1;0;0
4.614;187;-1;0;0
4.619;241;-1;0;0
4.624;294;-1;0;0
4.629;353;-1;0;0
4.634;404;-1;0;0
4.639;453;-1;0;0
4.644;495;-1;0;0
4.649;535;-1;0;0
4.654;581;-1;0;0
4.659;612;-1;0;0
4.664;643;-1;0;0
4.669;673;-1;0;0
4.674;695;-1;0;0
4.679;718;-1;0;0
4.684;734;-1;0;0
4.689;750;-1;0;0
4.694;765;-1;0;0
4.699;775;-1;0;0
4.704;780;-1;0;0
4.709;790;-1;0;0
4.714;790;-1;0;0
4.719;790;-1;0;0
4.724;790;-1;0;0
4.729;790;-1;0;0
4.734;780;-1;0;0
4.739;770;-1;0;0
4.744;760;-1;0;0
4.749;750;-1;0;0
4.754;734;-1;0;0
4.759;712;-1;0;0
4.764;690;-1;0;0
4.769;667;-1;0;0
4.774;643;-1;0;0
4.779;612;-1;0;0
4.784;581;-1;0;0
4.789;542;-1;0;0
4.794;502;-1;0;0
4.799;453;-1;0;0
4.804;404;-1;0;0
4.809;360;-1;0;0
4.814;309;-1;0;0
4.819;248;-1;0;0
4.824;195;-1;0;0
4.829;133;-1;0;0
4.834;78;-1;0;0
4.839;15;-1;0;0
4.844;-39;-1;0;0
4.849;-101;-1;0;0
4.854;-156;-1;0;0
4.859;-218;-1;0;0
4.864;-271;-1;0;0
4.869;-323;-1;0;0
4.874;-368;-1;0;0
4.879;-418;-1;0;0
4.884;-453;-1;0;0
4.889;-502;-1;0;0
4.894;-535;-1;0;0
4.899;-575;-1;0;0
4.904;-606;-1;0;0
4.909;-637;-1;0;0
4.914;-661;-1;0;0
4.919;-684;-1;0;0
4.924;-707;-1;0;0
4.929;-723;-1;0;0
4.934;-734;-1;0;0
4.939;-744;-1;0;0
4.944;-755;-1;0;0
4.949;-760;-1;0;0
4.954;-765;-1;0;0
4.959;-765;-1;0;0
4.964;-765;-1;0;0
4.969;-760;-1;0;0
4.974;-750;-1;0;0
4.979;-744;-1;0;0
4.984;-734;-1;0;0
4.989;-723;-1;0;0
4.994;-707;-1;0;0
4.999;-684;-1;0;0
5.004;-661;-1;0;0
5.009;-637;-1;0;0
5.014;-612;-1;0;0
5.019;-581;-1;0;0
5.024;-542;-1;0;0
5.029;-509;-1;0;0
5.034;-467;-1;0;0
5.039;-425;-1;0;0
5.044;-389;-1;0;0
5.049;-338;-1;0;0
5.054;-294;-1;0;0
5.059;-241;-1;0;0
5.064;-187;-1;0;0
5.069;-133;-1;0;0
5.074;-86;-1;0;0
5.079;-15;-1;0;0
5.084;31;-1;0;0
5.089;86;-1;0;0
5.094;140;-1;0;0
5.099;195;-1;0;0
5.104;248;-1;0;0
5.109;294;-1;0;0
5.114;338;-1;0;0
5.119;389;-1;0;0
5.124;432;-1;0;0
5.129;474;-1;0;0
5.134;509;-1;0;0
5.139;549;-1;0;0
5.144;575;-1;0;0
5.149;606;-1;0;0
5.154;631;-1;0;0
5.159;649;-1;0;0
5.164;673;-1;0;0
5.169;684;-1;0;0
5.174;701;-1;0;0
5.179;707;-1;0;0
5.184;718;-1;0;0
5.189;728;-1;0;0
5.194;728;-1;0;0
5.199;728;-1;0;0
5.204;728;-1;0;0
5.209;728;-1;0;0
5.214;718;-1;0;0
5.219;712;-1;0;0
5.224;701;-1;0;0
5.229;690;-1;0;0
5.234;673;-1;0;0
5.239;661;-1;0;0
5.244;637;-1;0;0
5.249;612;-1;0;0
5.254;587;-1;0;0
5.259;555;-1;0;0
5.264;522;-1;0;0
5.269;488;-1;0;0
5.274;453;-1;0;0
5.279;411;-1;0;0
5.284;368;-1;0;0
5.289;316;-1;0;0
5.294;278;-1;0;0
5.299;218;-1;0;0
5.304;171;-1;0;0
5.309;117;-1;0;0
5.314;62;-1;0;0
5.319;15;-1;0;0
5.324;-39;-1;0;0
5.329;-94;-1;0;0
5.334;-148;-1;0;0
5.339;-195;-1;0;0
5.344;-248;-1;0;0
5.349;-294;-1;0;0
5.354;-338;-1;0;0
5.359;-382;-1;0;0
5.364;-418;-1;0;0
5.369;-453;-1;0;0
5.374;-495;-1;0;0
5.379;-522;-1;0;0
5.384;-555;-1;0;0
5.389;-581;-1;0;0
5.394;-606;-1;0;0
5.399;-625;-1;0;0
5.404;-649;-1;0;0
5.409;-661;-1;0;0
5.414;-673;-1;0;0
5.419;-684;-1;0;0
5.424;-690;-1;0;0
5.429;-701;-1;0;0
5.434;-701;-1;0;0
5.439;-707;-1;0;0
5.444;-701;-1;0;0
5.449;-695;-1;0;0
5.454;-684;-1;0;0
5.459;-678;-1;0;0
5.464;-667;-1;0;0
5.469;-655;-1;0;0
5.474;-637;-1;0;0
5.479;-619;-1;0;0
5.484;-594;-1;0;0
5.489;-568;-1;0;0
5.494;-542;-1;0;0
5.499;-515;-1;0;0
5.504;-481;-1;0;0
5.509;-446;-1;0;0
5.514;-411;-1;0;0
5.519;-368;-1;0;0
5.524;-331;-1;0;0
5.529;-286;-1;0;0
5.534;-241;-1;0;0
5.539;-195;-1;0;0
5.544;-148;-1;0;0
5.549;-94;-1;0;0
5.554;-47;-1;0;0
5.559;0;-1;0;0
5.564;62;-1;0;0
5.569;101;-1;0;0
5.574;156;-1;0;0
5.579;202;-1;0;0
5.584;248;-1;0;0
5.589;294;-1;0;0
5.594;338;-1;0;0
5.599;375;-1;0;0
5.604;411;-1;0;0
5.609;446;-1;0;0
5.614;481;-1;0;0
5.619;509;-1;0;0
5.624;535;-1;0;0
5.629;562;-1;0;0
5.634;587;-1;0;0
5.639;606;-1;0;0
5.644;625;-1;0;0
5.649;637;-1;0;0
5.654;649;-1;0;0
5.659;661;-1;0;0
5.664;661;-1;0;0
5.669;667;-1;0;0
5.674;667;-1;0;0
5.679;667;-1;0;0
5.684;667;-1;0;0
5.689;661;-1;0;0
5.694;655;-1;0;0
5.699;643;-1;0;0
5.704;637;-1;0;0
5.709;619;-1;0;0
5.714;606;-1;0;0
5.719;587;-1;0;0
5.724;562;-1;0;0
5.729;535;-1;0;0
5.734;509;-1;0;0
5.739;481;-1;0;0
5.744;446;-1;0;0
5.749;411;-1;0;0
5.754;368;-1;0;0
5.759;338;-1;0;0
5.764;294;-1;0;0
5.769;248;-1;0;0
5.774;202;-1;0;0
5.779;156;-1;0;0
5.784;109;-1;0;0
5.789;62;-1;0;0
5.794;15;-1;0;0
5.799;-31;-1;0;0
5.804;-78;-1;0;0
5.809;-125;-1;0;0
5.814;-171;-1;0;0
5.819;-218;-1;0;0
5.824;-256;-1;0;0
5.829;-301;-1;0;0
5.834;-338;-1;0;0
5.839;-375;-1;0;0
5.844;-411;-1;0;0
5.849;-439;-1;0;0
5.854;-474;-1;0;0
5.859;-495;-1;0;0
5.864;-522;-1;0;0
5.869;-549;-1;0;0
5.874;-562;-1;0;0
5.879;-587;-1;0;0
5.884;-600;-1;0;0
5.889;-612;-1;0;0
5.894;-625;-1;0;0
5.899;-631;-1;0;0
5.904;-637;-1;0;0
5.909;-637;-1;0;0
5.914;-637;-1;0;0
5.919;-637;-1;0;0
5.924;-631;-1;0;0
5.929;-625;-1;0;0
5.934;-612;-1;0;0
5.939;-600;-1;0;0
5.944;-587;-1;0;0
5.949;-568;-1;0;0
5.954;-555;-1;0;0
5.959;-535;-1;0;0
5.964;-509;-1;0;0
5.969;-481;-1;0;0
5.974;-453;-1;0;0
5.979;-425;-1;0;0
5.984;-397;-1;0;0
5.989;-360;-1;0;0
5.994;-323;-1;0;0
5.999;-286;-1;0;0
6.004;-248;-1;0;0
6.009;-202;-1;0;0
6.014;-156;-1;0;0
6.019;-117;-1;0;0
6.024;-70;-1;0;0
6.029;-23;-1;0;0
6.034;23;-1;0;0
6.039;62;-1;0;0
6.044;117;-1;0;0
6.049;156;-1;0;0
6.054;195;-1;0;0
6.059;233;-1;0;0
6.064;278;-1;0;0
6.069;316;-1;0;0
6.074;353;-1;0;0
6.079;382;-1;0;0
6.084;411;-1;0;0
6.089;439;-1;0;0
6.094;467;-1;0;0
6.099;502;-1;0;0
6.104;522;-1;0;0
6.109;535;-1;0;0
6.114;555;-1;0;0
6.119;568;-1;0;0
6.124;587;-1;0;0
6.129;594;-1;0;0
6.134;600;-1;0;0
6.139;606;-1;0;0
6.144;606;-1;0;0
6.149;612;-1;0;0
6.154;606;-1;0;0
6.159;600;-1;0;0
6.164;594;-1;0;0
6.169;587;-1;0;0
6.174;575;-1;0;0
6.179;562;-1;0;0
6.184;549;-1;0;0
6.189;535;-1;0;0
6.194;509;-1;0;0
6.199;488;-1;0;0
6.204;460;-1;0;0
6.209;439;-1;0;0
6.214;404;-1;0;0
6.219;375;-1;0;0
6.224;338;-1;0;0
6.229;309;-1;0;0
6.234;278;-1;0;0
6.239;233;-1;0;0
6.244;187;-1;0;0
6.249;156;-1;0;0
6.254;109;-1;0;0
6.259;62;-1;0;0
6.264;23;-1;0;0
6.269;-15;-1;0;0
6.274;-62;-1;0;0
6.279;-101;-1;0;0
6.284;-148;-1;0;0
6.289;-187;-1;0;0
6.294;-218;-1;0;0
6.299;-263;-1;0;0
6.304;-301;-1;0;0
6.309;-331;-1;0;0
6.314;-360;-1;0;0
6.319;-397;-1;0;0
6.324;-418;-1;0;0
6.329;-439;-1;0;0
6.334;-467;-1;0;0
6.339;-481;-1;0;0
6.344;-509;-1;0;0
6.349;-522;-1;0;0
6.354;-535;-1;0;0
6.359;-549;-1;0;0
6.364;-555;-1;0;0
6.369;-562;-1;0;0
6.374;-568;-1;0;0
6.379;-568;-1;0;0
6.384;-568;-1;0;0
6.389;-568;-1;0;0
6.394;-562;-1;0;0
6.399;-562;-1;0;0
6.404;-549;-1;0;0
6.409;-535;-1;0;0
6.414;-529;-1;0;0
6.419;-509;-1;0;0
6.424;-495;-1;0;0
6.429;-474;-1;0;0
6.434;-453;-1;0;0
6.439;-425;-1;0;0
6.444;-404;-1;0;0
6.449;-382;-1;0;0
6.454;-346;-1;0;0
6.459;-316;-1;0;0
6.464;-286;-1;0;0
6.469;-248;-1;0;0
6.474;-218;-1;0;0
6.479;-179;-1;0;0
6.484;-140;-1;0;0
6.489;-101;-1;0;0
6.494;-62;-1;0;0
6.499;-15;-1;0;0
6.504;23;-1;0;0
6.509;62;-1;0;0
6.514;101;-1;0;0
6.519;140;-1;0;0
6.524;179;-1;0;0
6.529;218;-1;0;0
6.534;248;-1;0;0
6.539;278;-1;0;0
6.544;309;-1;0;0
6.549;346;-1;0;0
6.554;375;-1;0;0
6.559;397;-1;0;0
6.564;425;-1;0;0
6.569;439;-1;0;0
6.574;460;-1;0;0
6.579;481;-1;0;0
6.584;502;-1;0;0
6.589;509;-1;0;0
6.594;522;-1;0;0
6.599;535;-1;0;0
6.604;535;-1;0;0
6.609;542;-1;0;0
6.614;542;-1;0;0
6.619;542;-1;0;0
6.624;542;-1;0;0
6.629;535;-1;0;0
6.634;535;-1;0;0
6.639;522;-1;0;0
6.644;515;-1;0;0
6.649;502;-1;0;0
6.654;481;-1;0;0
6.659;467;-1;0;0
6.664;453;-1;0;0
6.669;425;-1;0;0
6.674;404;-1;0;0
6.679;382;-1;0;0
6.684;353;-1;0;0
6.689;323;-1;0;0
6.694;294;-1;0;0
6.699;263;-1;0;0
6.704;233;-1;0;0
6.709;195;-1;0;0
6.714;156;-1;0;0
6.719;125;-1;0;0
6.724;86;-1;0;0
6.729;47;-1;0;0
6.734;7;-1;0;0
6.739;-31;-1;0;0
6.744;-62;-1;0;0
6.749;-101;-1;0;0
6.754;-140;-1;0;0
6.759;-171;-1;0;0
6.764;-210;-1;0;0
6.769;-241;-1;0;0
6.774;-278;-1;0;0
6.779;-309;-1;0;0
6.784;-331;-1;0;0
6.789;-353;-1;0;0
6.794;-382;-1;0;0
6.799;-397;-1;0;0
6.804;-425;-1;0;0
6.809;-439;-1;0;0
6.814;-453;-1;0;0
6.819;-467;-1;0;0
6.824;-481;-1;0;0
6.829;-488;-1;0;0
6.834;-502;-1;0;0
6.839;-509;-1;0;0
6.844;-509;-1;0;0
6.849;-509;-1;0;0
6.854;-509;-1;0;0
6.859;-509;-1;0;0
6.864;-502;-1;0;0
6.869;-495;-1;0;0
6.874;-481;-1;0;0
6.879;-474;-1;0;0
6.884;-460;-1;0;0
6.889;-453;-1;0;0
6.894;-432;-1;0;0
6.899;-411;-1;0;0
6.904;-397;-1;0;0
6.909;-375;-1;0;0
6.914;-346;-1;0;0
6.919;-323;-1;0;0
6.924;-301;-1;0;0
6.929;-271;-1;0;0
6.934;-241;-1;0;0
6.939;-210;-1;0;0
6.944;-179;-1;0;0
6.949;-140;-1;0;0
6.954;-109;-1;0;0
6.959;-70;-1;0;0
6.964;-31;-1;0;0
6.969;0;-1;0;0
6.974;31;-1;0;0
6.979;70;-1;0;0
6.984;109;-1;0;0
6.989;140;-1;0;0
6.994;171;-1;0;0
6.999;202;-1;0;0
7.004;233;-1;0;0
7.009;263;-1;0;0
7.014;294;-1;0;0
7.019;316;-1;0;0
7.024;338;-1;0;0
7.029;368;-1;0;0
7.034;382;-1;0;0
7.039;404;-1;0;0
7.044;418;-1;0;0
7.049;432;-1;0;0
7.054;453;-1;0;0
7.059;460;-1;0;0
7.064;467;-1;0;0
7.069;481;-1;0;0
7.074;481;-1;0;0
7.079;481;-1;0;0
7.084;481;-1;0;0
7.089;481;-1;0;0
7.094;481;-1;0;0
7.099;474;-1;0;0
7.104;467;-1;0;0
7.109;453;-1;0;0
7.114;453;-1;0;0
7.119;432;-1;0;0
7.124;418;-1;0;0
7.129;397;-1;0;0
7.134;382;-1;0;0
7.139;368;-1;0;0
7.144;338;-1;0;0
7.149;323;-1;0;0
7.154;294;-1;0;0
7.159;271;-1;0;0
7.164;241;-1;0;0
7.169;210;-1;0;0
7.174;187;-1;0;0
7.179;156;-1;0;0
7.184;117;-1;0;0
7.189;86;-1;0;0
7.194;54;-1;0;0
7.199;15;-1;0;0
7.204;-15;-1;0;0
7.209;-47;-1;0;0
7.214;-78;-1;0;0
7.219;-117;-1;0;0
7.224;-148;-1;0;0
7.229;-171;-1;0;0
7.234;-202;-1;0;0
7.239;-233;-1;0;0
7.244;-263;-1;0;0
7.249;-286;-1;0;0
7.254;-309;-1;0;0
7.259;-331;-1;0;0
7.264;-353;-1;0;0
7.269;-368;-1;0;0
7.274;-382;-1;0;0
7.279;-397;-1;0;0
7.284;-411;-1;0;0
7.289;-425;-1;0;0
7.294;-432;-1;0;0
7.299;-439;-1;0;0
7.304;-446;-1;0;0
7.309;-446;-1;0;0
7.314;-453;-1;0;0
7.319;-453;-1;0;0
7.324;-446;-1;0;0
7.329;-439;-1;0;0
7.334;-439;-1;0;0
7.339;-425;-1;0;0
7.344;-418;-1;0;0
7.349;-411;-1;0;0
7.354;-397;-1;0;0
7.359;-382;-1;0;0
7.364;-368;-1;0;0
7.369;-346;-1;0;0
7.374;-331;-1;0;0
7.379;-309;-1;0;0
7.384;-286;-1;0;0
7.389;-263;-1;0;0
7.394;-233;-1;0;0
7.399;-210;-1;0;0
7.404;-187;-1;0;0
7.409;-156;-1;0;0
7.414;-125;-1;0;0
7.419;-94;-1;0;0
7.424;-62;-1;0;0
7.429;-31;-1;0;0
7.434;0;-1;0;0
7.439;31;-1;0;0
7.444;62;-1;0;0
7.449;94;-1;0;0
7.454;125;-1;0;0
7.459;148;-1;0;0
7.464;179;-1;0;0
7.469;202;-1;0;0
7.474;233;-1;0;0
7.479;256;-1;0;0
7.484;278;-1;0;0
7.489;301;-1;0;0
7.494;316;-1;0;0
7.499;338;-1;0;0
7.504;353;-1;0;0
7.509;368;-1;0;0
7.514;382;-1;0;0
7.519;397;-1;0;0
7.524;404;-1;0;0
7.529;411;-1;0;0
7.534;418;-1;0;0
7.539;425;-1;0;0
7.544;425;-1;0;0
7.549;425;-1;0;0
7.554;425;-1;0;0
7.559;425;-1;0;0
7.564;418;-1;0;0
7.569;411;-1;0;0
7.574;397;-1;0;0
7.579;389;-1;0;0
7.584;375;-1;0;0
7.589;368;-1;0;0
7.594;346;-1;0;0
7.599;338;-1;0;0
7.604;316;-1;0;0
7.609;294;-1;0;0
7.614;278;-1;0;0
7.619;248;-1;0;0
7.624;225;-1;0;0
7.629;202;-1;0;0
7.634;187;-1;0;0
7.639;156;-1;0;0
7.644;125;-1;0;0
7.649;94;-1;0;0
7.654;62;-1;0;0
7.659;39;-1;0;0
7.664;7;-1;0;0
7.669;-15;-1;0;0
7.674;-47;-1;0;0
7.679;-78;-1;0;0
7.684;-109;-1;0;0
7.689;-133;-1;0;0
7.694;-156;-1;0;0
7.699;-187;-1;0;0
7.704;-210;-1;0;0
7.709;-233;-1;0;0
7.714;-248;-1;0;0
7.719;-271;-1;0;0
7.724;-294;-1;0;0
7.729;-309;-1;0;0
7.734;-323;-1;0;0
7.739;-338;-1;0;0
7.744;-353;-1;0;0
7.749;-368;-1;0;0
7.754;-375;-1;0;0
7.759;-382;-1;0;0
7.764;-389;-1;0;0
7.769;-397;-1;0;0
7.774;-397;-1;0;0
7.779;-397;-1;0;0
7.784;-397;-1;0;0
7.789;-397;-1;0;0
7.794;-389;-1;0;0
7.799;-382;-1;0;0
7.804;-375;-1;0;0
7.809;-368;-1;0;0
7.814;-353;-1;0;0
7.819;-338;-1;0;0
7.824;-331;-1;0;0
7.829;-316;-1;0;0
7.834;-301;-1;0;0
7.839;-278;-1;0;0
7.844;-256;-1;0;0
7.849;-241;-1;0;0
7.854;-218;-1;0;0
7.859;-195;-1;0;0
7.864;-171;-1;0;0
7.869;-148;-1;0;0
7.874;-125;-1;0;0
7.879;-94;-1;0;0
7.884;-62;-1;0;0
7.889;-39;-1;0;0
7.894;-15;-1;0;0
7.899;15;-1;0;0
7.904;39;-1;0;0
7.909;62;-1;0;0
7.914;94;-1;0;0
7.919;117;-1;0;0
7.924;140;-1;0;0
7.929;164;-1;0;0
7.934;187;-1;0;0
7.939;218;-1;0;0
7.944;233;-1;0;0
7.949;248;-1;0;0
7.954;271;-1;0;0
7.959;286;-1;0;0
7.964;301;-1;0;0
7.969;309;-1;0;0
7.974;323;-1;0;0
7.979;338;-1;0;0
7.984;346;-1;0;0
7.989;360;-1;0;0
7.994;368;-1;0;0
7.999;368;-1;0;0
8.004;368;-1;0;0
8.009;368;-1;0;0
8.014;368;-1;0;0
8.019;368;-1;0;0
8.024;368;-1;0;0
8.029;360;-1;0;0
8.034;353;-1;0;0
8.039;338;-1;0;0
8.044;338;-1;0;0
8.049;323;-1;0;0
8.054;309;-1;0;0
8.059;294;-1;0;0
8.064;278;-1;0;0
8.069;263;-1;0;0
8.074;248;-1;0;0
8.079;225;-1;0;0
8.084;210;-1;0;0
8.089;187;-1;0;0
8.094;164;-1;0;0
8.099;140;-1;0;0
8.104;117;-1;0;0
8.109;94;-1;0;0
8.114;62;-1;0;0
8.119;39;-1;0;0
8.124;15;-1;0;0
8.129;-7;-1;0;0
8.134;-31;-1;0;0
8.139;-54;-1;0;0
8.144;-78;-1;0;0
8.149;-109;-1;0;0
8.154;-133;-1;0;0
8.159;-156;-1;0;0
8.164;-171;-1;0;0
8.169;-195;-1;0;0
8.174;-218;-1;0;0
8.179;-233;-1;0;0
8.184;-248;-1;0;0
8.189;-263;-1;0;0
8.194;-278;-1;0;0
8.199;-294;-1;0;0
8.204;-309;-1;0;0
8.209;-316;-1;0;0
8.214;-323;-1;0;0
8.219;-331;-1;0;0
8.224;-338;-1;0;0
8.229;-338;-1;0;0
8.234;-338;-1;0;0
8.239;-346;-1;0;0
8.244;-346;-1;0;0
8.249;-338;-1;0;0
8.254;-338;-1;0;0
8.259;-338;-1;0;0
8.264;-331;-1;0;0
8.269;-323;-1;0;0
8.274;-309;-1;0;0
8.279;-301;-1;0;0
8.284;-294;-1;0;0
8.289;-278;-1;0;0
8.294;-263;-1;0;0
8.299;-248;-1;0;0
8.304;-233;-1;0;0
8.309;-218;-1;0;0
8.314;-195;-1;0;0
8.319;-179;-1;0;0
8.324;-156;-1;0;0
8.329;-133;-1;0;0
8.334;-117;-1;0;0
8.339;-94;-1;0;0
8.344;-62;-1;0;0
8.349;-39;-1;0;0
8.354;-23;-1;0;0
8.359;0;-1;0;0
8.364;31;-1;0;0
8.369;47;-1;0;0
8.374;70;-1;0;0
8.379;94;-1;0;0
8.384;117;-1;0;0
8.389;133;-1;0;0
8.394;156;-1;0;0
8.399;171;-1;0;0
8.404;187;-1;0;0
8.409;210;-1;0;0
8.414;218;-1;0;0
8.419;241;-1;0;0
8.424;248;-1;0;0
8.429;263;-1;0;0
8.434;278;-1;0;0
8.439;286;-1;0;0
8.444;294;-1;0;0
8.449;309;-1;0;0
8.454;309;-1;0;0
8.459;309;-1;0;0
8.464;316;-1;0;0
8.469;316;-1;0;0
8.474;316;-1;0;0
8.479;316;-1;0;0
8.484;309;-1;0;0
8.489;309;-1;0;0
8.494;309;-1;0;0
8.499;294;-1;0;0
8.504;286;-1;0;0
8.509;278;-1;0;0
8.514;263;-1;0;0
8.519;256;-1;0;0
8.524;248;-1;0;0
8.529;233;-1;0;0
8.534;218;-1;0;0
8.539;202;-1;0;0
8.544;187;-1;0;0
8.549;164;-1;0;0
8.554;140;-1;0;0
8.559;125;-1;0;0
8.564;109;-1;0;0
8.569;86;-1;0;0
8.574;62;-1;0;0
8.579;39;-1;0;0
8.584;23;-1;0;0
8.589;0;-1;0;0
8.594;-23;-1;0;0
8.599;-39;-1;0;0
8.604;-62;-1;0;0
8.609;-86;-1;0;0
8.614;-109;-1;0;0
8.619;-125;-1;0;0
8.624;-140;-1;0;0
8.629;-156;-1;0;0
8.634;-179;-1;0;0
8.639;-195;-1;0;0
8.644;-210;-1;0;0
8.649;-218;-1;0;0
8.654;-233;-1;0;0
8.659;-248;-1;0;0
8.664;-256;-1;0;0
8.669;-263;-1;0;0
8.674;-271;-1;0;0
8.679;-278;-1;0;0
8.684;-286;-1;0;0
8.689;-294;-1;0;0
8.694;-294;-1;0;0
8.699;-294;-1;0;0
8.704;-294;-1;0;0
8.709;-294;-1;0;0
8.714;-294;-1;0;0
8.719;-286;-1;0;0
8.724;-278;-1;0;0
8.729;-278;-1;0;0
8.734;-271;-1;0;0
8.739;-263;-1;0;0
8.744;-248;-1;0;0
8.749;-241;-1;0;0
8.754;-225;-1;0;0
8.759;-218;-1;0;0
8.764;-202;-1;0;0
8.769;-187;-1;0;0
8.774;-171;-1;0;0
8.779;-156;-1;0;0
8.784;-140;-1;0;0
8.789;-125;-1;0;0
8.794;-101;-1;0;0
8.799;-86;-1;0;0
8.804;-62;-1;0;0
8.809;-39;-1;0;0
8.814;-23;-1;0;0
8.819;0;-1;0;0
8.824;15;-1;0;0
8.829;31;-1;0;0
8.834;54;-1;0;0
8.839;70;-1;0;0
8.844;94;-1;0;0
8.849;109;-1;0;0
8.854;125;-1;0;0
8.859;140;-1;0;0
8.864;156;-1;0;0
8.869;171;-1;0;0
8.874;187;-1;0;0
8.879;195;-1;0;0
8.884;210;-1;0;0
8.889;218;-1;0;0
8.894;233;-1;0;0
8.899;241;-1;0;0
8.904;248;-1;0;0
8.909;248;-1;0;0
8.914;256;-1;0;0
8.919;263;-1;0;0
8.924;263;-1;0;0
8.929;263;-1;0;0
8.934;263;-1;0;0
8.939;263;-1;0;0
8.944;263;-1;0;0
8.949;263;-1;0;0
8.954;256;-1;0;0
8.959;248;-1;0;0
8.964;248;-1;0;0
8.969;233;-1;0;0
8.974;225;-1;0;0
8.979;218;-1;0;0
8.984;210;-1;0;0
8.989;195;-1;0;0
8.994;187;-1;0;0
8.999;171;-1;0;0
9.004;156;-1;0;0
9.009;140;-1;0;0
9.014;125;-1;0;0
9.019;109;-1;0;0
9.024;94;-1;0;0
9.029;70;-1;0;0
9.034;54;-1;0;0
9.039;39;-1;0;0
9.044;23;-1;0;0
9.049;0;-1;0;0
9.054;-15;-1;0;0
9.059;-31;-1;0;0
9.064;-47;-1;0;0
9.069;-62;-1;0;0
9.074;-86;-1;0;0
9.079;-101;-1;0;0
9.084;-117;-1;0;0
9.089;-133;-1;0;0
9.094;-148;-1;0;0
9.099;-156;-1;0;0
9.104;-171;-1;0;0
9.109;-187;-1;0;0
9.114;-195;-1;0;0
9.119;-202;-1;0;0
9.124;-218;-1;0;0
9.129;-218;-1;0;0
9.134;-225;-1;0;0
9.139;-233;-1;0;0
9.144;-241;-1;0;0
9.149;-241;-1;0;0
9.154;-248;-1;0;0
9.159;-248;-1;0;0
9.164;-248;-1;0;0
9.169;-248;-1;0;0
9.174;-248;-1;0;0
9.179;-241;-1;0;0
9.184;-241;-1;0;0
9.189;-233;-1;0;0
9.194;-225;-1;0;0
9.199;-218;-1;0;0
9.204;-210;-1;0;0
9.209;-202;-1;0;0
9.214;-195;-1;0;0
9.219;-179;-1;0;0
9.224;-164;-1;0;0
9.229;-156;-1;0;0
9.234;-140;-1;0;0
9.239;-133;-1;0;0
9.244;-117;-1;0;0
9.249;-101;-1;0;0
9.254;-86;-1;0;0
9.259;-62;-1;0;0
9.264;-54;-1;0;0
9.269;-31;-1;0;0
9.274;-23;-1;0;0
9.279;0;-1;0;0
9.284;7;-1;0;0
9.289;31;-1;0;0
9.294;39;-1;0;0
9.299;62;-1;0;0
9.304;70;-1;0;0
9.309;86;-1;0;0
9.314;101;-1;0;0
9.319;117;-1;0;0
9.324;125;-1;0;0
9.329;140;-1;0;0
9.334;156;-1;0;0
9.339;156;-1;0;0
9.344;171;-1;0;0
9.349;179;-1;0;0
9.354;187;-1;0;0
9.359;195;-1;0;0
9.364;202;-1;0;0
9.369;210;-1;0;0
9.374;218;-1;0;0
9.379;218;-1;0;0
9.384;218;-1;0;0
9.389;218;-1;0;0
9.394;218;-1;0;0
9.399;218;-1;0;0
9.404;218;-1;0;0
9.409;218;-1;0;0
9.414;210;-1;0;0
9.419;202;-1;0;0
9.424;202;-1;0;0
9.429;195;-1;0;0
9.434;187;-1;0;0
9.439;179;-1;0;0
9.444;171;-1;0;0
9.449;156;-1;0;0
9.454;148;-1;0;0
9.459;140;-1;0;0
9.464;125;-1;0;0
9.469;117;-1;0;0
9.474;101;-1;0;0
9.479;86;-1;0;0
9.484;70;-1;0;0
9.489;62;-1;0;0
9.494;47;-1;0;0
9.499;31;-1;0;0
9.504;15;-1;0;0
9.509;0;-1;0;0
9.514;-7;-1;0;0
9.519;-31;-1;0;0
9.524;-39;-1;0;0
9.529;-54;-1;0;0
9.534;-62;-1;0;0
9.539;-78;-1;0;0
9.544;-94;-1;0;0
9.549;-109;-1;0;0
9.554;-117;-1;0;0
9.559;-125;-1;0;0
9.564;-140;-1;0;0
9.569;-148;-1;0;0
9.574;-156;-1;0;0
9.579;-164;-1;0;0
9.584;-171;-1;0;0
9.589;-179;-1;0;0
9.594;-187;-1;0;0
9.599;-187;-1;0;0
9.604;-195;-1;0;0
9.609;-195;-1;0;0
9.614;-195;-1;0;0
9.619;-195;-1;0;0
9.624;-195;-1;0;0
9.629;-195;-1;0;0
9.634;-195;-1;0;0
9.639;-195;-1;0;0
9.644;-187;-1;0;0
9.649;-187;-1;0;0
9.654;-179;-1;0;0
9.659;-179;-1;0;0
9.664;-164;-1;0;0
9.669;-156;-1;0;0
9.674;-156;-1;0;0
9.679;-148;-1;0;0
9.684;-133;-1;0;0
9.689;-125;-1;0;0
9.694;-117;-1;0;0
9.699;-101;-1;0;0
9.704;-94;-1;0;0
9.709;-78;-1;0;0
9.714;-62;-1;0;0
9.719;-54;-1;0;0
9.724;-39;-1;0;0
9.729;-31;-1;0;0
9.734;-15;-1;0;0
9.739;-7;-1;0;0
9.744;7;-1;0;0
9.749;15;-1;0;0
9.754;31;-1;0;0
9.759;47;-1;0;0
9.764;62;-1;0;0
9.769;62;-1;0;0
9.774;78;-1;0;0
9.779;94;-1;0;0
9.784;94;-1;0;0
9.789;109;-1;0;0
9.794;117;-1;0;0
9.799;125;-1;0;0
9.804;133;-1;0;0
9.809;140;-1;0;0
9.814;148;-1;0;0
9.819;156;-1;0;0
9.824;156;-1;0;0
9.829;156;-1;0;0
9.834;164;-1;0;0
9.839;164;-1;0;0
9.844;171;-1;0;0
9.849;171;-1;0;0
9.854;171;-1;0;0
9.859;171;-1;0;0
9.864;164;-1;0;0
9.869;164;-1;0;0
9.874;164;-1;0;0
9.879;156;-1;0;0
9.884;156;-1;0;0
9.889;148;-1;0;0
9.894;140;-1;0;0
9.899;140;-1;0;0
9.904;133;-1;0;0
9.909;125;-1;0;0
9.914;117;-1;0;0
9.919;109;-1;0;0
9.924;94;-1;0;0
9.929;86;-1;0;0
9.934;78;-1;0;0
9.939;62;-1;0;0
9.944;62;-1;0;0
9.949;47;-1;0;0
9.954;31;-1;0;0
9.959;23;-1;0;0
9.964;15;-1;0;0
9.969;0;-1;0;0
9.974;-7;-1;0;0
9.979;-15;-1;0;0
9.984;-31;-1;0;0
9.989;-39;-1;0;0
9.994;-54;-1;0;0
9.999;-62;-1;0;0
10.004;-70;-1;0;0
10.009;-86;-1;0;0
10.014;-94;-1;0;0
10.019;-94;-1;0;0
10.024;-109;-1;0;0
10.029;-117;-1;0;0
10.034;-125;-1;0;0
10.039;-125;-1;0;0
10.044;-133;-1;0;0
10.049;-133;-1;0;0
10.054;-140;-1;0;0
10.059;-148;-1;0;0
10.064;-148;-1;0;0
10.069;-148;-1;0;0
10.074;-148;-1;0;0
10.079;-148;-1;0;0
10.084;-148;-1;0;0
10.089;-148;-1;0;0
10.094;-148;-1;0;0
10.099;-148;-1;0;0
10.104;-140;-1;0;0
10.109;-140;-1;0;0
10.114;-133;-1;0;0
10.119;-133;-1;0;0
10.124;-125;-1;0;0
10.129;-125;-1;0;0
10.134;-117;-1;0;0
10.139;-109;-1;0;0
10.144;-101;-1;0;0
10.149;-94;-1;0;0
10.154;-86;-1;0;0
10.159;-78;-1;0;0
10.164;-62;-1;0;0
10.169;-62;-1;0;0
10.174;-47;-1;0;0
10.179;-39;-1;0;0
10.184;-31;-1;0;0
10.189;-23;-1;0;0
10.194;-15;-1;0;0
10.199;0;-1;0;0
10.204;0;-1;0;0
10.209;15;-1;0;0
10.214;23;-1;0;0
10.219;31;-1;0;0
10.224;39;-1;0;0
10.229;47;-1;0;0
10.234;54;-1;0;0
10.239;62;-1;0;0
10.244;70;-1;0;0
10.249;78;-1;0;0
10.254;86;-1;0;0
10.259;94;-1;0;0
10.264;94;-1;0;0
10.269;101;-1;0;0
10.274;101;-1;0;0
10.279;109;-1;0;0
10.284;109;-1;0;0
10.289;117;-1;0;0
10.294;117;-1;0;0
10.299;117;-1;0;0
10.304;125;-1;0;0
10.309;125;-1;0;0
10.314;125;-1;0;0
10.319;125;-1;0;0
10.324;125;-1;0;0
10.329;117;-1;0;0
10.334;117;-1;0;0
10.339;109;-1;0;0
10.344;109;-1;0;0
10.349;101;-1;0;0
10.354;101;-1;0;0
10.359;94;-1;0;0
10.364;94;-1;0;0
10.369;86;-1;0;0
10.374;78;-1;0;0
10.379;70;-1;0;0
10.384;62;-1;0;0
10.389;62;-1;0;0
10.394;54;-1;0;0
10.399;47;-1;0;0
10.404;39;-1;0;0
10.409;31;-1;0;0
10.414;23;-1;0;0
10.419;15;-1;0;0
10.424;7;-1;0;0
10.429;0;-1;0;0
10.434;-7;-1;0;0
10.439;-15;-1;0;0
10.444;-23;-1;0;0
10.449;-31;-1;0;0
10.454;-31;-1;0;0
10.459;-39;-1;0;0
10.464;-47;-1;0;0
10.469;-54;-1;0;0
10.474;-62;-1;0;0
10.479;-62;-1;0;0
10.484;-70;-1;0;0
10.489;-78;-1;0;0
10.494;-86;-1;0;0
10.499;-86;-1;0;0
10.504;-94;-1;0;0
10.509;-94;-1;0;0
10.514;-94;-1;0;0
10.519;-94;-1;0;0
10.524;-94;-1;0;0
10.529;-101;-1;0;0
10.534;-101;-1;0;0
10.539;-101;-1;0;0
10.544;-101;-1;0;0
10.549;-101;-1;0;0
10.554;-101;-1;0;0
10.559;-94;-1;0;0
10.564;-94;-1;0;0
10.569;-94;-1;0;0
10.574;-94;-1;0;0
10.579;-86;-1;0;0
10.584;-86;-1;0;0
10.589;-78;-1;0;0
10.594;-70;-1;0;0
10.599;-70;-1;0;0
10.604;-62;-1;0;0
10.609;-62;-1;0;0
10.614;-54;-1;0;0
10.619;-54;-1;0;0
10.624;-47;-1;0;0
10.629;-39;-1;0;0
10.634;-31;-1;0;0
10.639;-31;-1;0;0
10.644;-31;-1;0;0
10.649;-23;-1;0;0
10.654;-15;-1;0;0
10.659;-15;-1;0;0
10.664;-7;-1;0;0
10.669;0;-1;0;0
10.674;0;-1;0;0
10.679;0;-1;0;0
10.684;7;-1;0;0
10.689;15;-1;0;0
10.694;15;-1;0;0
10.699;23;-1;0;0
10.704;31;-1;0;0
10.709;31;-1;0;0
10.714;31;-1;0;0
10.719;39;-1;0;0
10.724;47;-1;0;0
10.729;47;-1;0;0
10.734;47;-1;0;0
10.739;54;-1;0;0
10.744;54;-1;0;0
10.749;62;-1;0;0
10.754;62;-1;0;0
10.759;62;-1;0;0
10.764;62;-1;0;0
10.769;62;-1;0;0
10.774;62;-1;0;0
10.779;62;-1;0;0
10.784;62;-1;0;0
10.789;62;-1;0;0
10.794;62;-1;0;0
10.799;62;-1;0;0
10.804;62;-1;0;0
10.809;54;-1;0;0
10.814;54;-1;0;0
10.819;54;-1;0;0
10.824;47;-1;0;0
10.829;47;-1;0;0
10.834;47;-1;0;0
10.839;39;-1;0;0
10.844;31;-1;0;0
10.849;31;-1;0;0
10.854;31;-1;0;0
10.859;31;-1;0;0
10.864;23;-1;0;0
10.869;23;-1;0;0
10.874;15;-1;0;0
10.879;15;-1;0;0
10.884;7;-1;0;0
10.889;0;-1;0;0
10.894;0;-1;0;0
10.899;0;-1;0;0
10.904;0;-1;0;0
10.909;-7;-1;0;0
10.914;-15;-1;0;0
10.919;-15;-1;0;0
10.924;-15;-1;0;0
10.929;-23;-1;0;0
10.934;-23;-1;0;0
10.939;-31;-1;0;0
10.944;-31;-1;0;0
10.949;-31;-1;0;0
10.954;-31;-1;0;0
10.959;-31;-1;0;0
10.964;-39;-1;0;0
10.969;-39;-1;0;0
10.974;-39;-1;0;0
10.979;-39;-1;0;0
10.984;-39;-1;0;0
10.989;-39;-1;0;0
10.994;-39;-1;0;0
10.999;-47;-1;0;0
11.004;-47;-1;0;0
11.009;-39;-1;0;0
11.014;-39;-1;0;0
11.019;-39;-1;0;0
11.024;-39;-1;0;0
11.029;-39;-1;0;0
11.034;-39;-1;0;0
11.039;-39;-1;0;0
11.044;-31;-1;0;0
11.049;-31;-1;0;0
11.054;-31;-1;0;0
11.059;-31;-1;0;0
11.064;-31;-1;0;0
11.069;-31;-1;0;0
11.074;-31;-1;0;0
11.079;-31;-1;0;0
11.084;-23;-1;0;0
11.089;-23;-1;0;0
11.094;-15;-1;0;0
11.099;-15;-1;0;0
11.104;-15;-1;0;0
11.109;-15;-1;0;0
11.114;-7;-1;0;0
11.119;-7;-1;0;0
11.124;-7;-1;0;0
11.129;0;-1;0;0
11.134;0;-1;0;0
11.139;0;-1;0;0
11.144;0;-1;0;0
11.149;0;-1;0;0
11.154;0;-1;0;0
11.159;7;-1;0;0
11.164;7;-1;0;0
11.169;7;-1;0;0
11.174;7;-1;0;0
11.179;15;-1;0;0
11.184;15;-1;0;0
11.189;15;-1;0;0
11.194;15;-1;0;0
11.199;15;-1;0;0
11.204;15;-1;0;0
11.209;15;-1;0;0
11.214;15;-1;0;0
11.219;15;-1;0;0
11.224;15;-1;0;0
11.229;15;-1;0;0
11.234;23;-1;0;0
11.239;23;-1;0;0
11.244;23;-1;0;0
11.249;23;-1;0;0
11.254;23;-1;0;0
11.259;15;-1;0;0
11.264;15;-1;0;0
11.269;15;-1;0;0
11.274;15;-1;0;0
11.279;15;-1;0;0
11.284;15;-1;0;0
11.289;15;-1;0;0
11.294;15;-1;0;0
11.299;15;-1;0;0
11.304;15;-1;0;0
11.309;7;-1;0;0
11.314;7;-1;0;0
11.319;7;-1;0;0
11.324;7;-1;0;0
11.329;7;-1;0;0
11.334;7;-1;0;0
11.339;0;-1;0;0
11.344;0;-1;0;0
11.349;0;-1;0;0
11.354;0;-1;0;0
11.359;0;-1;0;0
11.364;0;-1;0;0
11.369;0;-1;0;0
11.374;0;-1;0;0
11.379;0;-1;0;0
11.384;0;-1;0;0
11.389;0;-1;0;0
11.394;0;-1;0;0
11.399;0;-1;0;0
11.404;0;-1;0;0
11.409;0;-1;0;0
11.414;0;-1;0;0
11.419;0;-1;0;0
11.424;0;-1;0;0
11.429;0;-1;0;0
11.434;0;-1;0;0
11.439;0;-1;0;0
11.444;0;-1;0;0
11.449;0;-1;0;0
11.454;0;-1;0;0
11.459;0;-1;0;0
11.464;0;-1;0;0
11.469;0;-1;0;0
11.474;0;-1;0;0
11.479;0;-1;0;0
11.484;0;-1;0;0
11.489;0;-1;0;0
11.494;0;-1;0;0
11.499;0;-1;0;0
11.504;0;-1;0;0
11.509;0;-1;0;0
11.514;0;-1;0;0
11.519;0;-1;0;0
11.524;0;-1;0;0
11.529;0;-1;0;0
11.534;0;-1;0;0
11.539;0;-1;0;0
11.544;0;-1;0;0
11.549;0;-1;0;0
11.554;0;-1;0;0
11.559;0;-1;0;0
11.564;0;-1;0;0
11.569;0;-1;0;0
11.574;0;-1;0;0
11.579;0;-1;0;0
11.584;0;-1;0;0
11.589;0;-1;0;0
11.594;0;-1;0;0
11.599;0;-1;0;0
11.604;0;-1;0;0
11.609;0;-1;0;0
11.614;0;-1;0;0
11.619;0;-1;0;0
11.624;0;-1;0;0
11.629;0;-1;0;0
11.634;0;-1;0;0
11.639;0;-1;0;0
11.644;0;-1;0;0
11.649;0;-1;0;0
11.654;0;-1;0;0
11.659;0;-1;0;0
11.664;0;-1;0;0
11.669;0;-1;0;0
11.674;0;-1;0;0
11.679;0;-1;0;0
11.684;0;-1;0;0
11.689;0;-1;0;0
11.694;0;-1;0;0
11.699;0;-1;0;0
11.704;0;-1;0;0
11.709;0;-1;0;0
11.714;0;-1;0;0
11.719;0;-1;0;0
11.724;0;-1;0;0
11.729;0;-1;0;0
11.734;0;-1;0;0
11.739;0;-1;0;0
11.744;0;-1;0;0
11.749;0;-1;0;0
11.754;0;-1;0;0
11.759;0;-1;0;0
11.764;0;-1;0;0
11.769;0;-1;0;0
11.774;0;-1;0;0
11.779;0;-1;0;0
11.784;0;-1;0;0
11.789;0;-1;0;0
11.794;0;-1;0;0
11.799;0;-1;0;0
11.804;0;-1;0;0
11.809;0;-1;0;0
11.814;0;-1;0;0
11.819;0;-1;0;0
11.824;0;-1;0;0
11.829;0;-1;0;0
11.834;0;-1;0;0
11.839;0;-1;0;0
11.844;0;-1;0;0
11.849;0;-1;0;0
11.854;0;-1;0;0
11.859;0;-1;0;0
11.864;0;-1;0;0
11.869;0;-1;0;0
11.874;0;-1;0;0
11.879;0;-1;0;0
11.884;0;-1;0;0
11.889;0;-1;0;0
11.894;0;-1;0;0
11.899;0;-1;0;0
11.904;0;-1;0;0
11.909;0;-1;0;0
11.914;0;-1;0;0
11.919;0;-1;0;0
11.924;0;-1;0;0
11.929;0;-1;0;0
11.934;0;-1;0;0
11.939;0;-1;0;0
11.944;0;-1;0;0
11.949;0;-1;0;0
11.954;0;-1;0;0
11.959;0;-1;0;0
11.964;0;-1;0;0
11.969;0;-1;0;0
11.974;0;-1;0;0
11.979;0;-1;0;0
11.984;0;-1;0;0
11.989;0;-1;0;0
11.994;0;-1;0;0
11.999;0;-1;0;0
12.004;0;-1;0;0
12.009;0;-1;0;0
12.014;0;-1;0;0
12.019;0;-1;0;0
12.024;0;-1;0;0
12.029;0;-1;0;0
12.034;0;-1;0;0
12.039;0;-1;0;0
12.044;0;-1;0;0
12.049;0;-1;0;0
12.054;0;-1;0;0
12.059;0;-1;0;0
12.064;0;-1;0;0
12.069;0;-1;0;0
12.074;0;-1;0;0
12.079;0;-1;0;0
12.084;0;-1;0;0
12.089;0;-1;0;0
12.094;0;-1;0;0
12.099;0;-1;0;0
12.104;0;-1;0;0
12.109;0;-1;0;0
12.114;0;-1;0;0
12.119;0;-1;0;0
12.124;0;-1;0;0
12.129;0;-1;0;0
12.134;0;-1;0;0
12.139;0;-1;0;0
12.144;0;-1;0;0
12.149;0;-1;0;0
12.154;0;-1;0;0
12.159;0;-1;0;0
12.164;0;-1;0;0
12.169;0;-1;0;0
12.174;0;-1;0;0
12.179;0;-1;0;0
12.184;0;-1;0;0
12.189;0;-1;0;0
12.194;0;-1;0;0
12.199;0;-1;0;0
12.204;0;-1;0;0
12.209;0;-1;0;0
12.214;0;-1;0;0
12.219;0;-1;0;0
12.224;0;-1;0;0
12.229;0;-1;0;0
12.234;0;-1;0;0
12.239;0;-1;0;0
12.244;0;-1;0;0
12.249;0;-1;0;0
12.254;0;-1;0;0
12.259;0;-1;0;0
12.264;0;-1;0;0
12.269;0;-1;0;0
12.274;0;-1;0;0
12.279;0;-1;0;0
12.284;0;-1;0;0
12.289;0;-1;0;0
12.294;0;-1;0;0
12.299;0;-1;0;0
12.304;0;-1;0;0
12.309;0;-1;0;0
12.314;0;-1;0;0
12.319;0;-1;0;0
12.324;0;-1;0;0
12.329;0;-1;0;0
12.334;0;-1;0;0
12.339;0;-1;0;0
12.344;0;-1;0;0
12.349;0;-1;0;0
12.354;0;-1;0;0
12.359;0;-1;0;0
12.364;0;-1;0;0
12.369;0;-1;0;0
12.374;0;-1;0;0
12.379;0;-1;0;0
12.384;0;-1;0;0
12.389;0;-1;0;0
12.394;0;-1;0;0
12.399;0;-1;0;0
12.404;0;-1;0;0
12.409;0;-1;0;0
12.414;0;-1;0;0
12.419;0;-1;0;0
12.424;0;-1;0;0
12.429;0;-1;0;0
12.434;0;-1;0;0
12.439;0;-1;0;0
12.444;0;-1;0;0
12.449;0;-1;0;0
12.454;0;-1;0;0
12.459;0;-1;0;0
12.464;0;-1;0;0
12.469;0;-1;0;0
12.474;0;-1;0;0
12.479;0;-1;0;0
12.484;0;-1;0;0
12.489;0;-1;0;0
12.494;0;-1;0;0
12.499;0;-1;0;0
12.504;0;-1;0;0
12.509;0;-1;0;0
12.514;0;-1;0;0
12.519;0;-1;0;0
12.524;0;-1;0;0
12.529;0;-1;0;0
12.534;0;-1;0;0
12.539;0;-1;0;0
12.544;0;-1;0;0
12.549;0;-1;0;0
12.554;0;-1;0;0
12.559;0;-1;0;0
12.564;0;-1;0;0
12.569;0;-1;0;0
12.574;0;-1;0;0
12.579;0;-1;0;0
12.584;0;-1;0;0
12.589;0;-1;0;0
12.594;0;-1;0;0
12.599;0;-1;0;0
12.604;0;-1;0;0
12.609;0;-1;0;0
12.614;0;-1;0;0
12.619;0;-1;0;0
12.624;0;-1;0;0
12.629;0;-1;0;0
12.634;0;-1;0;0
12.639;0;-1;0;0
12.644;0;-1;0;0
12.649;0;-1;0;0
12.654;0;-1;0;0
12.659;0;-1;0;0
12.664;0;-1;0;0
12.669;0;-1;0;0
12.674;0;-1;0;0
12.679;0;-1;0;0
12.684;0;-1;0;0
12.689;0;-1;0;0
12.694;0;-1;0;0
12.699;0;-1;0;0
12.704;0;-1;0;0
12.709;0;-1;0;0
12.714;0;-1;0;0
12.719;0;-1;0;0
12.724;0;-1;0;0
12.729;0;-1;0;0
12.734;0;-1;0;0
12.739;0;-1;0;0
12.744;0;-1;0;0
12.749;0;-1;0;0
12.754;0;-1;0;0
12.759;0;-1;0;0
12.764;0;-1;0;0
12.769;0;-1;0;0
12.774;0;-1;0;0
12.779;0;-1;0;0
12.784;0;-1;0;0
12.789;0;-1;0;0
12.794;0;-1;0;0
12.799;0;-1;0;0
12.804;0;-1;0;0
12.809;0;-1;0;0
12.814;0;-1;0;0
12.819;0;-1;0;0
12.824;0;-1;0;0
12.829;0;-1;0;0
12.834;0;-1;0;0
12.839;0;-1;0;0
12.844;0;-1;0;0
12.849;0;-1;0;0
12.854;0;-1;0;0
12.859;0;-1;0;0
12.864;0;-1;0;0
12.869;0;-1;0;0
12.874;0;-1;0;0
12.879;0;-1;0;0
12.884;0;-1;0;0
12.889;0;-1;0;0
12.894;0;-1;0;0
12.899;0;-1;0;0
12.904;0;-1;0;0
12.909;0;-1;0;0
12.914;0;-1;0;0
12.919;0;-1;0;0
12.924;0;-1;0;0
12.929;0;-1;0;0
12.934;0;-1;0;0
12.939;0;-1;0;0
12.944;0;-1;0;0
12.949;0;-1;0;0
12.954;0;-1;0;0
12.959;0;-1;0;0
12.964;0;-1;0;0
12.969;0;-1;0;0
12.974;0;-1;0;0
12.979;0;-1;0;0
12.984;0;-1;0;0
12.989;0;-1;0;0
12.994;0;-1;0;0
12.999;0;-1;0;0
13.004;0;-1;0;0
13.009;0;-1;0;0
13.014;0;-1;0;0
13.019;0;-1;0;0
13.024;0;-1;0;0
13.029;0;-1;0;0
13.034;0;-1;0;0
13.039;0;-1;0;0
13.044;0;-1;0;0
13.049;0;-1;0;0
13.054;0;-1;0;0
13.059;0;-1;0;0
13.064;0;-1;0;0
13.069;0;-1;0;0
13.074;0;-1;0;0
13.079;0;-1;0;0