t;e;d;i;set

2.604;0;5000;0;0
2.609;0;5000;0;0
2.614;0;5000;0;0
2.619;0;5000;0;0
2.624;0;5000;0;0
2.629;0;5000;0;0
2.634;0;5000;0;0
2.639;0;5000;0;0
2.644;0;5000;0;0
2.649;0;5000;0;0
2.654;0;5000;0;0
2.659;0;5000;0;0
2.664;0;5000;0;0
2.669;0;5000;0;0
2.674;0;5000;0;0
2.679;0;5000;0;0
2.684;0;5000;0;0
2.689;0;5000;0;0
2.694;0;5000;0;0
2.699;0;5000;0;0
2.704;0;5000;0;0
2.709;0;5000;0;0
2.714;0;5000;0;0
2.719;0;5000;0;0
2.724;0;5000;0;0
2.729;0;5000;0;0
2.734;0;5000;0;0
2.739;0;5000;0;0
2.744;0;5000;0;0
2.749;0;5000;0;0
2.754;0;5000;0;0
2.759;0;5000;0;0
2.764;0;5000;0;0
2.769;0;5000;0;0
2.774;0;5000;0;0
2.779;0;5000;0;0
2.784;0;5000;0;0
2.789;0;5000;0;0
2.794;0;5000;0;0
2.799;0;5000;0;0
2.804;0;5000;0;0
2.809;0;5000;0;0
2.814;0;5000;0;0
2.819;0;5000;0;0
2.824;0;5000;0;0
2.829;0;5000;0;0
2.834;0;5000;0;0
2.839;0;5000;0;0
2.844;0;5000;0;0
2.849;0;5000;0;0
2.854;0;5000;0;0
2.859;0;5000;0;0
2.864;0;5000;0;0
2.869;0;5000;0;0
2.874;0;5000;0;0
2.879;0;5000;0;0
2.884;0;5000;0;0
2.889;0;5000;0;0
2.894;0;5000;0;0
2.899;0;5000;0;0
2.904;0;5000;0;0
2.909;0;5000;0;0
2.914;0;5000;0;0
2.919;0;5000;0;0
2.924;0;5000;0;0
2.929;0;5000;0;0
2.934;0;5000;0;0
2.939;0;5000;0;0
2.944;0;5000;0;0
2.949;0;5000;0;0
2.954;0;5000;0;0
2.959;0;5000;0;0
2.964;0;5000;0;0
2.969;0;5000;0;0
2.974;0;5000;0;0
2.979;0;5000;0;0
2.984;0;5000;0;0
2.989;0;5000;0;0
2.994;0;5000;0;0
2.999;0;5000;0;0
3.004;0;5000;0;0
3.009;0;5000;0;0
3.014;0;5000;0;0
3.019;0;5000;0;0
3.024;0;5000;0;0
3.029;0;5000;0;0
3.034;0;5000;0;0
3.039;0;5000;0;0
3.044;0;5000;0;0
3.049;0;5000;0;0
3.054;0;5000;0;0
3.059;0;5000;0;0
3.064;0;5000;0;0
3.069;0;5000;0;0
3.074;0;5000;0;0
3.079;0;5000;0;0
3.084;15;5000;0;0
3.089;39;5000;0;0
3.094;62;5000;0;0
3.099;86;5000;0;0
3.104;109;5000;0;0
3.109;140;5000;0;0
3.114;164;5000;0;0
3.119;187;5000;0;0
3.124;202;5000;0;0
3.129;233;5000;0;0
3.134;248;5000;0;0
3.139;263;5000;0;0
3.144;278;5000;0;0
3.149;294;5000;0;0
3.154;323;5000;0;0
3.159;338;5000;0;0
3.164;353;5000;0;0
3.169;382;5000;0;0
3.174;404;5000;0;0
3.179;425;5000;0;0
3.184;453;5000;0;0
3.189;481;5000;0;0
3.194;509;5000;0;0
3.199;522;5000;0;0
3.204;549;5000;0;0
3.209;568;5000;0;0
3.214;587;5000;0;0
3.219;606;5000;0;0
3.224;625;5000;0;0
3.229;649;5000;0;0
3.234;667;5000;0;0
3.239;684;5000;0;0
3.244;695;5000;0;0
3.249;712;5000;0;0
3.254;723;5000;0;0
3.259;739;5000;0;0
3.264;750;5000;0;0
3.269;760;5000;0;0
3.274;770;5000;0;0
3.279;775;5000;0;0
3.284;785;5000;0;0
3.289;794;5000;0;0
3.294;799;5000;0;0
3.299;813;5000;0;0
3.304;822;5000;0;0
3.309;835;5000;0;0
3.314;844;5000;0;0
3.319;852;5000;0;0
3.324;860;5000;0;0
3.329;868;5000;0;0
3.334;872;5000;0;0
3.339;876;5000;0;0
3.344;880;5000;0;0
3.349;876;5000;0;0
3.354;872;5000;0;0
3.359;868;5000;0;0
3.364;868;5000;0;0
3.369;868;5000;0;0
3.374;872;5000;0;0
3.379;872;5000;0;0
3.384;872;5000;0;0
3.389;872;5000;0;0
3.394;872;5000;0;0
3.399;872;5000;0;0
3.404;872;5000;0;0
3.409;876;5000;0;0
3.414;876;5000;0;0
3.419;876;5000;0;0
3.424;876;5000;0;0
3.429;876;5000;0;0
3.434;880;5000;0;0
3.439;880;5000;0;0
3.444;880;5000;0;0
3.449;880;5000;0;0
3.454;880;5000;0;0
3.459;880;5000;0;0
3.464;880;5000;0;0
3.469;880;5000;0;0
3.474;880;5000;0;0
3.479;883;5000;0;0
3.484;883;5000;0;0
3.489;883;5000;0;0
3.494;883;5000;0;0
3.499;883;5000;0;0
3.504;883;5000;0;0
3.509;883;5000;0;0
3.514;883;5000;0;0
3.519;883;5000;0;0
3.524;883;5000;0;0
3.529;883;5000;0;0
3.534;883;5000;0;0
3.539;883;5000;0;0
3.544;883;5000;0;0
3.549;883;5000;0;0
3.554;883;5000;0;0
3.559;883;5000;0;0
3.564;883;5000;0;0
3.569;883;5000;0;0
3.574;883;5000;0;0
3.579;883;5000;0;0
3.584;883;5000;0;0
3.589;883;5000;0;0
3.594;883;5000;0;0
3.599;883;5000;0;0
3.604;883;5000;0;0
3.609;883;5000;0;0
3.614;883;5000;0;0
3.619;883;5000;0;0
3.624;883;5000;0;0
3.629;883;5000;0;0
3.634;883;5000;0;0
3.639;883;5000;0;0
3.644;883;5000;0;0
3.649;883;5000;0;0
3.654;883;5000;0;0
3.659;883;5000;0;0
3.664;883;5000;0;0
3.669;883;5000;0;0
3.674;883;5000;0;0
3.679;883;5000;0;0
3.684;883;5000;0;0
3.689;883;5000;0;0
3.694;883;5000;0;0
3.699;883;5000;0;0
3.704;883;5000;0;0
3.709;883;5000;0;0
3.714;883;5000;0;0
3.719;883;5000;0;0
3.724;883;5000;0;0
3.729;883;5000;0;0
3.734;883;5000;0;0
3.739;883;5000;0;0
3.744;883;5000;0;0
3.749;883;5000;0;0
3.754;883;5000;0;0
3.759;883;5000;0;0
3.764;883;5000;0;0
3.769;883;5000;0;0
3.774;883;5000;0;0
3.779;883;5000;0;0
3.784;883;5000;0;0
3.789;883;5000;0;0
3.794;883;5000;0;0
3.799;883;5000;0;0
3.804;883;5000;0;0
3.809;883;5000;0;0
3.814;883;5000;0;0
3.819;883;5000;0;0
3.824;883;5000;0;0
3.829;883;5000;0;0
3.834;883;5000;0;0
3.839;883;5000;0;0
3.844;880;5000;0;0
3.849;876;5000;0;0
3.854;872;5000;0;0
3.859;864;5000;0;0
3.864;852;5000;0;0
3.869;840;5000;0;0
3.874;822;5000;0;0
3.879;804;5000;0;0
3.884;780;5000;0;0
3.889;760;5000;0;0
3.894;728;5000;0;0
3.899;695;5000;0;0
3.904;661;5000;0;0
3.909;619;5000;0;0
3.914;575;5000;0;0
3.919;529;5000;0;0
3.924;467;5000;0;0
3.929;411;5000;0;0
3.934;353;5000;0;0
3.939;294;5000;0;0
3.944;233;5000;0;0
3.949;164;5000;0;0
3.954;86;5000;0;0
3.959;15;5000;0;0
3.964;-47;5000;0;0
3.969;-125;5000;0;0
3.974;-195;5000;0;0
3.979;-256;5000;0;0
3.984;-323;5000;0;0
3.989;-382;5000;0;0
3.994;-439;5000;0;0
3.999;-495;5000;0;0
4.004;-542;5000;0;0
4.009;-587;5000;0;0
4.014;-625;5000;0;0
4.019;-673;5000;0;0
4.024;-707;5000;0;0
4.029;-739;5000;0;0
4.034;-765;5000;0;0
4.039;-790;5000;0;0
4.044;-809;5000;0;0
4.049;-827;5000;0;0
4.054;-835;5000;0;0
4.059;-852;5000;0;0
4.064;-860;5000;0;0
4.069;-868;5000;0;0
4.074;-868;5000;0;0
4.079;-872;5000;0;0
4.084;-876;5000;0;0
4.089;-872;5000;0;0
4.094;-868;5000;0;0
4.099;-864;5000;0;0
4.104;-856;5000;0;0
4.109;-848;5000;0;0
4.114;-831;5000;0;0
4.119;-813;5000;0;0
4.124;-799;5000;0;0
4.129;-780;5000;0;0
4.134;-750;5000;0;0
4.139;-723;5000;0;0
4.144;-695;5000;0;0
4.149;-655;5000;0;0
4.154;-625;5000;0;0
4.159;-575;5000;0;0
4.164;-529;5000;0;0
4.169;-481;5000;0;0
4.174;-432;5000;0;0
4.179;-382;5000;0;0
4.184;-316;5000;0;0
4.189;-256;5000;0;0
4.194;-202;5000;0;0
4.199;-133;5000;0;0
4.204;-62;5000;0;0
4.209;0;5000;0;0
4.214;70;5000;0;0
4.219;133;5000;0;0
4.224;195;5000;0;0
4.229;256;5000;0;0
4.234;309;5000;0;0
4.239;368;5000;0;0
4.244;425;5000;0;0
4.249;474;5000;0;0
4.254;522;5000;0;0
4.259;568;5000;0;0
4.264;606;5000;0;0
4.269;643;5000;0;0
4.274;673;5000;0;0
4.279;695;5000;0;0
4.284;723;5000;0;0
4.289;750;5000;0;0
4.294;765;5000;0;0
4.299;780;5000;0;0
4.304;794;5000;0;0
4.309;804;5000;0;0
4.314;813;5000;0;0
4.319;818;5000;0;0
4.324;818;5000;0;0
4.329;818;5000;0;0
4.334;818;5000;0;0
4.339;818;5000;0;0
4.344;809;5000;0;0
4.349;799;5000;0;0
4.354;790;5000;0;0
4.359;775;5000;0;0
4.364;760;5000;0;0
4.369;739;5000;0;0
4.374;718;5000;0;0
4.379;695;5000;0;0
4.384;667;5000;0;0
4.389;637;5000;0;0
4.394;600;5000;0;0
4.399;562;5000;0;0
4.404;522;5000;0;0
4.409;474;5000;0;0
4.414;425;5000;0;0
4.419;368;5000;0;0
4.424;316;5000;0;0
4.429;263;5000;0;0
4.434;202;5000;0;0
4.439;140;5000;0;0
4.444;78;5000;0;0
4.449;15;5000;0;0
4.454;-47;5000;0;0
4.459;-109;5000;0;0
4.464;-179;5000;0;0
4.469;-233;5000;0;0
4.474;-294;5000;0;0
4.479;-353;5000;0;0
4.484;-397;5000;0;0
4.489;-446;5000;0;0
4.494;-495;5000;0;0
4.499;-535;5000;0;0
4.504;-575;5000;0;0
4.509;-612;5000;0;0
4.514;-649;5000;0;0
4.519;-678;5000;0;0
4.524;-701;5000;0;0
4.529;-728;5000;0;0
4.534;-750;5000;0;0
4.539;-760;5000;0;0
4.544;-780;5000;0;0
4.549;-790;5000;0;0
4.554;-799;5000;0;0
4.559;-804;5000;0;0
4.564;-809;5000;0;0
4.569;-813;5000;0;0
4.574;-813;5000;0;0
4.579;-809;5000;0;0
4.584;-804;5000;0;0
4.589;-799;5000;0;0
4.594;-790;5000;0;0
4.599;-775;5000;0;0
4.604;-760;5000;0;0
4.609;-739;5000;0;0
4.614;-723;5000;0;0
4.619;-701;5000;0;0
4.624;-673;5000;0;0
4.629;-643;5000;0;0
4.634;-612;5000;0;0
4.639;-568;5000;0;0
4.644;-535;5000;0;0
4.649;-495;5000;0;0
4.654;-446;5000;0;0
4.659;-404;5000;0;0
4.664;-353;5000;0;0
4.669;-301;5000;0;0
4.674;-248;5000;0;0
4.679;-187;5000;0;0
4.684;-133;5000;0;0
4.689;-70;5000;0;0
4.694;-15;5000;0;0
4.699;47;5000;0;0
4.704;109;5000;0;0
4.709;171;5000;0;0
4.714;218;5000;0;0
4.719;271;5000;0;0
4.724;323;5000;0;0
4.729;368;5000;0;0
4.734;418;5000;0;0
4.739;467;5000;0;0
4.744;509;5000;0;0
4.749;549;5000;0;0
4.754;575;5000;0;0
4.759;606;5000;0;0
4.764;637;5000;0;0
4.769;661;5000;0;0
4.774;684;5000;0;0
4.779;695;5000;0;0
4.784;718;5000;0;0
4.789;728;5000;0;0
4.794;739;5000;0;0
4.799;750;5000;0;0
4.804;755;5000;0;0
4.809;755;5000;0;0
4.814;755;5000;0;0
4.819;755;5000;0;0
4.824;750;5000;0;0
4.829;739;5000;0;0
4.834;734;5000;0;0
4.839;723;5000;0;0
4.844;707;5000;0;0
4.849;690;5000;0;0
4.854;673;5000;0;0
4.859;649;5000;0;0
4.864;625;5000;0;0
4.869;600;5000;0;0
4.874;562;5000;0;0
4.879;529;5000;0;0
4.884;495;5000;0;0
4.889;446;5000;0;0
4.894;404;5000;0;0
4.899;353;5000;0;0
4.904;309;5000;0;0
4.909;263;5000;0;0
4.914;202;5000;0;0
4.919;148;5000;0;0
4.924;94;5000;0;0
4.929;39;5000;0;0
4.934;-15;5000;0;0
4.939;-78;5000;0;0
4.944;-140;5000;0;0
4.949;-187;5000;0;0
4.954;-233;5000;0;0
4.959;-294;5000;0;0
4.964;-346;5000;0;0
4.969;-382;5000;0;0
4.974;-432;5000;0;0
4.979;-467;5000;0;0
4.984;-509;5000;0;0
4.989;-542;5000;0;0
4.994;-575;5000;0;0
4.999;-600;5000;0;0
5.004;-631;5000;0;0
5.009;-661;5000;0;0
5.014;-673;5000;0;0
5.019;-695;5000;0;0
5.024;-712;5000;0;0
5.029;-728;5000;0;0
5.034;-734;5000;0;0
5.039;-739;5000;0;0
5.044;-744;5000;0;0
5.049;-744;5000;0;0
5.054;-750;5000;0;0
5.059;-744;5000;0;0
5.064;-739;5000;0;0
5.069;-734;5000;0;0
5.074;-723;5000;0;0
5.079;-718;5000;0;0
5.084;-695;5000;0;0
5.089;-673;5000;0;0
5.094;-661;5000;0;0
5.099;-637;5000;0;0
5.104;-612;5000;0;0
5.109;-575;5000;0;0
5.114;-549;5000;0;0
5.119;-522;5000;0;0
5.124;-474;5000;0;0
5.129;-439;5000;0;0
5.134;-397;5000;0;0
5.139;-360;5000;0;0
5.144;-316;5000;0;0
5.149;-263;5000;0;0
5.154;-218;5000;0;0
5.159;-164;5000;0;0
5.164;-109;5000;0;0
5.169;-62;5000;0;0
5.174;-7;5000;0;0
5.179;47;5000;0;0
5.184;101;5000;0;0
5.189;148;5000;0;0
5.194;202;5000;0;0
5.199;248;5000;0;0
5.204;294;5000;0;0
5.209;338;5000;0;0
5.214;382;5000;0;0
5.219;425;5000;0;0
5.224;460;5000;0;0
5.229;495;5000;0;0
5.234;529;5000;0;0
5.239;555;5000;0;0
5.244;581;5000;0;0
5.249;606;5000;0;0
5.254;625;5000;0;0
5.259;643;5000;0;0
5.264;655;5000;0;0
5.269;667;5000;0;0
5.274;673;5000;0;0
5.279;684;5000;0;0
5.284;690;5000;0;0
5.289;690;5000;0;0
5.294;690;5000;0;0
5.299;684;5000;0;0
5.304;684;5000;0;0
5.309;673;5000;0;0
5.314;667;5000;0;0
5.319;649;5000;0;0
5.324;637;5000;0;0
5.329;625;5000;0;0
5.334;600;5000;0;0
5.339;581;5000;0;0
5.344;555;5000;0;0
5.349;522;5000;0;0
5.354;495;5000;0;0
5.359;460;5000;0;0
5.364;418;5000;0;0
5.369;382;5000;0;0
5.374;338;5000;0;0
5.379;301;5000;0;0
5.384;256;5000;0;0
5.389;202;5000;0;0
5.394;156;5000;0;0
5.399;109;5000;0;0
5.404;54;5000;0;0
5.409;7;5000;0;0
5.414;-47;5000;0;0
5.419;-94;5000;0;0
5.424;-148;5000;0;0
5.429;-195;5000;0;0
5.434;-241;5000;0;0
5.439;-286;5000;0;0
5.444;-331;5000;0;0
5.449;-368;5000;0;0
5.454;-411;5000;0;0
5.459;-439;5000;0;0
5.464;-481;5000;0;0
5.469;-509;5000;0;0
5.474;-542;5000;0;0
5.479;-562;5000;0;0
5.484;-587;5000;0;0
5.489;-606;5000;0;0
5.494;-625;5000;0;0
5.499;-649;5000;0;0
5.504;-655;5000;0;0
5.509;-667;5000;0;0
5.514;-673;5000;0;0
5.519;-678;5000;0;0
5.524;-678;5000;0;0
5.529;-684;5000;0;0
5.534;-678;5000;0;0
5.539;-673;5000;0;0
5.544;-673;5000;0;0
5.549;-661;5000;0;0
5.554;-649;5000;0;0
5.559;-637;5000;0;0
5.564;-625;5000;0;0
5.569;-600;5000;0;0
5.574;-575;5000;0;0
5.579;-555;5000;0;0
5.584;-535;5000;0;0
5.589;-502;5000;0;0
5.594;-467;5000;0;0
5.599;-439;5000;0;0
5.604;-404;5000;0;0
5.609;-368;5000;0;0
5.614;-331;5000;0;0
5.619;-286;5000;0;0
5.624;-241;5000;0;0
5.629;-202;5000;0;0
5.634;-148;5000;0;0
5.639;-101;5000;0;0
5.644;-54;5000;0;0
5.649;-7;5000;0;0
5.654;47;5000;0;0
5.659;86;5000;0;0
5.664;133;5000;0;0
5.669;179;5000;0;0
5.674;225;5000;0;0
5.679;263;5000;0;0
5.684;309;5000;0;0
5.689;346;5000;0;0
5.694;382;5000;0;0
5.699;411;5000;0;0
5.704;446;5000;0;0
5.709;481;5000;0;0
5.714;502;5000;0;0
5.719;529;5000;0;0
5.724;549;5000;0;0
5.729;575;5000;0;0
5.734;587;5000;0;0
5.739;600;5000;0;0
5.744;612;5000;0;0
5.749;619;5000;0;0
5.754;625;5000;0;0
5.759;631;5000;0;0
5.764;631;5000;0;0
5.769;631;5000;0;0
5.774;625;5000;0;0
5.779;625;5000;0;0
5.784;619;5000;0;0
5.789;606;5000;0;0
5.794;594;5000;0;0
5.799;575;5000;0;0
5.804;562;5000;0;0
5.809;542;5000;0;0
5.814;522;5000;0;0
5.819;495;5000;0;0
5.824;467;5000;0;0
5.829;439;5000;0;0
5.834;404;5000;0;0
5.839;368;5000;0;0
5.844;331;5000;0;0
5.849;294;5000;0;0
5.854;256;5000;0;0
5.859;218;5000;0;0
5.864;171;5000;0;0
5.869;125;5000;0;0
5.874;78;5000;0;0
5.879;39;5000;0;0
5.884;-15;5000;0;0
5.889;-54;5000;0;0
5.894;-101;5000;0;0
5.899;-148;5000;0;0
5.904;-195;5000;0;0
5.909;-233;5000;0;0
5.914;-271;5000;0;0
5.919;-316;5000;0;0
5.924;-353;5000;0;0
5.929;-382;5000;0;0
5.934;-411;5000;0;0
5.939;-439;5000;0;0
5.944;-467;5000;0;0
5.949;-495;5000;0;0
5.954;-522;5000;0;0
5.959;-549;5000;0;0
5.964;-562;5000;0;0
5.969;-575;5000;0;0
5.974;-587;5000;0;0
5.979;-600;5000;0;0
5.984;-612;5000;0;0
5.989;-619;5000;0;0
5.994;-625;5000;0;0
5.999;-625;5000;0;0
6.004;-625;5000;0;0
6.009;-625;5000;0;0
6.014;-612;5000;0;0
6.019;-606;5000;0;0
6.024;-600;5000;0;0
6.029;-587;5000;0;0
6.034;-575;5000;0;0
6.039;-555;5000;0;0
6.044;-535;5000;0;0
6.049;-522;5000;0;0
6.054;-495;5000;0;0
6.059;-467;5000;0;0
6.064;-439;5000;0;0
6.069;-411;5000;0;0
6.074;-382;5000;0;0
6.079;-346;5000;0;0
6.084;-316;5000;0;0
6.089;-278;5000;0;0
6.094;-233;5000;0;0
6.099;-195;5000;0;0
6.104;-156;5000;0;0
6.109;-117;5000;0;0
6.114;-70;5000;0;0
6.119;-23;5000;0;0
6.124;15;5000;0;0
6.129;62;5000;0;0
6.134;109;5000;0;0
6.139;140;5000;0;0
6.144;179;5000;0;0
6.149;218;5000;0;0
6.154;256;5000;0;0
6.159;294;5000;0;0
6.164;331;5000;0;0
6.169;368;5000;0;0
6.174;389;5000;0;0
6.179;411;5000;0;0
6.184;439;5000;0;0
6.189;467;5000;0;0
6.194;488;5000;0;0
6.199;509;5000;0;0
6.204;522;5000;0;0
6.209;535;5000;0;0
6.214;549;5000;0;0
6.219;555;5000;0;0
6.224;562;5000;0;0
6.229;568;5000;0;0
6.234;575;5000;0;0
6.239;568;5000;0;0
6.244;568;5000;0;0
6.249;562;5000;0;0
6.254;549;5000;0;0
6.259;549;5000;0;0
6.264;535;5000;0;0
6.269;522;5000;0;0
6.274;509;5000;0;0
6.279;488;5000;0;0
6.284;467;5000;0;0
6.289;439;5000;0;0
6.294;418;5000;0;0
6.299;389;5000;0;0
6.304;360;5000;0;0
6.309;331;5000;0;0
6.314;294;5000;0;0
6.319;263;5000;0;0
6.324;233;5000;0;0
6.329;187;5000;0;0
6.334;156;5000;0;0
6.339;109;5000;0;0
6.344;78;5000;0;0
6.349;31;5000;0;0
6.354;-7;5000;0;0
6.359;-47;5000;0;0
6.364;-86;5000;0;0
6.369;-133;5000;0;0
6.374;-171;5000;0;0
6.379;-202;5000;0;0
6.384;-241;5000;0;0
6.389;-278;5000;0;0
6.394;-316;5000;0;0
6.399;-346;5000;0;0
6.404;-368;5000;0;0
6.409;-404;5000;0;0
6.414;-425;5000;0;0
6.419;-439;5000;0;0
6.424;-467;5000;0;0
6.429;-488;5000;0;0
6.434;-502;5000;0;0
6.439;-522;5000;0;0
6.444;-535;5000;0;0
6.449;-542;5000;0;0
6.454;-549;5000;0;0
6.459;-555;5000;0;0
6.464;-562;5000;0;0
6.469;-562;5000;0;0
6.474;-562;5000;0;0
6.479;-555;5000;0;0
6.484;-549;5000;0;0
6.489;-549;5000;0;0
6.494;-535;5000;0;0
6.499;-522;5000;0;0
6.504;-509;5000;0;0
6.509;-495;5000;0;0
6.514;-474;5000;0;0
6.519;-460;5000;0;0
6.524;-439;5000;0;0
6.529;-411;5000;0;0
6.534;-389;5000;0;0
6.539;-360;5000;0;0
6.544;-331;5000;0;0
6.549;-301;5000;0;0
6.554;-271;5000;0;0
6.559;-241;5000;0;0
6.564;-202;5000;0;0
6.569;-164;5000;0;0
6.574;-125;5000;0;0
6.579;-94;5000;0;0
6.584;-47;5000;0;0
6.589;-15;5000;0;0
6.594;23;5000;0;0
6.599;62;5000;0;0
6.604;101;5000;0;0
6.609;140;5000;0;0
6.614;171;5000;0;0
6.619;202;5000;0;0
6.624;233;5000;0;0
6.629;263;5000;0;0
6.634;294;5000;0;0
6.639;323;5000;0;0
6.644;353;5000;0;0
6.649;375;5000;0;0
6.654;397;5000;0;0
6.659;418;5000;0;0
6.664;439;5000;0;0
6.669;453;5000;0;0
6.674;467;5000;0;0
6.679;481;5000;0;0
6.684;488;5000;0;0
6.689;495;5000;0;0
6.694;502;5000;0;0
6.699;502;5000;0;0
6.704;509;5000;0;0
6.709;502;5000;0;0
6.714;502;5000;0;0
6.719;495;5000;0;0
6.724;488;5000;0;0
6.729;481;5000;0;0
6.734;467;5000;0;0
6.739;453;5000;0;0
6.744;439;5000;0;0
6.749;425;5000;0;0
6.754;404;5000;0;0
6.759;382;5000;0;0
6.764;353;5000;0;0
6.769;331;5000;0;0
6.774;309;5000;0;0
6.779;278;5000;0;0
6.784;248;5000;0;0
6.789;218;5000;0;0
6.794;187;5000;0;0
6.799;148;5000;0;0
6.804;117;5000;0;0
6.809;78;5000;0;0
6.814;47;5000;0;0
6.819;15;5000;0;0
6.824;-23;5000;0;0
6.829;-62;5000;0;0
6.834;-101;5000;0;0
6.839;-133;5000;0;0
6.844;-171;5000;0;0
6.849;-202;5000;0;0
6.854;-233;5000;0;0
6.859;-263;5000;0;0
6.864;-294;5000;0;0
6.869;-323;5000;0;0
6.874;-346;5000;0;0
6.879;-368;5000;0;0
6.884;-389;5000;0;0
6.889;-411;5000;0;0
6.894;-425;5000;0;0
6.899;-439;5000;0;0
6.904;-460;5000;0;0
6.909;-467;5000;0;0
6.914;-481;5000;0;0
6.919;-488;5000;0;0
6.924;-495;5000;0;0
6.929;-495;5000;0;0
6.934;-495;5000;0;0
6.939;-495;5000;0;0
6.944;-495;5000;0;0
6.949;-495;5000;0;0
6.954;-488;5000;0;0
6.959;-481;5000;0;0
6.964;-467;5000;0;0
6.969;-460;5000;0;0
6.974;-439;5000;0;0
6.979;-432;5000;0;0
6.984;-411;5000;0;0
6.989;-397;5000;0;0
6.994;-375;5000;0;0
6.999;-353;5000;0;0
7.004;-331;5000;0;0
7.009;-301;5000;0;0
7.014;-278;5000;0;0
7.019;-248;5000;0;0
7.024;-218;5000;0;0
7.029;-187;5000;0;0
7.034;-156;5000;0;0
7.039;-125;5000;0;0
7.044;-94;5000;0;0
7.049;-47;5000;0;0
7.054;-23;5000;0;0
7.059;7;5000;0;0
7.064;47;5000;0;0
7.069;78;5000;0;0
7.074;109;5000;0;0
7.079;140;5000;0;0
7.084;171;5000;0;0
7.089;202;5000;0;0
7.094;233;5000;0;0
7.099;248;5000;0;0
7.104;278;5000;0;0
7.109;301;5000;0;0
7.114;323;5000;0;0
7.119;353;5000;0;0
7.124;368;5000;0;0
7.129;382;5000;0;0
7.134;389;5000;0;0
7.139;404;5000;0;0
7.144;411;5000;0;0
7.149;425;5000;0;0
7.154;439;5000;0;0
7.159;439;5000;0;0
7.164;439;5000;0;0
7.169;439;5000;0;0
7.174;439;5000;0;0
7.179;439;5000;0;0
7.184;439;5000;0;0
7.189;432;5000;0;0
7.194;418;5000;0;0
7.199;411;5000;0;0
7.204;397;5000;0;0
7.209;382;5000;0;0
7.214;368;5000;0;0
7.219;353;5000;0;0
7.224;331;5000;0;0
7.229;316;5000;0;0
7.234;294;5000;0;0
7.239;263;5000;0;0
7.244;241;5000;0;0
7.249;210;5000;0;0
7.254;187;5000;0;0
7.259;164;5000;0;0
7.264;133;5000;0;0
7.269;101;5000;0;0
7.274;70;5000;0;0
7.279;39;5000;0;0
7.284;7;5000;0;0
7.289;-23;5000;0;0
7.294;-54;5000;0;0
7.299;-86;5000;0;0
7.304;-117;5000;0;0
7.309;-148;5000;0;0
7.314;-171;5000;0;0
7.319;-202;5000;0;0
7.324;-233;5000;0;0
7.329;-263;5000;0;0
7.334;-278;5000;0;0
7.339;-301;5000;0;0
7.344;-323;5000;0;0
7.349;-346;5000;0;0
7.354;-360;5000;0;0
7.359;-382;5000;0;0
7.364;-389;5000;0;0
7.369;-404;5000;0;0
7.374;-411;5000;0;0
7.379;-425;5000;0;0
7.384;-432;5000;0;0
7.389;-439;5000;0;0
7.394;-439;5000;0;0
7.399;-439;5000;0;0
7.404;-439;5000;0;0
7.409;-439;5000;0;0
7.414;-439;5000;0;0
7.419;-432;5000;0;0
7.424;-425;5000;0;0
7.429;-411;5000;0;0
7.434;-404;5000;0;0
7.439;-389;5000;0;0
7.444;-382;5000;0;0
7.449;-368;5000;0;0
7.454;-346;5000;0;0
7.459;-331;5000;0;0
7.464;-309;5000;0;0
7.469;-294;5000;0;0
7.474;-263;5000;0;0
7.479;-241;5000;0;0
7.484;-218;5000;0;0
7.489;-195;5000;0;0
7.494;-164;5000;0;0
7.499;-140;5000;0;0
7.504;-109;5000;0;0
7.509;-78;5000;0;0
7.514;-47;5000;0;0
7.519;-15;5000;0;0
7.524;15;5000;0;0
7.529;39;5000;0;0
7.534;70;5000;0;0
7.539;94;5000;0;0
7.544;117;5000;0;0
7.549;148;5000;0;0
7.554;171;5000;0;0
7.559;202;5000;0;0
7.564;225;5000;0;0
7.569;241;5000;0;0
7.574;263;5000;0;0
7.579;278;5000;0;0
7.584;301;5000;0;0
7.589;323;5000;0;0
7.594;338;5000;0;0
7.599;346;5000;0;0
7.604;353;5000;0;0
7.609;360;5000;0;0
7.614;368;5000;0;0
7.619;375;5000;0;0
7.624;382;5000;0;0
7.629;382;5000;0;0
7.634;382;5000;0;0
7.639;382;5000;0;0
7.644;382;5000;0;0
7.649;382;5000;0;0
7.654;368;5000;0;0
7.659;360;5000;0;0
7.664;353;5000;0;0
7.669;346;5000;0;0
7.674;331;5000;0;0
7.679;323;5000;0;0
7.684;301;5000;0;0
7.689;286;5000;0;0
7.694;263;5000;0;0
7.699;241;5000;0;0
7.704;225;5000;0;0
7.709;202;5000;0;0
7.714;179;5000;0;0
7.719;156;5000;0;0
7.724;125;5000;0;0
7.729;101;5000;0;0
7.734;78;5000;0;0
7.739;47;5000;0;0
7.744;23;5000;0;0
7.749;-7;5000;0;0
7.754;-31;5000;0;0
7.759;-62;5000;0;0
7.764;-86;5000;0;0
7.769;-109;5000;0;0
7.774;-140;5000;0;0
7.779;-164;5000;0;0
7.784;-187;5000;0;0
7.789;-210;5000;0;0
7.794;-233;5000;0;0
7.799;-256;5000;0;0
7.804;-271;5000;0;0
7.809;-294;5000;0;0
7.814;-309;5000;0;0
7.819;-323;5000;0;0
7.824;-338;5000;0;0
7.829;-353;5000;0;0
7.834;-360;5000;0;0
7.839;-368;5000;0;0
7.844;-375;5000;0;0
7.849;-382;5000;0;0
7.854;-382;5000;0;0
7.859;-382;5000;0;0
7.864;-389;5000;0;0
7.869;-389;5000;0;0
7.874;-382;5000;0;0
7.879;-382;5000;0;0
7.884;-375;5000;0;0
7.889;-368;5000;0;0
7.894;-360;5000;0;0
7.899;-353;5000;0;0
7.904;-338;5000;0;0
7.909;-323;5000;0;0
7.914;-316;5000;0;0
7.919;-294;5000;0;0
7.924;-278;5000;0;0
7.929;-263;5000;0;0
7.934;-241;5000;0;0
7.939;-225;5000;0;0
7.944;-202;5000;0;0
7.949;-179;5000;0;0
7.954;-156;5000;0;0
7.959;-133;5000;0;0
7.964;-109;5000;0;0
7.969;-78;5000;0;0
7.974;-54;5000;0;0
7.979;-31;5000;0;0
7.984;-7;5000;0;0
7.989;15;5000;0;0
7.994;47;5000;0;0
7.999;70;5000;0;0
8.004;94;5000;0;0
8.009;109;5000;0;0
8.014;140;5000;0;0
8.019;156;5000;0;0
8.024;179;5000;0;0
8.029;202;5000;0;0
8.034;218;5000;0;0
8.039;233;5000;0;0
8.044;248;5000;0;0
8.049;263;5000;0;0
8.054;278;5000;0;0
8.059;294;5000;0;0
8.064;301;5000;0;0
8.069;309;5000;0;0
8.074;323;5000;0;0
8.079;323;5000;0;0
8.084;331;5000;0;0
8.089;331;5000;0;0
8.094;331;5000;0;0
8.099;331;5000;0;0
8.104;331;5000;0;0
8.109;323;5000;0;0
8.114;323;5000;0;0
8.119;323;5000;0;0
8.124;309;5000;0;0
8.129;294;5000;0;0
8.134;294;5000;0;0
8.139;278;5000;0;0
8.144;263;5000;0;0
8.149;248;5000;0;0
8.154;233;5000;0;0
8.159;218;5000;0;0
8.164;202;5000;0;0
8.169;179;5000;0;0
8.174;156;5000;0;0
8.179;140;5000;0;0
8.184;117;5000;0;0
8.189;94;5000;0;0
8.194;78;5000;0;0
8.199;47;5000;0;0
8.204;23;5000;0;0
8.209;0;5000;0;0
8.214;-23;5000;0;0
8.219;-47;5000;0;0
8.224;-70;5000;0;0
8.229;-86;5000;0;0
8.234;-109;5000;0;0
8.239;-140;5000;0;0
8.244;-156;5000;0;0
8.249;-171;5000;0;0
8.254;-195;5000;0;0
8.259;-218;5000;0;0
8.264;-233;5000;0;0
8.269;-248;5000;0;0
8.274;-263;5000;0;0
8.279;-278;5000;0;0
8.284;-294;5000;0;0
8.289;-301;5000;0;0
8.294;-309;5000;0;0
8.299;-316;5000;0;0
8.304;-323;5000;0;0
8.309;-331;5000;0;0
8.314;-338;5000;0;0
8.319;-338;5000;0;0
8.324;-338;5000;0;0
8.329;-338;5000;0;0
8.334;-338;5000;0;0
8.339;-331;5000;0;0
8.344;-331;5000;0;0
8.349;-323;5000;0;0
8.354;-316;5000;0;0
8.359;-309;5000;0;0
8.364;-301;5000;0;0
8.369;-286;5000;0;0
8.374;-278;5000;0;0
8.379;-263;5000;0;0
8.384;-248;5000;0;0
8.389;-233;5000;0;0
8.394;-218;5000;0;0
8.399;-202;5000;0;0
8.404;-179;5000;0;0
8.409;-164;5000;0;0
8.414;-140;5000;0;0
8.419;-125;5000;0;0
8.424;-101;5000;0;0
8.429;-78;5000;0;0
8.434;-54;5000;0;0
8.439;-39;5000;0;0
8.444;-15;5000;0;0
8.449;7;5000;0;0
8.454;23;5000;0;0
8.459;47;5000;0;0
8.464;70;5000;0;0
8.469;86;5000;0;0
8.474;109;5000;0;0
8.479;125;5000;0;0
8.484;140;5000;0;0
8.489;164;5000;0;0
8.494;171;5000;0;0
8.499;195;5000;0;0
8.504;202;5000;0;0
8.509;218;5000;0;0
8.514;233;5000;0;0
8.519;241;5000;0;0
8.524;248;5000;0;0
8.529;263;5000;0;0
8.534;263;5000;0;0
8.539;271;5000;0;0
8.544;278;5000;0;0
8.549;278;5000;0;0
8.554;278;5000;0;0
8.559;278;5000;0;0
8.564;278;5000;0;0
8.569;278;5000;0;0
8.574;271;5000;0;0
8.579;263;5000;0;0
8.584;263;5000;0;0
8.589;248;5000;0;0
8.594;241;5000;0;0
8.599;233;5000;0;0
8.604;225;5000;0;0
8.609;210;5000;0;0
8.614;202;5000;0;0
8.619;187;5000;0;0
8.624;171;5000;0;0
8.629;156;5000;0;0
8.634;140;5000;0;0
8.639;117;5000;0;0
8.644;101;5000;0;0
8.649;78;5000;0;0
8.654;62;5000;0;0
8.659;47;5000;0;0
8.664;23;5000;0;0
8.669;0;5000;0;0
8.674;-15;5000;0;0
8.679;-39;5000;0;0
8.684;-54;5000;0;0
8.689;-78;5000;0;0
8.694;-94;5000;0;0
8.699;-117;5000;0;0
8.704;-133;5000;0;0
8.709;-148;5000;0;0
8.714;-164;5000;0;0
8.719;-179;5000;0;0
8.724;-195;5000;0;0
8.729;-210;5000;0;0
8.734;-225;5000;0;0
8.739;-233;5000;0;0
8.744;-241;5000;0;0
8.749;-256;5000;0;0
8.754;-263;5000;0;0
8.759;-271;5000;0;0
8.764;-278;5000;0;0
8.769;-278;5000;0;0
8.774;-286;5000;0;0
8.779;-286;5000;0;0
8.784;-294;5000;0;0
8.789;-294;5000;0;0
8.794;-286;5000;0;0
8.799;-286;5000;0;0
8.804;-286;5000;0;0
8.809;-278;5000;0;0
8.814;-271;5000;0;0
8.819;-263;5000;0;0
8.824;-256;5000;0;0
8.829;-248;5000;0;0
8.834;-241;5000;0;0
8.839;-225;5000;0;0
8.844;-218;5000;0;0
8.849;-202;5000;0;0
8.854;-187;5000;0;0
8.859;-171;5000;0;0
8.864;-156;5000;0;0
8.869;-140;5000;0;0
8.874;-125;5000;0;0
8.879;-109;5000;0;0
8.884;-94;5000;0;0
8.889;-70;5000;0;0
8.894;-54;5000;0;0
8.899;-39;5000;0;0
8.904;-15;5000;0;0
8.909;0;5000;0;0
8.914;15;5000;0;0
8.919;31;5000;0;0
8.924;47;5000;0;0
8.929;70;5000;0;0
8.934;78;5000;0;0
8.939;101;5000;0;0
8.944;109;5000;0;0
8.949;133;5000;0;0
8.954;140;5000;0;0
8.959;156;5000;0;0
8.964;171;5000;0;0
8.969;179;5000;0;0
8.974;187;5000;0;0
8.979;202;5000;0;0
8.984;202;5000;0;0
8.989;210;5000;0;0
8.994;218;5000;0;0
8.999;225;5000;0;0
9.004;233;5000;0;0
9.009;233;5000;0;0
9.014;233;5000;0;0
9.019;233;5000;0;0
9.024;233;5000;0;0
9.029;233;5000;0;0
9.034;225;5000;0;0
9.039;218;5000;0;0
9.044;218;5000;0;0
9.049;202;5000;0;0
9.054;202;5000;0;0
9.059;195;5000;0;0
9.064;187;5000;0;0
9.069;171;5000;0;0
9.074;164;5000;0;0
9.079;148;5000;0;0
9.084;140;5000;0;0
9.089;125;5000;0;0
9.094;109;5000;0;0
9.099;94;5000;0;0
9.104;78;5000;0;0
9.109;62;5000;0;0
9.114;47;5000;0;0
9.119;39;5000;0;0
9.124;15;5000;0;0
9.129;0;5000;0;0
9.134;-15;5000;0;0
9.139;-31;5000;0;0
9.144;-47;5000;0;0
9.149;-62;5000;0;0
9.154;-78;5000;0;0
9.159;-94;5000;0;0
9.164;-109;5000;0;0
9.169;-125;5000;0;0
9.174;-140;5000;0;0
9.179;-148;5000;0;0
9.184;-164;5000;0;0
9.189;-171;5000;0;0
9.194;-187;5000;0;0
9.199;-195;5000;0;0
9.204;-202;5000;0;0
9.209;-210;5000;0;0
9.214;-218;5000;0;0
9.219;-225;5000;0;0
9.224;-233;5000;0;0
9.229;-233;5000;0;0
9.234;-233;5000;0;0
9.239;-241;5000;0;0
9.244;-241;5000;0;0
9.249;-241;5000;0;0
9.254;-241;5000;0;0
9.259;-241;5000;0;0
9.264;-233;5000;0;0
9.269;-233;5000;0;0
9.274;-225;5000;0;0
9.279;-218;5000;0;0
9.284;-210;5000;0;0
9.289;-202;5000;0;0
9.294;-202;5000;0;0
9.299;-187;5000;0;0
9.304;-179;5000;0;0
9.309;-171;5000;0;0
9.314;-156;5000;0;0
9.319;-148;5000;0;0
9.324;-133;5000;0;0
9.329;-117;5000;0;0
9.334;-109;5000;0;0
9.339;-94;5000;0;0
9.344;-78;5000;0;0
9.349;-62;5000;0;0
9.354;-47;5000;0;0
9.359;-31;5000;0;0
9.364;-15;5000;0;0
9.369;-7;5000;0;0
9.374;7;5000;0;0
9.379;15;5000;0;0
9.384;39;5000;0;0
9.389;47;5000;0;0
9.394;62;5000;0;0
9.399;78;5000;0;0
9.404;86;5000;0;0
9.409;101;5000;0;0
9.414;109;5000;0;0
9.419;117;5000;0;0
9.424;133;5000;0;0
9.429;140;5000;0;0
9.434;140;5000;0;0
9.439;156;5000;0;0
9.444;164;5000;0;0
9.449;171;5000;0;0
9.454;171;5000;0;0
9.459;171;5000;0;0
9.464;171;5000;0;0
9.469;171;5000;0;0
9.474;179;5000;0;0
9.479;179;5000;0;0
9.484;179;5000;0;0
9.489;171;5000;0;0
9.494;171;5000;0;0
9.499;171;5000;0;0
9.504;171;5000;0;0
9.509;164;5000;0;0
9.514;156;5000;0;0
9.519;148;5000;0;0
9.524;140;5000;0;0
9.529;133;5000;0;0
9.534;125;5000;0;0
9.539;109;5000;0;0
9.544;109;5000;0;0
9.549;94;5000;0;0
9.554;78;5000;0;0
9.559;70;5000;0;0
9.564;62;5000;0;0
9.569;47;5000;0;0
9.574;39;5000;0;0
9.579;23;5000;0;0
9.584;15;5000;0;0
9.589;0;5000;0;0
9.594;-15;5000;0;0
9.599;-31;5000;0;0
9.604;-47;5000;0;0
9.609;-54;5000;0;0
9.614;-62;5000;0;0
9.619;-78;5000;0;0
9.624;-86;5000;0;0
9.629;-101;5000;0;0
9.634;-109;5000;0;0
9.639;-125;5000;0;0
9.644;-133;5000;0;0
9.649;-140;5000;0;0
9.654;-148;5000;0;0
9.659;-156;5000;0;0
9.664;-164;5000;0;0
9.669;-171;5000;0;0
9.674;-171;5000;0;0
9.679;-179;5000;0;0
9.684;-179;5000;0;0
9.689;-187;5000;0;0
9.694;-187;5000;0;0
9.699;-187;5000;0;0
9.704;-187;5000;0;0
9.709;-187;5000;0;0
9.714;-187;5000;0;0
9.719;-187;5000;0;0
9.724;-179;5000;0;0
9.729;-179;5000;0;0
9.734;-179;5000;0;0
9.739;-171;5000;0;0
9.744;-171;5000;0;0
9.749;-164;5000;0;0
9.754;-156;5000;0;0
9.759;-148;5000;0;0
9.764;-140;5000;0;0
9.769;-133;5000;0;0
9.774;-125;5000;0;0
9.779;-117;5000;0;0
9.784;-109;5000;0;0
9.789;-94;5000;0;0
9.794;-86;5000;0;0
9.799;-78;5000;0;0
9.804;-62;5000;0;0
9.809;-47;5000;0;0
9.814;-47;5000;0;0
9.819;-31;5000;0;0
9.824;-15;5000;0;0
9.829;-15;5000;0;0
9.834;0;5000;0;0
9.839;15;5000;0;0
9.844;15;5000;0;0
9.849;31;5000;0;0
9.854;47;5000;0;0
9.859;47;5000;0;0
9.864;62;5000;0;0
9.869;70;5000;0;0
9.874;78;5000;0;0
9.879;78;5000;0;0
9.884;86;5000;0;0
9.889;94;5000;0;0
9.894;101;5000;0;0
9.899;109;5000;0;0
9.904;109;5000;0;0
9.909;109;5000;0;0
9.914;117;5000;0;0
9.919;117;5000;0;0
9.924;125;5000;0;0
9.929;125;5000;0;0
9.934;125;5000;0;0
9.939;125;5000;0;0
9.944;125;5000;0;0
9.949;125;5000;0;0
9.954;125;5000;0;0
9.959;117;5000;0;0
9.964;117;5000;0;0
9.969;109;5000;0;0
9.974;109;5000;0;0
9.979;109;5000;0;0
9.984;94;5000;0;0
9.989;94;5000;0;0
9.994;86;5000;0;0
9.999;78;5000;0;0
10.004;70;5000;0;0
10.009;62;5000;0;0
10.014;54;5000;0;0
10.019;47;5000;0;0
10.024;39;5000;0;0
10.029;31;5000;0;0
10.034;15;5000;0;0
10.039;15;5000;0;0
10.044;0;5000;0;0
10.049;-7;5000;0;0
10.054;-15;5000;0;0
10.059;-23;5000;0;0
10.064;-31;5000;0;0
10.069;-47;5000;0;0
10.074;-47;5000;0;0
10.079;-62;5000;0;0
10.084;-70;5000;0;0
10.089;-78;5000;0;0
10.094;-78;5000;0;0
10.099;-94;5000;0;0
10.104;-101;5000;0;0
10.109;-109;5000;0;0
10.114;-109;5000;0;0
10.119;-117;5000;0;0
10.124;-117;5000;0;0
10.129;-125;5000;0;0
10.134;-133;5000;0;0
10.139;-133;5000;0;0
10.144;-133;5000;0;0
10.149;-140;5000;0;0
10.154;-140;5000;0;0
10.159;-140;5000;0;0
10.164;-140;5000;0;0
10.169;-140;5000;0;0
10.174;-140;5000;0;0
10.179;-140;5000;0;0
10.184;-140;5000;0;0
10.189;-133;5000;0;0
10.194;-133;5000;0;0
10.199;-125;5000;0;0
10.204;-125;5000;0;0
10.209;-117;5000;0;0
10.214;-109;5000;0;0
10.219;-109;5000;0;0
10.224;-101;5000;0;0
10.229;-94;5000;0;0
10.234;-86;5000;0;0
10.239;-78;5000;0;0
10.244;-78;5000;0;0
10.249;-70;5000;0;0
10.254;-62;5000;0;0
10.259;-54;5000;0;0
10.264;-47;5000;0;0
10.269;-47;5000;0;0
10.274;-39;5000;0;0
10.279;-31;5000;0;0
10.284;-15;5000;0;0
10.289;-15;5000;0;0
10.294;-7;5000;0;0
10.299;0;5000;0;0
10.304;7;5000;0;0
10.309;15;5000;0;0
10.314;15;5000;0;0
10.319;23;5000;0;0
10.324;31;5000;0;0
10.329;39;5000;0;0
10.334;47;5000;0;0
10.339;47;5000;0;0
10.344;47;5000;0;0
10.349;54;5000;0;0
10.354;54;5000;0;0
10.359;62;5000;0;0
10.364;62;5000;0;0
10.369;70;5000;0;0
10.374;70;5000;0;0
10.379;70;5000;0;0
10.384;70;5000;0;0
10.389;70;5000;0;0
10.394;70;5000;0;0
10.399;70;5000;0;0
10.404;70;5000;0;0
10.409;70;5000;0;0
10.414;70;5000;0;0
10.419;62;5000;0;0
10.424;62;5000;0;0
10.429;62;5000;0;0
10.434;54;5000;0;0
10.439;54;5000;0;0
10.444;47;5000;0;0
10.449;47;5000;0;0
10.454;47;5000;0;0
10.459;39;5000;0;0
10.464;39;5000;0;0
10.469;31;5000;0;0
10.474;23;5000;0;0
10.479;15;5000;0;0
10.484;15;5000;0;0
10.489;15;5000;0;0
10.494;7;5000;0;0
10.499;0;5000;0;0
10.504;-7;5000;0;0
10.509;-15;5000;0;0
10.514;-15;5000;0;0
10.519;-23;5000;0;0
10.524;-23;5000;0;0
10.529;-31;5000;0;0
10.534;-39;5000;0;0
10.539;-47;5000;0;0
10.544;-47;5000;0;0
10.549;-47;5000;0;0
10.554;-54;5000;0;0
10.559;-54;5000;0;0
10.564;-62;5000;0;0
10.569;-62;5000;0;0
10.574;-70;5000;0;0
10.579;-70;5000;0;0
10.584;-78;5000;0;0
10.589;-78;5000;0;0
10.594;-78;5000;0;0
10.599;-78;5000;0;0
10.604;-78;5000;0;0
10.609;-78;5000;0;0
10.614;-78;5000;0;0
10.619;-78;5000;0;0
10.624;-78;5000;0;0
10.629;-78;5000;0;0
10.634;-78;5000;0;0
10.639;-78;5000;0;0
10.644;-78;5000;0;0
10.649;-70;5000;0;0
10.654;-70;5000;0;0
10.659;-70;5000;0;0
10.664;-70;5000;0;0
10.669;-70;5000;0;0
10.674;-62;5000;0;0
10.679;-62;5000;0;0
10.684;-62;5000;0;0
10.689;-62;5000;0;0
10.694;-54;5000;0;0
10.699;-54;5000;0;0
10.704;-47;5000;0;0
10.709;-47;5000;0;0
10.714;-47;5000;0;0
10.719;-47;5000;0;0
10.724;-47;5000;0;0
10.729;-47;5000;0;0
10.734;-39;5000;0;0
10.739;-39;5000;0;0
10.744;-31;5000;0;0
10.749;-31;5000;0;0
10.754;-31;5000;0;0
10.759;-31;5000;0;0
10.764;-23;5000;0;0
10.769;-23;5000;0;0
10.774;-15;5000;0;0
10.779;-15;5000;0;0
10.784;-15;5000;0;0
10.789;-15;5000;0;0
10.794;-15;5000;0;0
10.799;-7;5000;0;0
10.804;-7;5000;0;0
10.809;-7;5000;0;0
10.814;0;5000;0;0
10.819;0;5000;0;0
10.824;0;5000;0;0
10.829;0;5000;0;0
10.834;0;5000;0;0
10.839;0;5000;0;0
10.844;7;5000;0;0
10.849;7;5000;0;0
10.854;7;5000;0;0
10.859;7;5000;0;0
10.864;7;5000;0;0
10.869;7;5000;0;0
10.874;7;5000;0;0
10.879;7;5000;0;0
10.884;7;5000;0;0
10.889;7;5000;0;0
10.894;7;5000;0;0
10.899;7;5000;0;0
10.904;7;5000;0;0
10.909;7;5000;0;0
10.914;7;5000;0;0
10.919;0;5000;0;0
10.924;0;5000;0;0
10.929;0;5000;0;0
10.934;0;5000;0;0
10.939;0;5000;0;0
10.944;0;5000;0;0
10.949;0;5000;0;0
10.954;-7;5000;0;0
10.959;-7;5000;0;0
10.964;-7;5000;0;0
10.969;-7;5000;0;0
10.974;-7;5000;0;0
10.979;-7;5000;0;0
10.984;-15;5000;0;0
10.989;-15;5000;0;0
10.994;-15;5000;0;0
10.999;-15;5000;0;0
11.004;-15;5000;0;0
11.009;-15;5000;0;0
11.014;-15;5000;0;0
11.019;-15;5000;0;0
11.024;-15;5000;0;0
11.029;-15;5000;0;0
11.034;-15;5000;0;0
11.039;-15;5000;0;0
11.044;-15;5000;0;0
11.049;-15;5000;0;0
11.054;-15;5000;0;0
11.059;-23;5000;0;0
11.064;-23;5000;0;0
11.069;-23;5000;0;0
11.074;-23;5000;0;0
11.079;-23;5000;0;0
11.084;-23;5000;0;0
11.089;-23;5000;0;0
11.094;-23;5000;0;0
11.099;-23;5000;0;0
11.104;-23;5000;0;0
11.109;-23;5000;0;0
11.114;-23;5000;0;0
11.119;-23;5000;0;0
11.124;-23;5000;0;0
11.129;-23;5000;0;0
11.134;-23;5000;0;0
11.139;-23;5000;0;0
11.144;-23;5000;0;0
11.149;-23;5000;0;0
11.154;-23;5000;0;0
11.159;-23;5000;0;0
11.164;-23;5000;0;0
11.169;-23;5000;0;0
11.174;-23;5000;0;0
11.179;-23;5000;0;0
11.184;-23;5000;0;0
11.189;-23;5000;0;0
11.194;-23;5000;0;0
11.199;-23;5000;0;0
11.204;-23;5000;0;0
11.209;-23;5000;0;0
11.214;-23;5000;0;0
11.219;-23;5000;0;0
11.224;-23;5000;0;0
11.229;-23;5000;0;0
11.234;-23;5000;0;0
11.239;-23;5000;0;0
11.244;-23;5000;0;0
11.249;-23;5000;0;0
11.254;-23;5000;0;0
11.259;-23;5000;0;0
11.264;-23;5000;0;0
11.269;-23;5000;0;0
11.274;-23;5000;0;0
11.279;-23;5000;0;0
11.284;-23;5000;0;0
11.289;-23;5000;0;0
11.294;-23;5000;0;0
11.299;-23;5000;0;0
11.304;-23;5000;0;0
11.309;-23;5000;0;0
11.314;-23;5000;0;0
11.319;-23;5000;0;0
11.324;-23;5000;0;0
11.329;-23;5000;0;0
11.334;-23;5000;0;0
11.339;-23;5000;0;0
11.344;-23;5000;0;0
11.349;-23;5000;0;0
11.354;-23;5000;0;0
11.359;-23;5000;0;0
11.364;-23;5000;0;0
11.369;-23;5000;0;0
11.374;-23;5000;0;0
11.379;-23;5000;0;0
11.384;-23;5000;0;0
11.389;-23;5000;0;0
11.394;-23;5000;0;0
11.399;-23;5000;0;0
11.404;-23;5000;0;0
11.409;-23;5000;0;0
11.414;-23;5000;0;0
11.419;-23;5000;0;0
11.424;-23;5000;0;0
11.429;-23;5000;0;0
11.434;-23;5000;0;0
11.439;-23;5000;0;0
11.444;-23;5000;0;0
11.449;-23;5000;0;0
11.454;-23;5000;0;0
11.459;-23;5000;0;0
11.464;-23;5000;0;0
11.469;-23;5000;0;0
11.474;-23;5000;0;0
11.479;-23;5000;0;0
11.484;-23;5000;0;0
11.489;-23;5000;0;0
11.494;-23;5000;0;0
11.499;-23;5000;0;0
11.504;-23;5000;0;0
11.509;-23;5000;0;0
11.514;-23;5000;0;0
11.519;-23;5000;0;0
11.524;-23;5000;0;0
11.529;-23;5000;0;0
11.534;-23;5000;0;0
11.539;-23;5000;0;0
11.544;-23;5000;0;0
11.549;-23;5000;0;0
11.554;-23;5000;0;0
11.559;-23;5000;0;0
11.564;-23;5000;0;0
11.569;-23;5000;0;0
11.574;-23;5000;0;0
11.579;-23;5000;0;0
11.584;-23;5000;0;0
11.589;-23;5000;0;0
11.594;-23;5000;0;0
11.599;-23;5000;0;0
11.604;-23;5000;0;0
11.609;-23;5000;0;0
11.614;-23;5000;0;0
11.619;-23;5000;0;0
11.624;-23;5000;0;0
11.629;-23;5000;0;0
11.634;-23;5000;0;0
11.639;-23;5000;0;0
11.644;-23;5000;0;0
11.649;-23;5000;0;0
11.654;-23;5000;0;0
11.659;-23;5000;0;0
11.664;-23;5000;0;0
11.669;-23;5000;0;0
11.674;-23;5000;0;0
11.679;-23;5000;0;0
11.684;-23;5000;0;0
11.689;-23;5000;0;0
11.694;-23;5000;0;0
11.699;-23;5000;0;0
11.704;-23;5000;0;0
11.709;-23;5000;0;0
11.714;-23;5000;0;0
11.719;-23;5000;0;0
11.724;-23;5000;0;0
11.729;-23;5000;0;0
11.734;-23;5000;0;0
11.739;-23;5000;0;0
11.744;-23;5000;0;0
11.749;-23;5000;0;0
11.754;-23;5000;0;0
11.759;-23;5000;0;0
11.764;-23;5000;0;0
11.769;-23;5000;0;0
11.774;-23;5000;0;0
11.779;-23;5000;0;0
11.784;-23;5000;0;0
11.789;-23;5000;0;0
11.794;-23;5000;0;0
11.799;-23;5000;0;0
11.804;-23;5000;0;0
11.809;-23;5000;0;0
11.814;-23;5000;0;0
11.819;-23;5000;0;0
11.824;-23;5000;0;0
11.829;-23;5000;0;0
11.834;-23;5000;0;0
11.839;-23;5000;0;0
11.844;-23;5000;0;0
11.849;-23;5000;0;0
11.854;-23;5000;0;0
11.859;-23;5000;0;0
11.864;-23;5000;0;0
11.869;-23;5000;0;0
11.874;-23;5000;0;0
11.879;-23;5000;0;0
11.884;-23;5000;0;0
11.889;-23;5000;0;0
11.894;-23;5000;0;0
11.899;-23;5000;0;0
11.904;-23;5000;0;0
11.909;-23;5000;0;0
11.914;-23;5000;0;0
11.919;-23;5000;0;0
11.924;-23;5000;0;0
11.929;-23;5000;0;0
11.934;-23;5000;0;0
11.939;-23;5000;0;0
11.944;-23;5000;0;0
11.949;-23;5000;0;0
11.954;-23;5000;0;0
11.959;-23;5000;0;0
11.964;-23;5000;0;0
11.969;-23;5000;0;0
11.974;-23;5000;0;0
11.979;-23;5000;0;0
11.984;-23;5000;0;0
11.989;-23;5000;0;0
11.994;-23;5000;0;0
11.999;-23;5000;0;0
12.004;-23;5000;0;0
12.009;-23;5000;0;0
12.014;-23;5000;0;0
12.019;-23;5000;0;0
12.024;-23;5000;0;0
12.029;-23;5000;0;0
12.034;-23;5000;0;0
12.039;-23;5000;0;0
12.044;-23;5000;0;0
12.049;-23;5000;0;0
12.054;-23;5000;0;0
12.059;-23;5000;0;0
12.064;-23;5000;0;0
12.069;-23;5000;0;0
12.074;-23;5000;0;0
12.079;-23;5000;0;0
12.084;-23;5000;0;0
12.089;-23;5000;0;0
12.094;-23;5000;0;0
12.099;-23;5000;0;0
12.104;-23;5000;0;0
12.109;-23;5000;0;0
12.114;-23;5000;0;0
12.119;-23;5000;0;0
12.124;-23;5000;0;0
12.129;-23;5000;0;0
12.134;-23;5000;0;0
12.139;-23;5000;0;0
12.144;-23;5000;0;0
12.149;-23;5000;0;0
12.154;-23;5000;0;0
12.159;-23;5000;0;0
12.164;-23;5000;0;0
12.169;-23;5000;0;0
12.174;-23;5000;0;0
12.179;-23;5000;0;0
12.184;-23;5000;0;0
12.189;-23;5000;0;0
12.194;-23;5000;0;0
12.199;-23;5000;0;0
12.204;-23;5000;0;0
12.209;-23;5000;0;0
12.214;-23;5000;0;0
12.219;-23;5000;0;0
12.224;-23;5000;0;0
12.229;-23;5000;0;0
12.234;-23;5000;0;0
12.239;-23;5000;0;0
12.244;-23;5000;0;0
12.249;-23;5000;0;0
12.254;-23;5000;0;0
12.259;-23;5000;0;0
12.264;-23;5000;0;0
12.269;-23;5000;0;0
12.274;-23;5000;0;0
12.279;-23;5000;0;0
12.284;-23;5000;0;0
12.289;-23;5000;0;0
12.294;-23;5000;0;0
12.299;-23;5000;0;0
12.304;-23;5000;0;0
12.309;-23;5000;0;0
12.314;-23;5000;0;0
12.319;-23;5000;0;0
12.324;-23;5000;0;0
12.329;-23;5000;0;0
12.334;-23;5000;0;0
12.339;-23;5000;0;0
12.344;-23;5000;0;0
12.349;-23;5000;0;0
12.354;-23;5000;0;0
12.359;-23;5000;0;0
12.364;-23;5000;0;0
12.369;-23;5000;0;0
12.374;-23;5000;0;0
12.379;-23;5000;0;0
12.384;-23;5000;0;0
12.389;-23;5000;0;0
12.394;-23;5000;0;0
12.399;-23;5000;0;0
12.404;-23;5000;0;0
12.409;-23;5000;0;0
12.414;-23;5000;0;0
12.419;-23;5000;0;0
12.424;-23;5000;0;0
12.429;-23;5000;0;0
12.434;-23;5000;0;0
12.439;-23;5000;0;0
12.444;-23;5000;0;0
12.449;-23;5000;0;0
12.454;-23;5000;0;0
12.459;-23;5000;0;0
12.464;-23;5000;0;0
12.469;-23;5000;0;0
12.474;-23;5000;0;0
12.479;-23;5000;0;0
12.484;-23;5000;0;0
12.489;-23;5000;0;0
12.494;-23;5000;0;0
12.499;-23;5000;0;0
12.504;-23;5000;0;0
12.509;-23;5000;0;0
12.514;-23;5000;0;0
12.519;-23;5000;0;0
12.524;-23;5000;0;0
12.529;-23;5000;0;0
12.534;-23;5000;0;0
12.539;-23;5000;0;0
12.544;-23;5000;0;0
12.549;-23;5000;0;0
12.554;-23;5000;0;0
12.559;-23;5000;0;0
12.564;-23;5000;0;0
12.569;-23;5000;0;0
12.574;-23;5000;0;0
12.579;-23;5000;0;0
12.584;-23;5000;0;0
12.589;-23;5000;0;0
12.594;-23;5000;0;0
12.599;-23;5000;0;0
12.604;-23;5000;0;0
12.609;-23;5000;0;0
12.614;-23;5000;0;0
12.619;-23;5000;0;0
12.624;-23;5000;0;0
12.629;-23;5000;0;0
12.634;-23;5000;0;0
12.639;-23;5000;0;0
12.644;-23;5000;0;0
12.649;-23;5000;0;0
12.654;-23;5000;0;0
12.659;-23;5000;0;0
12.664;-23;5000;0;0
12.669;-23;5000;0;0
12.674;-23;5000;0;0
12.679;-23;5000;0;0
12.684;-23;5000;0;0
12.689;-23;5000;0;0
12.694;-23;5000;0;0
12.699;-23;5000;0;0
12.704;-23;5000;0;0
12.709;-23;5000;0;0
12.714;-23;5000;0;0
12.719;-23;5000;0;0
12.724;-23;5000;0;0
12.729;-23;5000;0;0
12.734;-23;5000;0;0
12.739;-23;5000;0;0
12.744;-23;5000;0;0
12.749;-23;5000;0;0
12.754;-23;5000;0;0
12.759;-23;5000;0;0
12.764;-23;5000;0;0
12.769;-23;5000;0;0
12.774;-23;5000;0;0
12.779;-23;5000;0;0
12.784;-23;5000;0;0
12.789;-23;5000;0;0
12.794;-23;5000;0;0
12.799;-23;5000;0;0
12.804;-23;5000;0;0
12.809;-23;5000;0;0
12.814;-23;5000;0;0
12.819;-23;5000;0;0
12.824;-23;5000;0;0
12.829;-23;5000;0;0
12.834;-23;5000;0;0
12.839;-23;5000;0;0
12.844;-23;5000;0;0
12.849;-23;5000;0;0
12.854;-23;5000;0;0
12.859;-23;5000;0;0
12.864;-23;5000;0;0
12.869;-23;5000;0;0
12.874;-23;5000;0;0
12.879;-23;5000;0;0
12.884;-23;5000;0;0
12.889;-23;5000;0;0
12.894;-23;5000;0;0
12.899;-23;5000;0;0
12.904;-23;5000;0;0
12.909;-23;5000;0;0
12.914;-23;5000;0;0
12.919;-23;5000;0;0
12.924;-23;5000;0;0
12.929;-23;5000;0;0
12.934;-23;5000;0;0
12.939;-23;5000;0;0
12.944;-23;5000;0;0
12.949;-23;5000;0;0
12.954;-23;5000;0;0
12.959;-23;5000;0;0
12.964;-23;5000;0;0
12.969;-23;5000;0;0
12.974;-23;5000;0;0
12.979;-23;5000;0;0
12.984;-23;5000;0;0
12.989;-23;5000;0;0
12.994;-23;5000;0;0
12.999;-23;5000;0;0
13.004;-23;5000;0;0
13.009;-23;5000;0;0
13.014;-23;5000;0;0
13.019;-23;5000;0;0
13.024;-23;5000;0;0
13.029;-23;5000;0;0
13.034;-23;5000;0;0
13.039;-23;5000;0;0
13.044;-23;5000;0;0
13.049;-23;5000;0;0
13.054;-23;5000;0;0
13.059;-23;5000;0;0
13.064;-23;5000;0;0
13.069;-23;5000;0;0
13.074;-23;5000;0;0
13.079;-23;5000;0;0
13.084;-23;5000;0;0
13.089;-23;5000;0;0
13.094;-23;5000;0;0
13.099;-23;5000;0;0
13.104;-23;5000;0;0
13.109;-23;5000;0;0
13.114;-23;5000;0;0
13.119;-23;5000;0;0
13.124;-23;5000;0;0
13.129;-23;5000;0;0
13.134;-23;5000;0;0
13.139;-23;5000;0;0
13.144;-23;5000;0;0
13.149;-23;5000;0;0
13.154;-23;5000;0;0
13.159;-23;5000;0;0
13.164;-23;5000;0;0
13.169;-23;5000;0;0
13.174;-23;5000;0;0
13.179;-23;5000;0;0
13.184;-23;5000;0;0
13.189;-23;5000;0;0
13.194;-23;5000;0;0
13.199;-23;5000;0;0
13.204;-23;5000;0;0
13.209;-23;5000;0;0
13.214;-23;5000;0;0
13.219;-23;5000;0;0
13.224;-23;5000;0;0
13.229;-23;5000;0;0
13.234;-23;5000;0;0
13.239;-23;5000;0;0
13.244;-23;5000;0;0
13.249;-23;5000;0;0
13.254;-23;5000;0;0
13.259;-23;5000;0;0
13.264;-23;5000;0;0
13.269;-23;5000;0;0
13.274;-23;5000;0;0
13.279;-23;5000;0;0
13.284;-23;5000;0;0
13.289;-23;5000;0;0
13.294;-23;5000;0;0
13.299;-23;5000;0;0
13.304;-23;5000;0;0
13.309;-23;5000;0;0
13.314;-23;5000;0;0
13.319;-23;5000;0;0
13.324;-23;5000;0;0
13.329;-23;5000;0;0
13.334;-23;5000;0;0
13.339;-23;5000;0;0
13.344;-23;5000;0;0
13.349;-23;5000;0;0
13.354;-23;5000;0;0
13.359;-23;5000;0;0
13.364;-23;5000;0;0
13.369;-23;5000;0;0
13.374;-23;5000;0;0
13.379;-23;5000;0;0
13.384;-23;5000;0;0
13.389;-23;5000;0;0
13.394;-23;5000;0;0
13.399;-23;5000;0;0
13.404;-23;5000;0;0
13.409;-23;5000;0;0
13.414;-23;5000;0;0
13.419;-23;5000;0;0
13.424;-23;5000;0;0
13.429;-23;5000;0;0
13.434;-23;5000;0;0
13.439;-23;5000;0;0
13.444;-23;5000;0;0
13.449;-23;5000;0;0
13.454;-23;5000;0;0
13.459;-23;5000;0;0
13.464;-23;5000;0;0
13.469;-23;5000;0;0
13.474;-23;5000;0;0
13.479;-23;5000;0;0
13.484;-23;5000;0;0
13.489;-23;5000;0;0
13.494;-23;5000;0;0
13.499;-23;5000;0;0
13.504;-23;5000;0;0
13.509;-23;5000;0;0
13.514;-23;5000;0;0
13.519;-23;5000;0;0
13.524;-23;5000;0;0
13.529;-23;5000;0;0
13.534;-23;5000;0;0
13.539;-23;5000;0;0
13.544;-23;5000;0;0
13.549;-23;5000;0;0
13.554;-23;5000;0;0
13.559;-23;5000;0;0
13.564;-23;5000;0;0
13.569;-23;5000;0;0
13.574;-23;5000;0;0
13.579;-23;5000;0;0
13.584;-23;5000;0;0
13.589;-23;5000;0;0
13.594;-23;5000;0;0
13.599;-23;5000;0;0
13.604;-23;5000;0;0