t;e;d;i;set

32.029;2797;0;0;2793
32.034;2797;0;0;2793
32.039;2797;0;0;2793
32.044;2797;0;0;2793
32.049;2797;0;0;2793
32.054;2797;0;0;2793
32.059;2797;0;0;2793
32.064;2797;0;0;2793
32.069;2797;0;0;2793
32.074;2797;0;0;2793
32.079;2797;0;0;2793
32.084;2797;0;0;2793
32.089;2797;0;0;2793
32.094;2797;0;0;2793
32.099;2797;0;0;2793
32.104;2797;0;0;2793
32.109;2797;0;0;2793
32.114;2797;0;0;2793
32.119;2797;0;0;2793
32.124;2797;0;0;2793
32.129;2797;0;0;2793
32.134;2797;0;0;2793
32.139;2797;0;0;2793
32.144;2797;0;0;2793
32.149;2797;0;0;2793
32.154;2797;0;0;2793
32.159;2797;0;0;2793
32.164;2797;0;0;2793
32.169;2797;0;0;2793
32.174;2797;0;0;2793
32.179;2797;0;0;2793
32.184;2797;0;0;2793
32.189;2797;0;0;2793
32.194;2797;0;0;2793
32.199;2797;0;0;2793
32.204;2797;0;0;2793
32.209;2797;0;0;2793
32.214;2797;0;0;2793
32.219;2797;0;0;2793
32.224;2797;0;0;2793
32.229;2797;0;0;2793
32.234;2797;0;0;2793
32.239;2797;0;0;2793
32.244;2797;0;0;2793
32.249;2797;0;0;2793
32.254;2797;0;0;2793
32.259;2797;0;0;2793
32.264;2797;0;0;2793
32.269;2797;0;0;2793
32.274;2797;0;0;2793
32.279;2797;0;0;2793
32.284;2797;0;0;2793
32.289;2797;0;0;2793
32.294;2797;0;0;2793
32.299;2797;0;0;2793
32.304;2797;0;0;2793
32.309;2797;0;0;2793
32.314;2797;0;0;2793
32.319;2797;0;0;2793
32.324;2797;0;0;2793
32.329;2797;0;0;2793
32.334;2797;0;0;2793
32.339;2797;0;0;2793
32.344;2797;0;0;2793
32.349;2797;0;0;2793
32.354;2797;0;0;2793
32.359;2797;0;0;2793
32.364;2797;0;0;2793
32.369;2797;0;0;2793
32.374;2797;0;0;2793
32.379;2797;0;0;2793
32.384;2797;0;0;2793
32.389;2797;0;0;2793
32.394;2797;0;0;2793
32.399;2797;0;0;2793
32.404;2797;0;0;2793
32.409;2797;0;0;2793
32.414;2797;0;0;2793
32.419;2797;0;0;2793
32.424;2797;0;0;2793
32.429;2797;0;0;2793
32.434;2797;0;0;2793
32.439;2797;0;0;2793
32.444;2797;0;0;2793
32.449;2797;0;0;2793
32.454;2797;0;0;2793
32.459;2797;0;0;2793
32.464;2797;0;0;2793
32.469;2797;0;0;2793
32.474;2797;0;0;2793
32.479;2797;0;0;2793
32.484;2797;0;0;2793
32.489;2797;0;0;2793
32.494;2797;0;0;2793
32.499;2797;0;0;2793
32.504;2797;0;0;2793
32.509;2797;0;0;2793
32.514;2797;0;0;2793
32.519;2797;0;0;2793
32.524;2797;0;0;2793
32.529;2797;0;0;2793
32.534;2796;0;0;2779
32.539;2796;0;0;2793
32.544;2796;0;0;2793
32.549;2796;0;0;2793
32.554;2796;0;0;2779
32.559;2795;0;0;2766
32.564;2795;0;0;2793
32.569;2796;0;0;2819
32.574;2796;0;0;2779
32.579;2796;0;0;2779
32.584;2796;0;0;2793
32.589;2795;0;0;2779
32.594;2795;0;0;2793
32.599;2795;0;0;2793
32.604;2795;0;0;2793
32.609;2795;0;0;2779
32.614;2795;0;0;2806
32.619;2796;0;0;2793
32.624;2796;0;0;2766
32.629;2796;0;0;2819
32.634;2796;0;0;2806
32.639;2796;0;0;2793
32.644;2795;0;0;2779
32.649;2795;0;0;2793
32.654;2795;0;0;2793
32.659;2794;0;0;2766
32.664;2794;0;0;2793
32.669;2794;0;0;2806
32.674;2794;0;0;2793
32.679;2793;0;0;2779
32.684;2793;0;0;2779
32.689;2793;0;0;2806
32.694;2794;0;0;2779
32.699;2794;0;0;2779
32.704;2794;0;0;2793
32.709;2795;0;0;2806
32.714;2795;0;0;2779
32.719;2794;0;0;2753
32.724;2794;0;0;2832
32.729;2795;0;0;2872
32.734;2797;0;0;2965
32.739;2801;0;0;3138
32.744;2808;0;0;3418
32.749;2818;0;0;3883
32.754;2838;0;0;4575
32.759;2870;-1;0;5546
32.764;2865;-2;0;6290
32.769;2861;-4;0;7088
32.774;2873;-5;0;7926
32.779;2885;-7;0;8671
32.784;2913;-8;0;9310
32.789;2941;-9;0;9855
32.794;2975;-10;0;10241
32.799;3003;-11;0;10480
32.804;2979;-13;0;10613
32.809;3059;-13;0;10746
32.814;3071;-13;0;10799
32.819;3099;-14;0;10826
32.824;3134;-14;0;10852
32.829;3198;-14;0;10852
32.834;3226;-14;0;10839
32.839;3290;-14;0;10866
32.844;3354;-13;0;10866
32.849;3418;-12;0;10852
32.854;3498;-12;0;10852
32.859;3562;-12;0;10852
32.864;3626;-11;0;10852
32.869;3706;-11;0;10852
32.874;3770;-11;0;10852
32.879;3834;-10;0;10852
32.884;3898;-10;0;10852
32.889;3962;-10;0;10852
32.894;4078;-9;0;10839
32.899;4158;-9;0;10852
32.904;4267;-8;0;10852
32.909;4331;-8;0;10839
32.914;4447;-7;0;10839
32.919;4579;-7;0;10852
32.924;4643;-7;0;10852
32.929;4707;-7;0;10852
32.934;4839;-7;0;10852
32.939;4955;-6;0;10852
32.944;5071;-5;0;10852
32.949;5197;-5;0;10852
32.954;5261;-6;0;10852
32.959;5377;-5;0;10852
32.964;5525;-5;0;10852
32.969;5641;-5;0;10852
32.974;5757;-4;0;10852
32.979;5837;-5;0;10852
32.984;5953;-5;0;10852
32.989;6062;-4;0;10852
32.994;6171;-4;0;10852
32.999;6303;-4;0;10852
33.004;6367;-5;0;10852
33.009;6535;-3;0;10852
33.014;6599;-4;0;10852
33.019;6731;-4;0;10852
33.024;6847;-4;0;10852
33.029;6911;-4;0;10852
33.034;7021;-4;0;10852
33.039;7137;-4;0;10852
33.044;7201;-4;0;10839
33.049;7317;-4;0;10852
33.054;7433;-3;0;10852
33.059;7497;-4;0;10852
33.064;7561;-5;0;10852
33.069;7677;-4;0;10852
33.074;7741;-5;0;10852
33.079;7841;-4;0;10852
33.084;7905;-5;0;10839
33.089;7953;-5;0;10839
33.094;8017;-5;0;10852
33.099;8110;-5;0;10852
33.104;8174;-5;0;10852
33.109;8222;-5;0;10852
33.114;8270;-5;0;10852
33.119;8318;-6;0;10852
33.124;8366;-6;0;10839
33.129;8414;-6;0;10852
33.134;8462;-6;0;10866
33.139;8465;-7;0;10852
33.144;8513;-7;0;10839
33.149;8545;-6;0;10852
33.154;8593;-6;0;10852
33.159;8581;-7;0;10839
33.164;8621;-7;0;10839
33.169;8609;-8;0;10852
33.174;8641;-7;0;10866
33.179;8681;-7;0;10839
33.184;8721;-7;0;10852
33.189;8701;-7;0;10866
33.194;8681;-8;0;10839
33.199;8713;-7;0;10839
33.204;8745;-7;0;10852
33.209;8717;-7;0;10866
33.214;8703;-8;0;10866
33.219;8735;-7;0;10852
33.224;8759;-7;0;10866
33.229;8739;-7;0;10852
33.234;8711;-8;0;10839
33.239;8735;-7;0;10839
33.244;8707;-8;0;10852
33.249;8731;-7;0;10839
33.254;8695;-7;0;10826
33.259;8719;-7;0;10852
33.264;8743;-6;0;10866
33.269;8711;-7;0;10866
33.274;8690;-7;0;10839
33.279;8710;-6;0;10866
33.284;8681;-7;0;10852
33.289;8701;-6;0;10839
33.294;8669;-6;0;10866
33.299;8685;-6;0;10866
33.304;8705;-5;0;10839
33.309;8725;-5;0;10852
33.314;8745;-5;0;10879
33.319;8709;-5;0;10866
33.324;8677;-6;0;10839
33.329;8689;-5;0;10852
33.334;8705;-5;0;10852
33.339;8725;-4;0;10852
33.344;8741;-4;0;10826
33.349;8761;-4;0;10839
33.354;8777;-4;0;10852
33.359;8741;-4;0;10839
33.364;8757;-4;0;10839
33.369;8773;-4;0;10852
33.374;8793;-3;0;10852
33.379;8809;-3;0;10839
33.384;8825;-3;0;10852
33.389;8845;-3;0;10866
33.394;8861;-3;0;10852
33.399;8877;-3;0;10839
33.404;8897;-3;0;10852
33.409;8913;-2;0;10852
33.414;8985;-2;0;10852
33.419;9005;-2;0;10852
33.424;9025;-2;0;10866
33.429;9041;-2;0;10839
33.434;9113;-1;0;10852
33.439;9137;-1;0;10852
33.444;9153;-1;0;10839
33.449;9173;-1;0;10839
33.454;9193;-1;0;10852
33.459;9209;-1;0;10852
33.464;9281;-1;0;10839
33.469;9301;-1;0;10852
33.474;9321;-1;0;10852
33.479;9341;-1;0;10852
33.484;9357;-1;0;10852
33.489;9429;0;0;10852
33.494;9449;-1;0;10839
33.499;9469;-1;0;10839
33.504;9534;0;0;10892
33.509;9550;0;0;10892
33.514;9574;-1;0;10852
33.519;9590;-1;0;10852
33.524;9610;-1;0;10866
33.529;9671;0;0;10852
33.534;9747;0;0;10839
33.539;9763;0;0;10906
33.544;9787;0;0;10892
33.549;9807;-1;0;10852
33.554;9827;-1;0;10852
33.559;9843;-1;0;10866
33.564;9859;-1;0;10866
33.569;9875;-1;0;10826
33.574;9891;-1;0;10839
33.579;9959;0;0;10866
33.584;9979;-1;0;10852
33.589;9995;-1;0;10839
33.594;10011;-1;0;10866
33.599;10027;-1;0;10866
33.604;10043;-1;0;10826
33.609;10059;-1;0;10826
33.614;10123;0;0;10852
33.619;10143;0;0;10839
33.624;10107;-2;0;10852
33.629;10175;-1;0;10852
33.634;10135;-2;0;10852
33.639;10203;-1;0;10866
33.644;10215;-1;0;10852
33.649;10231;-1;0;10852
33.654;10191;-2;0;10852
33.659;10203;-2;0;10879
33.664;10211;-2;0;10879
33.669;10223;-2;0;10839
33.674;10235;-2;0;10839
33.679;10243;-1;0;10852
33.684;10255;-1;0;10852
33.689;10265;-1;0;10839
33.694;10275;-1;0;10839
33.699;10231;-2;0;10866
33.704;10291;-1;0;10852
33.709;10303;-1;0;10839
33.714;10259;-2;0;10852
33.719;10267;-2;0;10866
33.724;10275;-2;0;10839
33.729;10283;-1;0;10826
33.734;10291;-1;0;10839
33.739;10299;-1;0;10852
33.744;10307;-1;0;10852
33.749;10317;-1;0;10839
33.754;10325;-1;0;10852
33.759;10333;-1;0;10879
33.764;10287;-2;0;10866
33.769;10294;-2;0;10852
33.774;10300;-1;0;10866
33.779;10306;-1;0;10866
33.784;10266;-2;0;10839
33.789;10270;-2;0;10866
33.794;10275;-2;0;10879
33.799;10280;-1;0;10852
33.804;10286;-1;0;10839
33.809;10290;-1;0;10866
33.814;10296;-1;0;10852
33.819;10302;-1;0;10826
33.824;10308;-1;0;10826
33.829;10314;-1;0;10852
33.834;10320;-1;0;10852
33.839;10279;-1;0;10839
33.844;10283;-1;0;10852
33.849;10287;-1;0;10852
33.854;10291;-1;0;10839
33.859;10295;-1;0;10839
33.864;10300;-1;0;10852
33.869;10305;-1;0;10866
33.874;10310;-1;0;10839
33.879;10315;-1;0;10839
33.884;10320;-1;0;10866
33.889;10325;0;0;10826
33.894;10330;0;0;10812
33.899;10334;0;0;10839
33.904;10339;0;0;10852
33.909;10344;0;0;10852
33.914;10349;0;0;10839
33.919;10354;0;0;10852
33.924;10359;0;0;10826
33.929;10363;0;0;10812
33.934;10368;0;0;10839
33.939;10372;0;0;10866
33.944;10377;0;0;10852
33.949;10428;0;0;10826
33.954;10436;0;0;10852
33.959;10396;-1;0;10839
33.964;10447;0;0;10826
33.969;10453;0;0;10826
33.974;10458;0;0;10866
33.979;10464;0;0;10879
33.984;10470;0;0;10852
33.989;10474;0;0;10866
33.994;10480;0;0;10892
33.999;10486;0;0;10852
34.004;10491;0;0;10839
34.009;10495;0;0;10866
34.014;10500;0;0;10866
34.019;10505;0;0;10852
34.024;10509;0;0;10866
34.029;10514;0;0;10879
34.034;10518;0;0;10852
34.039;10523;0;0;10839
34.044;10527;0;0;10866
34.049;10531;0;0;10852
34.054;10535;0;0;10839
34.059;10539;0;0;10866
34.064;10543;0;0;10866
34.069;10547;0;0;10839
34.074;10550;0;0;10839
34.079;10554;0;0;10852
34.084;10557;0;0;10852
34.089;10561;0;0;10826
34.094;10564;0;0;10826
34.099;10567;0;0;10852
34.104;10571;0;0;10852
34.109;10574;0;0;10839
34.114;10578;0;0;10866
34.119;10582;0;0;10866
34.124;10585;0;0;10839
34.129;10588;0;0;10839
34.134;10591;0;0;10866
34.139;10594;0;0;10852
34.144;10597;0;0;10839
34.149;10600;0;0;10852
34.154;10604;0;0;10866
34.159;10607;0;0;10826
34.164;10609;0;0;10826
34.169;10612;0;0;10839
34.174;10615;0;0;10839
34.179;10617;0;0;10839
34.184;10620;0;0;10839
34.189;10623;0;0;10852
34.194;10626;0;0;10839
34.199;10628;0;0;10839
34.204;10631;0;0;10852
34.209;10634;0;0;10852
34.214;10637;0;0;10839
34.219;10639;0;0;10826
34.224;10642;0;0;10866
34.229;10644;0;0;10866
34.234;10647;0;0;10839
34.239;10649;0;0;10839
34.244;10652;0;0;10866
34.249;10654;0;0;10852
34.254;10657;0;0;10839
34.259;10659;0;0;10852
34.264;10661;0;0;10839
34.269;10663;0;0;10839
34.274;10666;0;0;10839
34.279;10668;0;0;10866
34.284;10670;0;0;10866
34.289;10673;0;0;10839
34.294;10675;0;0;10852
34.299;10677;0;0;10866
34.304;10679;0;0;10839
34.309;10681;0;0;10839
34.314;10683;0;0;10852
34.319;10686;0;0;10866
34.324;10688;0;0;10852
34.329;10690;0;0;10866
34.334;10693;0;0;10852
34.339;10694;0;0;10839
34.344;10696;0;0;10839
34.349;10698;0;0;10866
34.354;10701;0;0;10866
34.359;10702;0;0;10826
34.364;10704;0;0;10839
34.369;10706;0;0;10866
34.374;10708;0;0;10839
34.379;10710;0;0;10839
34.384;10711;0;0;10839
34.389;10713;0;0;10852
34.394;10715;0;0;10866
34.399;10717;0;0;10866
34.404;10719;0;0;10839
34.409;10720;0;0;10839
34.414;10722;0;0;10852
34.419;10723;0;0;10839
34.424;10725;0;0;10839
34.429;10726;0;0;10866
34.434;10728;0;0;10866
34.439;10730;0;0;10826
34.444;10731;0;0;10839
34.449;10732;0;0;10839
34.454;10734;0;0;10839
34.459;10735;0;0;10852
34.464;10737;0;0;10866
34.469;10739;0;0;10892
34.474;10741;0;0;10866
34.479;10742;0;0;10866
34.484;10743;0;0;10839
34.489;10745;0;0;10839
34.494;10746;0;0;10866
34.499;10748;0;0;10852
34.504;10749;0;0;10852
34.509;10751;0;0;10852
34.514;10752;0;0;10866
34.519;10753;0;0;10852
34.524;10754;0;0;10852
34.529;10756;0;0;10866
34.534;10757;0;0;10866
34.539;10759;0;0;10839
34.544;10760;0;0;10812
34.549;10761;0;0;10852
34.554;10762;0;0;10852
34.559;10763;0;0;10866
34.564;10764;0;0;10852
34.569;10766;0;0;10852
34.574;10767;0;0;10892
34.579;10768;0;0;10852
34.584;10769;0;0;10852
34.589;10771;0;0;10866
34.594;10772;0;0;10866
34.599;10773;0;0;10839
34.604;10774;0;0;10852
34.609;10775;0;0;10866
34.614;10776;0;0;10839
34.619;10777;0;0;10839
34.624;10777;0;0;10839
34.629;10778;0;0;10852
34.634;10779;0;0;10839
34.639;10780;0;0;10852
34.644;10781;0;0;10879
34.649;10782;0;0;10852
34.654;10783;0;0;10852
34.659;10784;0;0;10852
34.664;10785;0;0;10866
34.669;10786;0;0;10839
34.674;10787;0;0;10839
34.679;10788;0;0;10839
34.684;10788;0;0;10826
34.689;10789;0;0;10839
34.694;10789;0;0;10839
34.699;10790;0;0;10866
34.704;10791;0;0;10866
34.709;10792;0;0;10852
34.714;10793;0;0;10852
34.719;10793;0;0;10826
34.724;10794;0;0;10852
34.729;10795;0;0;10839
34.734;10795;0;0;10839
34.739;10796;0;0;10839
34.744;10797;0;0;10852
34.749;10798;0;0;10866
34.754;10798;0;0;10839
34.759;10799;0;0;10852
34.764;10800;0;0;10852
34.769;10800;0;0;10852
34.774;10801;0;0;10852
34.779;10802;0;0;10879
34.784;10803;0;0;10866
34.789;10803;0;0;10839
34.794;10804;0;0;10852
34.799;10804;0;0;10852
34.804;10805;0;0;10839
34.809;10805;0;0;10839
34.814;10806;0;0;10852
34.819;10806;0;0;10852
34.824;10807;0;0;10826
34.829;10808;0;0;10852
34.834;10808;0;0;10852
34.839;10809;0;0;10839
34.844;10809;0;0;10839
34.849;10810;0;0;10852
34.854;10810;0;0;10852
34.859;10811;0;0;10839
34.864;10812;0;0;10852
34.869;10812;0;0;10866
34.874;10813;0;0;10852
34.879;10813;0;0;10852
34.884;10814;0;0;10866
34.889;10815;0;0;10879
34.894;10815;0;0;10839
34.899;10815;0;0;10852
34.904;10816;0;0;10839
34.909;10816;0;0;10839
34.914;10816;0;0;10826
34.919;10816;0;0;10826
34.924;10817;0;0;10852
34.929;10817;0;0;10852
34.934;10818;0;0;10852
34.939;10818;0;0;10852
34.944;10819;0;0;10852
34.949;10819;0;0;10812
34.954;10819;0;0;10812
34.959;10820;0;0;10852
34.964;10820;0;0;10839
34.969;10820;0;0;10852
34.974;10821;0;0;10866
34.979;10822;0;0;10866
34.984;10822;0;0;10839
34.989;10822;0;0;10826
34.994;10823;0;0;10852
34.999;10823;0;0;10866
35.004;10824;0;0;10852
35.009;10824;0;0;10852
35.014;10824;0;0;10839
35.019;10825;0;0;10839
35.024;10825;0;0;10839
35.029;10825;0;0;10839
35.034;10825;0;0;10826
35.039;10826;0;0;10852
35.044;10826;0;0;10839
35.049;10826;0;0;10852
35.054;10827;0;0;10879
35.059;10827;0;0;10852
35.064;10828;0;0;10852
35.069;10828;0;0;10866
35.074;10829;0;0;10852
35.079;10829;0;0;10826
35.084;10829;0;0;10812
35.089;10829;0;0;10852
35.094;10830;0;0;10852
35.099;10830;0;0;10866
35.104;10830;0;0;10852
35.109;10830;0;0;10852
35.114;10830;0;0;10839
35.119;10830;0;0;10839
35.124;10831;0;0;10866
35.129;10831;0;0;10852
35.134;10831;0;0;10839
35.139;10831;0;0;10839
35.144;10832;0;0;10852
35.149;10832;0;0;10866
35.154;10832;0;0;10839
35.159;10832;0;0;10839
35.164;10832;0;0;10839
35.169;10832;0;0;10839
35.174;10831;0;0;10812
35.179;10831;0;0;10839
35.184;10832;0;0;10852
35.189;10832;0;0;10852
35.194;10833;0;0;10879
35.199;10833;0;0;10852
35.204;10833;0;0;10852
35.209;10834;0;0;10839
35.214;10834;0;0;10826
35.219;10834;0;0;10852
35.224;10834;0;0;10839
35.229;10835;0;0;10852
35.234;10835;0;0;10839
35.239;10835;0;0;10852
35.244;10836;0;0;10866
35.249;10836;0;0;10866
35.254;10837;0;0;10852
35.259;10837;0;0;10852
35.264;10838;0;0;10879
35.269;10838;0;0;10852
35.274;10838;0;0;10852
35.279;10839;0;0;10852
35.284;10839;0;0;10852
35.289;10839;0;0;10839
35.294;10839;0;0;10826
35.299;10840;0;0;10879
35.304;10840;0;0;10879
35.309;10840;0;0;10839
35.314;10840;0;0;10839
35.319;10840;0;0;10852
35.324;10840;0;0;10839
35.329;10839;0;0;10812
35.334;10839;0;0;10839
35.339;10839;0;0;10866
35.344;10840;0;0;10839
35.349;10840;0;0;10839
35.354;10840;0;0;10852
35.359;10840;0;0;10852
35.364;10841;0;0;10852
35.369;10841;0;0;10839
35.374;10841;0;0;10852
35.379;10841;0;0;10839
35.384;10841;0;0;10839
35.389;10841;0;0;10852
35.394;10842;0;0;10866
35.399;10842;0;0;10852
35.404;10842;0;0;10852
35.409;10843;0;0;10866
35.414;10843;0;0;10839
35.419;10843;0;0;10852
35.424;10844;0;0;10852
35.429;10844;0;0;10839
35.434;10844;0;0;10839
35.439;10844;0;0;10839
35.444;10844;0;0;10839
35.449;10844;0;0;10839
35.454;10845;0;0;10879
35.459;10845;0;0;10892
35.464;10846;0;0;10839
35.469;10846;0;0;10852
35.474;10846;0;0;10866
35.479;10846;0;0;10852
35.484;10846;0;0;10839
35.489;10846;0;0;10866
35.494;10847;0;0;10866
35.499;10847;0;0;10826
35.504;10847;0;0;10852
35.509;10847;0;0;10866
35.514;10848;0;0;10852
35.519;10848;0;0;10879
35.524;10848;0;0;10852
35.529;10848;0;0;10839
35.534;10848;0;0;10852
35.539;10849;0;0;10866
35.544;10849;0;0;10852
35.549;10849;0;0;10852
35.554;10848;0;0;10799
35.559;10847;0;0;10799
35.564;10847;0;0;10866
35.569;10847;0;0;10852
35.574;10847;0;0;10839
35.579;10847;0;0;10839
35.584;10847;0;0;10839
35.589;10847;0;0;10839
35.594;10846;0;0;10839
35.599;10846;0;0;10866
35.604;10846;0;0;10839
35.609;10846;0;0;10839
35.614;10846;0;0;10839
35.619;10846;0;0;10839
35.624;10846;0;0;10826
35.629;10845;0;0;10839
35.634;10845;0;0;10852
35.639;10845;0;0;10839
35.644;10845;0;0;10839
35.649;10845;0;0;10852
35.654;10846;0;0;10892
35.659;10846;0;0;10879
35.664;10846;0;0;10839
35.669;10846;0;0;10852
35.674;10846;0;0;10839
35.679;10846;0;0;10852
35.684;10846;0;0;10839
35.689;10845;0;0;10852
35.694;10845;0;0;10852
35.699;10845;0;0;10839
35.704;10845;0;0;10852
35.709;10845;0;0;10839
35.714;10845;0;0;10852
35.719;10846;0;0;10866
35.724;10846;0;0;10839
35.729;10846;0;0;10839
35.734;10846;0;0;10852
35.739;10847;0;0;10866
35.744;10847;0;0;10839
35.749;10847;0;0;10866
35.754;10848;0;0;10879
35.759;10848;0;0;10839
35.764;10848;0;0;10852
35.769;10848;0;0;10866
35.774;10849;0;0;10852
35.779;10849;0;0;10852
35.784;10849;0;0;10839
35.789;10849;0;0;10852
35.794;10849;0;0;10839
35.799;10848;0;0;10839
35.804;10848;0;0;10839
35.809;10848;0;0;10839
35.814;10847;0;0;10826
35.819;10847;0;0;10839
35.824;10848;0;0;10866
35.829;10848;0;0;10852
35.834;10848;0;0;10852
35.839;10847;0;0;10826
35.844;10846;0;0;10759
35.849;10844;0;0;10586
35.854;10839;0;0;10334
35.859;10829;0;0;10094
35.864;10817;0;0;9815
35.869;10801;0;0;9536
35.874;10826;1;0;9230
35.879;10858;2;0;8990
35.884;10834;2;0;8791
35.889;10810;3;0;8551
35.894;10778;3;0;8285
35.899;10746;3;0;8099
35.904;10766;4;0;7980
35.909;10734;4;0;7820
35.914;10754;5;0;7594
35.919;10722;5;0;7501
35.924;10682;5;0;7408
35.929;10702;6;0;7315
35.934;10670;5;0;7182
35.939;10682;6;0;7142
35.944;10650;6;0;7142
35.949;10618;6;0;7088
35.954;10586;6;0;7049
35.959;10546;5;0;7035
35.964;10514;5;0;7062
35.969;10482;5;0;7035
35.974;10442;5;0;6969
35.979;10410;5;0;6929
35.984;10370;5;0;6889
35.989;10338;5;0;6929
35.994;10306;5;0;6929
35.999;10266;5;0;6876
36.004;10234;5;0;6849
36.009;10202;5;0;6862
36.014;10162;5;0;6849
36.019;10130;5;0;6836
36.024;10098;5;0;6876
36.029;10066;4;0;6876
36.034;9982;3;0;6836
36.039;9942;4;0;6876
36.044;9858;3;0;6889
36.049;9826;3;0;6849
36.054;9786;3;0;6849
36.059;9702;2;0;6876
36.064;9662;3;0;6889
36.069;9630;3;0;6862
36.074;9546;2;0;6889
36.079;9506;2;0;6889
36.084;9474;3;0;6876
36.089;9442;3;0;6876
36.094;9410;3;0;6862
36.099;9326;2;0;6849
36.104;9241;2;0;6849
36.109;9209;2;0;6862
36.114;9177;2;0;6876
36.119;9100;2;0;6862
36.124;9060;2;0;6862
36.129;8976;1;0;6862
36.134;8944;2;0;6862
36.139;8912;2;0;6876
36.144;8880;2;0;6876
36.149;8848;3;0;6862
36.154;8824;3;0;6862
36.159;8740;2;0;6876
36.164;8708;2;0;6862
36.169;8676;2;0;6862
36.174;8652;2;0;6862
36.179;8568;2;0;6862
36.184;8536;2;0;6862
36.189;8504;2;0;6862
36.194;8480;2;0;6862
36.199;8448;3;0;6862
36.204;8424;3;0;6876
36.209;8400;3;0;6862
36.214;8376;3;0;6862
36.219;8352;3;0;6862
36.224;8320;3;0;6862
36.229;8296;3;0;6862
36.234;8280;3;0;6876
36.239;8256;3;0;6862
36.244;8232;3;0;6862
36.249;8208;3;0;6862
36.254;8184;3;0;6862
36.259;8168;3;0;6876
36.264;8144;3;0;6876
36.269;8124;3;0;6876
36.274;8104;3;0;6862
36.279;8080;3;0;6862
36.284;8060;3;0;6862
36.289;8096;3;0;6862
36.294;8076;3;0;6862
36.299;8060;3;0;6876
36.304;8044;3;0;6876
36.309;8028;3;0;6862
36.314;8008;3;0;6862
36.319;7992;3;0;6876
36.324;8028;3;0;6849
36.329;8016;3;0;6849
36.334;8000;3;0;6862
36.339;7988;3;0;6862
36.344;7972;3;0;6849
36.349;7956;2;0;6849
36.354;7940;2;0;6849
36.359;7928;2;0;6849
36.364;7964;3;0;6862
36.369;7952;3;0;6862
36.374;7940;3;0;6836
36.379;7973;3;0;6849
36.384;7963;3;0;6876
36.389;7955;3;0;6862
36.394;7943;3;0;6849
36.399;7931;2;0;6862
36.404;7919;2;0;6876
36.409;7907;2;0;6862
36.414;7895;2;0;6862
36.419;7883;2;0;6862
36.424;7918;3;0;6862
36.429;7908;2;0;6862
36.434;7898;2;0;6862
36.439;7888;2;0;6849
36.444;7880;2;0;6849
36.449;7868;2;0;6862
36.454;7860;2;0;6849
36.459;7848;2;0;6876
36.464;7890;2;0;6902
36.469;7884;2;0;6862
36.474;7876;2;0;6849
36.479;7814;1;0;6849
36.484;7802;1;0;6849
36.489;7846;2;0;6889
36.494;7838;2;0;6876
36.499;7830;2;0;6836
36.504;7770;0;0;6862
36.509;7758;1;0;6876
36.514;7746;1;0;6862
36.519;7792;2;0;6836
36.524;7784;1;0;6876
36.529;7726;0;0;6876
36.534;7714;0;0;6849
36.539;7702;0;0;6849
36.544;7694;0;0;6849
36.549;7684;1;0;6849
36.554;7674;1;0;6862
36.559;7664;1;0;6862
36.564;7656;1;0;6862
36.569;7646;1;0;6876
36.574;7638;1;0;6862
36.579;7628;1;0;6836
36.584;7620;1;0;6876
36.589;7612;1;0;6876
36.594;7559;0;0;6849
36.599;7545;0;0;6876
36.604;7535;0;0;6862
36.609;7525;0;0;6849
36.614;7517;0;0;6876
36.619;7507;0;0;6862
36.624;7499;0;0;6849
36.629;7491;0;0;6862
36.634;7481;1;0;6862
36.639;7473;1;0;6849
36.644;7465;1;0;6849
36.649;7459;1;0;6876
36.654;7451;1;0;6889
36.659;7443;1;0;6889
36.664;7437;1;0;6902
36.669;7431;0;0;6876
36.674;7423;1;0;6849
36.679;7415;1;0;6862
36.684;7409;1;0;6849
36.689;7401;1;0;6849
36.694;7395;0;0;6862
36.699;7344;0;0;6862
36.704;7381;1;0;6862
36.709;7375;1;0;6862
36.714;7367;1;0;6876
36.719;7363;1;0;6916
36.724;7356;1;0;6929
36.729;7351;0;0;6876
36.734;7300;0;0;6862
36.739;7292;0;0;6889
36.744;7284;0;0;6876
36.749;7276;0;0;6836
36.754;7315;1;0;6849
36.759;7310;1;0;6862
36.764;7306;1;0;6849
36.769;7301;1;0;6889
36.774;7297;1;0;6916
36.779;7292;0;0;6889
36.784;7288;0;0;6876
36.789;7283;0;0;6876
36.794;7279;0;0;6862
36.799;7274;0;0;6862
36.804;7269;0;0;6862
36.809;7265;0;0;6876
36.814;7260;0;0;6876
36.819;7255;0;0;6876
36.824;7251;0;0;6862
36.829;7246;0;0;6862
36.834;7241;0;0;6862
36.839;7236;0;0;6849
36.844;7232;0;0;6889
36.849;7228;0;0;6902
36.854;7224;0;0;6862
36.859;7220;0;0;6876
36.864;7216;0;0;6862
36.869;7211;0;0;6876
36.874;7207;0;0;6902
36.879;7204;0;0;6889
36.884;7200;0;0;6849
36.889;7195;0;0;6862
36.894;7191;0;0;6836
36.899;7187;0;0;6809
36.904;7182;0;0;6862
36.909;7178;0;0;6862
36.914;7174;0;0;6849
36.919;7170;0;0;6862
36.924;7166;0;0;6876
36.929;7163;0;0;6916
36.934;7160;0;0;6916
36.939;7157;0;0;6889
36.944;7154;0;0;6862
36.949;7150;0;0;6876
36.954;7147;0;0;6916
36.959;7144;0;0;6849
36.964;7140;0;0;6822
36.969;7137;0;0;6862
36.974;7133;0;0;6862
36.979;7130;0;0;6862
36.984;7127;0;0;6849
36.989;7123;0;0;6889
36.994;7121;0;0;6902
36.999;7118;0;0;6862
37.004;7115;0;0;6862
37.009;7112;0;0;6876
37.014;7109;0;0;6862
37.019;7106;0;0;6849
37.024;7102;0;0;6862
37.029;7100;0;0;6876
37.034;7097;0;0;6862
37.039;7094;0;0;6876
37.044;7091;0;0;6849
37.049;7088;0;0;6862
37.054;7085;0;0;6876
37.059;7083;0;0;6862
37.064;7080;0;0;6862
37.069;7077;0;0;6862
37.074;7075;0;0;6889
37.079;7073;0;0;6862
37.084;7070;0;0;6849
37.089;7067;0;0;6862
37.094;7065;0;0;6849
37.099;7062;0;0;6862
37.104;7060;0;0;6862
37.109;7057;0;0;6889
37.114;7055;0;0;6902
37.119;7053;0;0;6862
37.124;7051;0;0;6862
37.129;7049;0;0;6876
37.134;7047;0;0;6876
37.139;7044;0;0;6809
37.144;7041;0;0;6796
37.149;7039;0;0;6876
37.154;7036;0;0;6862
37.159;7034;0;0;6862
37.164;7032;0;0;6876
37.169;7030;0;0;6902
37.174;7029;0;0;6889
37.179;7027;0;0;6849
37.184;7024;0;0;6849
37.189;7022;0;0;6876
37.194;7021;0;0;6889
37.199;7019;0;0;6822
37.204;7016;0;0;6796
37.209;7014;0;0;6889
37.214;7012;0;0;6862
37.219;7010;0;0;6862
37.224;7008;0;0;6862
37.229;7006;0;0;6889
37.234;7005;0;0;6876
37.239;7003;0;0;6862
37.244;7001;0;0;6889
37.249;7000;0;0;6889
37.254;6999;0;0;6876
37.259;6997;0;0;6849
37.264;6995;0;0;6836
37.269;6993;0;0;6862
37.274;6991;0;0;6862
37.279;6990;0;0;6849
37.284;6988;0;0;6876
37.289;6987;0;0;6889
37.294;6985;0;0;6862
37.299;6984;0;0;6849
37.304;6982;0;0;6849
37.309;6980;0;0;6862
37.314;6979;0;0;6876
37.319;6977;0;0;6862
37.324;6976;0;0;6836
37.329;6974;0;0;6862
37.334;6973;0;0;6862
37.339;6971;0;0;6836
37.344;6969;0;0;6862
37.349;6968;0;0;6889
37.354;6967;0;0;6862
37.359;6966;0;0;6849
37.364;6964;0;0;6862
37.369;6963;0;0;6876
37.374;6962;0;0;6862
37.379;6961;0;0;6862
37.384;6959;0;0;6862
37.389;6958;0;0;6876
37.394;6957;0;0;6889
37.399;6956;0;0;6876
37.404;6955;0;0;6862
37.409;6954;0;0;6902
37.414;6953;0;0;6862
37.419;6952;0;0;6849
37.424;6951;0;0;6849
37.429;6949;0;0;6862
37.434;6948;0;0;6889
37.439;6948;0;0;6902
37.444;6947;0;0;6889
37.449;6946;0;0;6862
37.454;6945;0;0;6849
37.459;6944;0;0;6862
37.464;6943;0;0;6862
37.469;6941;0;0;6862
37.474;6941;0;0;6862
37.479;6940;0;0;6862
37.484;6938;0;0;6836
37.489;6937;0;0;6849
37.494;6936;0;0;6889
37.499;6935;0;0;6889
37.504;6934;0;0;6876
37.509;6934;0;0;6876
37.514;6933;0;0;6849
37.519;6932;0;0;6876
37.524;6931;0;0;6836
37.529;6930;0;0;6796
37.534;6928;0;0;6836
37.539;6927;0;0;6862
37.544;6926;0;0;6862
37.549;6926;0;0;6862
37.554;6924;0;0;6836
37.559;6923;0;0;6849
37.564;6922;0;0;6849
37.569;6921;0;0;6836
37.574;6920;0;0;6849
37.579;6919;0;0;6862
37.584;6919;0;0;6862
37.589;6918;0;0;6876
37.594;6917;0;0;6849
37.599;6916;0;0;6862
37.604;6916;0;0;6849
37.609;6915;0;0;6862
37.614;6914;0;0;6849
37.619;6913;0;0;6876
37.624;6913;0;0;6889
37.629;6912;0;0;6862
37.634;6912;0;0;6862
37.639;6911;0;0;6862
37.644;6910;0;0;6822
37.649;6909;0;0;6836
37.654;6908;0;0;6849
37.659;6908;0;0;6862
37.664;6907;0;0;6849
37.669;6906;0;0;6889
37.674;6906;0;0;6862
37.679;6905;0;0;6862
37.684;6905;0;0;6889
37.689;6905;0;0;6889
37.694;6905;0;0;6876
37.699;6904;0;0;6849
37.704;6903;0;0;6876
37.709;6903;0;0;6902
37.714;6902;0;0;6849
37.719;6902;0;0;6862
37.724;6901;0;0;6876
37.729;6901;0;0;6862
37.734;6900;0;0;6849
37.739;6899;0;0;6862
37.744;6899;0;0;6876
37.749;6898;0;0;6862
37.754;6898;0;0;6849
37.759;6897;0;0;6809
37.764;6896;0;0;6822
37.769;6895;0;0;6876
37.774;6895;0;0;6876
37.779;6895;0;0;6902
37.784;6895;0;0;6876
37.789;6894;0;0;6916
37.794;6895;0;0;6902
37.799;6895;0;0;6862
37.804;6895;0;0;6862
37.809;6894;0;0;6862
37.814;6894;0;0;6876
37.819;6894;0;0;6876
37.824;6893;0;0;6849
37.829;6893;0;0;6862
37.834;6892;0;0;6876
37.839;6892;0;0;6889
37.844;6891;0;0;6809
37.849;6890;0;0;6809
37.854;6889;0;0;6876
37.859;6889;0;0;6876
37.864;6889;0;0;6862
37.869;6888;0;0;6849
37.874;6888;0;0;6849
37.879;6888;0;0;6876
37.884;6887;0;0;6849
37.889;6887;0;0;6876
37.894;6887;0;0;6889
37.899;6887;0;0;6876
37.904;6886;0;0;6849
37.909;6886;0;0;6862
37.914;6886;0;0;6862
37.919;6886;0;0;6862
37.924;6885;0;0;6849
37.929;6884;0;0;6836
37.934;6884;0;0;6862
37.939;6884;0;0;6876
37.944;6884;0;0;6862
37.949;6883;0;0;6876
37.954;6883;0;0;6902
37.959;6882;0;0;6876
37.964;6882;0;0;6862
37.969;6882;0;0;6876
37.974;6882;0;0;6876
37.979;6881;0;0;6862
37.984;6881;0;0;6876
37.989;6882;0;0;6902
37.994;6882;0;0;6862
37.999;6881;0;0;6836
38.004;6881;0;0;6862
38.009;6881;0;0;6876
38.014;6881;0;0;6822
38.019;6880;0;0;6836
38.024;6879;0;0;6889
38.029;6879;0;0;6889
38.034;6879;0;0;6862
38.039;6878;0;0;6876
38.044;6878;0;0;6862
38.049;6878;0;0;6849
38.054;6878;0;0;6862
38.059;6877;0;0;6836
38.064;6877;0;0;6862
38.069;6877;0;0;6876
38.074;6876;0;0;6783
38.079;6875;0;0;6796
38.084;6874;0;0;6849
38.089;6874;0;0;6849
38.094;6873;0;0;6849
38.099;6873;0;0;6876
38.104;6873;0;0;6849
38.109;6872;0;0;6862
38.114;6872;0;0;6889
38.119;6872;0;0;6876
38.124;6873;0;0;6862
38.129;6873;0;0;6862
38.134;6873;0;0;6836
38.139;6872;0;0;6836
38.144;6871;0;0;6849
38.149;6871;0;0;6876
38.154;6871;0;0;6876
38.159;6871;0;0;6862
38.164;6870;0;0;6862
38.169;6870;0;0;6889
38.174;6871;0;0;6862
38.179;6871;0;0;6836
38.184;6870;0;0;6862
38.189;6870;0;0;6862
38.194;6870;0;0;6836
38.199;6869;0;0;6862
38.204;6869;0;0;6889
38.209;6870;0;0;6902
38.214;6870;0;0;6849
38.219;6869;0;0;6822
38.224;6869;0;0;6836
38.229;6868;0;0;6849
38.234;6868;0;0;6836
38.239;6867;0;0;6849
38.244;6867;0;0;6902
38.249;6868;0;0;6916
38.254;6868;0;0;6876
38.259;6868;0;0;6876
38.264;6869;0;0;6889
38.269;6869;0;0;6889
38.274;6869;0;0;6849
38.279;6866;0;0;6636
38.284;6863;0;0;6889
38.289;6863;0;0;6862
38.294;6863;0;0;6862
38.299;6864;0;0;6876
38.304;6864;0;0;6889
38.309;6864;0;0;6862
38.314;6864;0;0;6849
38.319;6864;0;0;6876
38.324;6865;0;0;6849
38.329;6865;0;0;6876
38.334;6866;0;0;6849
38.339;6866;0;0;6836
38.344;6865;0;0;6876
38.349;6865;0;0;6876
38.354;6865;0;0;6849
38.359;6865;0;0;6849
38.364;6864;0;0;6889
38.369;6865;0;0;6889
38.374;6865;0;0;6849
38.379;6865;0;0;6862
38.384;6865;0;0;6862
38.389;6865;0;0;6862
38.394;6864;0;0;6822
38.399;6864;0;0;6836
38.404;6863;0;0;6862
38.409;6863;0;0;6876
38.414;6864;0;0;6876
38.419;6864;0;0;6849
38.424;6864;0;0;6862
38.429;6864;0;0;6849
38.434;6863;0;0;6836
38.439;6863;0;0;6876
38.444;6863;0;0;6876
38.449;6864;0;0;6862
38.454;6864;0;0;6862
38.459;6864;0;0;6876
38.464;6864;0;0;6849
38.469;6863;0;0;6876
38.474;6864;0;0;6889
38.479;6864;0;0;6862
38.484;6865;0;0;6902
38.489;6866;0;0;6929
38.494;6868;0;0;7049
38.499;6872;0;0;7341
38.504;6880;0;0;7634
38.509;6896;0;0;7993
38.514;6916;0;0;8392
38.519;6887;-1;0;8791
38.524;6919;-2;0;9177
38.529;6899;-3;0;9549
38.534;6931;-3;0;9855
38.539;6971;-3;0;10028
38.544;6959;-5;0;10161
38.549;6991;-4;0;10267
38.554;6979;-5;0;10347
38.559;7019;-5;0;10360
38.564;6999;-6;0;10374
38.569;7031;-6;0;10387
38.574;7011;-7;0;10374
38.579;7043;-6;0;10387
38.584;7067;-6;0;10400
38.589;7099;-6;0;10387
38.594;7131;-5;0;10360
38.599;7163;-5;0;10400
38.604;7195;-5;0;10387
38.609;7227;-5;0;10360
38.614;7259;-5;0;10374
38.619;7283;-5;0;10400
38.624;7315;-4;0;10374
38.629;7347;-4;0;10387
38.634;7371;-4;0;10374
38.639;7403;-4;0;10360
38.644;7435;-4;0;10360
38.649;7519;-3;0;10360
38.654;7543;-3;0;10360
38.659;7575;-3;0;10387
38.664;7607;-3;0;10387
38.669;7691;-2;0;10387
38.674;7723;-3;0;10413
38.679;7755;-3;0;10413
38.684;7839;-2;0;10374
38.689;7871;-2;0;10387
38.694;7955;-2;0;10374
38.699;7987;-2;0;10374
38.704;8019;-2;0;10320
38.709;8043;-2;0;10334
38.714;8075;-3;0;10374
38.719;8159;-2;0;10387
38.724;8191;-2;0;10400
38.729;8260;-1;0;10374
38.734;8292;-2;0;10387
38.739;8324;-2;0;10413
38.744;8356;-2;0;10400
38.749;8433;-2;0;10387
38.754;8517;-1;0;10387
38.759;8541;-1;0;10413
38.764;8573;-2;0;10374
38.769;8605;-2;0;10347
38.774;8629;-2;0;10387
38.779;8653;-2;0;10387
38.784;8737;-1;0;10374
38.789;8761;-2;0;10387
38.794;8793;-2;0;10427
38.799;8869;-1;0;10413
38.804;8901;-1;0;10374
38.809;8925;-2;0;10400
38.814;8957;-2;0;10374
38.819;8981;-2;0;10374
38.824;9005;-2;0;10387
38.829;9081;-1;0;10374
38.834;9105;-2;0;10374
38.839;9129;-2;0;10387
38.844;9161;-2;0;10387
38.849;9177;-2;0;10374
38.854;9201;-2;0;10400
38.859;9225;-2;0;10387
38.864;9249;-2;0;10360
38.869;9265;-2;0;10374
38.874;9293;-2;0;10374
38.879;9313;-2;0;10387
38.884;9333;-2;0;10400
38.889;9353;-2;0;10400
38.894;9317;-3;0;10400
38.899;9333;-3;0;10400
38.904;9349;-3;0;10400
38.909;9369;-3;0;10374
38.914;9385;-3;0;10387
38.919;9401;-3;0;10387
38.924;9421;-3;0;10374
38.929;9437;-2;0;10387
38.934;9453;-2;0;10387
38.939;9413;-3;0;10400
38.944;9425;-3;0;10387
38.949;9441;-3;0;10400
38.954;9453;-3;0;10413
38.959;9413;-3;0;10387
38.964;9425;-3;0;10400
38.969;9437;-3;0;10400
38.974;9449;-3;0;10387
38.979;9461;-2;0;10374
38.984;9473;-2;0;10374
38.989;9485;-2;0;10374
38.994;9497;-2;0;10387
38.999;9509;-2;0;10387
39.004;9521;-2;0;10374
39.009;9533;-2;0;10387
39.014;9491;-3;0;10413
39.019;9501;-2;0;10387
39.024;9511;-2;0;10374
39.029;9474;-3;0;10374
39.034;9482;-2;0;10374
39.039;9490;-2;0;10360
39.044;9498;-2;0;10360
39.049;9508;-2;0;10387
39.054;9516;-2;0;10360
39.059;9528;-2;0;10387
39.064;9538;-2;0;10400
39.069;9548;-1;0;10374
39.074;9511;-2;0;10387
39.079;9517;-2;0;10387
39.084;9525;-2;0;10374
39.089;9533;-2;0;10387
39.094;9541;-2;0;10387
39.099;9549;-1;0;10374
39.104;9555;-1;0;10374
39.109;9565;-1;0;10387
39.114;9573;-1;0;10374
39.119;9581;-1;0;10387
39.124;9589;-1;0;10400
39.129;9597;-1;0;10387
39.134;9605;-1;0;10387
39.139;9615;-1;0;10374
39.144;9623;-1;0;10360
39.149;9631;-1;0;10387
39.154;9639;-1;0;10387
39.159;9647;-1;0;10374
39.164;9653;-1;0;10360
39.169;9661;-1;0;10374
39.174;9669;-1;0;10360
39.179;9677;-1;0;10374
39.184;9683;-1;0;10387
39.189;9691;-1;0;10387
39.194;9699;-1;0;10374
39.199;9705;-1;0;10387
39.204;9713;-1;0;10387
39.209;9721;-1;0;10387
39.214;9727;-1;0;10387
39.219;9782;0;0;10374
39.224;9790;0;0;10360
39.229;9800;0;0;10400
39.234;9808;0;0;10413
39.239;9816;0;0;10400
39.244;9824;0;0;10387
39.249;9832;0;0;10374
39.254;9840;0;0;10374
39.259;9846;0;0;10400
39.264;9854;0;0;10374
39.269;9860;0;0;10347
39.274;9866;0;0;10400
39.279;9874;0;0;10387
39.284;9880;0;0;10360
39.289;9886;0;0;10400
39.294;9892;0;0;10400
39.299;9900;0;0;10374
39.304;9906;0;0;10347
39.309;9910;0;0;10360
39.314;9963;0;0;10387
39.319;9971;0;0;10387
39.324;9979;0;0;10347
39.329;9941;-1;0;10374
39.334;9945;-1;0;10400
39.339;9950;-1;0;10387
39.344;9954;-1;0;10360
39.349;10006;0;0;10400
39.354;10012;0;0;10400
39.359;10020;0;0;10387
39.364;10026;0;0;10387
39.369;10034;0;0;10387
39.374;10040;0;0;10360
39.379;10044;0;0;10374
39.384;10050;0;0;10374
39.389;10056;0;0;10374
39.394;10061;0;0;10387
39.399;10067;0;0;10387
39.404;10072;0;0;10374
39.409;10077;0;0;10387
39.414;10082;0;0;10374
39.419;10087;0;0;10374
39.424;10091;0;0;10374
39.429;10096;0;0;10400
39.434;10101;0;0;10387
39.439;10105;0;0;10374
39.444;10110;0;0;10413
39.449;10115;0;0;10400
39.454;10119;0;0;10374
39.459;10123;0;0;10387
39.464;10128;0;0;10387
39.469;10132;0;0;10374
39.474;10136;0;0;10374
39.479;10095;-1;0;10413
39.484;10097;-1;0;10374
39.489;10098;-1;0;10347
39.494;10100;-1;0;10374
39.499;10149;0;0;10387
39.504;10154;0;0;10374
39.509;10113;-1;0;10387
39.514;10115;-1;0;10413
39.519;10117;0;0;10387
39.524;10120;0;0;10374
39.529;10168;0;0;10387
39.534;10129;-1;0;10374
39.539;10131;0;0;10374
39.544;10133;0;0;10387
39.549;10135;0;0;10400
39.554;10138;0;0;10400
39.559;10141;0;0;10387
39.564;10143;0;0;10387
39.569;10146;0;0;10374
39.574;10149;0;0;10374
39.579;10151;0;0;10387
39.584;10154;0;0;10400
39.589;10157;0;0;10387
39.594;10160;0;0;10387
39.599;10163;0;0;10387
39.604;10165;0;0;10374
39.609;10168;0;0;10387
39.614;10171;0;0;10387
39.619;10173;0;0;10374
39.624;10176;0;0;10387
39.629;10178;0;0;10387
39.634;10181;0;0;10387
39.639;10184;0;0;10387
39.644;10186;0;0;10374
39.649;10189;0;0;10374
39.654;10191;0;0;10400
39.659;10194;0;0;10400
39.664;10197;0;0;10387
39.669;10199;0;0;10374
39.674;10201;0;0;10374
39.679;10203;0;0;10374
39.684;10205;0;0;10360
39.689;10207;0;0;10374
39.694;10210;0;0;10387
39.699;10212;0;0;10400
39.704;10214;0;0;10400
39.709;10217;0;0;10387
39.714;10219;0;0;10374
39.719;10221;0;0;10374
39.724;10222;0;0;10374
39.729;10224;0;0;10387
39.734;10227;0;0;10387
39.739;10229;0;0;10400
39.744;10231;0;0;10387
39.749;10233;0;0;10374
39.754;10234;0;0;10374
39.759;10236;0;0;10387
39.764;10238;0;0;10374
39.769;10240;0;0;10347
39.774;10241;0;0;10360
39.779;10243;0;0;10374
39.784;10245;0;0;10374
39.789;10246;0;0;10387
39.794;10248;0;0;10387
39.799;10250;0;0;10374
39.804;10251;0;0;10360
39.809;10253;0;0;10400
39.814;10255;0;0;10400
39.819;10256;0;0;10374
39.824;10258;0;0;10387
39.829;10260;0;0;10400
39.834;10261;0;0;10374
39.839;10263;0;0;10360
39.844;10264;0;0;10387
39.849;10266;0;0;10374
39.854;10267;0;0;10374
39.859;10268;0;0;10387
39.864;10269;0;0;10374
39.869;10271;0;0;10387
39.874;10272;0;0;10374
39.879;10274;0;0;10387
39.884;10275;0;0;10387
39.889;10277;0;0;10400
39.894;10278;0;0;10387
39.899;10280;0;0;10400
39.904;10281;0;0;10400
39.909;10282;0;0;10374
39.914;10284;0;0;10387
39.919;10285;0;0;10360
39.924;10286;0;0;10387
39.929;10288;0;0;10413
39.934;10289;0;0;10387
39.939;10290;0;0;10374
39.944;10291;0;0;10387
39.949;10293;0;0;10387
39.954;10294;0;0;10360
39.959;10295;0;0;10374
39.964;10296;0;0;10387
39.969;10297;0;0;10374
39.974;10298;0;0;10387
39.979;10299;0;0;10400
39.984;10300;0;0;10387
39.989;10301;0;0;10360
39.994;10302;0;0;10387
39.999;10303;0;0;10400
40.004;10304;0;0;10374
40.009;10305;0;0;10387
40.014;10306;0;0;10387
40.019;10307;0;0;10374
40.024;10308;0;0;10387
40.029;10309;0;0;10413
40.034;10310;0;0;10374
40.039;10310;0;0;10360
40.044;10312;0;0;10387
40.049;10312;0;0;10374
40.054;10313;0;0;10374
40.059;10314;0;0;10387
40.064;10315;0;0;10374
40.069;10316;0;0;10347
40.074;10316;0;0;10360
40.079;10317;0;0;10387
40.084;10318;0;0;10374
40.089;10319;0;0;10387
40.094;10319;0;0;10387
40.099;10320;0;0;10374
40.104;10321;0;0;10360
40.109;10321;0;0;10374
40.114;10322;0;0;10400
40.119;10323;0;0;10387
40.124;10324;0;0;10374
40.129;10324;0;0;10374
40.134;10325;0;0;10387
40.139;10326;0;0;10387
40.144;10327;0;0;10374
40.149;10327;0;0;10374
40.154;10328;0;0;10360
40.159;10328;0;0;10374
40.164;10329;0;0;10387
40.169;10330;0;0;10387
40.174;10330;0;0;10374
40.179;10331;0;0;10387
40.184;10332;0;0;10387
40.189;10332;0;0;10374
40.194;10333;0;0;10400
40.199;10334;0;0;10400
40.204;10334;0;0;10374
40.209;10335;0;0;10374
40.214;10335;0;0;10374
40.219;10336;0;0;10387
40.224;10337;0;0;10387
40.229;10337;0;0;10400
40.234;10338;0;0;10374
40.239;10339;0;0;10387
40.244;10339;0;0;10400
40.249;10340;0;0;10387
40.254;10341;0;0;10400
40.259;10341;0;0;10347
40.264;10342;0;0;10387
40.269;10342;0;0;10400
40.274;10343;0;0;10374
40.279;10343;0;0;10374
40.284;10344;0;0;10387
40.289;10344;0;0;10387
40.294;10345;0;0;10360
40.299;10345;0;0;10360
40.304;10345;0;0;10360
40.309;10346;0;0;10387
40.314;10346;0;0;10400
40.319;10347;0;0;10387
40.324;10347;0;0;10374
40.329;10348;0;0;10347
40.334;10348;0;0;10347
40.339;10348;0;0;10360
40.344;10349;0;0;10374
40.349;10349;0;0;10387
40.354;10350;0;0;10374
40.359;10350;0;0;10374
40.364;10351;0;0;10387
40.369;10351;0;0;10387
40.374;10351;0;0;10320
40.379;10350;0;0;10320
40.384;10351;0;0;10387
40.389;10351;0;0;10387
40.394;10352;0;0;10374
40.399;10352;0;0;10374
40.404;10352;0;0;10374
40.409;10352;0;0;10347
40.414;10351;0;0;10294
40.419;10348;0;0;10028
40.424;10343;0;0;9496
40.429;10327;0;0;8764
40.434;10295;0;0;7886
40.439;10352;3;0;7062
40.444;10304;3;0;6304
40.449;10308;5;0;5612
40.454;10296;6;0;5054
40.459;10232;7;0;4535
40.464;10256;9;0;4162
40.469;10238;10;0;3923
40.474;10226;11;0;3710
40.479;10146;11;0;3551
40.484;10134;11;0;3484
40.489;10122;12;0;3418
40.494;10058;12;0;3404
40.499;10046;12;0;3418
40.504;10034;13;0;3404
40.509;9986;12;0;3404
40.514;9922;11;0;3404
40.519;9858;11;0;3404
40.524;9794;11;0;3418
40.529;9746;10;0;3404
40.534;9727;11;0;3404
40.539;9679;10;0;3418
40.544;9615;10;0;3418
40.549;9551;10;0;3391
40.554;9458;8;0;3418
40.559;9394;8;0;3431
40.564;9346;8;0;3418
40.569;9282;8;0;3391
40.574;9166;7;0;3404
40.579;9066;6;0;3404
40.584;9002;6;0;3351
40.589;8938;7;0;3364
40.594;8874;7;0;3418
40.599;8774;6;0;3418
40.604;8658;5;0;3418
40.609;8542;5;0;3404
40.614;8478;5;0;3391
40.619;8384;4;0;3378
40.624;8320;5;0;3391
40.629;8204;5;0;3391
40.634;8104;4;0;3404
40.639;8040;4;0;3418
40.644;7924;4;0;3404
40.649;7808;4;0;3391
40.654;7744;4;0;3418
40.659;7644;4;0;3418
40.664;7535;3;0;3391
40.669;7426;3;0;3404
40.674;7326;3;0;3418
40.679;7262;3;0;3391
40.684;7198;4;0;3404
40.689;7098;3;0;3418
40.694;6982;3;0;3418
40.699;6882;2;0;3391
40.704;6766;2;0;3404
40.709;6702;3;0;3404
40.714;6654;3;0;3391
40.719;6606;4;0;3418
40.724;6496;4;0;3404
40.729;6396;3;0;3391
40.734;6332;4;0;3404
40.739;6284;4;0;3418
40.744;6184;3;0;3391
40.749;6136;4;0;3404
40.754;6088;4;0;3391
40.759;5988;3;0;3391
40.764;5924;4;0;3418
40.769;5892;4;0;3431
40.774;5844;4;0;3404
40.779;5796;5;0;3391
40.784;5748;5;0;3404
40.789;5700;5;0;3404
40.794;5668;5;0;3391
40.799;5620;5;0;3431
40.804;5580;5;0;3431
40.809;5540;5;0;3404
40.814;5500;5;0;3378
40.819;5460;5;0;3404
40.824;5472;6;0;3404
40.829;5440;6;0;3418
40.834;5400;6;0;3418
40.839;5420;6;0;3418
40.844;5388;6;0;3404
40.849;5356;6;0;3391
40.854;5324;6;0;3418
40.859;5352;6;0;3404
40.864;5320;6;0;3404
40.869;5342;6;0;3404
40.874;5310;6;0;3404
40.879;5278;6;0;3404
40.884;5254;5;0;3391
40.889;5274;6;0;3418
40.894;5302;7;0;3431
40.899;5278;6;0;3444
40.904;5262;6;0;3391
40.909;5290;6;0;3378
40.914;5318;7;0;3404
40.919;5298;6;0;3391
40.924;5278;6;0;3404
40.929;5262;5;0;3404
40.934;5290;6;0;3418
40.939;5270;5;0;3364
40.944;5299;6;0;3364
40.949;5279;5;0;3404
40.954;5263;5;0;3391
40.959;5243;4;0;3418
40.964;5320;6;0;3418
40.969;5308;5;0;3404
40.974;5292;5;0;3378
40.979;5276;4;0;3378
40.984;5260;4;0;3404
40.989;5240;4;0;3391
40.994;5276;5;0;3404
40.999;5260;4;0;3391
41.004;5244;4;0;3391
41.009;5228;4;0;3404
41.014;5212;3;0;3418
41.019;5196;3;0;3404
41.024;5236;4;0;3404
41.029;5220;4;0;3391
41.034;5208;3;0;3378
41.039;5192;3;0;3404
41.044;5176;3;0;3418
41.049;5160;3;0;3431
41.054;5148;3;0;3391
41.059;5132;2;0;3378
41.064;5116;2;0;3404
41.069;5100;2;0;3404
41.074;5084;2;0;3391
41.079;5068;2;0;3418
41.084;5052;2;0;3431
41.089;4984;1;0;3404
41.094;4968;1;0;3391
41.099;4948;1;0;3431
41.104;4932;1;0;3431
41.109;4916;1;0;3404
41.114;4848;0;0;3391
41.119;4828;1;0;3418
41.124;4812;1;0;3418
41.129;4796;1;0;3391
41.134;4776;1;0;3391
41.139;4760;1;0;3431
41.144;4748;1;0;3418
41.149;4732;1;0;3391
41.154;4716;1;0;3404
41.159;4704;1;0;3364
41.164;4632;0;0;3351
41.169;4616;1;0;3391
41.174;4600;1;0;3418
41.179;4584;1;0;3418
41.184;4523;0;0;3391
41.189;4507;0;0;3391
41.194;4487;1;0;3404
41.199;4475;1;0;3431
41.204;4459;1;0;3418
41.209;4443;1;0;3378
41.214;4382;0;0;3391
41.219;4366;0;0;3404
41.224;4350;1;0;3391
41.229;4338;1;0;3391
41.234;4322;1;0;3431
41.239;4310;1;0;3418
41.244;4242;0;0;3404
41.249;4226;0;0;3404
41.254;4210;0;0;3418
41.259;4198;1;0;3391
41.264;4182;1;0;3418
41.269;4170;1;0;3431
41.274;4158;1;0;3418
41.279;4142;1;0;3431
41.284;4130;1;0;3444
41.289;4122;1;0;3418
41.294;4110;1;0;3404
41.299;4098;1;0;3418
41.304;4086;1;0;3431
41.309;4074;1;0;3404
41.314;4066;1;0;3418
41.319;4054;1;0;3418
41.324;4046;1;0;3391
41.329;4034;1;0;3391
41.334;4022;1;0;3418
41.339;4012;1;0;3431
41.344;4004;1;0;3431
41.349;3994;1;0;3444
41.354;3984;1;0;3431
41.359;3976;1;0;3391
41.364;3966;1;0;3404
41.369;3956;1;0;3418
41.374;3946;1;0;3404
41.379;3938;1;0;3418
41.384;3928;1;0;3431
41.389;3920;1;0;3404
41.394;3912;1;0;3378
41.399;3902;1;0;3391
41.404;3894;1;0;3418
41.409;3886;1;0;3404
41.414;3878;1;0;3404
41.419;3870;1;0;3391
41.424;3862;1;0;3378
41.429;3907;2;0;3391
41.434;3902;1;0;3404
41.439;3896;1;0;3404
41.444;3892;1;0;3391
41.449;3886;1;0;3404
41.454;3925;2;0;3364
41.459;3921;2;0;3364
41.464;3916;1;0;3404
41.469;3912;1;0;3404
41.474;3908;1;0;3391
41.479;3904;1;0;3378
41.484;3898;1;0;3391
41.489;3892;1;0;3418
41.494;3887;1;0;3418
41.499;3882;1;0;3431
41.504;3877;1;0;3418
41.509;3873;1;0;3391
41.514;3867;1;0;3378
41.519;3861;0;0;3391
41.524;3856;0;0;3404
41.529;3850;0;0;3404
41.534;3846;0;0;3364
41.539;3840;0;0;3378
41.544;3834;0;0;3644
41.549;3832;0;0;3617
41.554;3830;0;0;3404
41.559;3823;0;0;3404
41.564;3820;0;0;3391
41.569;3814;0;0;3391
41.574;3809;0;0;3404
41.579;3804;0;0;3418
41.584;3799;0;0;3391
41.589;3795;0;0;3418
41.594;3790;0;0;3418
41.599;3785;0;0;3404
41.604;3781;0;0;3391
41.609;3776;0;0;3404
41.614;3771;0;0;3404
41.619;3766;0;0;3391
41.624;3762;0;0;3404
41.629;3757;0;0;3418
41.634;3753;0;0;3391
41.639;3749;0;0;3391
41.644;3744;0;0;3431
41.649;3741;0;0;3418
41.654;3737;0;0;3391
41.659;3732;0;0;3418
41.664;3728;0;0;3404
41.669;3724;0;0;3391
41.674;3720;0;0;3391
41.679;3715;0;0;3418
41.684;3712;0;0;3378
41.689;3707;0;0;3391
41.694;3703;0;0;3418
41.699;3699;0;0;3404
41.704;3696;0;0;3391
41.709;3692;0;0;3418
41.714;3689;0;0;3418
41.719;3685;0;0;3378
41.724;3681;0;0;3152
41.729;3675;0;0;3165
41.734;3667;0;0;3418
41.739;3664;0;0;3404
41.744;3661;0;0;3378
41.749;3658;0;0;3391
41.754;3655;0;0;3404
41.759;3652;0;0;3391
41.764;3649;0;0;3378
41.769;3646;0;0;3404
41.774;3643;0;0;3404
41.779;3640;0;0;3378
41.784;3637;0;0;3404
41.789;3634;0;0;3391
41.794;3631;0;0;3391
41.799;3629;0;0;3418
41.804;3626;0;0;3404
41.809;3623;0;0;3391
41.814;3620;0;0;3378
41.819;3617;0;0;3404
41.824;3615;0;0;3404
41.829;3612;0;0;3418
41.834;3609;0;0;3418
41.839;3607;0;0;3418
41.844;3605;0;0;3391
41.849;3602;0;0;3378
41.854;3599;0;0;3404
41.859;3596;0;0;3418
41.864;3594;0;0;3404
41.869;3592;0;0;3391
41.874;3589;0;0;3404
41.879;3587;0;0;3418
41.884;3584;0;0;3378
41.889;3582;0;0;3391
41.894;3580;0;0;3404
41.899;3577;0;0;3391
41.904;3575;0;0;3404
41.909;3573;0;0;3418
41.914;3571;0;0;3418
41.919;3569;0;0;3391
41.924;3567;0;0;3404
41.929;3565;0;0;3418
41.934;3563;0;0;3391
41.939;3561;0;0;3391
41.944;3558;0;0;3378
41.949;3556;0;0;3391
41.954;3554;0;0;3378
41.959;3552;0;0;3404
41.964;3550;0;0;3418
41.969;3549;0;0;3404
41.974;3547;0;0;3404
41.979;3545;0;0;3404
41.984;3543;0;0;3378
41.989;3541;0;0;3391
41.994;3539;0;0;3404
41.999;3538;0;0;3418
42.004;3536;0;0;3391
42.009;3534;0;0;3404
42.014;3533;0;0;3378
42.019;3530;0;0;3351
42.024;3528;0;0;3378
42.029;3527;0;0;3391
42.034;3525;0;0;3404
42.039;3523;0;0;3391
42.044;3522;0;0;3391
42.049;3520;0;0;3391
42.054;3518;0;0;3391
42.059;3517;0;0;3404
42.064;3516;0;0;3418
42.069;3514;0;0;3404
42.074;3513;0;0;3404
42.079;3512;0;0;3418
42.084;3511;0;0;3418
42.089;3509;0;0;3431
42.094;3508;0;0;3418
42.099;3507;0;0;3404
42.104;3506;0;0;3404
42.109;3504;0;0;3391
42.114;3503;0;0;3404
42.119;3502;0;0;3404
42.124;3500;0;0;3404
42.129;3499;0;0;3391
42.134;3498;0;0;3404
42.139;3497;0;0;3404
42.144;3495;0;0;3391
42.149;3494;0;0;3391
42.154;3493;0;0;3404
42.159;3492;0;0;3404
42.164;3490;0;0;3378
42.169;3489;0;0;3404
42.174;3488;0;0;3418
42.179;3487;0;0;3391
42.184;3486;0;0;3391
42.189;3485;0;0;3404
42.194;3484;0;0;3431
42.199;3483;0;0;3364
42.204;3481;0;0;3364
42.209;3480;0;0;3418
42.214;3479;0;0;3404
42.219;3478;0;0;3404
42.224;3477;0;0;3418
42.229;3477;0;0;3431
42.234;3476;0;0;3404
42.239;3475;0;0;3418
42.244;3475;0;0;3431
42.249;3474;0;0;3404
42.254;3473;0;0;3391
42.259;3472;0;0;3378
42.264;3471;0;0;3404
42.269;3470;0;0;3404
42.274;3469;0;0;3444
42.279;3469;0;0;3444
42.284;3468;0;0;3404
42.289;3468;0;0;3418
42.294;3467;0;0;3391
42.299;3466;0;0;3391
42.304;3465;0;0;3404
42.309;3464;0;0;3458
42.314;3464;0;0;3444
42.319;3463;0;0;3404
42.324;3463;0;0;3418
42.329;3462;0;0;3418
42.334;3461;0;0;3391
42.339;3460;0;0;3391
42.344;3460;0;0;3418
42.349;3459;0;0;3418
42.354;3459;0;0;3404
42.359;3458;0;0;3418
42.364;3457;0;0;3404
42.369;3457;0;0;3391
42.374;3456;0;0;3378
42.379;3455;0;0;3418
42.384;3455;0;0;3444
42.389;3454;0;0;3418
42.394;3454;0;0;3404
42.399;3453;0;0;3404
42.404;3453;0;0;3418
42.409;3452;0;0;3391
42.414;3451;0;0;3378
42.419;3450;0;0;3364
42.424;3449;0;0;3391
42.429;3449;0;0;3418
42.434;3448;0;0;3404
42.439;3448;0;0;3431
42.444;3447;0;0;3404
42.449;3447;0;0;3404
42.454;3446;0;0;3404
42.459;3446;0;0;3404
42.464;3445;0;0;3418
42.469;3444;0;0;3404
42.474;3444;0;0;3418
42.479;3443;0;0;3391
42.484;3442;0;0;3404
42.489;3442;0;0;3418
42.494;3442;0;0;3391
42.499;3441;0;0;3391
42.504;3440;0;0;3418
42.509;3440;0;0;3444
42.514;3439;0;0;3404
42.519;3439;0;0;3404
42.524;3439;0;0;3418
42.529;3438;0;0;3391
42.534;3438;0;0;3404
42.539;3437;0;0;3418
42.544;3437;0;0;3404
42.549;3436;0;0;3404
42.554;3436;0;0;3404
42.559;3435;0;0;3418
42.564;3435;0;0;3418
42.569;3435;0;0;3418
42.574;3435;0;0;3418
42.579;3434;0;0;3418
42.584;3434;0;0;3404
42.589;3433;0;0;3391
42.594;3432;0;0;3378
42.599;3432;0;0;3404
42.604;3432;0;0;3431
42.609;3432;0;0;3418
42.614;3431;0;0;3391
42.619;3431;0;0;3418
42.624;3431;0;0;3404
42.629;3430;0;0;3404
42.634;3430;0;0;3404
42.639;3430;0;0;3418
42.644;3429;0;0;3351
42.649;3428;0;0;3364
42.654;3427;0;0;3404
42.659;3427;0;0;3418
42.664;3427;0;0;3404
42.669;3426;0;0;3404
42.674;3426;0;0;3404
42.679;3426;0;0;3418
42.684;3426;0;0;3458
42.689;3427;0;0;3431
42.694;3427;0;0;3404
42.699;3427;0;0;3404
42.704;3426;0;0;3391
42.709;3426;0;0;3418
42.714;3426;0;0;3418
42.719;3426;0;0;3458
42.724;3427;0;0;3431
42.729;3426;0;0;3404
42.734;3426;0;0;3418
42.739;3425;0;0;3404
42.744;3425;0;0;3404
42.749;3425;0;0;3404
42.754;3425;0;0;3418
42.759;3425;0;0;3404
42.764;3424;0;0;3391
42.769;3423;0;0;3418
42.774;3423;0;0;3404
42.779;3422;0;0;3391
42.784;3422;0;0;3378
42.789;3422;0;0;3404
42.794;3422;0;0;3391
42.799;3421;0;0;3351
42.804;3420;0;0;3378
42.809;3419;0;0;3404
42.814;3419;0;0;3378
42.819;3418;0;0;3391
42.824;3418;0;0;3418
42.829;3418;0;0;3391
42.834;3417;0;0;3391
42.839;3417;0;0;3404
42.844;3417;0;0;3391
42.849;3416;0;0;3391
42.854;3416;0;0;3391
42.859;3416;0;0;3404
42.864;3416;0;0;3404
42.869;3416;0;0;3404
42.874;3415;0;0;3364
42.879;3414;0;0;3378
42.884;3414;0;0;3404
42.889;3414;0;0;3391
42.894;3414;0;0;3404
42.899;3414;0;0;3404
42.904;3414;0;0;3404
42.909;3413;0;0;3418
42.914;3413;0;0;3431
42.919;3414;0;0;3404
42.924;3414;0;0;3378
42.929;3413;0;0;3391
42.934;3413;0;0;3404
42.939;3413;0;0;3404
42.944;3413;0;0;3418
42.949;3412;0;0;3378
42.954;3412;0;0;3351
42.959;3411;0;0;3364
42.964;3411;0;0;3391
42.969;3411;0;0;3404
42.974;3411;0;0;3418
42.979;3411;0;0;3404
42.984;3410;0;0;3391
42.989;3410;0;0;3404
42.994;3410;0;0;3404
42.999;3410;0;0;3404
43.004;3409;0;0;3378
43.009;3409;0;0;3418
43.014;3409;0;0;3404
43.019;3408;0;0;3351
43.024;3408;0;0;3351
43.029;3407;0;0;3391
43.034;3407;0;0;3404
43.039;3407;0;0;3404
43.044;3407;0;0;3404
43.049;3407;0;0;3418
43.054;3408;0;0;3391
43.059;3407;0;0;3378
43.064;3407;0;0;3378
43.069;3407;0;0;3404
43.074;3407;0;0;3404
43.079;3407;0;0;3391
43.084;3407;0;0;3391
43.089;3407;0;0;3391
43.094;3406;0;0;3391
43.099;3406;0;0;3391
43.104;3406;0;0;3404
43.109;3406;0;0;3404
43.114;3406;0;0;3404
43.119;3406;0;0;3391
43.124;3405;0;0;3378
43.129;3405;0;0;3378
43.134;3405;0;0;3391
43.139;3404;0;0;3391
43.144;3404;0;0;3404
43.149;3404;0;0;3404
43.154;3404;0;0;3404
43.159;3404;0;0;3404
43.164;3404;0;0;3404
43.169;3403;0;0;3404
43.174;3403;0;0;3404
43.179;3403;0;0;3404
43.184;3403;0;0;3418
43.189;3403;0;0;3404
43.194;3403;0;0;3404
43.199;3403;0;0;3418
43.204;3404;0;0;3431
43.209;3404;0;0;3404
43.214;3404;0;0;3391
43.219;3404;0;0;3391
43.224;3404;0;0;3404
43.229;3404;0;0;3378
43.234;3403;0;0;3391
43.239;3403;0;0;3404
43.244;3403;0;0;3404
43.249;3403;0;0;3404
43.254;3403;0;0;3404
43.259;3403;0;0;3404
43.264;3404;0;0;3378
43.269;3404;0;0;3378
43.274;3404;0;0;3391
43.279;3404;0;0;3391
43.284;3404;0;0;3418
43.289;3405;0;0;3418
43.294;3405;0;0;3391
43.299;3405;0;0;3404
43.304;3405;0;0;3418
43.309;3405;0;0;3404
43.314;3404;0;0;3391
43.319;3404;0;0;3404
43.324;3404;0;0;3418
43.329;3404;0;0;3404
43.334;3405;0;0;3378
43.339;3405;0;0;3404
43.344;3406;0;0;3418
43.349;3406;0;0;3404
43.354;3406;0;0;3404
43.359;3406;0;0;3404
43.364;3406;0;0;3404
43.369;3405;0;0;3364
43.374;3405;0;0;3364
43.379;3404;0;0;3431
43.384;3404;0;0;3418
43.389;3404;0;0;3404
43.394;3404;0;0;3404
43.399;3405;0;0;3418
43.404;3405;0;0;3391
43.409;3405;0;0;3391
43.414;3404;0;0;3391
43.419;3404;0;0;3404
43.424;3404;0;0;3404
43.429;3404;0;0;3391
43.434;3403;0;0;3418
43.439;3403;0;0;3404
43.444;3403;0;0;3378
43.449;3402;0;0;3404
43.454;3402;0;0;3404
43.459;3402;0;0;3418
43.464;3403;0;0;3404
43.469;3403;0;0;3404
43.474;3403;0;0;3364
43.479;3402;0;0;3364
43.484;3402;0;0;3404
43.489;3402;0;0;3391
43.494;3402;0;0;3404
43.499;3403;0;0;3418
43.504;3403;0;0;3418
43.509;3403;0;0;3391
43.514;3402;0;0;3391
43.519;3402;0;0;3418
43.524;3402;0;0;3391
43.529;3402;0;0;3404
43.534;3402;0;0;3404
43.539;3403;0;0;3431
43.544;3403;0;0;3418
43.549;3403;0;0;3391
43.554;3402;0;0;3404
43.559;3402;0;0;3418
43.564;3402;0;0;3404
43.569;3401;0;0;3378
43.574;3401;0;0;3444
43.579;3402;0;0;3471
43.584;3403;0;0;3404
43.589;3403;0;0;3404
43.594;3403;0;0;3404
43.599;3404;0;0;3418
43.604;3404;0;0;3404
43.609;3404;0;0;3418
43.614;3405;0;0;3458
43.619;3405;0;0;3404
43.624;3405;0;0;3404
43.629;3405;0;0;3404
43.634;3405;0;0;3418
43.639;3406;0;0;3391
43.644;3406;0;0;3391
43.649;3406;0;0;3404
43.654;3406;0;0;3418
43.659;3406;0;0;3404
43.664;3405;0;0;3391
43.669;3405;0;0;3404
43.674;3405;0;0;3404
43.679;3405;0;0;3404
43.684;3404;0;0;3404
43.689;3404;0;0;3404
43.694;3404;0;0;3418
43.699;3404;0;0;3404
43.704;3404;0;0;3391
43.709;3403;0;0;3378
43.714;3403;0;0;3378
43.719;3403;0;0;3404
43.724;3403;0;0;3391
43.729;3403;0;0;3404
43.734;3403;0;0;3404
43.739;3403;0;0;3391
43.744;3402;0;0;3391
43.749;3402;0;0;3404
43.754;3402;0;0;3391
43.759;3401;0;0;3364
43.764;3401;0;0;3404
43.769;3401;0;0;3418
43.774;3402;0;0;3391
43.779;3401;0;0;3351
43.784;3401;0;0;3378
43.789;3401;0;0;3404
43.794;3401;0;0;3391
43.799;3401;0;0;3404
43.804;3402;0;0;3418
43.809;3402;0;0;3431
43.814;3403;0;0;3418
43.819;3403;0;0;3404
43.824;3404;0;0;3431
43.829;3404;0;0;3418
43.834;3404;0;0;3391
43.839;3404;0;0;3404
43.844;3405;0;0;3431
43.849;3405;0;0;3418
43.854;3405;0;0;3391
43.859;3404;0;0;3404
43.864;3404;0;0;3418
43.869;3404;0;0;3391
43.874;3403;0;0;3378
43.879;3403;0;0;3404
43.884;3404;0;0;3431
43.889;3404;0;0;3418
43.894;3404;0;0;3431
43.899;3406;0;0;3537
43.904;3409;0;0;3763
43.909;3415;0;0;4216
43.914;3435;0;0;5453
43.919;3467;-1;0;7514
43.924;3450;-4;0;9243
43.929;3478;-6;0;10121
43.934;3506;-7;0;10773
43.939;3498;-10;0;11477
43.944;3594;-10;0;12302
43.949;3608;-13;0;13073
43.954;3616;-15;0;13499
43.959;3676;-16;0;13592
43.964;3675;-17;0;13605
43.969;3719;-18;0;13605
43.974;3815;-17;0;13605
43.979;3807;-18;0;13605
43.984;3835;-18;0;13605
43.989;3885;-18;0;13605
43.994;3965;-17;0;13592
43.999;4061;-17;0;13592
44.004;4141;-16;0;13605
44.009;4237;-16;0;13592
44.014;4281;-16;0;13592
44.019;4361;-16;0;13605
44.024;4441;-15;0;13605
44.029;4521;-14;0;13605
44.034;4601;-14;0;13605
44.039;4749;-13;0;13605
44.044;4829;-13;0;13605
44.049;4909;-12;0;13592
44.054;5035;-11;0;13592
44.059;5183;-10;0;13605
44.064;5315;-10;0;13605
44.069;5463;-9;0;13605
44.074;5543;-9;0;13605
44.079;5675;-8;0;13605
44.084;5816;-8;0;13605
44.089;5948;-8;0;13605
44.094;6096;-7;0;13605
44.099;6176;-8;0;13592
44.104;6324;-7;0;13592
44.109;6508;-6;0;13605
44.114;6650;-6;0;13605
44.119;6730;-7;0;13592
44.124;6930;-6;0;13605
44.129;7062;-5;0;13605
44.134;7210;-5;0;13592
44.139;7342;-5;0;13592
44.144;7483;-5;0;13605
44.149;7608;-5;0;13592
44.154;7756;-5;0;13605
44.159;7888;-5;0;13605
44.164;8036;-5;0;13605
44.169;8220;-4;0;13605
44.174;8300;-5;0;13605
44.179;8396;-6;0;13605
44.184;8574;-5;0;13605
44.189;8758;-4;0;13605
44.194;8854;-5;0;13605
44.199;8934;-6;0;13605
44.204;9066;-5;0;13605
44.209;9198;-5;0;13605
44.214;9323;-5;0;13605
44.219;9455;-5;0;13605
44.224;9519;-5;0;13605
44.229;9599;-6;0;13605
44.234;9679;-7;0;13605
44.239;9795;-6;0;13605
44.244;9875;-6;0;13605
44.249;9991;-6;0;13605
44.254;10071;-6;0;13605
44.259;10135;-7;0;13605
44.264;10199;-7;0;13605
44.269;10263;-7;0;13605
44.274;10327;-7;0;13605
44.279;10391;-7;0;13605
44.284;10455;-8;0;13605
44.289;10519;-8;0;13605
44.294;10567;-8;0;13605
44.299;10579;-9;0;13605
44.304;10627;-8;0;13605
44.309;10691;-8;0;13605
44.314;10687;-9;0;13605
44.319;10735;-9;0;13605
44.324;10783;-8;0;13605
44.329;10831;-8;0;13592
44.334;10827;-9;0;13592
44.339;10830;-9;0;13592
44.344;10878;-9;0;13605
44.349;10858;-9;0;13605
44.354;10846;-10;0;13605
44.359;10886;-9;0;13605
44.364;10866;-9;0;13605
44.369;10854;-10;0;13605
44.374;10894;-9;0;13605
44.379;10874;-9;0;13605
44.384;10860;-10;0;13592
44.389;10892;-9;0;13592
44.394;10872;-9;0;13605
44.399;10852;-10;0;13605
44.404;10832;-10;0;13605
44.409;10864;-9;0;13605
44.414;10836;-9;0;13605
44.419;10860;-8;0;13592
44.424;10840;-9;0;13592
44.429;10819;-9;0;13592
44.434;10843;-8;0;13605
44.439;10822;-8;0;13605
44.444;10794;-8;0;13605
44.449;10818;-8;0;13605
44.454;10842;-7;0;13605
44.459;10814;-7;0;13605
44.464;10782;-8;0;13605
44.469;10806;-7;0;13592
44.474;10778;-7;0;13605
44.479;10798;-7;0;13605
44.484;10766;-7;0;13605
44.489;10786;-6;0;13605
44.494;10810;-6;0;13605
44.499;10826;-5;0;13605
44.504;10850;-5;0;13605
44.509;10828;-6;0;13605
44.514;10848;-5;0;13605
44.519;10872;-5;0;13605
44.524;10896;-5;0;13605
44.529;10912;-4;0;13605
44.534;10936;-4;0;13605
44.539;10952;-4;0;13605
44.544;10976;-4;0;13605
44.549;11000;-3;0;13592
44.554;11024;-3;0;13592
44.559;11048;-3;0;13605
44.564;11072;-3;0;13605
44.569;11142;-2;0;13605
44.574;11166;-2;0;13605
44.579;11190;-3;0;13605
44.584;11214;-3;0;13605
44.589;11238;-3;0;13605
44.594;11254;-3;0;13605
44.599;11330;-2;0;13605
44.604;11354;-2;0;13605
44.609;11438;-1;0;13605
44.614;11462;-1;0;13605
44.619;11486;-2;0;13605
44.624;11562;-1;0;13605
44.629;11586;-1;0;13605
44.634;11670;0;0;13605
44.639;11694;-1;0;13605
44.644;11718;-1;0;13605
44.649;11742;-1;0;13605
44.654;11818;0;0;13605
44.659;11850;-1;0;13605
44.664;11919;0;0;13605
44.669;11943;-1;0;13605
44.674;11967;-1;0;13605
44.679;12044;-1;0;13605
44.684;12120;0;0;13605
44.689;12152;0;0;13605
44.694;12176;-1;0;13605
44.699;12200;-1;0;13605
44.704;12224;-1;0;13605
44.709;12300;-1;0;13605
44.714;12324;-1;0;13592
44.719;12348;-1;0;13605
44.724;12424;0;0;13605
44.729;12448;-1;0;13605
44.734;12472;-1;0;13605
44.739;12488;-1;0;13605
44.744;12564;0;0;13605
44.749;12588;-1;0;13605
44.754;12612;-1;0;13605
44.759;12636;-1;0;13605
44.764;12656;-1;0;13605
44.769;12732;-1;0;13605
44.774;12756;-1;0;13605
44.779;12772;-1;0;13605
44.784;12796;-1;0;13605
44.789;12816;-1;0;13605
44.794;12832;-1;0;13605
44.799;12852;-2;0;13605
44.804;12868;-2;0;13605
44.809;12888;-2;0;13605
44.814;12904;-2;0;13605
44.819;12868;-3;0;13605
44.824;12880;-2;0;13605
44.829;12896;-2;0;13605
44.834;12908;-2;0;13605
44.839;12924;-2;0;13605
44.844;12882;-3;0;13605
44.849;12894;-3;0;13605
44.854;12906;-3;0;13605
44.859;12918;-2;0;13605
44.864;12930;-2;0;13605
44.869;12942;-2;0;13605
44.874;12900;-3;0;13605
44.879;12910;-3;0;13605
44.884;12918;-2;0;13605
44.889;12928;-2;0;13592
44.894;12938;-2;0;13605
44.899;12894;-3;0;13605
44.904;12902;-2;0;13605
44.909;12910;-2;0;13605
44.914;12918;-2;0;13605
44.919;12928;-2;0;13605
44.924;12938;-2;0;13605
44.929;12946;-2;0;13605
44.934;12902;-2;0;13605
44.939;12908;-2;0;13592
44.944;12916;-2;0;13592
44.949;12922;-2;0;13605
44.954;12884;-2;0;13605
44.959;12890;-2;0;13605
44.964;12896;-2;0;13605
44.969;12902;-2;0;13605
44.974;12908;-1;0;13605
44.979;12916;-1;0;13605
44.984;12876;-2;0;13605
44.989;12881;-2;0;13605
44.994;12887;-2;0;13605
44.999;12893;-1;0;13605
45.004;12899;-1;0;13605
45.009;12905;-1;0;13605
45.014;12911;-1;0;13605
45.019;12864;-2;0;13605
45.024;12868;-2;0;13605
45.029;12872;-1;0;13605
45.034;12876;-1;0;13605
45.039;12881;-1;0;13605
45.044;12886;-1;0;13605
45.049;12891;-1;0;13605
45.054;12897;-1;0;13605
45.059;12901;-1;0;13592
45.064;12907;-1;0;13605
45.069;12913;-1;0;13605
45.074;12919;-1;0;13605
45.079;12925;-1;0;13605
45.084;12931;-1;0;13605
45.089;12937;-1;0;13605
45.094;12993;0;0;13605
45.099;13003;0;0;13592
45.104;13011;0;0;13592
45.109;13018;0;0;13605
45.114;12973;-1;0;13605
45.119;12977;-1;0;13605
45.124;13036;0;0;13605
45.129;13042;0;0;13605
45.134;13050;0;0;13605
45.139;13056;0;0;13605
45.144;13062;0;0;13605
45.149;13068;0;0;13605
45.154;13074;0;0;13605
45.159;13080;0;0;13605
45.164;13086;0;0;13605
45.169;13092;0;0;13605
45.174;13098;0;0;13605
45.179;13102;0;0;13605
45.184;13155;0;0;13605
45.189;13161;0;0;13605
45.194;13169;0;0;13605
45.199;13175;0;0;13605
45.204;13183;0;0;13592
45.209;13187;0;0;13592
45.214;13193;0;0;13605
45.219;13199;0;0;13605
45.224;13205;0;0;13605
45.229;13211;0;0;13605
45.234;13216;0;0;13592
45.239;13221;0;0;13592
45.244;13271;0;0;13592
45.249;13277;0;0;13605
45.254;13285;0;0;13605
45.259;13291;0;0;13605
45.264;13297;0;0;13605
45.269;13258;-1;0;13605
45.274;13261;-1;0;13605
45.279;13264;0;0;13605
45.284;13268;0;0;13605
45.289;13318;0;0;13605
45.294;13324;0;0;13605
45.299;13330;0;0;13605
45.304;13336;0;0;13605
45.309;13341;0;0;13605
45.314;13346;0;0;13605
45.319;13351;0;0;13605
45.324;13356;0;0;13605
45.329;13360;0;0;13605
45.334;13365;0;0;13605
45.339;13369;0;0;13605
45.344;13373;0;0;13605
45.349;13377;0;0;13605
45.354;13381;0;0;13605
45.359;13385;0;0;13605
45.364;13389;0;0;13605
45.369;13393;0;0;13605
45.374;13397;0;0;13605
45.379;13400;0;0;13605
45.384;13404;0;0;13592
45.389;13407;0;0;13592
45.394;13411;0;0;13605
45.399;13415;0;0;13605
45.404;13418;0;0;13605
45.409;13375;-1;0;13605
45.414;13376;-1;0;13605
45.419;13377;-1;0;13592
45.424;13378;0;0;13592
45.429;13380;0;0;13605
45.434;13382;0;0;13605
45.439;13384;0;0;13605
45.444;13386;0;0;13605
45.449;13388;0;0;13605
45.454;13436;0;0;13605
45.459;13441;0;0;13605
45.464;13399;0;0;13605
45.469;13401;0;0;13605
45.474;13403;0;0;13605
45.479;13405;0;0;13605
45.484;13407;0;0;13605
45.489;13409;0;0;13605
45.494;13411;0;0;13605
45.499;13413;0;0;13605
45.504;13416;0;0;13605
45.509;13418;0;0;13605
45.514;13420;0;0;13605
45.519;13422;0;0;13605
45.524;13424;0;0;13605
45.529;13427;0;0;13605
45.534;13429;0;0;13605
45.539;13431;0;0;13605
45.544;13433;0;0;13605
45.549;13435;0;0;13605
45.554;13437;0;0;13605
45.559;13440;0;0;13605
45.564;13442;0;0;13605
45.569;13444;0;0;13605
45.574;13446;0;0;13605
45.579;13448;0;0;13605
45.584;13450;0;0;13605
45.589;13452;0;0;13605
45.594;13454;0;0;13605
45.599;13455;0;0;13605
45.604;13457;0;0;13605
45.609;13459;0;0;13605
45.614;13461;0;0;13605
45.619;13463;0;0;13605
45.624;13465;0;0;13605
45.629;13467;0;0;13592
45.634;13468;0;0;13592
45.639;13470;0;0;13592
45.644;13471;0;0;13605
45.649;13473;0;0;13605
45.654;13475;0;0;13605
45.659;13476;0;0;13605
45.664;13478;0;0;13592
45.669;13479;0;0;13592
45.674;13481;0;0;13605
45.679;13482;0;0;13592
45.684;13484;0;0;13605
45.689;13485;0;0;13605
45.694;13487;0;0;13605
45.699;13488;0;0;13605
45.704;13490;0;0;13605
45.709;13491;0;0;13605
45.714;13493;0;0;13605
45.719;13494;0;0;13605
45.724;13496;0;0;13605
45.729;13497;0;0;13605
45.734;13498;0;0;13605
45.739;13500;0;0;13605
45.744;13501;0;0;13605
45.749;13502;0;0;13605
45.754;13504;0;0;13605
45.759;13505;0;0;13592
45.764;13506;0;0;13592
45.769;13507;0;0;13605
45.774;13508;0;0;13605
45.779;13510;0;0;13605
45.784;13511;0;0;13605
45.789;13512;0;0;13605
45.794;13513;0;0;13605
45.799;13514;0;0;13605
45.804;13515;0;0;13592
45.809;13516;0;0;13605
45.814;13518;0;0;13605
45.819;13519;0;0;13605
45.824;13520;0;0;13592
45.829;13521;0;0;13592
45.834;13522;0;0;13605
45.839;13523;0;0;13605
45.844;13524;0;0;13605
45.849;13525;0;0;13605
45.854;13526;0;0;13605
45.859;13527;0;0;13592
45.864;13527;0;0;13592
45.869;13528;0;0;13605
45.874;13529;0;0;13605
45.879;13530;0;0;13605
45.884;13531;0;0;13605
45.889;13532;0;0;13605
45.894;13533;0;0;13605
45.899;13534;0;0;13605
45.904;13535;0;0;13605
45.909;13536;0;0;13605
45.914;13537;0;0;13592
45.919;13537;0;0;13592
45.924;13538;0;0;13592
45.929;13539;0;0;13605
45.934;13540;0;0;13605
45.939;13540;0;0;13605
45.944;13541;0;0;13605
45.949;13542;0;0;13605
45.954;13543;0;0;13605
45.959;13544;0;0;13605
45.964;13545;0;0;13605
45.969;13545;0;0;13605
45.974;13546;0;0;13605
45.979;13547;0;0;13592
45.984;13547;0;0;13592
45.989;13548;0;0;13592
45.994;13549;0;0;13605
45.999;13549;0;0;13592
46.004;13550;0;0;13592
46.009;13550;0;0;13605
46.014;13551;0;0;13605
46.019;13552;0;0;13605
46.024;13552;0;0;13605
46.029;13553;0;0;13605
46.034;13554;0;0;13605
46.039;13554;0;0;13605
46.044;13555;0;0;13605
46.049;13556;0;0;13605
46.054;13556;0;0;13605
46.059;13557;0;0;13605
46.064;13558;0;0;13605
46.069;13558;0;0;13605
46.074;13558;0;0;13592
46.079;13559;0;0;13605
46.084;13560;0;0;13605
46.089;13560;0;0;13605
46.094;13561;0;0;13605
46.099;13561;0;0;13605
46.104;13562;0;0;13605
46.109;13562;0;0;13605
46.114;13563;0;0;13605
46.119;13563;0;0;13605
46.124;13564;0;0;13592
46.129;13564;0;0;13592
46.134;13565;0;0;13605
46.139;13565;0;0;13605
46.144;13566;0;0;13605
46.149;13566;0;0;13605
46.154;13567;0;0;13605
46.159;13567;0;0;13605
46.164;13568;0;0;13605
46.169;13568;0;0;13605
46.174;13569;0;0;13605
46.179;13569;0;0;13605
46.184;13570;0;0;13605
46.189;13570;0;0;13605
46.194;13570;0;0;13605
46.199;13571;0;0;13605
46.204;13571;0;0;13605
46.209;13572;0;0;13605
46.214;13572;0;0;13605
46.219;13573;0;0;13605
46.224;13573;0;0;13605
46.229;13573;0;0;13605
46.234;13574;0;0;13592
46.239;13574;0;0;13605
46.244;13575;0;0;13605
46.249;13575;0;0;13605
46.254;13575;0;0;13605
46.259;13576;0;0;13592
46.264;13576;0;0;13605
46.269;13576;0;0;13592
46.274;13577;0;0;13605
46.279;13577;0;0;13605
46.284;13577;0;0;13605
46.289;13578;0;0;13605
46.294;13578;0;0;13605
46.299;13578;0;0;13605
46.304;13579;0;0;13605
46.309;13579;0;0;13605
46.314;13579;0;0;13605
46.319;13580;0;0;13605
46.324;13580;0;0;13605
46.329;13580;0;0;13605
46.334;13581;0;0;13605
46.339;13581;0;0;13605
46.344;13581;0;0;13605
46.349;13582;0;0;13605
46.354;13582;0;0;13605
46.359;13582;0;0;13605
46.364;13582;0;0;13605
46.369;13583;0;0;13605
46.374;13583;0;0;13605
46.379;13583;0;0;13605
46.384;13583;0;0;13605
46.389;13583;0;0;13592
46.394;13583;0;0;13592
46.399;13584;0;0;13605
46.404;13584;0;0;13605
46.409;13584;0;0;13605
46.414;13584;0;0;13605
46.419;13585;0;0;13605
46.424;13585;0;0;13605
46.429;13585;0;0;13605
46.434;13585;0;0;13605
46.439;13586;0;0;13592
46.444;13586;0;0;13592
46.449;13586;0;0;13605
46.454;13586;0;0;13605
46.459;13587;0;0;13605
46.464;13587;0;0;13605
46.469;13587;0;0;13605
46.474;13587;0;0;13605
46.479;13588;0;0;13605
46.484;13588;0;0;13605
46.489;13588;0;0;13605
46.494;13588;0;0;13605
46.499;13588;0;0;13605
46.504;13589;0;0;13605
46.509;13589;0;0;13605
46.514;13589;0;0;13605
46.519;13589;0;0;13605
46.524;13589;0;0;13605
46.529;13589;0;0;13605
46.534;13589;0;0;13592
46.539;13589;0;0;13605
46.544;13590;0;0;13605
46.549;13590;0;0;13605
46.554;13590;0;0;13605
46.559;13590;0;0;13605
46.564;13590;0;0;13605
46.569;13590;0;0;13605
46.574;13591;0;0;13605
46.579;13591;0;0;13605
46.584;13591;0;0;13605
46.589;13591;0;0;13605
46.594;13591;0;0;13605
46.599;13591;0;0;13605
46.604;13592;0;0;13592
46.609;13592;0;0;13605
46.614;13592;0;0;13605
46.619;13592;0;0;13605
46.624;13592;0;0;13605
46.629;13592;0;0;13605
46.634;13593;0;0;13592
46.639;13593;0;0;13592
46.644;13593;0;0;13605
46.649;13593;0;0;13605
46.654;13593;0;0;13605
46.659;13593;0;0;13605
46.664;13594;0;0;13605
46.669;13594;0;0;13605
46.674;13594;0;0;13605
46.679;13594;0;0;13605
46.684;13594;0;0;13605
46.689;13594;0;0;13605
46.694;13594;0;0;13605
46.699;13595;0;0;13605
46.704;13595;0;0;13605
46.709;13595;0;0;13605
46.714;13595;0;0;13605
46.719;13595;0;0;13605
46.724;13595;0;0;13605
46.729;13595;0;0;13605
46.734;13595;0;0;13605
46.739;13595;0;0;13605
46.744;13595;0;0;13605
46.749;13595;0;0;13605
46.754;13595;0;0;13605
46.759;13596;0;0;13605
46.764;13596;0;0;13605
46.769;13596;0;0;13605
46.774;13596;0;0;13605
46.779;13596;0;0;13605
46.784;13596;0;0;13605
46.789;13596;0;0;13605
46.794;13596;0;0;13605
46.799;13596;0;0;13605
46.804;13596;0;0;13592
46.809;13596;0;0;13605
46.814;13596;0;0;13605
46.819;13597;0;0;13605
46.824;13597;0;0;13605
46.829;13597;0;0;13605
46.834;13597;0;0;13592
46.839;13597;0;0;13605
46.844;13597;0;0;13605
46.849;13597;0;0;13605
46.854;13597;0;0;13605
46.859;13597;0;0;13605
46.864;13597;0;0;13605
46.869;13597;0;0;13605
46.874;13597;0;0;13605
46.879;13598;0;0;13605
46.884;13598;0;0;13592
46.889;13598;0;0;13592
46.894;13598;0;0;13605
46.899;13598;0;0;13605
46.904;13598;0;0;13605
46.909;13598;0;0;13605
46.914;13598;0;0;13605
46.919;13598;0;0;13605
46.924;13598;0;0;13605
46.929;13598;0;0;13605
46.934;13598;0;0;13605
46.939;13599;0;0;13605
46.944;13599;0;0;13605
46.949;13599;0;0;13605
46.954;13599;0;0;13592
46.959;13599;0;0;13605
46.964;13599;0;0;13605
46.969;13599;0;0;13605
46.974;13599;0;0;13605
46.979;13599;0;0;13605
46.984;13599;0;0;13605
46.989;13599;0;0;13605
46.994;13599;0;0;13605
46.999;13600;0;0;13605
47.004;13600;0;0;13605
47.009;13600;0;0;13605
47.014;13600;0;0;13605
47.019;13600;0;0;13605
47.024;13600;0;0;13605
47.029;13600;0;0;13605
47.034;13600;0;0;13605
47.039;13600;0;0;13605
47.044;13600;0;0;13605
47.049;13600;0;0;13605
47.054;13600;0;0;13605
47.059;13600;0;0;13605
47.064;13600;0;0;13605
47.069;13600;0;0;13605
47.074;13600;0;0;13605
47.079;13601;0;0;13605
47.084;13601;0;0;13605
47.089;13601;0;0;13605
47.094;13601;0;0;13605
47.099;13601;0;0;13605
47.104;13601;0;0;13605
47.109;13601;0;0;13605
47.114;13601;0;0;13605
47.119;13601;0;0;13592
47.124;13601;0;0;13592
47.129;13601;0;0;13605
47.134;13601;0;0;13605
47.139;13601;0;0;13605
47.144;13601;0;0;13605
47.149;13601;0;0;13605
47.154;13601;0;0;13605
47.159;13601;0;0;13605
47.164;13601;0;0;13605
47.169;13601;0;0;13605
47.174;13601;0;0;13605
47.179;13601;0;0;13605
47.184;13601;0;0;13605
47.189;13601;0;0;13605
47.194;13601;0;0;13605
47.199;13601;0;0;13605
47.204;13601;0;0;13605
47.209;13601;0;0;13605
47.214;13601;0;0;13605
47.219;13601;0;0;13605
47.224;13601;0;0;13605
47.229;13601;0;0;13605
47.234;13601;0;0;13605
47.239;13600;0;0;13592
47.244;13600;0;0;13592
47.249;13600;0;0;13605
47.254;13600;0;0;13605
47.259;13600;0;0;13605
47.264;13600;0;0;13605
47.269;13600;0;0;13605
47.274;13600;0;0;13605
47.279;13600;0;0;13605
47.284;13600;0;0;13605
47.289;13600;0;0;13605
47.294;13600;0;0;13605
47.299;13601;0;0;13605
47.304;13601;0;0;13605
47.309;13601;0;0;13605
47.314;13601;0;0;13605
47.319;13601;0;0;13605
47.324;13601;0;0;13605
47.329;13601;0;0;13605
47.334;13601;0;0;13605
47.339;13601;0;0;13605
47.344;13601;0;0;13605
47.349;13601;0;0;13605
47.354;13601;0;0;13605
47.359;13601;0;0;13605
47.364;13601;0;0;13605
47.369;13601;0;0;13605
47.374;13601;0;0;13605
47.379;13600;0;0;13592
47.384;13600;0;0;13592
47.389;13600;0;0;13605
47.394;13600;0;0;13605
47.399;13600;0;0;13605
47.404;13600;0;0;13605
47.409;13600;0;0;13605
47.414;13600;0;0;13605
47.419;13600;0;0;13605