t;e;d;i;set

85.384;0;-50;0;0
85.389;0;-51;0;0
85.394;0;-50;0;0
85.399;0;-51;0;0
85.404;0;-50;0;0
85.409;0;-51;0;0
85.414;0;-50;0;0
85.419;0;-51;0;0
85.424;0;-50;0;0
85.429;0;-51;0;0
85.434;0;-50;0;0
85.439;0;-51;0;0
85.444;0;-50;0;0
85.449;0;-51;0;0
85.454;0;-50;0;0
85.459;0;-51;0;0
85.464;0;-50;0;0
85.469;0;-51;0;0
85.474;0;-50;0;0
85.479;0;-51;0;0
85.484;0;-50;0;0
85.489;0;-51;0;0
85.494;0;-50;0;0
85.499;0;-51;0;0
85.504;0;-50;0;0
85.509;0;-51;0;0
85.514;0;-50;0;0
85.519;0;-51;0;0
85.524;0;-50;0;0
85.529;0;-51;0;0
85.534;0;-50;0;0
85.539;0;-51;0;0
85.544;0;-50;0;0
85.549;0;-51;0;0
85.554;0;-50;0;0
85.559;0;-51;0;0
85.564;0;-50;0;0
85.569;0;-51;0;0
85.574;0;-50;0;0
85.579;0;-51;0;0
85.584;0;-50;0;0
85.589;0;-51;0;0
85.594;0;-50;0;0
85.599;0;-51;0;0
85.604;0;-50;0;0
85.609;0;-51;0;0
85.614;0;-50;0;0
85.619;0;-51;0;0
85.624;0;-50;0;0
85.629;0;-51;0;0
85.634;0;-50;0;0
85.639;0;-51;0;0
85.644;0;-50;0;0
85.649;0;-51;0;0
85.654;0;-50;0;0
85.659;0;-51;0;0
85.664;0;-50;0;0
85.669;0;-51;0;0
85.674;0;-50;0;0
85.679;0;-51;0;0
85.684;0;-50;0;0
85.689;0;-51;0;0
85.694;0;-50;0;0
85.699;0;-51;0;0
85.704;0;-50;0;0
85.709;0;-51;0;0
85.714;0;-50;0;0
85.719;0;-51;0;0
85.724;0;-50;0;0
85.729;0;-51;0;0
85.734;0;-50;0;0
85.739;-7;-55;0;0
85.744;-7;-62;0;0
85.749;-23;42;0;0
85.754;-31;-13;0;0
85.759;-39;-168;0;0
85.764;-47;-294;0;0
85.769;-54;-356;0;0
85.774;-70;-527;0;0
85.779;-70;-667;0;0
85.784;-86;-811;0;0
85.789;-94;-847;0;0
85.794;-101;-862;0;0
85.799;-109;-863;0;0
85.804;-117;-836;0;0
85.809;-125;-815;0;0
85.814;-133;-802;0;0
85.819;-133;-781;0;0
85.824;-140;-752;0;0
85.829;-148;-709;0;0
85.834;-148;-667;0;0
85.839;-156;-637;0;0
85.844;-156;-610;0;0
85.849;-156;-583;0;0
85.854;-156;-556;0;0
85.859;-156;-532;0;0
85.864;-156;-508;0;0
85.869;-156;-488;0;0
85.874;-156;-467;0;0
85.879;-148;-261;0;0
85.884;-148;-98;0;0
85.889;-140;-15;0;0
85.894;-133;17;0;0
85.899;-133;41;0;0
85.904;-133;61;0;0
85.909;-117;112;0;0
85.914;-109;177;0;0
85.919;-101;421;0;0
85.924;-94;571;0;0
85.929;-86;606;0;0
85.934;-78;622;0;0
85.939;-70;810;0;0
85.944;-62;900;0;0
85.949;-54;956;0;0
85.954;-39;1017;0;0
85.959;-39;995;0;0
85.964;-23;958;0;0
85.969;-15;928;0;0
85.974;-7;932;0;0
85.979;0;913;0;0
85.984;15;890;0;0
85.989;23;929;0;0
85.994;31;939;0;0
85.999;39;924;0;0
86.004;54;933;0;0
86.009;54;934;0;0
86.014;62;896;0;0
86.019;70;848;0;0
86.024;78;808;0;0
86.029;86;806;0;0
86.034;94;796;0;0
86.039;101;762;0;0
86.044;101;725;0;0
86.049;109;688;0;0
86.054;117;657;0;0
86.059;117;636;0;0
86.064;117;613;0;0
86.069;117;589;0;0
86.074;117;565;0;0
86.079;125;543;0;0
86.084;125;500;0;0
86.089;125;459;0;0
86.094;125;425;0;0
86.099;125;396;0;0
86.104;117;295;0;0
86.109;117;210;0;0
86.114;117;137;0;0
86.119;117;75;0;0
86.124;109;24;0;0
86.129;109;-1;0;0
86.134;101;-20;0;0
86.139;101;-36;0;0
86.144;94;-100;0;0
86.149;86;-221;0;0
86.154;86;-312;0;0
86.159;78;-421;0;0
86.164;70;-485;0;0
86.169;62;-508;0;0
86.174;54;-531;0;0
86.179;54;-544;0;0
86.184;39;-656;0;0
86.189;31;-692;0;0
86.194;23;-695;0;0
86.199;23;-698;0;0
86.204;15;-699;0;0
86.209;7;-676;0;0
86.214;0;-678;0;0
86.219;-7;-680;0;0
86.224;-7;-675;0;0
86.229;-15;-782;0;0
86.234;-23;-795;0;0
86.239;-31;-772;0;0
86.244;-39;-750;0;0
86.249;-39;-724;0;0
86.254;-47;-813;0;0
86.259;-54;-817;0;0
86.264;-54;-811;0;0
86.269;-62;-762;0;0
86.274;-70;-715;0;0
86.279;-70;-672;0;0
86.284;-70;-632;0;0
86.289;-70;-596;0;0
86.294;-78;-559;0;0
86.299;-78;-525;0;0
86.304;-78;-493;0;0
86.309;-78;-465;0;0
86.314;-78;-438;0;0
86.319;-78;-414;0;0
86.324;-78;-394;0;0
86.329;-78;-375;0;0
86.334;-78;-356;0;0
86.339;-78;-341;0;0
86.344;-70;-152;0;0
86.349;-70;-4;0;0
86.354;-70;111;0;0
86.359;-70;204;0;0
86.364;-70;278;0;0
86.369;-62;256;0;0
86.374;-54;236;0;0
86.379;-54;216;0;0
86.384;-54;199;0;0
86.389;-47;203;0;0
86.394;-39;225;0;0
86.399;-39;247;0;0
86.404;-39;263;0;0
86.409;-31;272;0;0
86.414;-23;281;0;0
86.419;-23;289;0;0
86.424;-15;299;0;0
86.429;-7;320;0;0
86.434;-7;343;0;0
86.439;-7;357;0;0
86.444;0;358;0;0
86.449;7;357;0;0
86.454;15;357;0;0
86.459;23;373;0;0
86.464;23;402;0;0
86.469;23;419;0;0
86.474;23;431;0;0
86.479;31;421;0;0
86.484;39;410;0;0
86.489;39;398;0;0
86.494;39;384;0;0
86.499;47;372;0;0
86.504;54;365;0;0
86.509;54;361;0;0
86.514;54;356;0;0
86.519;54;349;0;0
86.524;54;342;0;0
86.529;54;333;0;0
86.534;54;325;0;0
86.539;54;319;0;0
86.544;54;309;0;0
86.549;54;301;0;0
86.554;54;294;0;0
86.559;54;288;0;0
86.564;54;283;0;0
86.569;54;276;0;0
86.574;54;269;0;0
86.579;54;264;0;0
86.584;54;259;0;0
86.589;54;254;0;0
86.594;54;251;0;0
86.599;47;234;0;0
86.604;47;184;0;0
86.609;39;143;0;0
86.614;39;114;0;0
86.619;39;89;0;0
86.624;39;68;0;0
86.629;31;43;0;0
86.634;23;17;0;0
86.639;23;-24;0;0
86.644;23;-58;0;0
86.649;23;-88;0;0
86.654;23;-110;0;0
86.659;23;-128;0;0
86.664;15;-144;0;0
86.669;7;-153;0;0
86.674;7;-157;0;0
86.679;7;-160;0;0
86.684;7;-163;0;0
86.689;0;-176;0;0
86.694;0;-184;0;0
86.699;-7;-190;0;0
86.704;-7;-196;0;0
86.709;-7;-200;0;0
86.714;-7;-200;0;0
86.719;-7;-201;0;0
86.724;-7;-201;0;0
86.729;-7;-201;0;0
86.734;-7;-202;0;0
86.739;-15;-197;0;0
86.744;-15;-190;0;0
86.749;-15;-185;0;0
86.754;-15;-180;0;0
86.759;-15;-176;0;0
86.764;-15;-168;0;0
86.769;-15;-162;0;0
86.774;-15;-157;0;0
86.779;-15;-152;0;0
86.784;-15;-149;0;0
86.789;-15;-145;0;0
86.794;-15;-143;0;0
86.799;-15;-140;0;0
86.804;-15;-138;0;0
86.809;-15;-136;0;0
86.814;-15;-132;0;0
86.819;-15;-127;0;0
86.824;-15;-123;0;0
86.829;-15;-120;0;0
86.834;-7;-99;0;0
86.839;-7;-69;0;0
86.844;-7;-43;0;0
86.849;-7;-21;0;0
86.854;-7;-3;0;0
86.859;-7;12;0;0
86.864;-7;25;0;0
86.869;-7;34;0;0
86.874;-7;40;0;0
86.879;-7;45;0;0
86.884;-7;50;0;0
86.889;-7;54;0;0
86.894;-7;57;0;0
86.899;-7;60;0;0
86.904;-7;63;0;0
86.909;0;57;0;0
86.914;0;52;0;0
86.919;0;48;0;0
86.924;0;45;0;0
86.929;0;42;0;0
86.934;0;39;0;0
86.939;0;37;0;0
86.944;0;35;0;0
86.949;0;34;0;0
86.954;0;32;0;0
86.959;0;31;0;0
86.964;0;30;0;0
86.969;0;29;0;0
86.974;0;29;0;0
86.979;0;28;0;0
86.984;0;28;0;0
86.989;0;27;0;0
86.994;0;27;0;0
86.999;0;27;0;0
87.004;0;26;0;0
87.009;0;26;0;0
87.014;0;26;0;0
87.019;0;26;0;0
87.024;0;26;0;0
87.029;0;25;0;0
87.034;0;25;0;0
87.039;0;25;0;0
87.044;0;25;0;0
87.049;0;25;0;0
87.054;0;25;0;0
87.059;0;25;0;0
87.064;0;25;0;0
87.069;0;25;0;0
87.074;0;25;0;0
87.079;0;25;0;0
87.084;0;25;0;0
87.089;0;25;0;0
87.094;0;25;0;0
87.099;0;25;0;0
87.104;0;25;0;0
87.109;0;25;0;0
87.114;0;25;0;0
87.119;0;25;0;0
87.124;0;25;0;0
87.129;0;25;0;0
87.134;0;25;0;0
87.139;0;25;0;0
87.144;0;25;0;0
87.149;0;25;0;0
87.154;0;25;0;0
87.159;0;25;0;0
87.164;0;25;0;0
87.169;0;25;0;0
87.174;0;25;0;0
87.179;0;25;0;0
87.184;0;25;0;0
87.189;0;25;0;0
87.194;0;25;0;0
87.199;0;25;0;0
87.204;0;25;0;0
87.209;0;25;0;0
87.214;0;25;0;0
87.219;0;25;0;0
87.224;0;25;0;0
87.229;0;25;0;0
87.234;0;25;0;0
87.239;0;25;0;0
87.244;0;25;0;0
87.249;0;25;0;0
87.254;0;25;0;0
87.259;0;25;0;0
87.264;0;25;0;0
87.269;0;25;0;0
87.274;0;25;0;0
87.279;0;25;0;0
87.284;0;25;0;0
87.289;0;25;0;0
87.294;0;25;0;0
87.299;0;25;0;0
87.304;0;25;0;0
87.309;0;25;0;0
87.314;0;25;0;0
87.319;0;25;0;0
87.324;0;25;0;0
87.329;0;25;0;0
87.334;0;25;0;0
87.339;0;25;0;0
87.344;0;25;0;0
87.349;0;25;0;0
87.354;0;25;0;0
87.359;0;25;0;0
87.364;0;25;0;0
87.369;0;25;0;0
87.374;0;25;0;0
87.379;0;25;0;0
87.384;0;25;0;0
87.389;0;25;0;0
87.394;0;25;0;0
87.399;0;25;0;0
87.404;0;25;0;0
87.409;0;25;0;0
87.414;0;25;0;0
87.419;0;25;0;0
87.424;0;25;0;0
87.429;0;25;0;0
87.434;0;25;0;0
87.439;0;25;0;0
87.444;0;25;0;0
87.449;0;25;0;0
87.454;0;25;0;0
87.459;0;25;0;0
87.464;0;25;0;0
87.469;0;25;0;0
87.474;0;25;0;0
87.479;0;25;0;0
87.484;0;25;0;0
87.489;0;25;0;0
87.494;0;25;0;0
87.499;0;25;0;0
87.504;0;25;0;0
87.509;0;25;0;0
87.514;0;25;0;0
87.519;0;25;0;0
87.524;0;25;0;0
87.529;0;25;0;0
87.534;0;25;0;0
87.539;0;25;0;0
87.544;0;25;0;0
87.549;0;25;0;0
87.554;0;25;0;0
87.559;0;25;0;0
87.564;0;25;0;0
87.569;0;25;0;0
87.574;0;25;0;0
87.579;0;25;0;0
87.584;0;25;0;0
87.589;0;25;0;0
87.594;0;25;0;0
87.599;0;25;0;0
87.604;0;25;0;0
87.609;0;25;0;0
87.614;0;25;0;0
87.619;0;25;0;0
87.624;0;25;0;0
87.629;0;25;0;0
87.634;0;25;0;0
87.639;0;25;0;0
87.644;0;25;0;0
87.649;0;25;0;0
87.654;0;25;0;0
87.659;0;25;0;0
87.664;0;25;0;0
87.669;0;25;0;0
87.674;0;25;0;0
87.679;0;25;0;0
87.684;0;25;0;0
87.689;0;25;0;0
87.694;0;25;0;0
87.699;0;25;0;0
87.704;0;25;0;0
87.709;0;25;0;0
87.714;0;25;0;0
87.719;0;25;0;0
87.724;0;25;0;0
87.729;0;25;0;0
87.734;0;25;0;0
87.739;0;25;0;0
87.744;0;25;0;0
87.749;0;25;0;0
87.754;0;25;0;0
87.759;0;25;0;0
87.764;0;25;0;0
87.769;0;25;0;0
87.774;0;25;0;0
87.779;0;25;0;0
87.784;0;25;0;0
87.789;0;25;0;0
87.794;0;25;0;0
87.799;0;25;0;0
87.804;0;25;0;0
87.809;0;25;0;0
87.814;0;25;0;0
87.819;0;25;0;0
87.824;0;25;0;0
87.829;0;25;0;0
87.834;0;25;0;0
87.839;0;25;0;0
87.844;0;25;0;0
87.849;0;25;0;0
87.854;0;25;0;0
87.859;0;25;0;0
87.864;0;25;0;0
87.869;0;25;0;0
87.874;0;25;0;0
87.879;0;25;0;0
87.884;0;25;0;0
87.889;0;25;0;0
87.894;0;25;0;0
87.899;0;25;0;0
87.904;0;25;0;0
87.909;0;25;0;0
87.914;0;25;0;0
87.919;0;25;0;0
87.924;0;25;0;0
87.929;0;25;0;0
87.934;0;25;0;0
87.939;0;25;0;0
87.944;0;25;0;0
87.949;0;25;0;0
87.954;0;25;0;0
87.959;0;25;0;0
87.964;0;25;0;0
87.969;0;25;0;0
87.974;0;25;0;0
87.979;0;25;0;0
87.984;0;25;0;0
87.989;0;25;0;0
87.994;0;25;0;0
87.999;0;25;0;0
88.004;0;25;0;0
88.009;0;25;0;0
88.014;0;25;0;0
88.019;0;25;0;0
88.024;0;25;0;0
88.029;0;25;0;0
88.034;0;25;0;0
88.039;0;25;0;0
88.044;0;25;0;0
88.049;0;25;0;0
88.054;0;25;0;0
88.059;0;25;0;0
88.064;0;25;0;0
88.069;0;25;0;0
88.074;0;25;0;0
88.079;0;25;0;0
88.084;0;25;0;0
88.089;0;25;0;0
88.094;0;25;0;0
88.099;0;25;0;0
88.104;0;25;0;0
88.109;0;25;0;0
88.114;0;25;0;0
88.119;0;25;0;0
88.124;0;25;0;0
88.129;0;25;0;0
88.134;0;25;0;0
88.139;0;25;0;0
88.144;0;25;0;0
88.149;0;25;0;0
88.154;0;25;0;0
88.159;0;25;0;0
88.164;0;25;0;0
88.169;0;25;0;0
88.174;0;25;0;0
88.179;0;25;0;0
88.184;0;25;0;0
88.189;0;25;0;0
88.194;0;25;0;0
88.199;0;25;0;0
88.204;0;25;0;0
88.209;0;25;0;0
88.214;0;25;0;0
88.219;0;25;0;0
88.224;0;25;0;0
88.229;0;25;0;0
88.234;0;25;0;0
88.239;0;25;0;0
88.244;0;25;0;0
88.249;0;25;0;0
88.254;0;25;0;0
88.259;0;25;0;0
88.264;0;25;0;0
88.269;0;25;0;0
88.274;0;25;0;0
88.279;0;25;0;0
88.284;0;25;0;0
88.289;0;25;0;0
88.294;0;25;0;0
88.299;0;25;0;0
88.304;0;25;0;0
88.309;0;25;0;0
88.314;0;25;0;0
88.319;0;25;0;0
88.324;0;25;0;0
88.329;0;25;0;0
88.334;0;25;0;0
88.339;0;25;0;0
88.344;0;25;0;0
88.349;0;25;0;0
88.354;0;25;0;0
88.359;0;25;0;0
88.364;0;25;0;0
88.369;0;25;0;0
88.374;0;25;0;0
88.379;0;25;0;0
88.384;0;25;0;0
88.389;0;25;0;0
88.394;0;25;0;0
88.399;0;25;0;0
88.404;0;25;0;0
88.409;0;25;0;0
88.414;0;25;0;0
88.419;0;25;0;0
88.424;0;25;0;0
88.429;0;25;0;0
88.434;0;25;0;0
88.439;0;25;0;0
88.444;0;25;0;0
88.449;0;25;0;0
88.454;0;25;0;0
88.459;0;25;0;0
88.464;0;25;0;0
88.469;0;25;0;0
88.474;0;25;0;0
88.479;0;25;0;0
88.484;0;25;0;0
88.489;0;25;0;0
88.494;0;25;0;0
88.499;0;25;0;0
88.504;0;25;0;0
88.509;0;25;0;0
88.514;0;25;0;0
88.519;0;25;0;0
88.524;0;25;0;0
88.529;0;25;0;0
88.534;0;25;0;0
88.539;0;25;0;0
88.544;0;25;0;0
88.549;0;25;0;0
88.554;0;25;0;0
88.559;0;25;0;0
88.564;0;25;0;0
88.569;0;25;0;0
88.574;0;25;0;0
88.579;0;25;0;0
88.584;0;25;0;0
88.589;0;25;0;0
88.594;0;25;0;0
88.599;0;25;0;0
88.604;0;25;0;0
88.609;0;25;0;0
88.614;0;25;0;0
88.619;0;25;0;0
88.624;0;25;0;0
88.629;0;25;0;0
88.634;0;25;0;0
88.639;0;25;0;0
88.644;0;25;0;0
88.649;0;25;0;0
88.654;0;25;0;0
88.659;0;25;0;0
88.664;0;25;0;0
88.669;0;25;0;0
88.674;0;25;0;0
88.679;0;25;0;0
88.684;0;25;0;0
88.689;0;25;0;0
88.694;0;25;0;0
88.699;23;-5;0;0
88.704;70;628;0;0
88.709;109;1142;0;0
88.714;156;1614;0;0
88.719;210;2183;0;0
88.724;271;2574;0;0
88.729;316;2854;0;0
88.734;368;3144;0;0
88.739;418;3370;0;0
88.744;474;3533;0;0
88.749;522;3823;0;0
88.754;568;3805;0;0
88.759;612;3745;0;0
88.764;655;3673;0;0
88.769;701;3555;0;0
88.774;734;3436;0;0
88.779;770;3260;0;0
88.784;804;3053;0;0
88.789;840;2876;0;0
88.794;864;2634;0;0
88.799;887;2316;0;0
88.804;901;2086;0;0
88.809;920;1839;0;0
88.814;938;1655;0;0
88.819;955;1403;0;0
88.824;964;1204;0;0
88.829;972;1058;0;0
88.834;980;868;0;0
88.839;987;685;0;0
88.844;993;506;0;0
88.849;996;325;0;0
88.854;999;158;0;0
88.859;999;-29;0;0
88.864;998;-228;0;0
88.869;994;-425;0;0
88.874;988;-631;0;0
88.879;979;-888;0;0
88.884;968;-1103;0;0
88.889;962;-1162;0;0
88.894;953;-1224;0;0
88.899;940;-1335;0;0
88.904;932;-1353;0;0
88.909;929;-1291;0;0
88.914;926;-1181;0;0
88.919;920;-1091;0;0
88.924;920;-982;0;0
88.929;917;-899;0;0
88.934;901;-999;0;0
88.939;883;-1173;0;0
88.944;860;-1491;0;0
88.949;831;-1804;0;0
88.954;804;-2218;0;0
88.959;775;-2448;0;0
88.964;744;-2793;0;0
88.969;718;-2897;0;0
88.974;690;-2958;0;0
88.979;667;-2956;0;0
88.984;643;-3014;0;0
88.989;612;-3050;0;0
88.994;581;-3068;0;0
88.999;542;-3352;0;0
89.004;502;-3503;0;0
89.009;467;-3563;0;0
89.014;425;-3736;0;0
89.019;389;-3801;0;0
89.024;346;-3870;0;0
89.029;316;-3923;0;0
89.034;271;-3916;0;0
89.039;241;-3877;0;0
89.044;233;-3810;0;0
89.049;202;-3720;0;0
89.054;171;-3590;0;0
89.059;140;-3446;0;0
89.064;117;-3331;0;0
89.069;86;-3222;0;0
89.074;54;-3227;0;0
89.079;23;-3172;0;0
89.084;7;-3077;0;0
89.089;-31;-3044;0;0
89.094;-62;-3247;0;0
89.099;-86;-3142;0;0
89.104;-117;-3031;0;0
89.109;-148;-2959;0;0
89.114;-164;-2859;0;0
89.119;-187;-3027;0;0
89.124;-195;-3018;0;0
89.129;-195;-2937;0;0
89.134;-187;-2809;0;0
89.139;-187;-2273;0;0
89.144;-187;-1828;0;0
89.149;-179;-1514;0;0
89.154;-179;-1243;0;0
89.159;-179;-1016;0;0
89.164;-179;-823;0;0
89.169;-179;-660;0;0
89.174;-171;-523;0;0
89.179;-171;-415;0;0
89.184;-164;-327;0;0
89.189;-164;-252;0;0
89.194;-156;-157;0;0
89.199;-148;-26;0;0
89.204;-148;92;0;0
89.209;-140;166;0;0
89.214;-133;205;0;0
89.219;-125;254;0;0
89.224;-117;322;0;0
89.229;-109;372;0;0
89.234;-101;410;0;0
89.239;-94;435;0;0
89.244;-86;474;0;0
89.249;-86;503;0;0
89.254;-78;527;0;0
89.259;-70;533;0;0
89.264;-70;519;0;0
89.269;-70;503;0;0
89.274;-62;560;0;0
89.279;-62;595;0;0
89.284;-54;605;0;0
89.289;-54;590;0;0
89.294;-54;575;0;0
89.299;-54;561;0;0
89.304;-54;546;0;0
89.309;-54;533;0;0
89.314;-54;518;0;0
89.319;-54;505;0;0
89.324;-54;495;0;0
89.329;-62;383;0;0
89.334;-62;292;0;0
89.339;-70;219;0;0
89.344;-70;171;0;0
89.349;-62;175;0;0
89.354;-62;190;0;0
89.359;-54;207;0;0
89.364;-54;221;0;0
89.369;-47;229;0;0
89.374;-39;251;0;0
89.379;-23;408;0;0
89.384;-23;581;0;0
89.389;-15;660;0;0
89.394;-7;652;0;0
89.399;0;662;0;0
89.404;7;673;0;0
89.409;7;675;0;0
89.414;15;669;0;0
89.419;23;634;0;0
89.424;23;601;0;0
89.429;31;584;0;0
89.434;39;566;0;0
89.439;39;547;0;0
89.444;47;531;0;0
89.449;54;516;0;0
89.454;47;438;0;0
89.459;47;289;0;0
89.464;47;165;0;0
89.469;47;64;0;0
89.474;47;-19;0;0
89.479;47;-89;0;0
89.484;47;-147;0;0
89.489;47;-194;0;0
89.494;39;-202;0;0
89.499;39;-210;0;0
89.504;39;-213;0;0
89.509;39;-215;0;0
89.514;39;-217;0;0
89.519;39;-216;0;0
89.524;39;-214;0;0
89.529;39;-213;0;0
89.534;39;-212;0;0
89.539;39;-210;0;0
89.544;39;-207;0;0
89.549;39;-203;0;0
89.554;39;-200;0;0
89.559;39;-196;0;0
89.564;39;-194;0;0
89.569;39;-192;0;0
89.574;39;-190;0;0
89.579;39;-188;0;0
89.584;39;-187;0;0
89.589;39;-185;0;0
89.594;39;-184;0;0
89.599;39;-180;0;0
89.604;39;-176;0;0
89.609;39;-173;0;0
89.614;39;-170;0;0
89.619;39;-167;0;0
89.624;39;-165;0;0
89.629;39;-164;0;0
89.634;39;-162;0;0
89.639;39;-161;0;0
89.644;39;-160;0;0
89.649;39;-159;0;0
89.654;39;-158;0;0
89.659;39;-157;0;0
89.664;39;-157;0;0
89.669;39;-156;0;0
89.674;39;-156;0;0
89.679;39;-156;0;0
89.684;39;-155;0;0
89.689;39;-155;0;0
89.694;39;-155;0;0
89.699;39;-155;0;0
89.704;39;-154;0;0
89.709;39;-154;0;0
89.714;39;-154;0;0
89.719;39;-154;0;0
89.724;39;-154;0;0
89.729;39;-154;0;0
89.734;39;-154;0;0
89.739;39;-154;0;0
89.744;39;-154;0;0
89.749;39;-154;0;0
89.754;39;-150;0;0
89.759;39;-147;0;0
89.764;39;-144;0;0
89.769;39;-142;0;0
89.774;39;-140;0;0
89.779;39;-138;0;0
89.784;39;-136;0;0
89.789;39;-135;0;0
89.794;39;-134;0;0
89.799;39;-133;0;0
89.804;39;-133;0;0
89.809;39;-132;0;0
89.814;39;-131;0;0
89.819;39;-131;0;0
89.824;39;-131;0;0
89.829;39;-130;0;0
89.834;39;-130;0;0
89.839;39;-130;0;0
89.844;39;-129;0;0
89.849;39;-129;0;0
89.854;39;-129;0;0
89.859;39;-129;0;0
89.864;39;-129;0;0
89.869;39;-129;0;0
89.874;39;-129;0;0
89.879;39;-129;0;0
89.884;39;-129;0;0
89.889;39;-129;0;0
89.894;39;-129;0;0
89.899;39;-128;0;0
89.904;39;-128;0;0
89.909;39;-128;0;0
89.914;39;-128;0;0
89.919;39;-128;0;0
89.924;39;-128;0;0
89.929;39;-128;0;0
89.934;39;-128;0;0
89.939;39;-128;0;0
89.944;39;-128;0;0
89.949;39;-128;0;0
89.954;39;-128;0;0
89.959;39;-128;0;0
89.964;39;-128;0;0
89.969;39;-128;0;0
89.974;39;-128;0;0
89.979;39;-128;0;0
89.984;39;-128;0;0
89.989;39;-128;0;0
89.994;39;-128;0;0
89.999;39;-128;0;0
90.004;39;-128;0;0
90.009;39;-128;0;0
90.014;39;-128;0;0
90.019;39;-128;0;0
90.024;39;-128;0;0
90.029;39;-128;0;0
90.034;39;-128;0;0
90.039;39;-128;0;0
90.044;39;-128;0;0
90.049;39;-128;0;0
90.054;39;-128;0;0
90.059;39;-128;0;0
90.064;39;-128;0;0
90.069;39;-128;0;0
90.074;39;-128;0;0
90.079;39;-128;0;0
90.084;39;-128;0;0
90.089;39;-128;0;0
90.094;39;-128;0;0
90.099;39;-128;0;0
90.104;39;-128;0;0
90.109;39;-128;0;0
90.114;39;-128;0;0
90.119;39;-128;0;0
90.124;39;-128;0;0
90.129;39;-128;0;0
90.134;39;-128;0;0
90.139;39;-128;0;0
90.144;39;-128;0;0
90.149;39;-128;0;0
90.154;39;-128;0;0
90.159;39;-128;0;0
90.164;39;-128;0;0
90.169;39;-128;0;0
90.174;39;-128;0;0
90.179;39;-128;0;0
90.184;39;-128;0;0
90.189;39;-128;0;0
90.194;39;-128;0;0
90.199;39;-128;0;0
90.204;39;-128;0;0
90.209;39;-128;0;0
90.214;39;-128;0;0
90.219;39;-128;0;0
90.224;39;-128;0;0
90.229;39;-128;0;0
90.234;39;-128;0;0
90.239;39;-128;0;0
90.244;39;-128;0;0
90.249;39;-128;0;0
90.254;39;-128;0;0
90.259;39;-128;0;0
90.264;39;-128;0;0
90.269;39;-128;0;0
90.274;39;-128;0;0
90.279;39;-128;0;0
90.284;39;-128;0;0
90.289;39;-128;0;0
90.294;39;-128;0;0
90.299;39;-128;0;0
90.304;39;-128;0;0
90.309;39;-128;0;0
90.314;39;-128;0;0
90.319;39;-128;0;0
90.324;39;-128;0;0
90.329;39;-128;0;0
90.334;39;-128;0;0
90.339;39;-128;0;0
90.344;39;-128;0;0
90.349;39;-128;0;0
90.354;39;-128;0;0
90.359;39;-128;0;0
90.364;39;-128;0;0
90.369;39;-128;0;0
90.374;39;-128;0;0
90.379;39;-128;0;0
90.384;39;-128;0;0
90.389;39;-128;0;0
90.394;39;-128;0;0
90.399;39;-128;0;0
90.404;39;-128;0;0
90.409;39;-128;0;0
90.414;39;-128;0;0
90.419;39;-128;0;0
90.424;39;-128;0;0
90.429;39;-128;0;0
90.434;39;-128;0;0
90.439;39;-128;0;0
90.444;39;-128;0;0
90.449;39;-128;0;0
90.454;39;-128;0;0
90.459;39;-128;0;0
90.464;39;-128;0;0
90.469;39;-128;0;0
90.474;39;-128;0;0
90.479;39;-128;0;0
90.484;39;-128;0;0
90.489;39;-128;0;0
90.494;39;-128;0;0
90.499;39;-128;0;0
90.504;39;-128;0;0
90.509;39;-128;0;0
90.514;39;-128;0;0
90.519;39;-128;0;0
90.524;39;-128;0;0
90.529;39;-128;0;0
90.534;39;-128;0;0
90.539;39;-128;0;0
90.544;39;-128;0;0
90.549;39;-128;0;0
90.554;39;-128;0;0
90.559;39;-128;0;0
90.564;39;-128;0;0
90.569;39;-128;0;0
90.574;39;-128;0;0
90.579;39;-128;0;0
90.584;39;-128;0;0
90.589;39;-128;0;0
90.594;39;-128;0;0
90.599;39;-128;0;0
90.604;39;-128;0;0
90.609;39;-128;0;0
90.614;39;-128;0;0
90.619;39;-128;0;0
90.624;39;-128;0;0
90.629;39;-128;0;0
90.634;39;-128;0;0
90.639;39;-128;0;0
90.644;39;-128;0;0
90.649;39;-128;0;0
90.654;39;-128;0;0
90.659;39;-128;0;0
90.664;39;-128;0;0
90.669;39;-128;0;0
90.674;39;-128;0;0
90.679;39;-128;0;0
90.684;39;-128;0;0
90.689;39;-128;0;0
90.694;39;-128;0;0
90.699;39;-128;0;0
90.704;39;-128;0;0
90.709;39;-128;0;0
90.714;39;-128;0;0
90.719;39;-128;0;0
90.724;39;-128;0;0
90.729;39;-128;0;0
90.734;39;-128;0;0
90.739;39;-128;0;0
90.744;39;-128;0;0
90.749;39;-128;0;0
90.754;39;-128;0;0
90.759;39;-128;0;0
90.764;39;-128;0;0
90.769;39;-128;0;0
90.774;39;-128;0;0
90.779;39;-128;0;0
90.784;39;-128;0;0
90.789;39;-128;0;0
90.794;39;-128;0;0
90.799;39;-128;0;0
90.804;39;-128;0;0
90.809;39;-128;0;0
90.814;39;-128;0;0
90.819;39;-128;0;0
90.824;39;-128;0;0
90.829;39;-128;0;0
90.834;39;-128;0;0
90.839;39;-128;0;0
90.844;39;-128;0;0
90.849;39;-128;0;0
90.854;39;-128;0;0
90.859;39;-128;0;0
90.864;39;-128;0;0
90.869;39;-128;0;0
90.874;39;-128;0;0
90.879;39;-128;0;0
90.884;39;-128;0;0
90.889;39;-128;0;0
90.894;39;-128;0;0
90.899;39;-128;0;0
90.904;39;-128;0;0
90.909;39;-128;0;0
90.914;39;-128;0;0
90.919;39;-128;0;0
90.924;39;-128;0;0
90.929;39;-128;0;0
90.934;39;-128;0;0
90.939;39;-128;0;0
90.944;39;-128;0;0
90.949;39;-128;0;0
90.954;39;-128;0;0
90.959;39;-128;0;0
90.964;39;-128;0;0
90.969;39;-128;0;0
90.974;39;-128;0;0
90.979;39;-128;0;0
90.984;39;-128;0;0
90.989;39;-128;0;0
90.994;39;-128;0;0
90.999;39;-128;0;0
91.004;39;-128;0;0
91.009;39;-128;0;0
91.014;39;-128;0;0
91.019;39;-128;0;0
91.024;39;-128;0;0
91.029;39;-128;0;0
91.034;39;-128;0;0
91.039;39;-128;0;0
91.044;39;-128;0;0
91.049;39;-128;0;0
91.054;39;-128;0;0
91.059;39;-128;0;0
91.064;39;-128;0;0
91.069;39;-128;0;0
91.074;39;-128;0;0
91.079;39;-128;0;0
91.084;39;-128;0;0
91.089;39;-128;0;0
91.094;39;-128;0;0
91.099;39;-128;0;0
91.104;39;-128;0;0
91.109;39;-128;0;0
91.114;39;-128;0;0
91.119;39;-128;0;0
91.124;39;-128;0;0
91.129;39;-128;0;0
91.134;39;-128;0;0
91.139;39;-128;0;0
91.144;39;-128;0;0
91.149;39;-128;0;0
91.154;39;-128;0;0
91.159;39;-128;0;0
91.164;39;-128;0;0
91.169;39;-128;0;0
91.174;39;-128;0;0
91.179;39;-128;0;0
91.184;39;-128;0;0
91.189;39;-128;0;0
91.194;39;-128;0;0
91.199;39;-128;0;0
91.204;39;-128;0;0
91.209;39;-128;0;0
91.214;39;-128;0;0
91.219;39;-128;0;0
91.224;39;-128;0;0
91.229;39;-128;0;0
91.234;39;-128;0;0
91.239;39;-128;0;0
91.244;39;-128;0;0
91.249;39;-128;0;0
91.254;39;-128;0;0
91.259;39;-128;0;0
91.264;39;-128;0;0
91.269;39;-128;0;0
91.274;39;-128;0;0
91.279;39;-128;0;0
91.284;39;-128;0;0
91.289;39;-128;0;0
91.294;39;-128;0;0
91.299;39;-128;0;0
91.304;39;-128;0;0
91.309;39;-128;0;0
91.314;39;-128;0;0
91.319;39;-128;0;0
91.324;39;-128;0;0
91.329;39;-128;0;0
91.334;39;-128;0;0
91.339;39;-128;0;0
91.344;39;-128;0;0
91.349;39;-128;0;0
91.354;39;-128;0;0
91.359;39;-128;0;0
91.364;39;-128;0;0
91.369;39;-128;0;0
91.374;39;-128;0;0
91.379;39;-128;0;0
91.384;39;-128;0;0
91.389;39;-128;0;0
91.394;39;-128;0;0
91.399;39;-128;0;0
91.404;39;-128;0;0
91.409;39;-128;0;0
91.414;39;-128;0;0
91.419;39;-128;0;0
91.424;39;-128;0;0
91.429;39;-128;0;0
91.434;39;-128;0;0
91.439;39;-128;0;0
91.444;39;-128;0;0
91.449;39;-128;0;0
91.454;39;-128;0;0
91.459;39;-128;0;0
91.464;39;-128;0;0
91.469;39;-128;0;0
91.474;39;-128;0;0
91.479;39;-128;0;0
91.484;39;-128;0;0
91.489;39;-128;0;0
91.494;39;-128;0;0
91.499;39;-128;0;0
91.504;39;-128;0;0
91.509;39;-128;0;0
91.514;39;-128;0;0
91.519;39;-128;0;0
91.524;39;-128;0;0
91.529;39;-128;0;0
91.534;39;-128;0;0
91.539;39;-128;0;0
91.544;39;-128;0;0
91.549;39;-128;0;0
91.554;39;-128;0;0
91.559;39;-128;0;0
91.564;39;-128;0;0
91.569;39;-128;0;0
91.574;39;-128;0;0
91.579;39;-128;0;0
91.584;39;-128;0;0
91.589;39;-128;0;0
91.594;39;-128;0;0
91.599;39;-128;0;0
91.604;39;-128;0;0
91.609;39;-128;0;0
91.614;39;-128;0;0
91.619;39;-128;0;0
91.624;39;-128;0;0
91.629;39;-128;0;0
91.634;39;-128;0;0
91.639;39;-128;0;0
91.644;39;-128;0;0
91.649;39;-128;0;0
91.654;39;-128;0;0
91.659;39;-128;0;0
91.664;39;-128;0;0
91.669;39;-128;0;0
91.674;39;-128;0;0
91.679;39;-128;0;0
91.684;39;-128;0;0
91.689;39;-128;0;0
91.694;39;-128;0;0
91.699;39;-128;0;0
91.704;39;-128;0;0
91.709;39;-128;0;0
91.714;39;-128;0;0
91.719;39;-128;0;0
91.724;39;-128;0;0
91.729;39;-128;0;0
91.734;39;-128;0;0
91.739;39;-128;0;0
91.744;39;-128;0;0
91.749;39;-128;0;0
91.754;39;-128;0;0
91.759;39;-128;0;0
91.764;39;-128;0;0
91.769;39;-128;0;0
91.774;39;-128;0;0
91.779;39;-128;0;0
91.784;39;-128;0;0
91.789;39;-128;0;0
91.794;39;-128;0;0
91.799;39;-128;0;0
91.804;39;-128;0;0
91.809;39;-128;0;0
91.814;39;-128;0;0
91.819;39;-128;0;0
91.824;39;-128;0;0
91.829;39;-128;0;0
91.834;39;-128;0;0
91.839;39;-128;0;0
91.844;39;-128;0;0
91.849;39;-128;0;0
91.854;39;-128;0;0
91.859;39;-128;0;0
91.864;39;-128;0;0
91.869;39;-128;0;0
91.874;39;-128;0;0
91.879;39;-128;0;0
91.884;39;-128;0;0
91.889;39;-128;0;0
91.894;39;-128;0;0
91.899;39;-128;0;0
91.904;39;-128;0;0
91.909;39;-128;0;0
91.914;39;-128;0;0
91.919;39;-128;0;0
91.924;39;-128;0;0
91.929;39;-128;0;0
91.934;39;-128;0;0
91.939;39;-128;0;0
91.944;39;-128;0;0
91.949;39;-128;0;0
91.954;39;-128;0;0
91.959;39;-128;0;0
91.964;39;-128;0;0
91.969;39;-128;0;0
91.974;39;-128;0;0
91.979;39;-128;0;0
91.984;39;-128;0;0
91.989;39;-128;0;0
91.994;39;-128;0;0
91.999;39;-128;0;0
92.004;39;-128;0;0
92.009;39;-128;0;0
92.014;39;-128;0;0
92.019;39;-128;0;0
92.024;39;-128;0;0
92.029;39;-128;0;0
92.034;39;-128;0;0
92.039;39;-128;0;0
92.044;39;-128;0;0
92.049;39;-128;0;0
92.054;39;-128;0;0
92.059;39;-128;0;0
92.064;39;-128;0;0
92.069;39;-128;0;0
92.074;39;-128;0;0
92.079;39;-128;0;0
92.084;39;-128;0;0
92.089;39;-128;0;0
92.094;39;-128;0;0
92.099;39;-128;0;0
92.104;39;-128;0;0
92.109;39;-128;0;0
92.114;39;-128;0;0
92.119;39;-128;0;0
92.124;39;-128;0;0
92.129;39;-128;0;0
92.134;39;-128;0;0
92.139;39;-128;0;0
92.144;39;-128;0;0
92.149;39;-128;0;0
92.154;39;-128;0;0
92.159;39;-128;0;0
92.164;39;-128;0;0
92.169;39;-128;0;0
92.174;39;-128;0;0
92.179;39;-128;0;0
92.184;39;-128;0;0
92.189;39;-128;0;0
92.194;39;-128;0;0
92.199;39;-128;0;0
92.204;39;-128;0;0
92.209;39;-128;0;0
92.214;39;-128;0;0
92.219;39;-128;0;0
92.224;39;-128;0;0
92.229;39;-128;0;0
92.234;39;-128;0;0
92.239;39;-128;0;0
92.244;39;-128;0;0
92.249;39;-128;0;0
92.254;39;-128;0;0
92.259;39;-128;0;0
92.264;39;-128;0;0
92.269;39;-128;0;0
92.274;39;-128;0;0
92.279;39;-128;0;0
92.284;39;-128;0;0
92.289;39;-128;0;0
92.294;39;-128;0;0
92.299;39;-128;0;0
92.304;39;-128;0;0
92.309;39;-128;0;0
92.314;39;-128;0;0
92.319;39;-128;0;0
92.324;39;-128;0;0
92.329;39;-128;0;0
92.334;39;-128;0;0
92.339;39;-128;0;0
92.344;39;-128;0;0
92.349;39;-128;0;0
92.354;39;-128;0;0
92.359;39;-128;0;0
92.364;39;-128;0;0
92.369;39;-128;0;0
92.374;39;-128;0;0
92.379;39;-128;0;0
92.384;39;-128;0;0
92.389;39;-128;0;0
92.394;39;-128;0;0
92.399;39;-128;0;0
92.404;39;-128;0;0
92.409;39;-128;0;0
92.414;39;-128;0;0
92.419;39;-128;0;0
92.424;39;-128;0;0
92.429;39;-128;0;0
92.434;39;-128;0;0
92.439;39;-128;0;0
92.444;39;-128;0;0
92.449;39;-128;0;0
92.454;39;-128;0;0
92.459;39;-128;0;0
92.464;39;-128;0;0
92.469;39;-128;0;0
92.474;39;-128;0;0
92.479;39;-128;0;0
92.484;39;-128;0;0
92.489;39;-128;0;0
92.494;39;-128;0;0
92.499;39;-128;0;0
92.504;39;-128;0;0
92.509;39;-128;0;0
92.514;39;-128;0;0
92.519;39;-128;0;0
92.524;39;-128;0;0
92.529;39;-128;0;0
92.534;39;-128;0;0
92.539;39;-128;0;0
92.544;39;-128;0;0
92.549;39;-128;0;0
92.554;39;-128;0;0
92.559;39;-128;0;0
92.564;39;-128;0;0
92.569;39;-128;0;0
92.574;39;-128;0;0
92.579;39;-128;0;0
92.584;39;-128;0;0
92.589;39;-128;0;0
92.594;39;-128;0;0
92.599;39;-128;0;0
92.604;39;-128;0;0
92.609;39;-128;0;0
92.614;39;-128;0;0
92.619;39;-128;0;0
92.624;39;-128;0;0
92.629;39;-128;0;0
92.634;39;-128;0;0
92.639;39;-128;0;0
92.644;39;-128;0;0
92.649;39;-128;0;0
92.654;39;-128;0;0
92.659;39;-128;0;0
92.664;39;-128;0;0
92.669;39;-128;0;0
92.674;39;-128;0;0
92.679;39;-128;0;0
92.684;39;-128;0;0
92.689;39;-128;0;0
92.694;39;-128;0;0
92.699;39;-128;0;0
92.704;39;-128;0;0
92.709;39;-128;0;0
92.714;39;-128;0;0
92.719;39;-128;0;0
92.724;39;-128;0;0
92.729;39;-128;0;0
92.734;39;-128;0;0
92.739;39;-128;0;0
92.744;39;-128;0;0
92.749;39;-128;0;0
92.754;39;-128;0;0
92.759;39;-128;0;0
92.764;39;-128;0;0
92.769;39;-128;0;0
92.774;39;-128;0;0
92.779;39;-128;0;0
92.784;39;-128;0;0
92.789;39;-128;0;0
92.794;39;-128;0;0
92.799;39;-128;0;0
92.804;39;-128;0;0
92.809;39;-128;0;0
92.814;39;-128;0;0
92.819;39;-128;0;0
92.824;39;-128;0;0
92.829;39;-128;0;0
92.834;39;-128;0;0
92.839;39;-128;0;0
92.844;39;-128;0;0
92.849;39;-128;0;0
92.854;39;-128;0;0
92.859;39;-128;0;0
92.864;39;-128;0;0
92.869;39;-128;0;0
92.874;39;-128;0;0
92.879;39;-128;0;0
92.884;39;-128;0;0
92.889;39;-128;0;0
92.894;39;-128;0;0
92.899;39;-128;0;0
92.904;39;-128;0;0
92.909;39;-128;0;0
92.914;39;-128;0;0
92.919;39;-128;0;0
92.924;39;-128;0;0
92.929;39;-128;0;0
92.934;39;-128;0;0
92.939;39;-128;0;0
92.944;39;-128;0;0
92.949;39;-128;0;0
92.954;39;-128;0;0
92.959;39;-128;0;0
92.964;39;-128;0;0
92.969;39;-128;0;0
92.974;39;-128;0;0
92.979;39;-128;0;0
92.984;31;-131;0;0
92.989;31;-143;0;0
92.994;31;-152;0;0
92.999;31;-160;0;0
93.004;31;-167;0;0
93.009;31;-173;0;0
93.014;31;-178;0;0
93.019;23;-34;0;0
93.024;23;179;0;0
93.029;23;551;0;0
93.034;23;-16;0;0
93.039;23;-145;0;0
93.044;23;-157;0;0
93.049;23;-132;0;0
93.054;23;-92;0;0
93.059;23;-47;0;0
93.064;23;-1;0;0
93.069;23;42;0;0
93.074;23;84;0;0
93.079;23;123;0;0
93.084;23;158;0;0
93.089;23;190;0;0
93.094;23;218;0;0
93.099;23;245;0;0
93.104;23;268;0;0
93.109;23;288;0;0
93.114;23;309;0;0
93.119;23;327;0;0
93.124;23;342;0;0
93.129;23;354;0;0
93.134;23;365;0;0
93.139;23;378;0;0
93.144;23;389;0;0
93.149;23;399;0;0
93.154;23;407;0;0
93.159;23;414;0;0
93.164;23;420;0;0
93.169;23;425;0;0
93.174;23;429;0;0
93.179;23;432;0;0
93.184;23;435;0;0
93.189;23;440;0;0
93.194;23;446;0;0
93.199;23;451;0;0
93.204;23;455;0;0
93.209;23;458;0;0
93.214;23;461;0;0
93.219;23;464;0;0
93.224;23;466;0;0
93.229;23;468;0;0
93.234;23;470;0;0
93.239;23;471;0;0
93.244;23;472;0;0
93.249;23;473;0;0
93.254;23;474;0;0
93.259;23;475;0;0
93.264;23;475;0;0
93.269;23;476;0;0
93.274;23;476;0;0
93.279;23;476;0;0
93.284;23;477;0;0
93.289;23;477;0;0
93.294;23;477;0;0
93.299;23;477;0;0
93.304;23;478;0;0
93.309;23;478;0;0
93.314;23;478;0;0
93.319;23;478;0;0
93.324;23;478;0;0
93.329;23;478;0;0
93.334;23;478;0;0
93.339;23;478;0;0
93.344;23;478;0;0
93.349;23;478;0;0
93.354;23;478;0;0
93.359;23;478;0;0
93.364;23;478;0;0
93.369;23;478;0;0
93.374;23;478;0;0
93.379;23;479;0;0
93.384;23;479;0;0
93.389;23;479;0;0
93.394;23;479;0;0
93.399;23;479;0;0
93.404;23;479;0;0
93.409;23;479;0;0
93.414;23;479;0;0
93.419;23;479;0;0
93.424;23;479;0;0
93.429;23;479;0;0
93.434;23;479;0;0
93.439;23;479;0;0
93.444;23;479;0;0
93.449;23;479;0;0
93.454;23;479;0;0
93.459;23;479;0;0
93.464;23;479;0;0
93.469;23;479;0;0
93.474;23;479;0;0
93.479;23;479;0;0
93.484;23;479;0;0
93.489;23;479;0;0
93.494;23;479;0;0
93.499;23;479;0;0
93.504;23;479;0;0
93.509;23;479;0;0
93.514;23;479;0;0
93.519;23;479;0;0
93.524;23;479;0;0
93.529;23;479;0;0
93.534;23;479;0;0
93.539;23;479;0;0
93.544;23;479;0;0
93.549;23;479;0;0
93.554;23;479;0;0
93.559;23;479;0;0
93.564;23;479;0;0
93.569;23;479;0;0
93.574;23;479;0;0
93.579;23;479;0;0
93.584;23;479;0;0
93.589;23;479;0;0
93.594;23;479;0;0
93.599;23;479;0;0
93.604;23;479;0;0
93.609;23;479;0;0
93.614;23;479;0;0
93.619;23;479;0;0
93.624;23;479;0;0
93.629;23;479;0;0
93.634;23;479;0;0
93.639;23;479;0;0
93.644;23;479;0;0
93.649;23;479;0;0
93.654;23;479;0;0
93.659;23;479;0;0
93.664;23;479;0;0
93.669;23;479;0;0
93.674;23;479;0;0
93.679;23;479;0;0
93.684;23;479;0;0
93.689;23;479;0;0
93.694;23;479;0;0
93.699;23;479;0;0
93.704;23;479;0;0
93.709;23;479;0;0
93.714;23;479;0;0
93.719;23;479;0;0
93.724;23;479;0;0
93.729;23;479;0;0
93.734;23;479;0;0
93.739;23;479;0;0
93.744;23;479;0;0
93.749;23;479;0;0
93.754;23;479;0;0
93.759;23;479;0;0
93.764;23;479;0;0
93.769;23;479;0;0
93.774;23;479;0;0
93.779;23;479;0;0
93.784;23;479;0;0
93.789;23;479;0;0
93.794;23;479;0;0
93.799;23;479;0;0
93.804;23;479;0;0
93.809;23;479;0;0
93.814;23;479;0;0
93.819;23;479;0;0
93.824;23;479;0;0
93.829;23;479;0;0
93.834;23;479;0;0
93.839;23;479;0;0
93.844;23;479;0;0
93.849;23;479;0;0
93.854;23;479;0;0
93.859;23;479;0;0
93.864;23;479;0;0
93.869;23;479;0;0
93.874;23;479;0;0
93.879;23;479;0;0
93.884;23;479;0;0
93.889;23;479;0;0
93.894;23;479;0;0
93.899;23;479;0;0
93.904;23;479;0;0
93.909;23;479;0;0
93.914;23;479;0;0
93.919;23;479;0;0
93.924;23;479;0;0
93.929;23;479;0;0
93.934;23;479;0;0
93.939;23;479;0;0
93.944;23;479;0;0
93.949;23;479;0;0
93.954;23;479;0;0
93.959;23;479;0;0
93.964;23;479;0;0
93.969;23;479;0;0
93.974;23;479;0;0
93.979;23;479;0;0
93.984;23;479;0;0
93.989;23;479;0;0
93.994;23;479;0;0
93.999;23;479;0;0
94.004;23;479;0;0
94.009;23;479;0;0
94.014;23;479;0;0
94.019;23;479;0;0
94.024;23;479;0;0
94.029;23;479;0;0
94.034;23;479;0;0
94.039;23;479;0;0
94.044;23;479;0;0
94.049;23;479;0;0
94.054;23;479;0;0
94.059;23;479;0;0
94.064;23;479;0;0
94.069;23;479;0;0
94.074;23;479;0;0
94.079;23;479;0;0
94.084;23;479;0;0
94.089;23;479;0;0
94.094;23;479;0;0
94.099;23;479;0;0
94.104;23;479;0;0
94.109;23;479;0;0
94.114;23;479;0;0
94.119;23;479;0;0
94.124;23;479;0;0
94.129;23;479;0;0
94.134;23;479;0;0
94.139;23;479;0;0
94.144;23;479;0;0
94.149;23;479;0;0
94.154;23;479;0;0
94.159;23;479;0;0
94.164;23;479;0;0
94.169;23;479;0;0
94.174;23;479;0;0
94.179;23;479;0;0
94.184;23;479;0;0
94.189;23;479;0;0
94.194;23;479;0;0
94.199;23;479;0;0
94.204;23;479;0;0
94.209;23;479;0;0
94.214;23;479;0;0
94.219;23;479;0;0
94.224;23;479;0;0
94.229;23;479;0;0
94.234;23;479;0;0
94.239;23;479;0;0
94.244;23;479;0;0
94.249;23;479;0;0
94.254;23;479;0;0
94.259;23;479;0;0
94.264;23;479;0;0
94.269;23;479;0;0
94.274;23;479;0;0
94.279;23;479;0;0
94.284;23;479;0;0
94.289;23;479;0;0
94.294;23;479;0;0
94.299;23;479;0;0
94.304;23;479;0;0
94.309;23;479;0;0
94.314;23;479;0;0
94.319;23;479;0;0
94.324;23;479;0;0
94.329;23;479;0;0
94.334;23;479;0;0
94.339;23;479;0;0
94.344;23;479;0;0
94.349;23;479;0;0
94.354;23;479;0;0
94.359;23;479;0;0
94.364;23;479;0;0
94.369;23;479;0;0
94.374;23;479;0;0
94.379;23;479;0;0
94.384;23;479;0;0
94.389;23;479;0;0
94.394;23;479;0;0
94.399;23;479;0;0
94.404;23;479;0;0
94.409;23;479;0;0
94.414;23;479;0;0
94.419;23;479;0;0
94.424;23;479;0;0
94.429;23;479;0;0
94.434;23;479;0;0
94.439;23;479;0;0
94.444;23;479;0;0
94.449;23;479;0;0
94.454;23;479;0;0
94.459;23;479;0;0
94.464;23;479;0;0
94.469;23;479;0;0
94.474;23;479;0;0
94.479;23;479;0;0
94.484;23;479;0;0
94.489;23;479;0;0
94.494;23;479;0;0
94.499;23;479;0;0
94.504;23;479;0;0
94.509;23;479;0;0
94.514;23;479;0;0
94.519;23;479;0;0
94.524;23;479;0;0
94.529;23;479;0;0
94.534;23;479;0;0
94.539;23;479;0;0
94.544;23;479;0;0
94.549;23;479;0;0
94.554;23;479;0;0
94.559;23;479;0;0
94.564;23;479;0;0
94.569;23;479;0;0
94.574;23;479;0;0
94.579;23;479;0;0
94.584;23;479;0;0
94.589;23;479;0;0
94.594;23;479;0;0
94.599;23;479;0;0
94.604;23;479;0;0
94.609;23;479;0;0
94.614;23;479;0;0
94.619;23;479;0;0
94.624;23;479;0;0
94.629;23;479;0;0
94.634;23;479;0;0
94.639;23;479;0;0
94.644;23;479;0;0
94.649;23;479;0;0
94.654;23;479;0;0
94.659;23;479;0;0
94.664;23;479;0;0
94.669;23;479;0;0
94.674;23;479;0;0
94.679;23;479;0;0
94.684;23;479;0;0
94.689;23;479;0;0
94.694;23;479;0;0
94.699;23;479;0;0
94.704;23;479;0;0
94.709;23;479;0;0
94.714;23;479;0;0
94.719;23;479;0;0
94.724;23;479;0;0
94.729;23;479;0;0
94.734;23;479;0;0
94.739;23;479;0;0
94.744;23;479;0;0
94.749;23;479;0;0
94.754;23;479;0;0
94.759;23;479;0;0
94.764;23;479;0;0
94.769;23;479;0;0
94.774;23;479;0;0
94.779;23;479;0;0
94.784;23;479;0;0
94.789;23;479;0;0
94.794;23;479;0;0
94.799;23;479;0;0
94.804;23;479;0;0
94.809;23;479;0;0
94.814;23;479;0;0
94.819;23;479;0;0
94.824;23;479;0;0
94.829;23;479;0;0
94.834;23;479;0;0
94.839;23;479;0;0
94.844;23;479;0;0
94.849;23;479;0;0
94.854;23;479;0;0
94.859;23;479;0;0
94.864;23;479;0;0
94.869;23;479;0;0
94.874;23;479;0;0
94.879;23;479;0;0
94.884;23;479;0;0
94.889;23;479;0;0
94.894;23;479;0;0
94.899;23;479;0;0
94.904;23;479;0;0
94.909;23;479;0;0
94.914;23;479;0;0
94.919;23;479;0;0
94.924;23;479;0;0
94.929;23;479;0;0
94.934;23;479;0;0
94.939;23;479;0;0
94.944;23;479;0;0
94.949;23;479;0;0
94.954;23;479;0;0
94.959;23;479;0;0
94.964;23;479;0;0
94.969;23;479;0;0
94.974;23;479;0;0
94.979;23;479;0;0
94.984;23;479;0;0
94.989;23;479;0;0
94.994;23;479;0;0
94.999;23;479;0;0
95.004;23;479;0;0
95.009;23;479;0;0
95.014;23;479;0;0
95.019;23;479;0;0
95.024;23;479;0;0
95.029;23;479;0;0
95.034;23;479;0;0
95.039;23;479;0;0
95.044;23;479;0;0
95.049;23;479;0;0
95.054;23;479;0;0
95.059;23;479;0;0
95.064;23;479;0;0
95.069;23;479;0;0
95.074;23;479;0;0
95.079;23;479;0;0
95.084;23;479;0;0
95.089;23;479;0;0
95.094;23;479;0;0
95.099;23;479;0;0
95.104;23;479;0;0
95.109;23;479;0;0
95.114;23;479;0;0
95.119;23;479;0;0
95.124;23;479;0;0
95.129;23;479;0;0
95.134;23;479;0;0
95.139;23;479;0;0
95.144;23;479;0;0
95.149;23;479;0;0
95.154;23;479;0;0
95.159;23;479;0;0
95.164;23;479;0;0
95.169;23;479;0;0
95.174;23;479;0;0
95.179;23;479;0;0
95.184;23;479;0;0
95.189;23;479;0;0
95.194;23;479;0;0
95.199;23;479;0;0
95.204;23;479;0;0
95.209;23;479;0;0
95.214;23;479;0;0
95.219;23;479;0;0
95.224;23;479;0;0
95.229;31;407;0;0
95.234;31;347;0;0
95.239;31;295;0;0
95.244;31;251;0;0
95.249;31;213;0;0
95.254;31;181;0;0
95.259;31;154;0;0
95.264;31;131;0;0
95.269;31;111;0;0
95.274;31;95;0;0
95.279;31;81;0;0
95.284;31;68;0;0
95.289;31;58;0;0
95.294;31;49;0;0
95.299;31;42;0;0
95.304;31;36;0;0
95.309;31;30;0;0
95.314;31;26;0;0
95.319;31;22;0;0
95.324;31;18;0;0
95.329;31;16;0;0
95.334;31;13;0;0
95.339;31;11;0;0
95.344;31;9;0;0
95.349;31;8;0;0
95.354;31;7;0;0
95.359;31;6;0;0
95.364;31;5;0;0
95.369;31;4;0;0
95.374;31;3;0;0
95.379;31;3;0;0
95.384;31;2;0;0
95.389;31;2;0;0
95.394;31;1;0;0
95.399;31;1;0;0
95.404;31;1;0;0
95.409;31;1;0;0
95.414;31;1;0;0
95.419;31;0;0;0
95.424;31;0;0;0
95.429;31;0;0;0
95.434;31;0;0;0
95.439;31;0;0;0
95.444;31;0;0;0
95.449;31;0;0;0
95.454;31;0;0;0
95.459;31;0;0;0
95.464;31;0;0;0
95.469;31;0;0;0
95.474;31;0;0;0
95.479;31;0;0;0
95.484;31;0;0;0
95.489;31;0;0;0
95.494;31;0;0;0
95.499;31;0;0;0
95.504;31;0;0;0
95.509;31;0;0;0
95.514;31;0;0;0
95.519;31;0;0;0
95.524;31;0;0;0
95.529;31;0;0;0
95.534;31;0;0;0
95.539;31;0;0;0
95.544;31;0;0;0
95.549;31;0;0;0
95.554;31;0;0;0
95.559;31;0;0;0
95.564;31;0;0;0
95.569;31;0;0;0
95.574;31;0;0;0
95.579;31;0;0;0
95.584;31;0;0;0
95.589;31;0;0;0
95.594;31;0;0;0
95.599;31;0;0;0
95.604;31;0;0;0
95.609;31;0;0;0
95.614;31;0;0;0
95.619;31;0;0;0
95.624;31;0;0;0
95.629;31;0;0;0
95.634;31;0;0;0
95.639;31;0;0;0
95.644;31;0;0;0
95.649;31;0;0;0
95.654;31;0;0;0
95.659;31;0;0;0
95.664;31;0;0;0
95.669;31;0;0;0
95.674;31;0;0;0
95.679;31;0;0;0
95.684;31;0;0;0
95.689;31;0;0;0
95.694;31;0;0;0
95.699;31;0;0;0
95.704;31;0;0;0
95.709;31;0;0;0
95.714;31;0;0;0
95.719;31;0;0;0
95.724;31;0;0;0
95.729;31;0;0;0
95.734;31;0;0;0
95.739;31;0;0;0
95.744;31;0;0;0
95.749;31;0;0;0
95.754;31;0;0;0
95.759;31;0;0;0
95.764;31;0;0;0
95.769;31;0;0;0
95.774;31;0;0;0
95.779;31;0;0;0
95.784;31;0;0;0
95.789;31;0;0;0
95.794;31;0;0;0
95.799;31;0;0;0
95.804;31;0;0;0
95.809;31;0;0;0
95.814;31;0;0;0
95.819;31;0;0;0
95.824;31;0;0;0
95.829;31;0;0;0
95.834;31;0;0;0
95.839;31;0;0;0
95.844;31;0;0;0
95.849;31;0;0;0
95.854;31;0;0;0
95.859;31;0;0;0
95.864;31;0;0;0
95.869;31;0;0;0
95.874;31;0;0;0
95.879;31;0;0;0
95.884;31;0;0;0
95.889;31;0;0;0
95.894;31;0;0;0
95.899;31;0;0;0
95.904;31;0;0;0
95.909;31;0;0;0
95.914;31;0;0;0
95.919;31;0;0;0
95.924;31;0;0;0
95.929;31;0;0;0
95.934;31;0;0;0
95.939;31;0;0;0
95.944;31;0;0;0
95.949;31;0;0;0
95.954;31;0;0;0
95.959;31;0;0;0
95.964;31;0;0;0
95.969;31;0;0;0
95.974;31;0;0;0
95.979;31;0;0;0
95.984;31;0;0;0
95.989;31;0;0;0
95.994;31;0;0;0
95.999;31;0;0;0
96.004;31;0;0;0
96.009;31;0;0;0
96.014;31;0;0;0
96.019;31;0;0;0
96.024;31;0;0;0
96.029;31;0;0;0
96.034;31;0;0;0
96.039;31;0;0;0
96.044;31;0;0;0
96.049;31;0;0;0
96.054;31;0;0;0
96.059;31;0;0;0
96.064;31;0;0;0
96.069;39;0;0;0
96.074;39;0;0;0
96.079;39;0;0;0
96.084;39;0;0;0
96.089;39;0;0;0
96.094;39;0;0;0
96.099;39;0;0;0
96.104;39;0;0;0
96.109;39;0;0;0
96.114;39;0;0;0
96.119;39;0;0;0
96.124;39;0;0;0
96.129;39;0;0;0
96.134;39;0;0;0
96.139;39;0;0;0
96.144;39;0;0;0
96.149;39;0;0;0
96.154;39;0;0;0
96.159;39;0;0;0
96.164;39;0;0;0
96.169;39;0;0;0
96.174;39;0;0;0
96.179;39;0;0;0
96.184;39;0;0;0
96.189;39;0;0;0
96.194;39;0;0;0
96.199;39;0;0;0
96.204;39;0;0;0
96.209;39;0;0;0
96.214;39;0;0;0
96.219;39;0;0;0
96.224;39;0;0;0
96.229;39;0;0;0
96.234;39;0;0;0
96.239;39;0;0;0
96.244;39;0;0;0
96.249;39;0;0;0
96.254;39;0;0;0
96.259;39;0;0;0
96.264;39;0;0;0
96.269;39;0;0;0
96.274;39;0;0;0
96.279;39;0;0;0
96.284;39;0;0;0
96.289;39;0;0;0
96.294;39;0;0;0
96.299;39;0;0;0
96.304;39;0;0;0
96.309;39;0;0;0
96.314;39;0;0;0
96.319;39;0;0;0
96.324;39;0;0;0
96.329;39;0;0;0
96.334;39;0;0;0
96.339;39;0;0;0
96.344;39;0;0;0
96.349;39;0;0;0
96.354;39;0;0;0
96.359;39;0;0;0
96.364;39;0;0;0
96.369;39;0;0;0
96.374;39;0;0;0
96.379;39;0;0;0
96.384;39;0;0;0
96.389;39;0;0;0
96.394;39;0;0;0
96.399;39;0;0;0
96.404;39;0;0;0
96.409;39;0;0;0
96.414;39;0;0;0
96.419;39;0;0;0
96.424;39;0;0;0
96.429;39;0;0;0
96.434;39;0;0;0
96.439;39;0;0;0
96.444;39;0;0;0
96.449;39;0;0;0
96.454;39;0;0;0
96.459;39;0;0;0
96.464;39;0;0;0
96.469;39;0;0;0
96.474;39;0;0;0
96.479;39;0;0;0
96.484;39;0;0;0
96.489;39;0;0;0
96.494;39;0;0;0
96.499;39;0;0;0
96.504;39;0;0;0
96.509;39;0;0;0
96.514;39;0;0;0
96.519;39;0;0;0
96.524;39;0;0;0
96.529;39;0;0;0
96.534;39;0;0;0
96.539;39;0;0;0
96.544;39;0;0;0
96.549;39;0;0;0
96.554;39;0;0;0
96.559;39;0;0;0
96.564;39;0;0;0
96.569;39;0;0;0
96.574;39;0;0;0
96.579;39;0;0;0
96.584;39;0;0;0
96.589;39;0;0;0
96.594;39;0;0;0
96.599;39;0;0;0
96.604;39;0;0;0
96.609;39;0;0;0
96.614;39;0;0;0
96.619;39;0;0;0
96.624;39;0;0;0
96.629;39;0;0;0
96.634;39;0;0;0
96.639;39;0;0;0
96.644;39;0;0;0
96.649;39;0;0;0
96.654;39;0;0;0
96.659;39;0;0;0
96.664;39;0;0;0
96.669;39;0;0;0
96.674;39;0;0;0
96.679;39;0;0;0
96.684;39;0;0;0
96.689;39;0;0;0
96.694;39;0;0;0
96.699;39;0;0;0
96.704;39;0;0;0
96.709;39;0;0;0
96.714;39;0;0;0
96.719;39;0;0;0
96.724;39;0;0;0
96.729;39;0;0;0
96.734;39;0;0;0
96.739;39;0;0;0
96.744;39;0;0;0
96.749;39;0;0;0
96.754;39;0;0;0
96.759;39;0;0;0
96.764;39;0;0;0
96.769;39;0;0;0
96.774;39;0;0;0
96.779;39;0;0;0
96.784;39;0;0;0
96.789;39;0;0;0
96.794;39;0;0;0
96.799;39;0;0;0
96.804;39;0;0;0
96.809;39;0;0;0
96.814;39;0;0;0
96.819;39;0;0;0
96.824;39;0;0;0
96.829;39;0;0;0
96.834;39;0;0;0
96.839;39;0;0;0
96.844;39;0;0;0
96.849;39;0;0;0
96.854;39;0;0;0
96.859;39;0;0;0
96.864;39;0;0;0
96.869;39;0;0;0
96.874;39;0;0;0
96.879;39;0;0;0
96.884;39;0;0;0
96.889;39;0;0;0
96.894;39;0;0;0
96.899;39;0;0;0
96.904;39;0;0;0
96.909;39;0;0;0
96.914;39;0;0;0
96.919;39;0;0;0
96.924;39;0;0;0
96.929;39;0;0;0
96.934;39;0;0;0
96.939;39;0;0;0
96.944;39;0;0;0
96.949;39;0;0;0
96.954;39;0;0;0
96.959;39;0;0;0
96.964;39;0;0;0
96.969;39;0;0;0
96.974;39;0;0;0
96.979;39;0;0;0
96.984;39;0;0;0
96.989;39;0;0;0
96.994;39;0;0;0
96.999;39;0;0;0
97.004;39;0;0;0
97.009;39;0;0;0
97.014;39;0;0;0
97.019;39;0;0;0
97.024;39;0;0;0
97.029;39;0;0;0
97.034;39;0;0;0
97.039;39;0;0;0
97.044;39;0;0;0
97.049;39;0;0;0
97.054;39;0;0;0
97.059;39;0;0;0
97.064;39;0;0;0
97.069;39;0;0;0
97.074;39;0;0;0
97.079;39;0;0;0
97.084;39;0;0;0
97.089;39;0;0;0
97.094;39;0;0;0
97.099;39;0;0;0
97.104;39;0;0;0
97.109;39;0;0;0
97.114;39;0;0;0
97.119;39;0;0;0
97.124;39;0;0;0
97.129;39;0;0;0
97.134;47;0;0;0
97.139;47;0;0;0
97.144;47;0;0;0
97.149;47;0;0;0
97.154;54;0;0;0
97.159;54;0;0;0
97.164;54;0;0;0
97.169;54;0;0;0
97.174;54;0;0;0
97.179;54;0;0;0
97.184;62;0;0;0
97.189;62;0;0;0
97.194;62;0;0;0
97.199;70;6;0;0
97.204;70;43;0;0
97.209;70;75;0;0
97.214;70;99;0;0
97.219;70;118;0;0
97.224;70;135;0;0
97.229;70;149;0;0
97.234;70;161;0;0
97.239;70;169;0;0
97.244;70;175;0;0
97.249;70;179;0;0
97.254;70;183;0;0
97.259;70;186;0;0
97.264;70;189;0;0
97.269;70;191;0;0
97.274;70;193;0;0
97.279;70;195;0;0
97.284;70;196;0;0
97.289;70;198;0;0
97.294;70;195;0;0
97.299;70;192;0;0
97.304;70;191;0;0
97.309;70;189;0;0
97.314;70;187;0;0
97.319;70;186;0;0
97.324;70;185;0;0
97.329;70;184;0;0
97.334;70;184;0;0
97.339;70;183;0;0
97.344;62;155;0;0
97.349;62;120;0;0
97.354;62;95;0;0
97.359;62;73;0;0
97.364;62;54;0;0
97.369;62;38;0;0
97.374;62;25;0;0
97.379;62;13;0;0
97.384;62;4;0;0
97.389;62;-4;0;0
97.394;62;-11;0;0
97.399;62;-17;0;0
97.404;62;-22;0;0
97.409;62;-26;0;0
97.414;62;-30;0;0
97.419;62;-33;0;0
97.424;62;-36;0;0
97.429;62;-38;0;0
97.434;62;-40;0;0
97.439;62;-42;0;0
97.444;54;-28;0;0
97.449;54;-16;0;0
97.454;54;-6;0;0
97.459;54;2;0;0
97.464;54;9;0;0
97.469;54;15;0;0
97.474;54;20;0;0
97.479;54;25;0;0
97.484;47;29;0;0
97.489;47;32;0;0
97.494;47;35;0;0
97.499;47;37;0;0
97.504;47;39;0;0
97.509;47;41;0;0
97.514;39;19;0;0
97.519;39;1;0;0
97.524;39;-13;0;0
97.529;39;-23;0;0
97.534;39;-31;0;0
97.539;39;-37;0;0
97.544;39;-43;0;0
97.549;39;-48;0;0
97.554;39;-52;0;0
97.559;39;-56;0;0
97.564;39;-59;0;0
97.569;39;-61;0;0
97.574;39;-63;0;0
97.579;39;-65;0;0
97.584;39;-67;0;0
97.589;39;-68;0;0
97.594;39;-69;0;0
97.599;39;-70;0;0
97.604;39;-71;0;0
97.609;39;-72;0;0
97.614;39;-72;0;0
97.619;39;-73;0;0
97.624;39;-73;0;0
97.629;39;-74;0;0
97.634;39;-74;0;0
97.639;39;-74;0;0
97.644;39;-74;0;0
97.649;39;-75;0;0
97.654;39;-78;0;0
97.659;39;-81;0;0
97.664;39;-84;0;0
97.669;39;-86;0;0
97.674;39;-89;0;0
97.679;39;-90;0;0
97.684;39;-90;0;0
97.689;39;-88;0;0
97.694;39;-86;0;0
97.699;39;-85;0;0
97.704;39;-84;0;0
97.709;39;-82;0;0
97.714;39;-82;0;0
97.719;39;-81;0;0
97.724;39;-80;0;0
97.729;39;-80;0;0
97.734;47;-52;0;0
97.739;47;-29;0;0
97.744;47;-10;0;0
97.749;47;3;0;0
97.754;47;14;0;0
97.759;47;23;0;0
97.764;47;31;0;0
97.769;47;38;0;0
97.774;47;43;0;0
97.779;47;48;0;0
97.784;39;45;0;0
97.789;39;31;0;0
97.794;39;19;0;0
97.799;39;8;0;0
97.804;39;0;0;0
97.809;39;-7;0;0
97.814;39;-14;0;0
97.819;39;-19;0;0
97.824;39;-24;0;0
97.829;39;-28;0;0
97.834;39;-31;0;0
97.839;39;-34;0;0
97.844;39;-37;0;0
97.849;39;-39;0;0
97.854;39;-40;0;0
97.859;39;-42;0;0
97.864;39;-43;0;0
97.869;39;-44;0;0
97.874;39;-45;0;0
97.879;39;-46;0;0
97.884;39;-47;0;0
97.889;39;-47;0;0
97.894;39;-48;0;0
97.899;39;-48;0;0
97.904;39;-47;0;0
97.909;39;-44;0;0
97.914;39;-41;0;0
97.919;31;-24;0;0
97.924;31;-9;0;0
97.929;31;3;0;0
97.934;31;14;0;0
97.939;31;23;0;0
97.944;31;31;0;0
97.949;31;38;0;0
97.954;31;44;0;0
97.959;31;49;0;0
97.964;31;56;0;0
97.969;31;63;0;0
97.974;31;69;0;0
97.979;31;74;0;0
97.984;31;78;0;0
97.989;31;83;0;0
97.994;31;90;0;0
97.999;31;96;0;0
98.004;31;102;0;0
98.009;31;109;0;0
98.014;31;117;0;0
98.019;31;126;0;0
98.024;31;137;0;0
98.029;31;150;0;0
98.034;31;165;0;0
98.039;31;185;0;0
98.044;31;211;0;0
98.049;31;247;0;0
98.054;31;303;0;0
98.059;31;404;0;0
98.064;31;739;0;0
98.069;31;80;0;0
98.074;31;-115;0;0
98.079;31;-199;0;0
98.084;31;-236;0;0
98.089;31;-251;0;0
98.094;31;-254;0;0
98.099;31;-248;0;0
98.104;31;-238;0;0
98.109;31;-230;0;0
98.114;31;-222;0;0
98.119;31;-216;0;0
98.124;31;-211;0;0
98.129;31;-206;0;0
98.134;31;-202;0;0
98.139;31;-199;0;0
98.144;31;-196;0;0
98.149;31;-194;0;0
98.154;31;-192;0;0
98.159;31;-190;0;0
98.164;31;-189;0;0
98.169;31;-188;0;0
98.174;31;-187;0;0
98.179;31;-186;0;0
98.184;31;-185;0;0
98.189;31;-184;0;0
98.194;31;-184;0;0
98.199;31;-183;0;0
98.204;31;-183;0;0
98.209;31;-182;0;0
98.214;31;-182;0;0
98.219;31;-182;0;0
98.224;31;-182;0;0
98.229;31;-182;0;0
98.234;31;-181;0;0
98.239;31;-181;0;0
98.244;31;-181;0;0
98.249;31;-181;0;0
98.254;31;-181;0;0
98.259;31;-181;0;0
98.264;31;-181;0;0
98.269;31;-181;0;0
98.274;31;-181;0;0
98.279;31;-181;0;0
98.284;31;-181;0;0
98.289;31;-181;0;0
98.294;31;-181;0;0
98.299;31;-181;0;0
98.304;31;-181;0;0
98.309;31;-181;0;0
98.314;31;-181;0;0
98.319;31;-181;0;0
98.324;31;-181;0;0
98.329;31;-181;0;0
98.334;31;-181;0;0
98.339;31;-181;0;0
98.344;31;-181;0;0
98.349;31;-181;0;0
98.354;31;-181;0;0
98.359;31;-181;0;0
98.364;31;-181;0;0
98.369;31;-181;0;0
98.374;31;-181;0;0
98.379;31;-181;0;0
98.384;31;-181;0;0
98.389;31;-181;0;0
98.394;31;-181;0;0
98.399;31;-181;0;0
98.404;31;-181;0;0
98.409;31;-181;0;0
98.414;31;-181;0;0
98.419;31;-181;0;0
98.424;31;-181;0;0
98.429;31;-181;0;0
98.434;31;-181;0;0
98.439;31;-181;0;0
98.444;31;-180;0;0
98.449;31;-180;0;0
98.454;31;-180;0;0
98.459;31;-180;0;0
98.464;31;-180;0;0
98.469;31;-180;0;0
98.474;31;-180;0;0
98.479;31;-180;0;0
98.484;31;-180;0;0
98.489;31;-180;0;0
98.494;31;-180;0;0
98.499;31;-180;0;0
98.504;31;-180;0;0
98.509;31;-180;0;0
98.514;31;-180;0;0
98.519;31;-180;0;0
98.524;31;-180;0;0
98.529;31;-180;0;0
98.534;31;-180;0;0
98.539;31;-180;0;0
98.544;31;-180;0;0
98.549;31;-180;0;0
98.554;31;-180;0;0
98.559;31;-180;0;0
98.564;31;-180;0;0
98.569;31;-180;0;0
98.574;31;-180;0;0
98.579;31;-180;0;0
98.584;31;-180;0;0
98.589;31;-180;0;0
98.594;31;-180;0;0
98.599;31;-180;0;0
98.604;31;-180;0;0
98.609;31;-180;0;0
98.614;31;-180;0;0
98.619;31;-180;0;0
98.624;31;-180;0;0
98.629;31;-180;0;0
98.634;31;-180;0;0
98.639;31;-180;0;0
98.644;31;-180;0;0
98.649;31;-180;0;0
98.654;31;-180;0;0
98.659;31;-180;0;0
98.664;31;-180;0;0
98.669;31;-180;0;0
98.674;31;-180;0;0
98.679;31;-180;0;0
98.684;31;-180;0;0
98.689;31;-180;0;0
98.694;31;-180;0;0
98.699;31;-180;0;0
98.704;31;-180;0;0
98.709;31;-180;0;0
98.714;31;-180;0;0
98.719;31;-180;0;0
98.724;31;-180;0;0
98.729;31;-180;0;0
98.734;31;-180;0;0
98.739;31;-180;0;0
98.744;31;-180;0;0
98.749;31;-180;0;0
98.754;31;-180;0;0
98.759;31;-180;0;0
98.764;31;-180;0;0
98.769;31;-180;0;0
98.774;31;-180;0;0
98.779;31;-180;0;0
98.784;31;-180;0;0
98.789;31;-180;0;0
98.794;31;-180;0;0
98.799;31;-180;0;0
98.804;31;-180;0;0
98.809;31;-180;0;0
98.814;31;-180;0;0
98.819;31;-180;0;0
98.824;31;-180;0;0
98.829;31;-180;0;0
98.834;31;-180;0;0
98.839;39;-139;0;0
98.844;39;-91;0;0
98.849;39;-51;0;0
98.854;39;-16;0;0
98.859;39;12;0;0
98.864;39;38;0;0
98.869;39;59;0;0
98.874;39;77;0;0
98.879;39;92;0;0
98.884;39;106;0;0
98.889;39;117;0;0
98.894;39;126;0;0
98.899;39;134;0;0
98.904;39;141;0;0
98.909;39;147;0;0
98.914;39;152;0;0
98.919;39;156;0;0
98.924;39;160;0;0
98.929;39;163;0;0
98.934;39;165;0;0
98.939;39;168;0;0
98.944;39;170;0;0
98.949;39;171;0;0
98.954;39;173;0;0
98.959;39;174;0;0
98.964;39;175;0;0
98.969;39;176;0;0
98.974;39;176;0;0
98.979;39;177;0;0
98.984;39;177;0;0
98.989;39;178;0;0
98.994;39;178;0;0
98.999;39;179;0;0
99.004;39;179;0;0
99.009;39;179;0;0
99.014;39;179;0;0
99.019;39;179;0;0
99.024;39;180;0;0
99.029;39;180;0;0
99.034;39;180;0;0
99.039;39;180;0;0
99.044;39;180;0;0
99.049;39;180;0;0
99.054;39;180;0;0
99.059;39;180;0;0
99.064;39;180;0;0
99.069;39;180;0;0
99.074;39;180;0;0
99.079;39;180;0;0
99.084;39;180;0;0
99.089;39;180;0;0
99.094;39;180;0;0
99.099;39;180;0;0
99.104;39;180;0;0
99.109;39;180;0;0
99.114;39;180;0;0
99.119;39;180;0;0
99.124;39;180;0;0
99.129;39;180;0;0
99.134;39;180;0;0
99.139;39;180;0;0
99.144;39;180;0;0
99.149;39;180;0;0
99.154;39;180;0;0
99.159;39;180;0;0
99.164;39;180;0;0
99.169;39;180;0;0
99.174;39;180;0;0
99.179;39;180;0;0
99.184;39;180;0;0
99.189;39;180;0;0
99.194;39;180;0;0
99.199;39;180;0;0
99.204;39;180;0;0
99.209;39;180;0;0
99.214;39;180;0;0
99.219;39;180;0;0
99.224;39;180;0;0
99.229;39;180;0;0
99.234;39;180;0;0
99.239;39;180;0;0
99.244;39;180;0;0
99.249;39;180;0;0
99.254;39;180;0;0
99.259;39;180;0;0
99.264;39;180;0;0
99.269;39;180;0;0
99.274;39;180;0;0
99.279;39;180;0;0
99.284;39;180;0;0
99.289;39;180;0;0
99.294;39;180;0;0
99.299;39;180;0;0
99.304;39;180;0;0
99.309;39;180;0;0
99.314;39;180;0;0
99.319;39;180;0;0
99.324;39;180;0;0
99.329;39;180;0;0
99.334;39;180;0;0
99.339;39;180;0;0
99.344;39;180;0;0
99.349;39;180;0;0
99.354;39;180;0;0
99.359;39;180;0;0
99.364;39;180;0;0
99.369;39;180;0;0
99.374;39;180;0;0
99.379;39;180;0;0
99.384;39;180;0;0
99.389;39;180;0;0
99.394;39;180;0;0
99.399;39;180;0;0
99.404;39;180;0;0
99.409;39;180;0;0
99.414;39;180;0;0
99.419;39;180;0;0
99.424;39;180;0;0
99.429;39;180;0;0
99.434;39;180;0;0
99.439;39;180;0;0
99.444;39;180;0;0
99.449;39;180;0;0
99.454;39;180;0;0
99.459;39;180;0;0
99.464;39;180;0;0
99.469;39;180;0;0
99.474;39;180;0;0
99.479;39;180;0;0
99.484;39;180;0;0
99.489;39;180;0;0
99.494;39;180;0;0
99.499;39;180;0;0
99.504;39;180;0;0
99.509;39;180;0;0
99.514;39;180;0;0
99.519;39;180;0;0
99.524;39;180;0;0
99.529;39;180;0;0
99.534;39;180;0;0
99.539;39;180;0;0
99.544;39;180;0;0
99.549;39;180;0;0
99.554;39;180;0;0
99.559;39;180;0;0
99.564;47;153;0;0
99.569;47;130;0;0
99.574;47;111;0;0
99.579;47;94;0;0
99.584;47;80;0;0
99.589;47;68;0;0
99.594;47;58;0;0
99.599;47;49;0;0
99.604;47;42;0;0
99.609;47;35;0;0
99.614;47;30;0;0
99.619;47;25;0;0
99.624;47;22;0;0
99.629;54;18;0;0
99.634;54;16;0;0
99.639;54;13;0;0
99.644;54;11;0;0
99.649;54;9;0;0
99.654;54;8;0;0
99.659;54;7;0;0
99.664;54;6;0;0
99.669;54;5;0;0
99.674;62;4;0;0
99.679;62;3;0;0
99.684;62;3;0;0
99.689;62;2;0;0
99.694;62;2;0;0
99.699;70;25;0;0
99.704;70;48;0;0
99.709;70;64;0;0
99.714;70;77;0;0
99.719;70;89;0;0
99.724;70;98;0;0
99.729;78;102;0;0
99.734;78;102;0;0
99.739;86;103;0;0
99.744;86;107;0;0
99.749;86;110;0;0
99.754;94;144;0;0
99.759;101;180;0;0
99.764;101;247;0;0
99.769;101;297;0;0
99.774;109;328;0;0
99.779;109;328;0;0
99.784;117;325;0;0
99.789;117;322;0;0
99.794;125;330;0;0
99.799;133;342;0;0
99.804;133;350;0;0
99.809;140;359;0;0
99.814;148;367;0;0
99.819;156;378;0;0
99.824;164;402;0;0
99.829;164;431;0;0
99.834;171;456;0;0
99.839;187;474;0;0
99.844;195;530;0;0
99.849;202;586;0;0
99.854;210;615;0;0
99.859;225;783;0;0
99.864;233;874;0;0
99.869;248;900;0;0
99.874;263;960;0;0
99.879;278;977;0;0
99.884;286;1036;0;0
99.889;309;1083;0;0
99.894;323;1153;0;0
99.899;346;1210;0;0
99.904;360;1271;0;0
99.909;382;1358;0;0
99.914;5198;0;0;0
99.919;5506;0;0;0
99.924;5761;0;0;0
99.929;6017;0;0;0
99.934;6318;0;0;0
99.939;6619;0;0;0
99.944;6952;0;0;0
99.949;7286;0;0;0
99.954;7574;0;0;0
99.959;7933;0;0;0
99.964;8286;0;0;0
99.969;8665;0;0;0
99.974;9025;0;0;0
99.979;9345;0;0;0
99.984;9712;0;0;0
99.989;10059;0;0;0
99.994;10405;0;0;0
99.999;10726;0;0;0
100.004;11001;0;0;0
100.009;11276;0;0;0
100.014;11525;0;0;0
100.019;11715;0;0;0
100.024;11873;0;0;0
100.029;11973;0;0;0
100.034;12020;0;0;0
100.039;11990;0;0;0
100.044;11894;0;0;0
100.049;11695;0;0;0
100.054;11378;0;0;0
100.059;11049;0;0;0
100.064;10628;0;0;0
100.069;10104;0;0;0
100.074;9514;0;0;0
100.079;8887;0;0;0
100.084;8226;0;0;0
100.089;7463;0;0;0
100.094;6695;0;0;0
100.099;5834;0;0;0
100.104;4940;0;0;0
100.109;4089;0;0;0
100.114;3251;0;0;0
100.119;2546;0;0;0
100.124;1822;0;0;0
100.129;1229;0;0;0
100.134;700;0;0;0
100.139;256;0;0;0
100.144;-123;0;0;0
100.149;-450;0;0;0
100.154;-673;0;0;0
100.159;-863;0;0;0
100.164;-995;0;0;0
100.169;-1095;0;0;0
100.174;-1149;0;0;0
100.179;-1190;0;0;0
100.184;-1205;0;0;0
100.189;-1207;0;0;0
100.194;-1215;0;0;0
100.199;-1191;0;0;0
100.204;-1193;0;0;0
100.209;-1189;0;0;0
100.214;-1204;0;0;0
100.219;-1212;0;0;0
100.224;-1204;0;0;0
100.229;-1246;0;0;0
100.234;-1246;0;0;0
100.239;-1294;0;0;0
100.244;-1304;0;0;0
100.249;-1340;0;0;0
100.254;-1369;0;0;0
100.259;-1428;0;0;0
100.264;-1483;0;0;0
100.269;-1602;0;0;0
100.274;-1688;0;0;0
100.279;-1773;0;0;0
100.284;-1917;0;0;0
100.289;-2063;0;0;0
100.294;-2179;0;0;0
100.299;-2353;0;0;0
100.304;-2518;0;0;0
100.309;-2712;0;0;0
100.314;-2896;0;0;0
100.319;-3095;0;0;0
100.324;-3264;0;0;0
100.329;-3462;0;0;0
100.334;-3643;0;0;0
100.339;-3818;0;0;0
100.344;-3968;0;0;0
100.349;-4090;0;0;0
100.354;-4185;0;0;0
100.359;-4230;0;0;0
100.364;-4230;0;0;0
100.369;-4184;0;0;0
100.374;-4054;0;0;0
100.379;-3860;0;0;0
100.384;-3565;0;0;0
100.389;-3199;0;0;0
100.394;-2753;0;0;0
100.399;-2199;0;0;0
100.404;-1568;0;0;0
100.409;-857;0;0;0
100.414;-51;0;0;0
100.419;744;0;0;0
100.424;1662;0;0;0
100.429;2490;0;0;0
100.434;3421;0;0;0
100.439;4249;0;0;0
100.444;5109;0;0;0
100.449;5891;0;0;0
100.454;6603;0;0;0
100.459;7320;0;0;0
100.464;7985;0;0;0
100.469;8572;0;0;0
100.474;9074;0;0;0
100.479;9525;0;0;0
100.484;9930;0;0;0
100.489;10270;0;0;0
100.494;10571;0;0;0
100.499;10794;0;0;0
100.504;10985;0;0;0
100.509;11137;0;0;0
100.514;11262;0;0;0
100.519;11376;0;0;0
100.524;11462;0;0;0
100.529;11536;0;0;0
100.534;11609;0;0;0
100.539;11670;0;0;0
100.544;11737;0;0;0
100.549;11797;0;0;0
100.554;11851;0;0;0
100.559;11938;0;0;0
100.564;12018;0;0;0
100.569;12117;0;0;0
100.574;12217;0;0;0
100.579;12336;0;0;0
100.584;12455;0;0;0
100.589;12593;0;0;0
100.594;12732;0;0;0
100.599;12891;0;0;0
100.604;13042;0;0;0
100.609;13213;0;0;0
100.614;13391;0;0;0
100.619;13562;0;0;0
100.624;13739;0;0;0
100.629;13897;0;0;0
100.634;14068;0;0;0
100.639;14220;0;0;0
100.644;14358;0;0;0
100.649;14477;0;0;0
100.654;14578;0;0;0
100.659;14638;0;0;0
100.664;14673;0;0;0
100.669;14668;0;0;0
100.674;14599;0;0;0
100.679;14490;0;0;0
100.684;14330;0;0;0
100.689;14098;0;0;0
100.694;13827;0;0;0
100.699;13510;0;0;0
100.704;13109;0;0;0
100.709;12654;0;0;0
100.714;12077;0;0;0
100.719;11482;0;0;0
100.724;10825;0;0;0
100.729;10067;0;0;0
100.734;9281;0;0;0
100.739;8453;0;0;0
100.744;7580;0;0;0
100.749;6823;0;0;0
100.754;6047;0;0;0
100.759;5342;0;0;0
100.764;4716;0;0;0
100.769;4090;0;0;0
100.774;3575;0;0;0
100.779;3098;0;0;0
100.784;2628;0;0;0
100.789;2282;0;0;0
100.794;1942;0;0;0
100.799;1654;0;0;0
100.804;1398;0;0;0
100.809;1194;0;0;0
100.814;1003;0;0;0
100.819;832;0;0;0
100.824;700;0;0;0
100.829;575;0;0;0
100.834;456;0;0;0
100.839;350;0;0;0
100.844;244;0;0;0
100.849;138;0;0;0
100.854;32;0;0;0
100.859;-68;0;0;0
100.864;-174;0;0;0
100.869;-294;0;0;0
100.874;-413;0;0;0
100.879;-532;0;0;0
100.884;-664;0;0;0
100.889;-802;0;0;0
100.894;-934;0;0;0
100.899;-1066;0;0;0
100.904;-1198;0;0;0
100.909;-1330;0;0;0
100.914;-1456;0;0;0
100.919;-1562;0;0;0
100.924;-1668;0;0;0
100.929;-1754;0;0;0
100.934;-1802;0;0;0
100.939;-1843;0;0;0
100.944;-1851;0;0;0
100.949;-1809;0;0;0
100.954;-1746;0;0;0
100.959;-1644;0;0;0
100.964;-1477;0;0;0
100.969;-1258;0;0;0
100.974;-951;0;0;0
100.979;-580;0;0;0
100.984;-111;0;0;0