t;e;d;i;set

0.504;0;3;0;0
0.509;0;3;0;0
0.514;0;3;0;0
0.519;0;3;0;0
0.524;0;3;0;0
0.529;0;3;0;0
0.534;0;3;0;0
0.539;0;3;0;0
0.544;0;3;0;0
0.549;0;3;0;0
0.554;0;3;0;0
0.559;0;3;0;0
0.564;0;3;0;0
0.569;0;3;0;0
0.574;0;3;0;0
0.579;0;3;0;0
0.584;0;3;0;0
0.589;0;3;0;0
0.594;0;3;0;0
0.599;0;3;0;0
0.604;0;3;0;0
0.609;0;3;0;0
0.614;0;3;0;0
0.619;0;3;0;0
0.624;0;3;0;0
0.629;0;3;0;0
0.634;0;3;0;0
0.639;0;3;0;0
0.644;0;3;0;0
0.649;0;3;0;0
0.654;0;3;0;0
0.659;0;3;0;0
0.664;0;3;0;0
0.669;0;3;0;0
0.674;0;3;0;0
0.679;0;3;0;0
0.684;0;3;0;0
0.689;0;3;0;0
0.694;0;3;0;0
0.699;0;3;0;0
0.704;0;3;0;0
0.709;0;3;0;0
0.714;0;3;0;0
0.719;0;3;0;0
0.724;0;3;0;0
0.729;0;3;0;0
0.734;0;3;0;0
0.739;0;3;0;0
0.744;0;3;0;0
0.749;0;3;0;0
0.754;0;3;0;0
0.759;0;3;0;0
0.764;0;3;0;0
0.769;0;3;0;0
0.774;0;3;0;0
0.779;0;3;0;0
0.784;0;3;0;0
0.789;0;3;0;0
0.794;0;3;0;0
0.799;0;3;0;0
0.804;0;3;0;0
0.809;0;3;0;0
0.814;0;3;0;0
0.819;0;3;0;0
0.824;0;3;0;0
0.829;0;3;0;0
0.834;0;3;0;0
0.839;0;3;0;0
0.844;0;3;0;0
0.849;0;3;0;0
0.854;0;3;0;0
0.859;0;3;0;0
0.864;0;3;0;0
0.869;0;3;0;0
0.874;0;3;0;0
0.879;0;3;0;0
0.884;0;3;0;0
0.889;0;3;0;0
0.894;0;3;0;0
0.899;0;3;0;0
0.904;-23;2;0;0
0.909;-47;-4;0;0
0.914;-117;-27;0;0
0.919;-187;-43;0;0
0.924;-271;-61;0;0
0.929;-338;-70;0;0
0.934;-411;-77;0;0
0.939;-474;-77;0;0
0.944;-535;-78;0;0
0.949;-594;-76;0;0
0.954;-643;-77;0;0
0.959;-690;-76;0;0
0.964;-734;-74;0;0
0.969;-770;-71;0;0
0.974;-804;-68;0;0
0.979;-835;-66;0;0
0.984;-856;-62;0;0
0.989;-872;-54;0;0
0.994;-891;-48;0;0
0.999;-908;-45;0;0
1.004;-920;-42;0;0
1.009;-926;-37;0;0
1.014;-932;-30;0;0
1.019;-938;-29;0;0
1.024;-943;-28;0;0
1.029;-946;-24;0;0
1.034;-946;-20;0;0
1.039;-943;-13;0;0
1.044;-938;-7;0;0
1.049;-935;-3;0;0
1.054;-926;1;0;0
1.059;-920;6;0;0
1.064;-914;10;0;0
1.069;-901;15;0;0
1.074;-880;24;0;0
1.079;-864;28;0;0
1.084;-844;29;0;0
1.089;-813;37;0;0
1.094;-785;44;0;0
1.099;-755;46;0;0
1.104;-712;52;0;0
1.109;-667;57;0;0
1.114;-619;64;0;0
1.119;-568;67;0;0
1.124;-515;72;0;0
1.129;-453;74;0;0
1.134;-389;77;0;0
1.139;-323;80;0;0
1.144;-248;82;0;0
1.149;-179;86;0;0
1.154;-101;87;0;0
1.159;-23;92;0;0
1.164;54;95;0;0
1.169;133;92;0;0
1.174;202;94;0;0
1.179;278;96;0;0
1.184;346;92;0;0
1.189;404;89;0;0
1.194;467;88;0;0
1.199;529;88;0;0
1.204;587;86;0;0
1.209;631;81;0;0
1.214;667;75;0;0
1.219;712;74;0;0
1.224;750;70;0;0
1.229;780;66;0;0
1.234;804;61;0;0
1.239;827;56;0;0
1.244;848;51;0;0
1.249;864;46;0;0
1.254;876;41;0;0
1.259;891;37;0;0
1.264;898;33;0;0
1.269;904;28;0;0
1.274;908;24;0;0
1.279;911;20;0;0
1.284;911;16;0;0
1.289;911;12;0;0
1.294;908;9;0;0
1.299;904;5;0;0
1.304;898;2;0;0
1.309;887;-3;0;0
1.314;880;-11;0;0
1.319;864;-15;0;0
1.324;848;-19;0;0
1.329;831;-23;0;0
1.334;809;-28;0;0
1.339;780;-33;0;0
1.344;755;-37;0;0
1.349;718;-42;0;0
1.354;678;-47;0;0
1.359;637;-51;0;0
1.364;594;-55;0;0
1.369;542;-60;0;0
1.374;488;-64;0;0
1.379;432;-67;0;0
1.384;368;-71;0;0
1.389;294;-76;0;0
1.394;225;-81;0;0
1.399;156;-83;0;0
1.404;86;-82;0;0
1.409;7;-83;0;0
1.414;-62;-85;0;0
1.419;-133;-83;0;0
1.424;-210;-86;0;0
1.429;-271;-85;0;0
1.434;-338;-83;0;0
1.439;-397;-83;0;0
1.444;-460;-82;0;0
1.449;-515;-76;0;0
1.454;-562;-74;0;0
1.459;-606;-70;0;0
1.464;-655;-70;0;0
1.469;-690;-66;0;0
1.474;-723;-62;0;0
1.479;-760;-60;0;0
1.484;-785;-56;0;0
1.489;-809;-52;0;0
1.494;-827;-48;0;0
1.499;-840;-42;0;0
1.504;-856;-38;0;0
1.509;-868;-37;0;0
1.514;-872;-31;0;0
1.519;-880;-26;0;0
1.524;-887;-24;0;0
1.529;-887;-20;0;0
1.534;-887;-16;0;0
1.539;-887;-13;0;0
1.544;-880;-8;0;0
1.549;-872;-4;0;0
1.554;-868;0;0;0
1.559;-856;4;0;0
1.564;-848;8;0;0
1.569;-831;14;0;0
1.574;-809;21;0;0
1.579;-785;25;0;0
1.584;-765;29;0;0
1.589;-734;36;0;0
1.594;-701;40;0;0
1.599;-667;43;0;0
1.604;-619;49;0;0
1.609;-581;52;0;0
1.614;-529;57;0;0
1.619;-481;59;0;0
1.624;-425;64;0;0
1.629;-368;67;0;0
1.634;-309;69;0;0
1.639;-241;74;0;0
1.644;-179;75;0;0
1.649;-117;79;0;0
1.654;-39;80;0;0
1.659;23;80;0;0
1.664;101;82;0;0
1.669;164;82;0;0
1.674;233;81;0;0
1.679;286;77;0;0
1.684;346;78;0;0
1.689;411;80;0;0
1.694;467;80;0;0
1.699;515;75;0;0
1.704;562;70;0;0
1.709;606;67;0;0
1.714;643;64;0;0
1.719;678;61;0;0
1.724;712;58;0;0
1.729;739;55;0;0
1.734;765;51;0;0
1.739;785;46;0;0
1.744;799;42;0;0
1.749;813;37;0;0
1.754;827;33;0;0
1.759;835;29;0;0
1.764;844;25;0;0
1.769;848;21;0;0
1.774;848;18;0;0
1.779;852;14;0;0
1.784;848;10;0;0
1.789;848;6;0;0
1.794;840;-1;0;0
1.799;831;-4;0;0
1.804;822;-7;0;0
1.809;809;-13;0;0
1.814;794;-16;0;0
1.819;775;-19;0;0
1.824;755;-27;0;0
1.829;734;-30;0;0
1.834;701;-34;0;0
1.839;673;-36;0;0
1.844;637;-40;0;0
1.849;594;-45;0;0
1.854;555;-48;0;0
1.859;515;-50;0;0
1.864;460;-53;0;0
1.869;411;-56;0;0
1.874;346;-61;0;0
1.879;286;-66;0;0
1.884;225;-69;0;0
1.889;164;-70;0;0
1.894;101;-72;0;0
1.899;39;-72;0;0
1.904;-31;-73;0;0
1.909;-86;-70;0;0
1.914;-164;-75;0;0
1.919;-225;-76;0;0
1.924;-278;-75;0;0
1.929;-338;-73;0;0
1.934;-389;-71;0;0
1.939;-446;-69;0;0
1.944;-495;-67;0;0
1.949;-535;-65;0;0
1.954;-581;-62;0;0
1.959;-612;-59;0;0
1.964;-655;-62;0;0
1.969;-678;-55;0;0
1.974;-707;-50;0;0
1.979;-734;-48;0;0
1.984;-755;-45;0;0
1.989;-770;-39;0;0
1.994;-785;-35;0;0
1.999;-804;-36;0;0
2.004;-809;-30;0;0
2.009;-813;-24;0;0
2.014;-822;-23;0;0
2.019;-822;-19;0;0
2.024;-822;-15;0;0
2.029;-822;-12;0;0
2.034;-818;-9;0;0
2.039;-809;-3;0;0
2.044;-804;0;0;0
2.049;-790;4;0;0
2.054;-775;8;0;0
2.059;-755;16;0;0
2.064;-734;20;0;0
2.069;-718;22;0;0
2.074;-690;28;0;0
2.079;-655;36;0;0
2.084;-631;36;0;0
2.089;-587;42;0;0
2.094;-549;45;0;0
2.099;-509;47;0;0
2.104;-460;51;0;0
2.109;-418;53;0;0
2.114;-368;55;0;0
2.119;-316;57;0;0
2.124;-256;61;0;0
2.129;-202;62;0;0
2.134;-140;67;0;0
2.139;-78;69;0;0
2.144;-15;71;0;0
2.149;39;70;0;0
2.154;109;74;0;0
2.159;171;74;0;0
2.164;225;72;0;0
2.169;278;69;0;0
2.174;331;68;0;0
2.179;382;68;0;0
2.184;432;66;0;0
2.189;488;69;0;0
2.194;529;66;0;0
2.199;568;62;0;0
2.204;594;57;0;0
2.209;625;52;0;0
2.214;655;48;0;0
2.219;684;46;0;0
2.224;707;43;0;0
2.229;723;38;0;0
2.234;739;35;0;0
2.239;755;31;0;0
2.244;765;28;0;0
2.249;775;24;0;0
2.254;780;21;0;0
2.259;785;17;0;0
2.264;785;14;0;0
2.269;785;12;0;0
2.274;780;7;0;0
2.279;775;4;0;0
2.284;770;1;0;0
2.289;755;-2;0;0
2.294;744;-6;0;0
2.299;728;-11;0;0
2.304;712;-14;0;0
2.309;690;-18;0;0
2.314;667;-21;0;0
2.319;637;-27;0;0
2.324;606;-31;0;0
2.329;575;-36;0;0
2.334;542;-38;0;0
2.339;502;-40;0;0
2.344;460;-43;0;0
2.349;411;-49;0;0
2.354;360;-52;0;0
2.359;309;-56;0;0
2.364;256;-57;0;0
2.369;202;-58;0;0
2.374;148;-56;0;0
2.379;86;-61;0;0
2.384;23;-67;0;0
2.389;-31;-68;0;0
2.394;-86;-66;0;0
2.399;-148;-68;0;0
2.404;-202;-65;0;0
2.409;-256;-64;0;0
2.414;-309;-64;0;0
2.419;-360;-63;0;0
2.424;-404;-61;0;0
2.429;-446;-59;0;0
2.434;-488;-56;0;0
2.439;-529;-54;0;0
2.444;-555;-51;0;0
2.449;-587;-48;0;0
2.454;-619;-46;0;0
2.459;-649;-43;0;0
2.464;-667;-38;0;0
2.469;-690;-38;0;0
2.474;-707;-36;0;0
2.479;-723;-32;0;0
2.484;-734;-28;0;0
2.489;-744;-24;0;0
2.494;-744;-20;0;0
2.499;-750;-17;0;0
2.504;-750;-14;0;0
2.509;-750;-12;0;0
2.514;-744;-8;0;0
2.519;-744;-4;0;0
2.524;-734;-2;0;0
2.529;-723;1;0;0
2.534;-712;5;0;0
2.539;-695;9;0;0
2.544;-673;16;0;0
2.549;-655;19;0;0
2.554;-631;22;0;0
2.559;-606;26;0;0
2.564;-568;31;0;0
2.569;-542;32;0;0
2.574;-502;36;0;0
2.579;-467;39;0;0
2.584;-425;42;0;0
2.589;-382;45;0;0
2.594;-338;47;0;0
2.599;-286;51;0;0
2.604;-241;53;0;0
2.609;-187;54;0;0
2.614;-133;63;0;0
2.619;-78;64;0;0
2.624;-23;65;0;0
2.629;39;65;0;0
2.634;86;64;0;0
2.639;133;62;0;0
2.644;195;63;0;0
2.649;248;64;0;0
2.654;286;60;0;0
2.659;338;58;0;0
2.664;382;58;0;0
2.669;425;57;0;0
2.674;460;55;0;0
2.679;502;52;0;0
2.684;535;48;0;0
2.689;568;47;0;0
2.694;594;44;0;0
2.699;619;41;0;0
2.704;637;36;0;0
2.709;655;36;0;0
2.714;667;32;0;0
2.719;690;30;0;0
2.724;695;26;0;0
2.729;701;22;0;0
2.734;712;19;0;0
2.739;712;16;0;0
2.744;712;13;0;0
2.749;712;10;0;0
2.754;712;8;0;0
2.759;701;2;0;0
2.764;695;0;0;0
2.769;684;-2;0;0
2.774;667;-6;0;0
2.779;655;-9;0;0
2.784;637;-13;0;0
2.789;619;-16;0;0
2.794;594;-21;0;0
2.799;568;-24;0;0
2.804;542;-26;0;0
2.809;509;-29;0;0
2.814;474;-36;0;0
2.819;432;-39;0;0
2.824;397;-42;0;0
2.829;346;-45;0;0
2.834;301;-48;0;0
2.839;256;-48;0;0
2.844;210;-49;0;0
2.849;164;-50;0;0
2.854;109;-52;0;0
2.859;54;-53;0;0
2.864;7;-54;0;0
2.869;-54;-56;0;0
2.874;-101;-56;0;0
2.879;-156;-61;0;0
2.884;-202;-59;0;0
2.889;-248;-57;0;0
2.894;-294;-56;0;0
2.899;-338;-54;0;0
2.904;-375;-51;0;0
2.909;-418;-50;0;0
2.914;-446;-47;0;0
2.919;-488;-45;0;0
2.924;-515;-43;0;0
2.929;-542;-39;0;0
2.934;-568;-37;0;0
2.939;-587;-34;0;0
2.944;-612;-32;0;0
2.949;-631;-30;0;0
2.954;-643;-32;0;0
2.959;-655;-27;0;0
2.964;-667;-23;0;0
2.969;-673;-20;0;0
2.974;-678;-17;0;0
2.979;-678;-13;0;0
2.984;-678;-11;0;0
2.989;-678;-9;0;0
2.994;-673;-6;0;0
2.999;-661;-1;0;0
3.004;-655;1;0;0
3.009;-643;4;0;0
3.014;-631;7;0;0
3.019;-612;11;0;0
3.024;-587;15;0;0
3.029;-568;18;0;0
3.034;-542;21;0;0
3.039;-515;25;0;0
3.044;-488;27;0;0
3.049;-453;31;0;0
3.054;-425;36;0;0
3.059;-389;38;0;0
3.064;-353;38;0;0
3.069;-309;41;0;0
3.074;-263;43;0;0
3.079;-225;44;0;0
3.084;-179;46;0;0
3.089;-125;49;0;0
3.094;-86;50;0;0
3.099;-23;57;0;0
3.104;15;55;0;0
3.109;70;55;0;0
3.114;117;55;0;0
3.119;164;54;0;0
3.124;210;53;0;0
3.129;248;50;0;0
3.134;294;50;0;0
3.139;331;49;0;0
3.144;375;49;0;0
3.149;404;47;0;0
3.154;439;45;0;0
3.159;474;43;0;0
3.164;502;45;0;0
3.169;529;41;0;0
3.174;549;37;0;0
3.179;568;37;0;0
3.184;587;33;0;0
3.189;600;28;0;0
3.194;619;25;0;0
3.199;625;22;0;0
3.204;631;18;0;0
3.209;643;16;0;0
3.214;643;14;0;0
3.219;643;12;0;0
3.224;643;10;0;0
3.229;643;8;0;0
3.234;631;2;0;0
3.239;625;0;0;0
3.244;612;-2;0;0
3.249;600;-6;0;0
3.254;587;-8;0;0
3.259;568;-11;0;0
3.264;549;-14;0;0
3.269;529;-17;0;0
3.274;502;-20;0;0
3.279;474;-24;0;0
3.284;446;-27;0;0
3.289;411;-32;0;0
3.294;375;-34;0;0
3.299;338;-37;0;0
3.304;301;-38;0;0
3.309;256;-42;0;0
3.314;218;-47;0;0
3.319;179;-47;0;0
3.324;133;-47;0;0
3.329;86;-50;0;0
3.334;39;-50;0;0
3.339;-7;-50;0;0
3.344;-54;-50;0;0
3.349;-101;-50;0;0
3.354;-148;-51;0;0
3.359;-187;-49;0;0
3.364;-225;-47;0;0
3.369;-271;-47;0;0
3.374;-309;-47;0;0
3.379;-346;-45;0;0
3.384;-382;-43;0;0
3.389;-411;-42;0;0
3.394;-439;-39;0;0
3.399;-467;-37;0;0
3.404;-495;-35;0;0
3.409;-515;-32;0;0
3.414;-535;-30;0;0
3.419;-555;-28;0;0
3.424;-568;-24;0;0
3.429;-581;-22;0;0
3.434;-587;-20;0;0
3.439;-600;-17;0;0
3.444;-606;-15;0;0
3.449;-606;-13;0;0
3.454;-606;-10;0;0
3.459;-606;-8;0;0
3.464;-606;-7;0;0
3.469;-600;-5;0;0
3.474;-587;0;0;0
3.479;-581;2;0;0
3.484;-568;5;0;0
3.489;-555;8;0;0
3.494;-535;10;0;0
3.499;-515;13;0;0
3.504;-502;15;0;0
3.509;-474;19;0;0
3.514;-446;22;0;0
3.519;-418;26;0;0
3.524;-389;28;0;0
3.529;-360;29;0;0
3.534;-323;32;0;0
3.539;-286;34;0;0
3.544;-248;37;0;0
3.549;-210;39;0;0
3.554;-171;40;0;0
3.559;-125;43;0;0
3.564;-86;45;0;0
3.569;-47;44;0;0
3.574;0;46;0;0
3.579;39;46;0;0
3.584;86;47;0;0
3.589;133;48;0;0
3.594;164;47;0;0
3.599;202;44;0;0
3.604;241;43;0;0
3.609;278;43;0;0
3.614;316;42;0;0
3.619;346;41;0;0
3.624;375;39;0;0
3.629;404;37;0;0
3.634;432;39;0;0
3.639;460;37;0;0
3.644;488;35;0;0
3.649;502;31;0;0
3.654;515;29;0;0
3.659;535;25;0;0
3.664;542;23;0;0
3.669;555;20;0;0
3.674;568;18;0;0
3.679;568;16;0;0
3.684;575;13;0;0
3.689;575;10;0;0
3.694;575;8;0;0
3.699;568;7;0;0
3.704;568;4;0;0
3.709;562;2;0;0
3.714;549;0;0;0
3.719;542;-2;0;0
3.724;529;-5;0;0
3.729;515;-10;0;0
3.734;488;-14;0;0
3.739;474;-15;0;0
3.744;446;-18;0;0
3.749;425;-20;0;0
3.754;397;-22;0;0
3.759;368;-25;0;0
3.764;338;-28;0;0
3.769;301;-30;0;0
3.774;271;-35;0;0
3.779;233;-35;0;0
3.784;195;-37;0;0
3.789;164;-37;0;0
3.794;117;-40;0;0
3.799;78;-41;0;0
3.804;39;-42;0;0
3.809;0;-42;0;0
3.814;-47;-43;0;0
3.819;-86;-42;0;0
3.824;-125;-44;0;0
3.829;-164;-43;0;0
3.834;-195;-41;0;0
3.839;-233;-41;0;0
3.844;-271;-41;0;0
3.849;-301;-38;0;0
3.854;-331;-37;0;0
3.859;-360;-36;0;0
3.864;-389;-39;0;0
3.869;-411;-35;0;0
3.874;-432;-32;0;0
3.879;-453;-29;0;0
3.884;-474;-27;0;0
3.889;-488;-25;0;0
3.894;-502;-22;0;0
3.899;-515;-20;0;0
3.904;-529;-18;0;0
3.909;-529;-15;0;0
3.914;-535;-14;0;0
3.919;-542;-11;0;0
3.924;-542;-9;0;0
3.929;-542;-8;0;0
3.934;-535;-5;0;0
3.939;-529;-2;0;0
3.944;-522;0;0;0
3.949;-515;1;0;0
3.954;-502;4;0;0
3.959;-488;6;0;0
3.964;-474;10;0;0
3.969;-453;12;0;0
3.974;-432;14;0;0
3.979;-411;17;0;0
3.984;-389;19;0;0
3.989;-360;22;0;0
3.994;-338;23;0;0
3.999;-309;25;0;0
4.004;-278;27;0;0
4.009;-241;30;0;0
4.014;-210;31;0;0
4.019;-179;32;0;0
4.024;-133;36;0;0
4.029;-101;37;0;0
4.034;-70;36;0;0
4.039;-23;40;0;0
4.044;7;39;0;0
4.049;47;39;0;0
4.054;86;41;0;0
4.059;117;39;0;0
4.064;148;37;0;0
4.069;195;39;0;0
4.074;225;40;0;0
4.079;256;37;0;0
4.084;278;33;0;0
4.089;316;33;0;0
4.094;346;34;0;0
4.099;368;32;0;0
4.104;389;29;0;0
4.109;404;27;0;0
4.114;425;25;0;0
4.119;446;26;0;0
4.124;460;25;0;0
4.129;474;22;0;0
4.134;488;21;0;0
4.139;488;17;0;0
4.144;502;15;0;0
4.149;502;13;0;0
4.154;509;10;0;0
4.159;509;8;0;0
4.164;502;6;0;0
4.169;502;4;0;0
4.174;495;2;0;0
4.179;488;0;0;0
4.184;481;-1;0;0
4.189;467;-3;0;0
4.194;453;-6;0;0
4.199;439;-8;0;0
4.204;418;-11;0;0
4.209;404;-13;0;0
4.214;375;-17;0;0
4.219;353;-19;0;0
4.224;331;-21;0;0
4.229;301;-22;0;0
4.234;278;-23;0;0
4.239;248;-26;0;0
4.244;218;-28;0;0
4.249;187;-33;0;0
4.254;148;-33;0;0
4.259;117;-34;0;0
4.264;78;-35;0;0
4.269;47;-34;0;0
4.274;15;-34;0;0
4.279;-23;-36;0;0
4.284;-54;-40;0;0
4.289;-86;-41;0;0
4.294;-133;-41;0;0
4.299;-156;-39;0;0
4.304;-187;-37;0;0
4.309;-218;-39;0;0
4.314;-256;-38;0;0
4.319;-271;-34;0;0
4.324;-301;-32;0;0
4.329;-331;-31;0;0
4.334;-353;-30;0;0
4.339;-368;-27;0;0
4.344;-389;-25;0;0
4.349;-411;-27;0;0
4.354;-418;-23;0;0
4.359;-432;-23;0;0
4.364;-446;-20;0;0
4.369;-453;-18;0;0
4.374;-460;-15;0;0
4.379;-467;-15;0;0
4.384;-474;-13;0;0
4.389;-474;-11;0;0
4.394;-474;-9;0;0
4.399;-474;-7;0;0
4.404;-467;-5;0;0
4.409;-460;-1;0;0
4.414;-446;1;0;0
4.419;-439;3;0;0
4.424;-432;5;0;0
4.429;-418;7;0;0
4.434;-397;9;0;0
4.439;-382;12;0;0
4.444;-368;13;0;0
4.449;-346;15;0;0
4.454;-323;17;0;0
4.459;-301;19;0;0
4.464;-271;22;0;0
4.469;-241;24;0;0
4.474;-218;24;0;0
4.479;-195;25;0;0
4.484;-156;28;0;0
4.489;-133;28;0;0
4.494;-101;28;0;0
4.499;-62;31;0;0
4.504;-31;32;0;0
4.509;0;31;0;0
4.514;31;32;0;0
4.519;70;33;0;0
4.524;101;33;0;0
4.529;125;31;0;0
4.534;156;31;0;0
4.539;195;33;0;0
4.544;225;33;0;0
4.549;241;31;0;0
4.554;263;29;0;0
4.559;286;27;0;0
4.564;316;27;0;0
4.569;331;26;0;0
4.574;353;25;0;0
4.579;368;22;0;0
4.584;375;22;0;0
4.589;397;20;0;0
4.594;404;19;0;0
4.599;418;17;0;0
4.604;432;16;0;0
4.609;432;14;0;0
4.614;439;12;0;0
4.619;439;10;0;0
4.624;439;8;0;0
4.629;439;6;0;0
4.634;432;0;0;0
4.639;432;3;0;0
4.644;425;1;0;0
4.649;418;0;0;0
4.654;404;-4;0;0
4.659;397;-7;0;0
4.664;375;-9;0;0
4.669;360;-10;0;0
4.674;346;-12;0;0
4.679;331;-13;0;0
4.684;316;-14;0;0
4.689;286;-16;0;0
4.694;263;-18;0;0
4.699;241;-20;0;0
4.704;218;-21;0;0
4.709;195;-22;0;0
4.714;164;-25;0;0
4.719;133;-26;0;0
4.724;101;-28;0;0
4.729;70;-29;0;0
4.734;47;-28;0;0
4.739;7;-30;0;0
4.744;-23;-31;0;0
4.749;-47;-29;0;0
4.754;-78;-29;0;0
4.759;-109;-31;0;0
4.764;-133;-30;0;0
4.769;-156;-32;0;0
4.774;-187;-31;0;0
4.779;-218;-31;0;0
4.784;-241;-29;0;0
4.789;-263;-27;0;0
4.794;-278;-25;0;0
4.799;-301;-24;0;0
4.804;-323;-23;0;0
4.809;-331;-21;0;0
4.814;-353;-22;0;0
4.819;-360;-19;0;0
4.824;-375;-18;0;0
4.829;-389;-16;0;0
4.834;-389;-14;0;0
4.839;-397;-15;0;0
4.844;-404;-13;0;0
4.849;-411;-11;0;0
4.854;-411;-9;0;0
4.859;-411;-8;0;0
4.864;-404;-5;0;0
4.869;-404;-2;0;0
4.874;-397;0;0;0
4.879;-389;0;0;0
4.884;-382;1;0;0
4.889;-368;3;0;0
4.894;-360;5;0;0
4.899;-346;7;0;0
4.904;-331;10;0;0
4.909;-309;11;0;0
4.914;-294;13;0;0
4.919;-271;16;0;0
4.924;-256;17;0;0
4.929;-233;18;0;0
4.934;-210;20;0;0
4.939;-187;20;0;0
4.944;-156;22;0;0
4.949;-133;24;0;0
4.954;-109;24;0;0
4.959;-86;25;0;0
4.964;-47;28;0;0
4.969;-23;28;0;0
4.974;7;27;0;0
4.979;31;27;0;0
4.984;62;28;0;0
4.989;86;31;0;0
4.994;109;30;0;0
4.999;133;31;0;0
5.004;164;30;0;0
5.009;195;30;0;0
5.014;210;28;0;0
5.019;233;31;0;0
5.024;248;27;0;0
5.029;263;24;0;0
5.034;286;22;0;0
5.039;301;21;0;0
5.044;316;20;0;0
5.049;331;19;0;0
5.054;346;17;0;0
5.059;346;15;0;0
5.064;360;13;0;0
5.069;368;12;0;0
5.074;375;11;0;0
5.079;375;9;0;0
5.084;375;8;0;0
5.089;375;7;0;0
5.094;375;6;0;0
5.099;375;5;0;0
5.104;368;3;0;0
5.109;360;1;0;0
5.114;353;0;0;0
5.119;346;-1;0;0
5.124;331;-4;0;0
5.129;323;-5;0;0
5.134;309;-7;0;0
5.139;286;-9;0;0
5.144;271;-11;0;0
5.149;256;-13;0;0
5.154;241;-14;0;0
5.159;218;-15;0;0
5.164;195;-16;0;0
5.169;179;-17;0;0
5.174;156;-21;0;0
5.179;133;-22;0;0
5.184;101;-23;0;0
5.189;78;-23;0;0
5.194;54;-22;0;0
5.199;31;-23;0;0
5.204;0;-25;0;0
5.209;-23;-26;0;0
5.214;-47;-25;0;0
5.219;-70;-24;0;0
5.224;-101;-25;0;0
5.229;-125;-28;0;0
5.234;-148;-26;0;0
5.239;-171;-25;0;0
5.244;-187;-24;0;0
5.249;-210;-23;0;0
5.254;-233;-22;0;0
5.259;-248;-20;0;0
5.264;-263;-19;0;0
5.269;-278;-17;0;0
5.274;-294;-16;0;0
5.279;-301;-15;0;0
5.284;-316;-15;0;0
5.289;-323;-13;0;0
5.294;-331;-12;0;0
5.299;-338;-11;0;0
5.304;-346;-10;0;0
5.309;-346;-8;0;0
5.314;-353;-9;0;0
5.319;-353;-9;0;0
5.324;-353;-8;0;0
5.329;-346;-3;0;0
5.334;-338;0;0;0
5.339;-338;0;0;0
5.344;-331;2;0;0
5.349;-323;3;0;0
5.354;-309;4;0;0
5.359;-301;6;0;0
5.364;-286;7;0;0
5.369;-271;9;0;0
5.374;-263;10;0;0
5.379;-241;11;0;0
5.384;-225;12;0;0
5.389;-210;14;0;0
5.394;-187;15;0;0
5.399;-171;17;0;0
5.404;-148;18;0;0
5.409;-125;18;0;0
5.414;-101;19;0;0
5.419;-86;20;0;0
5.424;-54;23;0;0
5.429;-31;23;0;0
5.434;-15;25;0;0
5.439;7;25;0;0
5.444;39;25;0;0
5.449;54;24;0;0
5.454;78;23;0;0
5.459;101;23;0;0
5.464;117;21;0;0
5.469;140;21;0;0
5.474;164;25;0;0
5.479;187;24;0;0
5.484;202;22;0;0
5.489;225;23;0;0
5.494;233;21;0;0
5.499;248;18;0;0
5.504;256;17;0;0
5.509;271;15;0;0
5.514;286;15;0;0
5.519;294;13;0;0
5.524;301;12;0;0
5.529;309;11;0;0
5.534;316;10;0;0
5.539;316;9;0;0
5.544;316;8;0;0
5.549;316;6;0;0
5.554;316;5;0;0
5.559;316;5;0;0
5.564;316;4;0;0
5.569;309;2;0;0
5.574;301;1;0;0
5.579;294;0;0;0
5.584;286;-2;0;0
5.589;271;-3;0;0
5.594;263;-5;0;0
5.599;256;-6;0;0
5.604;241;-7;0;0
5.609;225;-9;0;0
5.614;210;-10;0;0
5.619;195;-11;0;0
5.624;179;-12;0;0
5.629;156;-14;0;0
5.634;133;-16;0;0
5.639;117;-16;0;0
5.644;101;-17;0;0
5.649;70;-18;0;0
5.654;54;-18;0;0
5.659;39;-21;0;0
5.664;7;-22;0;0
5.669;-7;-21;0;0
5.674;-31;-21;0;0
5.679;-54;-20;0;0
5.684;-70;-20;0;0
5.689;-94;-21;0;0
5.694;-117;-21;0;0
5.699;-133;-20;0;0
5.704;-148;-19;0;0
5.709;-171;-19;0;0
5.714;-179;-17;0;0
5.719;-202;-19;0;0
5.724;-218;-18;0;0
5.729;-225;-16;0;0
5.734;-241;-15;0;0
5.739;-248;-14;0;0
5.744;-263;-13;0;0
5.749;-271;-12;0;0
5.754;-271;-10;0;0
5.759;-278;-9;0;0
5.764;-286;-8;0;0
5.769;-294;-8;0;0
5.774;-294;-7;0;0
5.779;-294;-6;0;0
5.784;-294;-5;0;0
5.789;-294;-4;0;0
5.794;-286;0;0;0
5.799;-286;-1;0;0
5.804;-278;0;0;0
5.809;-271;0;0;0
5.814;-263;1;0;0
5.819;-256;2;0;0
5.824;-248;4;0;0
5.829;-241;7;0;0
5.834;-225;8;0;0
5.839;-210;10;0;0
5.844;-195;10;0;0
5.849;-179;11;0;0
5.854;-164;12;0;0
5.859;-148;13;0;0
5.864;-133;13;0;0
5.869;-117;15;0;0
5.874;-94;15;0;0
5.879;-78;16;0;0
5.884;-54;18;0;0
5.889;-39;18;0;0
5.894;-23;18;0;0
5.899;0;18;0;0
5.904;15;20;0;0
5.909;39;21;0;0
5.914;54;19;0;0
5.919;70;20;0;0
5.924;94;19;0;0
5.929;101;18;0;0
5.934;125;17;0;0
5.939;133;17;0;0
5.944;156;16;0;0
5.949;171;16;0;0
5.954;187;16;0;0
5.959;195;17;0;0
5.964;210;15;0;0
5.969;218;13;0;0
5.974;225;13;0;0
5.979;233;11;0;0
5.984;241;12;0;0
5.989;248;11;0;0
5.994;256;10;0;0
5.999;256;9;0;0
6.004;256;8;0;0
6.009;256;6;0;0
6.014;256;5;0;0
6.019;256;5;0;0
6.024;256;4;0;0
6.029;256;3;0;0
6.034;248;2;0;0
6.039;241;0;0;0
6.044;233;0;0;0
6.049;225;-1;0;0
6.054;225;-2;0;0
6.059;210;-5;0;0
6.064;202;-6;0;0
6.069;195;-7;0;0
6.074;179;-8;0;0
6.079;164;-9;0;0
6.084;148;-10;0;0
6.089;133;-11;0;0
6.094;117;-12;0;0
6.099;101;-16;0;0
6.104;86;-15;0;0
6.109;70;-15;0;0
6.114;54;-15;0;0
6.119;31;-15;0;0
6.124;15;-16;0;0
6.129;0;-16;0;0
6.134;-23;-16;0;0
6.139;-31;-16;0;0
6.144;-54;-16;0;0
6.149;-70;-15;0;0
6.154;-86;-16;0;0
6.159;-101;-16;0;0
6.164;-117;-18;0;0
6.169;-133;-17;0;0
6.174;-148;-16;0;0
6.179;-156;-15;0;0
6.184;-171;-14;0;0
6.189;-179;-13;0;0
6.194;-195;-12;0;0
6.199;-202;-12;0;0
6.204;-210;-11;0;0
6.209;-218;-10;0;0
6.214;-225;-9;0;0
6.219;-233;-8;0;0
6.224;-233;-7;0;0
6.229;-241;-7;0;0
6.234;-241;-6;0;0
6.239;-241;-5;0;0
6.244;-241;-4;0;0
6.249;-241;-4;0;0
6.254;-241;-3;0;0
6.259;-233;-2;0;0
6.264;-225;0;0;0
6.269;-225;0;0;0
6.274;-218;1;0;0
6.279;-210;2;0;0
6.284;-202;3;0;0
6.289;-195;4;0;0
6.294;-179;5;0;0
6.299;-171;6;0;0
6.304;-164;7;0;0
6.309;-148;9;0;0
6.314;-140;9;0;0
6.319;-125;9;0;0
6.324;-109;10;0;0
6.329;-94;11;0;0
6.334;-86;12;0;0
6.339;-62;17;0;0
6.344;-47;19;0;0
6.349;-31;21;0;0
6.354;-23;22;0;0
6.359;-7;19;0;0
6.364;7;19;0;0
6.369;23;17;0;0
6.374;39;17;0;0
6.379;54;16;0;0
6.384;70;16;0;0
6.389;86;15;0;0
6.394;101;14;0;0
6.399;101;13;0;0
6.404;117;12;0;0
6.409;133;12;0;0
6.414;140;12;0;0
6.419;148;11;0;0
6.424;164;11;0;0
6.429;171;11;0;0
6.434;179;10;0;0
6.439;187;9;0;0
6.444;195;9;0;0
6.449;195;8;0;0
6.454;202;7;0;0
6.459;202;6;0;0
6.464;210;5;0;0
6.469;210;5;0;0
6.474;210;4;0;0
6.479;210;4;0;0
6.484;202;3;0;0
6.489;202;1;0;0
6.494;195;0;0;0
6.499;195;0;0;0
6.504;195;-1;0;0
6.509;179;-2;0;0
6.514;179;-3;0;0
6.519;164;-4;0;0
6.524;164;-4;0;0
6.529;148;-5;0;0
6.534;140;-6;0;0
6.539;133;-7;0;0
6.544;117;-10;0;0
6.549;101;-11;0;0
6.554;94;-11;0;0
6.559;78;-10;0;0
6.564;70;-11;0;0
6.569;54;-11;0;0
6.574;39;-12;0;0
6.579;31;-12;0;0
6.584;7;-13;0;0
6.589;0;-12;0;0
6.594;-15;-12;0;0
6.599;-23;-12;0;0
6.604;-39;-12;0;0
6.609;-54;-12;0;0
6.614;-62;-11;0;0
6.619;-78;-11;0;0
6.624;-86;-11;0;0
6.629;-101;-12;0;0
6.634;-117;-12;0;0
6.639;-117;-11;0;0
6.644;-133;-10;0;0
6.649;-140;-10;0;0
6.654;-148;-9;0;0
6.659;-156;-9;0;0
6.664;-164;-8;0;0
6.669;-171;-7;0;0
6.674;-171;-7;0;0
6.679;-179;-6;0;0
6.684;-179;-5;0;0
6.689;-179;-5;0;0
6.694;-187;-4;0;0
6.699;-187;-4;0;0
6.704;-187;-4;0;0
6.709;-187;-4;0;0
6.714;-179;-2;0;0
6.719;-179;0;0;0
6.724;-179;0;0;0
6.729;-171;1;0;0
6.734;-171;1;0;0
6.739;-164;2;0;0
6.744;-156;2;0;0
6.749;-148;3;0;0
6.754;-148;4;0;0
6.759;-133;4;0;0
6.764;-125;5;0;0
6.769;-117;6;0;0
6.774;-109;6;0;0
6.779;-101;7;0;0
6.784;-86;8;0;0
6.789;-78;8;0;0
6.794;-62;11;0;0
6.799;-54;12;0;0
6.804;-39;11;0;0
6.809;-31;10;0;0
6.814;-23;13;0;0
6.819;-7;12;0;0
6.824;0;11;0;0
6.829;7;11;0;0
6.834;23;11;0;0
6.839;39;11;0;0
6.844;47;11;0;0
6.849;54;11;0;0
6.854;70;11;0;0
6.859;78;10;0;0
6.864;86;10;0;0
6.869;94;9;0;0
6.874;101;9;0;0
6.879;109;8;0;0
6.884;117;8;0;0
6.889;125;7;0;0
6.894;133;7;0;0
6.899;133;7;0;0
6.904;133;6;0;0
6.909;140;5;0;0
6.914;148;6;0;0
6.919;148;6;0;0
6.924;156;6;0;0
6.929;156;5;0;0
6.929;156;5;0;0
6.929;156;5;0;0
7.269;-23;6;0;0
7.274;-23;6;0;0
7.279;-15;6;0;0
7.284;-7;6;0;0
7.284;-7;6;0;0
7.269;-23;6;0;0
7.274;-23;6;0;0
7.279;-15;6;0;0
7.284;-7;6;0;0
7.289;7;6;0;0
7.294;7;7;0;0
7.299;15;6;0;0
7.304;23;7;0;0
7.309;39;7;0;0
7.314;39;7;0;0
7.319;47;7;0;0
7.324;54;7;0;0
7.329;62;6;0;0
7.334;70;7;0;0
7.339;70;6;0;0
7.344;78;6;0;0
7.349;78;5;0;0
7.354;86;6;0;0
7.359;86;6;0;0
7.364;94;6;0;0
7.369;94;5;0;0
7.374;101;6;0;0
7.379;101;6;0;0
7.384;101;5;0;0
7.389;101;5;0;0
7.394;101;4;0;0
7.399;101;4;0;0
7.404;101;3;0;0
7.409;101;3;0;0
7.414;101;3;0;0
7.419;101;2;0;0
7.424;94;0;0;0
7.429;94;-1;0;0
7.434;86;-2;0;0
7.439;86;-2;0;0
7.444;78;-2;0;0
7.449;70;-2;0;0
7.454;70;-2;0;0
7.459;70;-2;0;0
7.464;62;-3;0;0
7.469;54;-3;0;0
7.474;47;-3;0;0
7.479;39;-4;0;0
7.484;39;-4;0;0
7.489;31;-4;0;0
7.494;23;-5;0;0
7.499;15;-5;0;0
7.504;7;-5;0;0
7.509;7;-5;0;0
7.514;0;-5;0;0
7.519;-7;-5;0;0
7.524;-15;-5;0;0
7.529;-23;-6;0;0
7.534;-23;-5;0;0
7.539;-31;-5;0;0
7.544;-39;-5;0;0
7.549;-39;-5;0;0
7.554;-47;-5;0;0
7.559;-54;-5;0;0
7.564;-54;-4;0;0
7.569;-54;-4;0;0
7.574;-62;-4;0;0
7.579;-62;-4;0;0
7.584;-70;-4;0;0
7.589;-70;-3;0;0
7.594;-70;-3;0;0
7.599;-78;-3;0;0
7.604;-78;-3;0;0
7.609;-78;-3;0;0
7.614;-86;-3;0;0
7.619;-86;-2;0;0
7.624;-86;-2;0;0
7.629;-86;-2;0;0
7.634;-86;-2;0;0
7.639;-78;-1;0;0
7.644;-78;0;0;0
7.649;-78;0;0;0
7.654;-78;0;0;0
7.659;-70;1;0;0
7.664;-70;1;0;0
7.669;-70;2;0;0
7.674;-62;2;0;0
7.679;-62;2;0;0
7.684;-62;1;0;0
7.689;-54;2;0;0
7.694;-54;3;0;0
7.699;-54;3;0;0
7.704;-54;3;0;0
7.709;-47;3;0;0
7.714;-47;2;0;0
7.719;-39;2;0;0
7.724;-39;2;0;0
7.729;-31;2;0;0
7.734;-31;2;0;0
7.739;-23;2;0;0
7.744;-23;3;0;0
7.749;-23;3;0;0
7.754;-15;3;0;0
7.759;-15;2;0;0
7.764;-7;3;0;0
7.769;-7;3;0;0
7.774;0;3;0;0
7.779;7;3;0;0
7.784;7;3;0;0
7.789;7;3;0;0
7.794;15;3;0;0
7.799;15;3;0;0
7.804;23;3;0;0
7.809;23;3;0;0
7.814;31;3;0;0
7.819;31;3;0;0
7.824;39;3;0;0
7.829;39;3;0;0
7.834;39;3;0;0
7.839;39;3;0;0
7.844;39;3;0;0
7.849;39;2;0;0
7.854;39;2;0;0
7.859;47;2;0;0
7.864;47;2;0;0
7.869;47;2;0;0
7.874;47;1;0;0
7.879;47;1;0;0
7.884;47;1;0;0
7.889;47;1;0;0
7.894;39;0;0;0
7.899;39;0;0;0
7.904;39;0;0;0
7.909;39;0;0;0
7.914;39;-1;0;0
7.919;39;-1;0;0
7.924;39;-1;0;0
7.929;31;-1;0;0
7.934;31;-1;0;0
7.939;23;-2;0;0
7.944;23;-2;0;0
7.949;23;-2;0;0
7.954;15;-2;0;0
7.959;15;-2;0;0
7.964;7;-2;0;0
7.969;7;-2;0;0
7.974;7;-2;0;0
7.979;7;-2;0;0
7.984;7;-2;0;0
7.989;0;-2;0;0
7.994;0;-2;0;0
7.999;-7;-2;0;0
8.004;-7;-2;0;0
8.009;-7;-2;0;0
8.014;-15;-3;0;0
8.019;-15;-3;0;0
8.024;-23;-3;0;0
8.029;-23;-3;0;0
8.034;-23;-3;0;0
8.039;-23;-3;0;0
8.044;-23;-2;0;0
8.049;-23;-2;0;0
8.054;-23;-2;0;0
8.059;-23;-2;0;0
8.064;-31;-3;0;0
8.069;-31;-3;0;0
8.074;-31;-3;0;0
8.079;-31;-3;0;0
8.084;-31;-3;0;0
8.089;-31;-3;0;0
8.094;-31;-2;0;0
8.099;-31;-2;0;0
8.104;-31;-2;0;0
8.109;-31;-2;0;0
8.114;-31;-2;0;0
8.119;-31;-2;0;0
8.124;-23;-1;0;0
8.129;-23;0;0;0
8.134;-23;0;0;0
8.139;-23;1;0;0
8.144;-23;1;0;0
8.149;-23;1;0;0
8.154;-23;1;0;0
8.159;-23;1;0;0
8.164;-23;1;0;0
8.169;-23;1;0;0
8.174;-23;1;0;0
8.179;-15;1;0;0
8.184;-15;1;0;0
8.189;-15;1;0;0
8.194;-7;1;0;0
8.199;-7;2;0;0
8.204;-7;2;0;0
8.209;-7;2;0;0
8.214;-7;2;0;0
8.219;0;2;0;0
8.224;0;1;0;0
8.229;0;1;0;0
8.234;0;1;0;0
8.239;0;1;0;0
8.244;7;2;0;0
8.249;7;2;0;0
8.254;7;2;0;0
8.259;7;2;0;0
8.264;7;2;0;0
8.269;7;1;0;0
8.274;7;1;0;0
8.279;7;1;0;0
8.284;7;1;0;0
8.289;7;1;0;0
8.294;7;1;0;0
8.299;7;1;0;0
8.304;7;1;0;0
8.309;7;1;0;0
8.314;7;1;0;0
8.319;7;1;0;0
8.324;7;1;0;0
8.329;7;1;0;0
8.334;7;1;0;0
8.339;7;1;0;0
8.344;7;1;0;0
8.349;7;1;0;0
8.354;7;1;0;0
8.359;7;1;0;0
8.364;7;1;0;0
8.369;7;1;0;0
8.374;7;1;0;0
8.379;7;1;0;0
8.384;7;1;0;0
8.389;7;1;0;0
8.394;7;1;0;0
8.399;7;1;0;0
8.404;7;1;0;0
8.409;7;1;0;0
8.414;7;1;0;0
8.419;7;1;0;0
8.424;7;1;0;0
8.429;0;0;0;0
8.434;0;0;0;0
8.439;0;0;0;0
8.444;0;-1;0;0
8.449;0;-1;0;0
8.454;0;-1;0;0
8.459;0;-1;0;0
8.464;0;-1;0;0
8.469;0;-1;0;0
8.474;0;-1;0;0
8.479;0;-1;0;0
8.484;0;-1;0;0
8.489;0;-1;0;0
8.494;0;-1;0;0
8.499;0;-1;0;0
8.504;0;-1;0;0
8.509;0;-1;0;0
8.514;0;-1;0;0
8.519;0;-1;0;0
8.524;0;-1;0;0
8.529;0;-1;0;0
8.534;0;-1;0;0
8.539;0;-1;0;0
8.544;0;-1;0;0
8.549;0;-1;0;0
8.554;0;-1;0;0
8.559;0;-1;0;0
8.564;0;-1;0;0
8.569;0;-1;0;0
8.574;0;-1;0;0
8.579;0;-1;0;0
8.584;0;-1;0;0
8.589;0;-1;0;0
8.594;0;-1;0;0
8.599;0;-1;0;0
8.604;0;-1;0;0
8.609;0;-1;0;0
8.614;0;-1;0;0
8.619;0;-1;0;0
8.624;0;-1;0;0
8.629;0;-1;0;0
8.634;0;-1;0;0
8.639;0;-1;0;0
8.644;0;-1;0;0
8.649;0;-1;0;0
8.654;0;-1;0;0
8.659;0;-1;0;0
8.664;0;-1;0;0
8.669;0;-1;0;0
8.674;0;-1;0;0
8.679;0;-1;0;0
8.684;0;-1;0;0
8.689;0;-1;0;0
8.694;0;-1;0;0
8.699;0;-1;0;0
8.704;0;-1;0;0
8.709;0;-1;0;0
8.714;0;-1;0;0
8.719;0;-1;0;0
8.724;0;-1;0;0
8.729;0;-1;0;0
8.734;0;-1;0;0
8.739;0;-1;0;0
8.744;0;-1;0;0
8.749;0;-1;0;0
8.754;0;-1;0;0
8.759;0;-1;0;0
8.764;0;-1;0;0
8.769;0;-1;0;0
8.774;0;-1;0;0
8.779;0;-1;0;0
8.784;0;-1;0;0
8.789;0;-1;0;0
8.794;0;-1;0;0
8.799;0;-1;0;0
8.804;0;-1;0;0
8.809;0;-1;0;0
8.814;0;-1;0;0
8.819;0;-1;0;0
8.824;0;-1;0;0
8.829;0;-1;0;0
8.834;0;-1;0;0
8.839;0;-1;0;0
8.844;0;-1;0;0
8.849;0;-1;0;0
8.854;0;-1;0;0
8.859;0;-1;0;0
8.864;0;-1;0;0
8.869;0;-1;0;0
8.874;0;-1;0;0
8.879;0;-1;0;0
8.884;0;-1;0;0
8.889;0;-1;0;0
8.894;0;-1;0;0
8.899;0;-1;0;0
8.904;0;-1;0;0
8.909;0;-1;0;0
8.914;0;-1;0;0
8.919;0;-1;0;0
8.924;0;-1;0;0
8.929;0;-1;0;0
8.934;0;-1;0;0
8.939;0;-1;0;0
8.944;0;-1;0;0
8.949;0;-1;0;0
8.954;0;-1;0;0
8.959;0;-1;0;0
8.964;0;-1;0;0
8.969;0;-1;0;0
8.974;0;-1;0;0
8.979;0;-1;0;0
8.984;0;-1;0;0
8.989;0;-1;0;0
8.994;0;-1;0;0
8.999;0;-1;0;0
9.004;0;-1;0;0
9.009;0;-1;0;0
9.014;0;-1;0;0
9.019;0;-1;0;0
9.024;0;-1;0;0
9.029;0;-1;0;0
9.034;0;-1;0;0
9.039;0;-1;0;0
9.044;0;-1;0;0
9.049;0;-1;0;0
9.054;0;-1;0;0
9.059;0;-1;0;0
9.064;0;-1;0;0
9.069;0;-1;0;0
9.074;0;-1;0;0
9.079;0;-1;0;0
9.084;0;-1;0;0
9.089;0;-1;0;0
9.094;0;-1;0;0
9.099;0;-1;0;0
9.104;0;-1;0;0
9.109;0;-1;0;0
9.114;0;-1;0;0
9.119;0;-1;0;0
9.124;0;-1;0;0
9.129;0;-1;0;0
9.134;0;-1;0;0
9.139;0;-1;0;0
9.144;0;-1;0;0
9.149;0;-1;0;0
9.154;0;-1;0;0
9.159;0;-1;0;0
9.164;0;-1;0;0
9.169;0;-1;0;0
9.174;0;-1;0;0
9.179;0;-1;0;0
9.184;0;-1;0;0
9.189;0;-1;0;0
9.194;0;-1;0;0
9.199;0;-1;0;0
9.204;0;-1;0;0
9.209;0;-1;0;0
9.214;0;-1;0;0
9.219;0;-1;0;0
9.224;0;-1;0;0
9.229;0;-1;0;0
9.234;0;-1;0;0
9.239;0;-1;0;0
9.244;0;-1;0;0
9.249;0;-1;0;0
9.254;0;-1;0;0
9.259;0;-1;0;0
9.264;0;-1;0;0
9.269;0;-1;0;0
9.274;0;-1;0;0
9.279;0;-1;0;0
9.284;0;-1;0;0
9.289;0;-1;0;0
9.294;0;-1;0;0
9.299;0;-1;0;0
9.304;0;-1;0;0
9.309;0;-1;0;0
9.314;0;-1;0;0
9.319;0;-1;0;0
9.324;0;-1;0;0
9.329;0;-1;0;0
9.334;0;-1;0;0
9.339;0;-1;0;0
9.344;0;-1;0;0
9.349;0;-1;0;0
9.354;0;-1;0;0
9.359;0;-1;0;0
9.364;0;-1;0;0
9.369;0;-1;0;0
9.374;0;-1;0;0
9.379;0;-1;0;0
9.384;0;-1;0;0
9.389;0;-1;0;0
9.394;0;-1;0;0
9.399;0;-1;0;0
9.404;0;-1;0;0
9.409;0;-1;0;0
9.414;0;-1;0;0
9.419;0;-1;0;0
9.424;0;-1;0;0
9.429;0;-1;0;0
9.434;0;-1;0;0
9.439;0;-1;0;0
9.444;0;-1;0;0
9.449;0;-1;0;0
9.454;0;-1;0;0
9.459;0;-1;0;0
9.464;0;-1;0;0
9.469;0;-1;0;0
9.474;0;-1;0;0
9.479;0;-1;0;0
9.484;0;-1;0;0
9.489;0;-1;0;0
9.494;0;-1;0;0
9.499;0;-1;0;0
9.504;0;-1;0;0
9.509;0;-1;0;0
9.514;0;-1;0;0
9.519;0;-1;0;0
9.524;0;-1;0;0
9.529;0;-1;0;0
9.534;0;-1;0;0
9.539;0;-1;0;0
9.544;0;-1;0;0
9.549;0;-1;0;0
9.554;0;-1;0;0
9.559;0;-1;0;0
9.564;0;-1;0;0
9.569;0;-1;0;0
9.574;0;-1;0;0
9.579;0;-1;0;0
9.584;0;-1;0;0
9.589;0;-1;0;0
9.594;0;-1;0;0
9.599;0;-1;0;0
9.604;0;-1;0;0
9.609;0;-1;0;0
9.614;0;-1;0;0
9.619;0;-1;0;0
9.624;0;-1;0;0
9.629;0;-1;0;0
9.634;0;-1;0;0
9.639;0;-1;0;0
9.644;0;-1;0;0
9.649;0;-1;0;0
9.654;0;-1;0;0
9.659;0;-1;0;0
9.664;0;-1;0;0
9.669;0;-1;0;0
9.674;0;-1;0;0
9.679;0;-1;0;0
9.684;0;-1;0;0
9.689;0;-1;0;0
9.694;0;-1;0;0
9.699;0;-1;0;0
9.704;0;-1;0;0
9.709;0;-1;0;0
9.714;0;-1;0;0
9.719;0;-1;0;0
9.724;0;-1;0;0
9.729;0;-1;0;0
9.734;0;-1;0;0
9.739;0;-1;0;0
9.744;0;-1;0;0
9.749;0;-1;0;0
9.754;0;-1;0;0
9.759;0;-1;0;0
9.764;0;-1;0;0
9.769;0;-1;0;0
9.774;0;-1;0;0
9.779;0;-1;0;0
9.784;0;-1;0;0
9.789;0;-1;0;0
9.794;0;-1;0;0
9.799;0;-1;0;0
9.804;0;-1;0;0
9.809;0;-1;0;0
9.814;0;-1;0;0
9.819;0;-1;0;0
9.824;0;-1;0;0
9.829;0;-1;0;0
9.834;0;-1;0;0
9.839;0;-1;0;0
9.844;0;-1;0;0
9.849;0;-1;0;0
9.854;0;-1;0;0
9.859;0;-1;0;0
9.864;0;-1;0;0
9.869;0;-1;0;0
9.874;0;-1;0;0
9.879;0;-1;0;0
9.884;0;-1;0;0
9.889;0;-1;0;0
9.894;0;-1;0;0
9.899;0;-1;0;0
9.904;0;-1;0;0
9.909;0;-1;0;0
9.914;0;-1;0;0
9.919;0;-1;0;0
9.924;0;-1;0;0
9.929;0;-1;0;0
9.934;0;-1;0;0
9.939;0;-1;0;0
9.944;0;-1;0;0
9.949;0;-1;0;0
9.954;0;-1;0;0
9.959;0;-1;0;0
9.964;0;-1;0;0
9.969;0;-1;0;0
9.974;0;-1;0;0
9.979;0;-1;0;0
9.984;0;-1;0;0
9.989;0;-1;0;0
9.994;0;-1;0;0
9.999;0;-1;0;0
10.004;0;-1;0;0
10.009;0;-1;0;0
10.014;0;-1;0;0
10.019;0;-1;0;0
10.024;0;-1;0;0
10.029;0;-1;0;0
10.034;0;-1;0;0
10.039;0;-1;0;0
10.044;0;-1;0;0
10.049;0;-1;0;0
10.054;0;-1;0;0
10.059;0;-1;0;0
10.064;0;-1;0;0
10.069;0;-1;0;0
10.074;0;-1;0;0
10.079;0;-1;0;0
10.084;0;-1;0;0
10.089;0;-1;0;0
10.094;0;-1;0;0
10.099;0;-1;0;0
10.104;0;-1;0;0
10.109;0;-1;0;0
10.114;0;-1;0;0
10.119;0;-1;0;0
10.124;0;-1;0;0
10.129;0;-1;0;0
10.134;0;-1;0;0
10.139;0;-1;0;0
10.144;0;-1;0;0
10.149;0;-1;0;0
10.154;0;-1;0;0
10.159;0;-1;0;0
10.164;0;-1;0;0
10.169;0;-1;0;0
10.174;0;-1;0;0
10.179;0;-1;0;0
10.184;0;-1;0;0
10.189;0;-1;0;0
10.194;0;-1;0;0
10.199;0;-1;0;0
10.204;0;-1;0;0
10.209;0;-1;0;0
10.214;0;-1;0;0
10.219;0;-1;0;0
10.224;0;-1;0;0
10.229;0;-1;0;0
10.234;0;-1;0;0
10.239;0;-1;0;0
10.244;0;-1;0;0
10.249;0;-1;0;0
10.254;0;-1;0;0
10.259;0;-1;0;0
10.264;0;-1;0;0
10.269;0;-1;0;0
10.274;0;-1;0;0
10.279;0;-1;0;0
10.284;0;-1;0;0
10.289;0;-1;0;0
10.294;0;-1;0;0
10.299;0;-1;0;0
10.304;0;-1;0;0
10.309;0;-1;0;0
10.314;0;-1;0;0
10.319;0;-1;0;0
10.324;0;-1;0;0
10.329;0;-1;0;0
10.334;0;-1;0;0