t;e;d;i;set

13.401;0;151;0;0
13.404;0;150;0;0
13.407;0;150;0;0
13.41;0;150;0;0
13.413;0;150;0;0
13.416;0;150;0;0
13.419;0;150;0;0
13.422;0;150;0;0
13.425;0;150;0;0
13.428;0;150;0;0
13.431;0;150;0;0
13.434;0;150;0;0
13.437;0;150;0;0
13.44;0;150;0;0
13.443;0;150;0;0
13.446;0;150;0;0
13.449;0;150;0;0
13.452;0;150;0;0
13.455;0;150;0;0
13.458;0;151;0;0
13.461;0;151;0;0
13.464;0;150;0;0
13.467;0;150;0;0
13.47;0;150;0;0
13.473;0;150;0;0
13.476;0;150;0;0
13.479;0;150;0;0
13.482;0;150;0;0
13.485;0;150;0;0
13.488;0;150;0;0
13.491;0;150;0;0
13.494;0;150;0;0
13.497;0;150;0;0
13.5;0;150;0;0
13.503;0;150;0;0
13.506;0;150;0;0
13.509;0;150;0;0
13.512;0;150;0;0
13.515;0;150;0;0
13.518;0;151;0;0
13.521;0;151;0;0
13.524;0;150;0;0
13.527;0;150;0;0
13.53;0;150;0;0
13.533;0;150;0;0
13.536;0;150;0;0
13.539;0;150;0;0
13.542;0;150;0;0
13.545;0;150;0;0
13.548;0;150;0;0
13.551;0;150;0;0
13.554;0;150;0;0
13.557;0;150;0;0
13.56;0;150;0;0
13.563;0;150;0;0
13.566;0;150;0;0
13.569;0;150;0;0
13.572;0;150;0;0
13.575;0;150;0;0
13.578;0;150;0;0
13.581;0;150;0;0
13.584;0;150;0;0
13.587;0;150;0;0
13.59;0;150;0;0
13.593;0;150;0;0
13.596;0;150;0;0
13.599;0;150;0;0
13.602;0;150;0;0
13.605;0;150;0;0
13.608;0;150;0;0
13.611;0;150;0;0
13.614;0;150;0;0
13.617;0;150;0;0
13.62;0;150;0;0
13.623;0;150;0;0
13.626;0;150;0;0
13.629;0;150;0;0
13.632;0;150;0;0
13.635;0;150;0;0
13.638;0;151;0;0
13.641;0;151;0;0
13.644;0;150;0;0
13.647;0;150;0;0
13.65;0;150;0;0
13.653;0;150;0;0
13.656;0;150;0;0
13.659;0;150;0;0
13.662;0;150;0;0
13.665;0;150;0;0
13.668;0;150;0;0
13.671;0;150;0;0
13.674;0;150;0;0
13.677;0;150;0;0
13.68;0;150;0;0
13.683;0;150;0;0
13.686;0;150;0;0
13.689;0;150;0;0
13.692;0;150;0;0
13.695;0;150;0;0
13.698;0;150;0;0
13.701;0;150;0;0
13.704;0;150;0;0
13.707;0;150;0;0
13.71;0;150;0;0
13.713;0;150;0;0
13.716;0;150;0;0
13.719;0;150;0;0
13.722;0;150;0;0
13.725;0;150;0;0
13.728;0;150;0;0
13.731;0;150;0;0
13.734;0;150;0;0
13.737;0;150;0;0
13.74;0;150;0;0
13.743;0;150;0;0
13.746;0;150;0;0
13.749;0;150;0;0
13.752;0;150;0;0
13.755;0;150;0;0
13.758;0;151;0;0
13.761;0;151;0;0
13.764;0;150;0;0
13.767;0;150;0;0
13.77;0;150;0;0
13.773;0;150;0;0
13.776;0;150;0;0
13.779;0;150;0;0
13.782;0;150;0;0
13.785;0;150;0;0
13.788;0;150;0;0
13.791;0;150;0;0
13.794;0;150;0;0
13.794;0;150;0;0
13.794;0;150;0;0
15.282;0;150;0;0
15.285;0;150;0;0
15.288;0;150;0;0
15.291;0;150;0;0
15.294;0;150;0;0
15.297;0;150;0;0
15.297;0;150;0;0
15.285;0;150;0;0
15.288;0;150;0;0
15.291;0;150;0;0
15.294;0;150;0;0
15.297;0;150;0;0
15.3;0;150;0;0
15.303;0;150;0;0
15.306;0;150;0;0
15.309;0;150;0;0
15.312;0;150;0;0
15.315;0;150;0;0
15.318;0;151;0;0
15.321;0;151;0;0
15.324;0;150;0;0
15.327;0;150;0;0
15.33;0;150;0;0
15.333;0;150;0;0
15.336;0;150;0;0
15.339;0;150;0;0
15.342;0;150;0;0
15.345;0;150;0;0
15.348;0;150;0;0
15.351;0;150;0;0
15.354;0;150;0;0
15.357;0;150;0;0
15.36;0;150;0;0
15.363;0;150;0;0
15.366;0;150;0;0
15.369;0;150;0;0
15.372;0;150;0;0
15.375;0;150;0;0
15.378;0;151;0;0
15.381;0;151;0;0
15.384;0;150;0;0
15.387;0;150;0;0
15.39;0;150;0;0
15.393;0;150;0;0
15.396;0;150;0;0
15.399;0;150;0;0
15.402;0;150;0;0
15.405;0;150;0;0
15.408;0;150;0;0
15.411;0;150;0;0
15.414;0;150;0;0
15.417;0;150;0;0
15.42;0;150;0;0
15.423;0;150;0;0
15.426;0;150;0;0
15.429;0;150;0;0
15.432;0;150;0;0
15.435;0;150;0;0
15.438;0;150;0;0
15.441;0;150;0;0
15.444;0;150;0;0
15.447;0;150;0;0
15.45;0;150;0;0
15.453;0;150;0;0
15.456;0;150;0;0
15.459;0;150;0;0
15.462;0;150;0;0
15.465;0;150;0;0
15.468;0;150;0;0
15.471;0;150;0;0
15.474;0;150;0;0
15.477;0;150;0;0
15.48;0;150;0;0
15.483;0;150;0;0
15.486;0;150;0;0
15.489;0;150;0;0
15.492;0;150;0;0
15.495;0;150;0;0
15.498;0;150;0;0
15.501;0;150;0;0
15.504;0;150;0;0
15.507;0;150;0;0
15.51;0;150;0;0
15.513;0;150;0;0
15.516;0;150;0;0
15.519;0;150;0;0
15.522;0;150;0;0
15.525;0;150;0;0
15.528;0;150;0;0
15.531;0;150;0;0
15.534;0;150;0;0
15.537;0;150;0;0
15.54;0;150;0;0
15.543;0;150;0;0
15.546;0;150;0;0
15.549;0;150;0;0
15.552;0;150;0;0
15.555;0;150;0;0
15.558;0;150;0;0
15.561;0;150;0;0
15.564;0;150;0;0
15.567;0;150;0;0
15.57;0;150;0;0
15.573;0;150;0;0
15.576;0;150;0;0
15.579;0;150;0;0
15.582;0;150;0;0
15.585;0;150;0;0
15.588;0;150;0;0
15.591;0;150;0;0
15.594;0;150;0;0
15.597;0;150;0;0
15.6;0;150;0;0
15.603;0;150;0;0
15.606;0;150;0;0
15.609;0;150;0;0
15.612;0;150;0;0
15.615;0;150;0;0
15.618;0;150;0;0
15.621;0;150;0;0
15.624;0;150;0;0
15.627;0;150;0;0
15.63;0;150;0;0
15.633;0;150;0;0
15.636;0;150;0;0
15.639;0;150;0;0
15.642;0;150;0;0
15.645;0;150;0;0
15.648;0;150;0;0
15.651;0;150;0;0
15.654;0;150;0;0
15.657;0;150;0;0
15.66;0;150;0;0
15.663;0;150;0;0
15.666;0;150;0;0
15.669;0;150;0;0
15.672;0;150;0;0
15.675;0;150;0;0
15.678;0;150;0;0
15.681;0;150;0;0
15.684;0;150;0;0
15.687;0;150;0;0
15.69;0;150;0;0
15.693;0;150;0;0
15.696;0;150;0;0
15.699;0;150;0;0
15.702;0;150;0;0
15.705;0;150;0;0
15.708;0;150;0;0
15.711;0;150;0;0
15.714;0;150;0;0
15.717;0;150;0;0
15.72;0;150;0;0
15.723;0;150;0;0
15.726;0;150;0;0
15.729;0;150;0;0
15.732;0;150;0;0
15.735;0;150;0;0
15.738;0;150;0;0
15.741;0;150;0;0
15.744;0;150;0;0
15.747;0;150;0;0
15.75;0;150;0;0
15.753;0;150;0;0
15.756;0;150;0;0
15.759;0;150;0;0
15.762;0;150;0;0
15.765;0;150;0;0
15.768;0;150;0;0
15.771;0;150;0;0
15.774;0;150;0;0
15.777;0;150;0;0
15.78;0;150;0;0
15.783;0;150;0;0
15.786;0;150;0;0
15.789;0;150;0;0
15.792;0;150;0;0
15.795;0;150;0;0
15.798;0;150;0;0
15.801;0;150;0;0
15.804;0;150;0;0
15.807;0;150;0;0
15.81;0;150;0;0
15.813;0;150;0;0
15.816;0;150;0;0
15.819;0;150;0;0
15.822;0;150;0;0
15.825;0;150;0;0
15.828;0;150;0;0
15.831;0;150;0;0
15.834;0;150;0;0
15.837;0;150;0;0
15.84;0;150;0;0
15.843;0;150;0;0
15.846;0;150;0;0
15.849;0;150;0;0
15.852;0;150;0;0
15.855;0;150;0;0
15.858;0;150;0;0
15.861;0;150;0;0
15.864;0;150;0;0
15.867;0;150;0;0
15.87;0;150;0;0
15.873;0;150;0;0
15.876;0;150;0;0
15.879;0;150;0;0
15.882;0;150;0;0
15.885;0;150;0;0
15.888;0;150;0;0
15.891;0;150;0;0
15.894;0;150;0;0
15.897;0;150;0;0
15.9;0;150;0;0
15.903;0;150;0;0
15.906;0;150;0;0
15.909;0;150;0;0
15.912;0;150;0;0
15.915;0;150;0;0
15.918;0;150;0;0
15.921;0;150;0;0
15.924;0;150;0;0
15.927;0;150;0;0
15.93;0;150;0;0
15.933;0;150;0;0
15.936;0;150;0;0
15.939;0;150;0;0
15.942;0;150;0;0
15.945;0;150;0;0
15.948;0;150;0;0
15.951;0;150;0;0
15.954;0;150;0;0
15.957;0;150;0;0
15.96;0;150;0;0
15.963;0;150;0;0
15.966;0;150;0;0
15.969;0;150;0;0
15.972;0;150;0;0
15.975;0;150;0;0
15.978;0;150;0;0
15.981;0;150;0;0
15.984;0;150;0;0
15.987;0;150;0;0
15.99;0;150;0;0
15.993;0;150;0;0
15.996;0;150;0;0
15.999;0;150;0;0
16.002;0;150;0;0
16.005;0;150;0;0
16.008;0;150;0;0
16.011;0;150;0;0
16.014;0;150;0;0
16.017;0;150;0;0
16.02;0;150;0;0
16.023;0;150;0;0
16.026;0;150;0;0
16.029;0;150;0;0
16.032;0;150;0;0
16.035;0;150;0;0
16.038;0;151;0;0
16.041;0;151;0;0
16.044;0;150;0;0
16.047;0;150;0;0
16.05;0;150;0;0
16.053;0;150;0;0
16.056;0;150;0;0
16.059;0;150;0;0
16.062;0;150;0;0
16.065;0;150;0;0
16.068;0;150;0;0
16.071;0;150;0;0
16.074;0;150;0;0
16.077;0;150;0;0
16.08;0;150;0;0
16.083;0;150;0;0
16.086;0;150;0;0
16.089;0;150;0;0
16.092;0;150;0;0
16.095;0;150;0;0
16.098;0;151;0;0
16.101;0;151;0;0
16.104;0;150;0;0
16.107;0;150;0;0
16.11;0;150;0;0
16.113;0;150;0;0
16.116;0;150;0;0
16.119;0;150;0;0
16.122;0;150;0;0
16.125;0;150;0;0
16.128;0;150;0;0
16.131;0;150;0;0
16.134;0;150;0;0
16.137;0;150;0;0
16.14;0;150;0;0
16.143;0;150;0;0
16.146;0;150;0;0
16.149;0;150;0;0
16.152;0;150;0;0
16.155;0;150;0;0
16.158;0;150;0;0
16.161;0;150;0;0
16.164;0;150;0;0
16.167;0;150;0;0
16.17;0;150;0;0
16.173;0;150;0;0
16.176;0;150;0;0
16.179;0;150;0;0
16.182;0;150;0;0
16.185;0;150;0;0
16.188;0;150;0;0
16.191;0;150;0;0
16.194;0;150;0;0
16.197;0;150;0;0
16.2;0;150;0;0
16.203;0;150;0;0
16.206;0;150;0;0
16.209;0;150;0;0
16.212;0;150;0;0
16.215;0;150;0;0
16.218;0;150;0;0
16.221;0;150;0;0
16.224;0;150;0;0
16.227;0;150;0;0
16.23;0;150;0;0
16.233;0;150;0;0
16.236;0;150;0;0
16.239;0;150;0;0
16.242;0;150;0;0
16.245;0;150;0;0
16.248;0;150;0;0
16.251;0;150;0;0
16.254;0;150;0;0
16.257;0;150;0;0
16.26;0;150;0;0
16.263;0;150;0;0
16.266;0;150;0;0
16.269;0;150;0;0
16.272;0;150;0;0
16.275;0;150;0;0
16.278;0;151;0;0
16.281;0;151;0;0
16.284;0;150;0;0
16.287;0;150;0;0
16.29;0;150;0;0
16.293;0;150;0;0
16.296;0;150;0;0
16.299;0;150;0;0
16.302;0;150;0;0
16.305;0;150;0;0
16.308;0;150;0;0
16.311;0;150;0;0
16.314;0;150;0;0
16.317;0;150;0;0
16.32;0;150;0;0
16.323;0;150;0;0
16.326;0;150;0;0
16.329;0;150;0;0
16.332;0;150;0;0
16.335;0;150;0;0
16.338;0;151;0;0
16.341;0;151;0;0
16.344;0;150;0;0
16.347;0;150;0;0
16.35;0;150;0;0
16.353;0;150;0;0
16.356;0;149;0;0
16.359;0;149;0;0
16.362;0;150;0;0
16.365;0;150;0;0
16.368;0;150;0;0
16.371;0;150;0;0
16.374;0;150;0;0
16.377;0;150;0;0
16.38;0;150;0;0
16.383;0;150;0;0
16.386;0;150;0;0
16.389;0;150;0;0
16.392;0;150;0;0
16.395;0;150;0;0
16.398;0;150;0;0
16.401;0;150;0;0
16.404;0;150;0;0
16.407;0;150;0;0
16.41;0;150;0;0
16.413;0;150;0;0
16.416;0;150;0;0
16.419;0;150;0;0
16.422;0;150;0;0
16.425;0;150;0;0
16.428;0;150;0;0
16.431;0;150;0;0
16.434;0;150;0;0
16.437;0;150;0;0
16.44;0;150;0;0
16.443;0;150;0;0
16.446;0;150;0;0
16.449;0;150;0;0
16.452;0;150;0;0
16.455;0;150;0;0
16.458;0;151;0;0
16.461;0;151;0;0
16.464;0;150;0;0
16.467;0;150;0;0
16.47;0;150;0;0
16.473;0;150;0;0
16.476;0;150;0;0
16.479;0;150;0;0
16.482;0;150;0;0
16.485;0;150;0;0
16.488;0;150;0;0
16.491;0;150;0;0
16.494;0;150;0;0
16.497;0;150;0;0
16.5;0;150;0;0
16.503;0;150;0;0
16.506;0;150;0;0
16.509;0;150;0;0
16.512;0;150;0;0
16.515;0;150;0;0
16.518;0;150;0;0
16.521;0;150;0;0
16.524;0;150;0;0
16.527;0;150;0;0
16.53;0;150;0;0
16.533;0;150;0;0
16.536;0;150;0;0
16.539;0;150;0;0
16.542;0;150;0;0
16.545;0;150;0;0
16.548;0;150;0;0
16.551;0;150;0;0
16.554;0;150;0;0
16.557;0;150;0;0
16.56;0;150;0;0
16.563;0;150;0;0
16.566;0;150;0;0
16.569;0;150;0;0
16.572;0;150;0;0
16.575;0;150;0;0
16.578;0;151;0;0
16.581;0;151;0;0
16.584;0;150;0;0
16.587;0;150;0;0
16.59;0;150;0;0
16.593;0;150;0;0
16.596;0;150;0;0
16.599;0;150;0;0
16.602;0;150;0;0
16.605;0;150;0;0
16.608;0;150;0;0
16.611;0;150;0;0
16.614;0;150;0;0
16.617;0;150;0;0
16.62;0;150;0;0
16.623;0;150;0;0
16.626;0;150;0;0
16.629;0;150;0;0
16.632;0;150;0;0
16.635;0;150;0;0
16.638;0;150;0;0
16.641;0;150;0;0
16.644;0;150;0;0
16.647;0;150;0;0
16.65;0;150;0;0
16.653;0;150;0;0
16.656;0;150;0;0
16.659;0;150;0;0
16.662;0;150;0;0
16.665;0;150;0;0
16.668;0;150;0;0
16.671;0;150;0;0
16.674;0;150;0;0
16.677;0;150;0;0
16.68;0;150;0;0
16.683;0;150;0;0
16.686;0;150;0;0
16.689;0;150;0;0
16.692;0;150;0;0
16.695;0;150;0;0
16.698;0;150;0;0
16.701;0;150;0;0
16.704;0;150;0;0
16.707;0;150;0;0
16.71;0;150;0;0
16.713;0;150;0;0
16.716;0;150;0;0
16.719;0;150;0;0
16.722;0;150;0;0
16.725;0;150;0;0
16.728;0;150;0;0
16.731;0;150;0;0
16.734;0;150;0;0
16.737;0;150;0;0
16.74;0;150;0;0
16.743;0;150;0;0
16.746;0;150;0;0
16.749;0;150;0;0
16.752;0;150;0;0
16.755;0;150;0;0
16.758;0;150;0;0
16.761;0;150;0;0
16.764;0;150;0;0
16.767;0;150;0;0
16.77;0;150;0;0
16.773;0;150;0;0
16.776;0;150;0;0
16.779;0;150;0;0
16.782;0;150;0;0
16.785;0;150;0;0
16.788;0;150;0;0
16.791;0;150;0;0
16.794;0;150;0;0
16.797;0;150;0;0
16.8;0;150;0;0
16.803;0;150;0;0
16.806;0;150;0;0
16.809;0;150;0;0
16.812;0;150;0;0
16.815;0;150;0;0
16.818;0;150;0;0
16.821;0;150;0;0
16.824;0;150;0;0
16.827;0;150;0;0
16.83;0;150;0;0
16.833;0;150;0;0
16.836;0;150;0;0
16.839;0;150;0;0
16.842;0;150;0;0
16.845;0;150;0;0
16.848;0;150;0;0
16.851;0;150;0;0
16.854;0;150;0;0
16.857;0;150;0;0
16.86;0;150;0;0
16.863;0;150;0;0
16.866;0;150;0;0
16.869;0;150;0;0
16.872;0;150;0;0
16.875;0;150;0;0
16.878;0;150;0;0
16.881;0;150;0;0
16.884;0;150;0;0
16.887;0;150;0;0
16.89;0;150;0;0
16.893;0;150;0;0
16.896;0;150;0;0
16.899;0;150;0;0
16.902;0;150;0;0
16.905;0;150;0;0
16.908;0;150;0;0
16.911;0;150;0;0
16.914;0;150;0;0
16.917;0;150;0;0
16.92;0;150;0;0
16.923;0;150;0;0
16.926;0;150;0;0
16.929;0;150;0;0
16.932;0;150;0;0
16.935;0;150;0;0
16.938;0;150;0;0
16.941;0;150;0;0
16.944;0;150;0;0
16.947;0;150;0;0
16.95;0;150;0;0
16.953;0;150;0;0
16.956;0;150;0;0
16.959;0;150;0;0
16.962;0;150;0;0
16.965;0;150;0;0
16.968;0;150;0;0
16.971;0;150;0;0
16.974;0;150;0;0
16.977;0;150;0;0
16.98;0;150;0;0
16.983;0;150;0;0
16.986;0;150;0;0
16.989;0;150;0;0
16.992;0;150;0;0
16.995;0;150;0;0
16.998;0;151;0;0
17.001;0;151;0;0
17.004;0;150;0;0
17.007;0;150;0;0
17.01;0;150;0;0
17.013;0;150;0;0
17.016;0;150;0;0
17.019;0;150;0;0
17.022;0;150;0;0
17.025;0;150;0;0
17.028;0;150;0;0
17.031;0;150;0;0
17.034;0;150;0;0
17.037;0;150;0;0
17.04;0;150;0;0
17.043;0;150;0;0
17.046;0;150;0;0
17.049;0;150;0;0
17.052;0;150;0;0
17.055;0;150;0;0
17.058;0;150;0;0
17.061;0;150;0;0
17.064;0;150;0;0
17.067;0;150;0;0
17.07;0;150;0;0
17.073;0;150;0;0
17.076;0;150;0;0
17.079;0;150;0;0
17.082;0;150;0;0
17.085;0;150;0;0
17.088;0;150;0;0
17.091;0;150;0;0
17.094;0;150;0;0
17.097;0;150;0;0
17.1;0;150;0;0
17.103;0;150;0;0
17.106;0;150;0;0
17.109;0;150;0;0
17.112;0;150;0;0
17.115;0;150;0;0
17.118;0;150;0;0
17.121;0;150;0;0
17.124;0;150;0;0
17.127;0;150;0;0
17.13;0;150;0;0
17.133;0;150;0;0
17.136;0;150;0;0
17.139;0;150;0;0
17.142;0;150;0;0
17.145;0;150;0;0
17.148;0;150;0;0
17.151;0;150;0;0
17.154;0;150;0;0
17.157;0;150;0;0
17.16;0;150;0;0
17.163;0;150;0;0
17.166;0;150;0;0
17.169;0;150;0;0
17.172;0;150;0;0
17.175;0;150;0;0
17.178;0;150;0;0
17.181;0;150;0;0
17.184;0;150;0;0
17.187;0;150;0;0
17.19;0;150;0;0
17.193;0;150;0;0
17.196;0;150;0;0
17.199;0;150;0;0
17.202;0;150;0;0
17.205;0;150;0;0
17.208;0;150;0;0
17.211;0;150;0;0
17.214;0;150;0;0
17.217;0;150;0;0
17.22;0;150;0;0
17.223;0;150;0;0
17.226;0;150;0;0
17.229;0;150;0;0
17.232;0;150;0;0
17.235;0;150;0;0
17.238;0;151;0;0
17.241;0;151;0;0
17.244;0;150;0;0
17.247;0;150;0;0
17.25;0;150;0;0
17.253;0;150;0;0
17.256;0;150;0;0
17.259;0;150;0;0
17.262;0;150;0;0
17.262;0;150;0;0
18.228;-4;-76;0;0
18.234;-4;-76;0;0
18.24;-4;-76;0;0
18.246;-4;-76;0;0
18.252;-4;-76;0;0
18.258;-4;-76;0;0
18.264;-4;-76;0;0
18.27;-3;-124;0;0
18.276;-3;-124;0;0
18.282;-3;-125;0;0
18.288;-3;-124;0;0
18.294;-3;-125;0;0
18.3;-3;-125;0;0
18.306;-3;-125;0;0
18.312;-3;-125;0;0
18.318;-3;-124;0;0
18.324;-2;146;0;0
18.33;-2;148;0;0
18.336;-1;148;0;0
18.342;-1;99;0;0
18.348;-1;100;0;0
18.354;0;203;0;0
18.357;0;203;0;0
18.36;1;0;0;0
18.363;1;0;0;0
18.366;1;0;0;0
18.369;1;0;0;0
18.372;2;-66;0;0
18.375;2;-66;0;0
18.381;3;-128;0;0
18.387;4;-147;0;0
18.393;5;126;0;0
18.399;7;77;0;0
18.402;8;77;0;0
18.408;9;-93;0;0
18.414;11;-122;0;0
18.42;13;102;0;0
18.426;15;5;0;0
18.429;16;5;0;0
18.435;18;-187;0;0
18.441;21;32;0;0
18.447;24;-116;0;0
18.453;27;108;0;0
18.459;29;-87;0;0
18.465;33;87;0;0
18.471;37;-61;0;0
18.477;41;15;0;0
18.483;45;143;0;0
18.489;49;-55;0;0
18.495;53;119;0;0
18.501;57;-126;0;0
18.507;63;-49;0;0
18.513;68;26;0;0
18.519;73;103;0;0
18.525;77;-142;0;0
18.531;83;-66;0;0
18.537;89;9;0;0
18.54;92;9;0;0
18.546;97;-146;0;0
18.552;103;-82;0;0
18.558;109;-55;0;0
18.564;115;-28;0;0
18.57;121;-1;0;0
18.576;127;25;0;0
18.582;133;53;0;0
18.588;138;80;0;0
18.594;145;106;0;0
18.6;151;132;0;0
18.606;157;-159;0;0
18.612;164;136;0;0
18.618;170;-154;0;0
18.624;177;141;0;0
18.63;182;-148;0;0
18.636;189;-119;0;0
18.642;195;-93;0;0
18.648;201;-67;0;0
18.654;207;-40;0;0
18.66;213;-13;0;0
18.666;219;13;0;0
18.672;224;40;0;0
18.678;230;117;0;0
18.684;236;142;0;0
18.69;241;-100;0;0
18.696;246;-72;0;0
18.702;251;50;0;0
18.708;256;127;0;0
18.714;261;152;0;0
18.72;265;-41;0;0
18.726;269;82;0;0
18.732;274;160;0;0
18.738;279;-36;0;0
18.744;283;88;0;0
18.75;286;-108;0;0
18.756;289;17;0;0
18.762;293;-130;0;0
18.768;296;43;0;0
18.774;299;-103;0;0
18.78;302;70;0;0
18.786;305;-75;0;0
18.792;308;98;0;0
18.798;311;0;0;0
18.801;313;0;0;0
18.804;314;105;0;0
18.81;317;-150;0;0
18.816;319;336;0;0
18.822;321;119;0;0
18.828;323;-92;0;0
18.834;325;-302;0;0
18.84;325;-308;0;0
18.846;326;288;0;0
18.852;328;71;0;0
18.858;329;-32;0;0
18.864;331;-244;0;0
18.87;331;-249;0;0
18.876;332;347;0;0
18.882;332;340;0;0
18.888;333;235;0;0
18.894;333;235;0;0
18.9;333;235;0;0
18.906;332;340;0;0
18.912;332;340;0;0
18.918;331;-244;0;0
18.924;331;-249;0;0
18.93;330;-143;0;0
18.936;329;-34;0;0
18.942;327;176;0;0
18.948;326;282;0;0
18.954;325;-302;0;0
18.96;323;-94;0;0
18.966;321;118;0;0
18.972;321;118;0;0
18.978;320;226;0;0
18.984;318;-255;0;0
18.99;315;61;0;0
18.996;313;265;0;0
19.002;311;-208;0;0
19.008;309;2;0;0
19.014;307;201;0;0
19.02;305;-266;0;0
19.026;303;-57;0;0
19.032;301;154;0;0
19.038;299;-325;0;0
19.044;297;-118;0;0
19.05;296;-9;0;0
19.056;294;197;0;0
19.062;293;306;0;0
19.068;291;-172;0;0
19.074;290;-69;0;0
19.08;289;37;0;0
19.086;288;140;0;0
19.092;287;248;0;0
19.098;286;-336;0;0
19.104;285;-236;0;0
19.11;285;-236;0;0
19.116;285;-236;0;0
19.122;285;-236;0;0
19.128;285;-236;0;0
19.134;285;-236;0;0
19.14;285;-236;0;0
19.146;285;-236;0;0
19.152;285;-236;0;0
19.158;286;-343;0;0
19.164;287;256;0;0
19.17;288;142;0;0
19.176;289;37;0;0
19.182;290;-65;0;0
19.188;291;-172;0;0
19.194;293;313;0;0
19.2;294;201;0;0
19.206;295;97;0;0
19.212;297;-112;0;0
19.218;299;-332;0;0
19.224;300;268;0;0
19.23;302;49;0;0
19.236;303;-55;0;0
19.242;305;-266;0;0
19.248;306;324;0;0
19.254;309;2;0;0
19.257;309;2;0;0
19.263;311;-126;0;0
19.269;313;124;0;0
19.275;315;76;0;0
19.281;317;-21;0;0
19.287;318;-118;0;0
19.293;320;151;0;0
19.299;321;54;0;0
19.305;323;6;0;0
19.311;324;-43;0;0
19.317;325;-140;0;0
19.323;327;80;0;0
19.329;329;33;0;0
19.335;330;-15;0;0
19.341;331;-112;0;0
19.347;332;156;0;0
19.353;333;108;0;0
19.359;334;60;0;0
19.365;335;11;0;0
19.371;336;-37;0;0
19.377;337;-86;0;0
19.383;338;-134;0;0
19.389;340;134;0;0
19.395;341;38;0;0
19.401;342;-10;0;0
19.407;343;-59;0;0
19.413;344;-107;0;0
19.419;345;-106;0;0
19.425;345;-155;0;0
19.431;347;113;0;0
19.437;347;65;0;0
19.443;349;16;0;0
19.449;349;-32;0;0
19.455;350;-80;0;0
19.461;351;-129;0;0
19.467;353;139;0;0
19.473;353;92;0;0
19.479;355;44;0;0
19.485;356;-5;0;0
19.491;357;-54;0;0
19.497;357;-103;0;0
19.503;358;-150;0;0
19.509;359;118;0;0
19.515;361;70;0;0
19.521;361;22;0;0
19.527;362;-27;0;0
19.533;363;-76;0;0
19.539;365;-124;0;0
19.545;365;145;0;0
19.551;367;97;0;0
19.557;368;49;0;0
19.563;369;-48;0;0
19.569;370;-97;0;0
19.575;372;-146;0;0
19.581;373;75;0;0
19.587;373;76;0;0
19.593;375;-21;0;0
19.599;376;-70;0;0
19.605;377;-119;0;0
19.611;378;150;0;0
19.617;380;103;0;0
19.623;381;5;0;0
19.629;383;-44;0;0
19.635;384;-141;0;0
19.641;385;128;0;0
19.647;387;32;0;0
19.653;388;-16;0;0
19.659;389;-65;0;0
19.665;390;-65;0;0
19.671;391;157;0;0
19.677;393;108;0;0
19.683;393;59;0;0
19.689;395;10;0;0
19.695;396;-38;0;0
19.701;397;-135;0;0
19.707;398;-134;0;0
19.713;399;85;0;0
19.719;400;37;0;0
19.725;401;-11;0;0
19.731;402;-11;0;0
19.737;403;-108;0;0
19.743;405;-156;0;0
19.749;405;112;0;0
19.755;407;64;0;0
19.761;408;16;0;0
19.767;409;-82;0;0
19.773;410;-82;0;0
19.779;411;140;0;0
19.785;412;91;0;0
19.791;413;43;0;0
19.797;415;-55;0;0
19.803;417;-103;0;0
19.809;417;-150;0;0
19.815;419;117;0;0
19.821;420;69;0;0
19.827;421;21;0;0
19.833;421;-28;0;0
19.839;423;-76;0;0
19.845;424;145;0;0
19.851;425;96;0;0
19.857;426;48;0;0
19.863;427;0;0;0
19.866;428;0;0;0
19.869;429;-135;0;0
19.875;430;-324;0;0
19.881;431;272;0;0
19.887;432;161;0;0
19.893;433;56;0;0
19.899;434;-47;0;0
19.905;435;-153;0;0
19.911;436;-264;0;0
19.917;437;332;0;0
19.923;437;325;0;0
19.929;438;220;0;0
19.935;439;114;0;0
19.941;440;9;0;0
19.947;441;-90;0;0
19.953;441;-94;0;0
19.959;442;-200;0;0
19.965;443;-316;0;0
19.971;443;-312;0;0
19.977;444;284;0;0
19.983;445;173;0;0
19.989;445;171;0;0
19.995;446;67;0;0
20.001;447;-36;0;0
20.007;447;-37;0;0
20.013;448;-142;0;0
20.019;449;-256;0;0
20.025;449;-253;0;0
20.031;449;-253;0;0
20.037;450;343;0;0
20.043;450;336;0;0
20.049;451;236;0;0
20.055;451;229;0;0
20.061;451;231;0;0
20.067;452;124;0;0
20.073;452;126;0;0
20.079;453;20;0;0
20.085;453;20;0;0
20.091;453;20;0;0
20.097;453;20;0;0
20.103;453;20;0;0
20.109;453;20;0;0
20.115;453;20;0;0
20.121;453;20;0;0
20.127;453;20;0;0
20.133;453;20;0;0
20.139;453;20;0;0
20.145;453;20;0;0
20.151;453;20;0;0
20.157;452;123;0;0
20.163;452;126;0;0
20.169;451;231;0;0
20.175;451;231;0;0
20.181;451;231;0;0
20.187;450;336;0;0
20.193;449;-245;0;0
20.199;449;-253;0;0
20.205;449;-253;0;0
20.211;448;-145;0;0
20.217;447;-38;0;0
20.223;447;-37;0;0
20.229;446;67;0;0
20.235;445;169;0;0
20.241;445;173;0;0
20.247;444;275;0;0
20.253;444;275;0;0
20.259;443;-306;0;0
20.265;442;-205;0;0
20.271;442;-205;0;0
20.277;441;-97;0;0
20.283;441;-95;0;0
20.289;440;9;0;0
20.295;440;9;0;0
20.301;439;109;0;0
20.307;438;220;0;0
20.313;438;220;0;0
20.319;437;325;0;0
20.325;437;325;0;0
20.331;437;325;0;0
20.337;436;-259;0;0
20.343;435;-157;0;0
20.349;435;-157;0;0
20.355;434;-49;0;0
20.361;433;56;0;0
20.367;433;54;0;0
20.373;432;156;0;0
20.379;432;161;0;0
20.385;431;267;0;0
20.391;430;-320;0;0
20.397;429;-216;0;0
20.403;429;-216;0;0
20.409;428;-109;0;0
20.415;427;-1;0;0
20.421;426;102;0;0
20.427;425;206;0;0
20.433;425;208;0;0
20.439;424;314;0;0
20.445;423;-270;0;0
20.451;422;-170;0;0
20.457;421;-61;0;0
20.463;420;45;0;0
20.469;418;250;0;0
20.475;417;-328;0;0
20.481;416;-230;0;0
20.487;414;-13;0;0
20.493;413;92;0;0
20.499;412;191;0;0
20.505;410;-281;0;0
20.511;409;-180;0;0
20.517;408;-72;0;0
20.523;406;139;0;0
20.529;405;244;0;0
20.535;403;-234;0;0
20.541;401;-25;0;0
20.547;399;186;0;0
20.553;397;-293;0;0
20.559;396;-191;0;0
20.565;394;23;0;0
20.571;393;125;0;0
20.577;391;338;0;0
20.583;389;-142;0;0
20.589;387;72;0;0
20.595;385;274;0;0
20.601;383;-199;0;0
20.607;381;11;0;0
20.613;379;217;0;0
20.619;377;-257;0;0
20.625;374;60;0;0
20.631;372;263;0;0
20.637;369;-105;0;0
20.643;367;107;0;0
20.649;365;315;0;0
20.655;363;-163;0;0
20.661;361;48;0;0
20.667;359;252;0;0
20.673;357;-221;0;0
20.679;354;96;0;0
20.685;351;-274;0;0
20.691;348;37;0;0
20.697;345;-331;0;0
20.703;342;-23;0;0
20.709;339;293;0;0
20.715;336;-80;0;0
20.721;333;237;0;0
20.727;329;-33;0;0
20.733;326;285;0;0
20.739;323;-91;0;0
20.745;319;329;0;0
20.751;315;60;0;0
20.757;311;-204;0;0
20.763;307;219;0;0
20.769;302;49;0;0
20.775;297;-112;0;0
20.781;293;320;0;0
20.787;289;38;0;0
20.793;284;-123;0;0
20.799;279;-298;0;0
20.805;274;244;0;0
20.811;269;73;0;0
20.817;263;14;0;0
20.823;257;-42;0;0
20.829;252;-208;0;0
20.835;246;-273;0;0
20.841;240;-333;0;0
20.847;233;-285;0;0
20.853;227;-349;0;0
20.859;220;-300;0;0
20.865;213;-251;0;0
20.871;205;-92;0;0
20.877;197;65;0;0
20.883;190;109;0;0
20.889;183;159;0;0
20.895;175;313;0;0
20.901;167;-232;0;0
20.907;158;31;0;0
20.913;149;284;0;0
20.919;139;-40;0;0
20.925;130;222;0;0
20.931;121;-218;0;0
20.937;112;45;0;0
20.943;103;297;0;0
20.949;94;-134;0;0
20.955;83;343;0;0
20.961;73;9;0;0
20.964;66;9;0;0
20.97;57;-66;0;0
20.976;47;-152;0;0
20.982;37;15;0;0
20.988;27;-137;0;0
20.994;17;31;0;0
21.0;7;-121;0;0
21.006;-3;204;0;0
21.012;-14;-54;0;0
21.018;-24;113;0;0
21.024;-35;11;0;0
21.03;-45;-140;0;0
21.036;-55;27;0;0
21.042;-64;147;0;0
21.048;-74;-4;0;0
21.054;-83;116;0;0
21.06;-94;12;0;0
21.066;-104;-140;0;0
21.072;-114;27;0;0
21.078;-124;-122;0;0
21.084;-133;-3;0;0
21.09;-141;114;0;0
21.096;-149;-130;0;0
21.102;-157;-61;0;0
21.108;-165;7;0;0
21.114;-173;79;0;0
21.12;-181;148;0;0
21.126;-188;-148;0;0
21.132;-195;-123;0;0
21.138;-202;-102;0;0
21.144;-208;-129;0;0
21.15;-214;-156;0;0
21.156;-220;129;0;0
21.162;-227;104;0;0
21.168;-232;125;0;0
21.174;-239;99;0;0
21.18;-244;25;0;0
21.186;-249;-50;0;0
21.192;-255;-76;0;0
21.198;-259;-150;0;0
21.204;-264;87;0;0
21.21;-268;-34;0;0
21.216;-273;-157;0;0
21.222;-276;35;0;0
21.228;-280;-87;0;0
21.234;-283;105;0;0
21.24;-287;-65;0;0
21.246;-290;78;0;0
21.252;-293;-93;0;0
21.258;-296;52;0;0
21.264;-299;-71;0;0
21.27;-302;25;0;0
21.276;-305;-147;0;0
21.282;-307;0;0;0
21.285;-309;0;0;0
21.288;-310;198;0;0
21.294;-311;-276;0;0
21.3;-313;-63;0;0
21.306;-314;45;0;0
21.312;-315;150;0;0
21.318;-317;-336;0;0
21.324;-318;-236;0;0
21.33;-319;-125;0;0
21.336;-320;-14;0;0
21.342;-322;201;0;0
21.348;-323;308;0;0
21.354;-323;308;0;0
21.36;-324;-288;0;0
21.366;-324;-294;0;0
21.372;-324;-294;0;0
21.378;-325;-186;0;0
21.384;-325;-184;0;0
21.39;-325;-184;0;0
21.396;-325;-184;0;0
21.402;-324;-294;0;0
21.408;-324;-294;0;0
21.414;-323;319;0;0
21.42;-323;308;0;0
21.426;-322;201;0;0
21.432;-321;93;0;0
21.438;-320;-13;0;0
21.444;-319;-121;0;0
21.45;-318;-233;0;0
21.456;-317;-351;0;0
21.462;-315;158;0;0
21.468;-314;45;0;0
21.474;-312;-163;0;0
21.48;-310;327;0;0
21.486;-307;-2;0;0
21.492;-306;-107;0;0
21.498;-303;278;0;0
21.504;-301;57;0;0
21.51;-298;-259;0;0
21.516;-295;120;0;0
21.522;-291;-320;0;0
21.528;-288;71;0;0
21.534;-285;-248;0;0
21.54;-282;132;0;0
21.546;-279;-196;0;0
21.552;-275;83;0;0
21.558;-271;-345;0;0
21.564;-267;-78;0;0
21.57;-263;201;0;0
21.576;-258;-341;0;0
21.582;-253;-176;0;0
21.588;-248;-4;0;0
21.594;-243;161;0;0
21.6;-237;225;0;0
21.606;-231;285;0;0
21.612;-226;-261;0;0
21.618;-220;-204;0;0
21.624;-214;-142;0;0
21.63;-208;-80;0;0
21.636;-202;-17;0;0
21.642;-195;-66;0;0
21.648;-188;-115;0;0
21.654;-181;-168;0;0
21.66;-175;-106;0;0
21.666;-167;-268;0;0
21.672;-159;304;0;0
21.678;-151;139;0;0
21.684;-143;-19;0;0
21.69;-135;-178;0;0
21.696;-127;-349;0;0
21.702;-117;4;0;0
21.708;-108;-253;0;0
21.714;-99;190;0;0
21.72;-90;-79;0;0
21.726;-80;253;0;0
21.732;-71;-9;0;0
21.738;-61;314;0;0
21.744;-51;-45;0;0
21.75;-43;-201;0;0
21.756;-33;135;0;0
21.762;-23;-235;0;0
21.768;-14;208;0;0
21.774;-3;-274;0;0
21.78;6;167;0;0
21.786;16;-193;0;0
21.792;26;130;0;0
21.798;35;-129;0;0
21.804;45;201;0;0
21.81;54;-59;0;0
21.816;64;264;0;0
21.822;73;9;0;0
21.825;79;9;0;0
21.831;87;142;0;0
21.837;96;-12;0;0
21.843;105;-131;0;0
21.849;113;67;0;0
21.855;121;-1;0;0
21.861;129;-72;0;0
21.867;137;-142;0;0
21.873;145;104;0;0
21.879;153;84;0;0
21.885;160;63;0;0
21.891;167;-7;0;0
21.897;174;-29;0;0
21.903;181;-51;0;0
21.909;188;-73;0;0
21.915;194;-94;0;0
21.921;201;-67;0;0
21.927;207;-40;0;0
21.933;212;-13;0;0
21.939;217;61;0;0
21.945;223;139;0;0
21.951;228;-106;0;0
21.957;233;-30;0;0
21.963;237;45;0;0
21.969;241;-150;0;0
21.975;246;-72;0;0
21.981;250;50;0;0
21.987;254;-145;0;0
21.993;257;-19;0;0
21.999;260;-117;0;0
22.005;263;55;0;0
22.011;266;-91;0;0
22.017;269;82;0;0
22.023;271;-14;0;0
22.029;273;-112;0;0
22.035;275;108;0;0
22.041;277;-36;0;0
22.047;280;-134;0;0
22.053;281;87;0;0
22.059;283;-9;0;0
22.065;284;-58;0;0
22.071;285;-107;0;0
22.077;286;-154;0;0
22.083;287;-154;0;0
22.089;287;113;0;0
22.095;287;115;0;0
22.101;288;66;0;0
22.107;288;67;0;0
22.113;288;67;0;0
22.119;288;67;0;0
22.125;287;116;0;0
22.131;287;115;0;0
22.137;286;-155;0;0
22.143;285;-106;0;0
22.149;284;-57;0;0
22.155;283;-9;0;0
22.161;281;88;0;0
22.167;280;138;0;0
22.173;278;-85;0;0
22.179;276;-36;0;0
22.185;274;61;0;0
22.191;272;160;0;0
22.197;269;-14;0;0
22.203;267;130;0;0
22.209;264;-90;0;0
22.215;261;104;0;0
22.221;257;-117;0;0
22.227;255;76;0;0
22.233;251;-145;0;0
22.239;247;50;0;0
22.245;243;-74;0;0
22.251;239;121;0;0
22.257;235;45;0;0
22.263;230;-80;0;0
22.269;225;-155;0;0
22.275;221;87;0;0
22.281;215;13;0;0
22.287;209;-13;0;0
22.293;204;-40;0;0
22.299;198;-116;0;0
22.305;192;-141;0;0
22.311;186;146;0;0
22.317;180;-148;0;0
22.323;173;141;0;0
22.329;166;116;0;0
22.335;159;-131;0;0
22.341;152;-109;0;0
22.347;144;-87;0;0
22.353;137;-18;0;0
22.359;129;51;0;0
22.365;121;124;0;0
22.371;113;143;0;0
22.377;105;-104;0;0
22.383;97;14;0;0
22.389;87;136;0;0
22.395;78;-66;0;0
22.401;69;53;0;0
22.407;61;126;0;0
22.413;52;-77;0;0
22.419;43;42;0;0
22.425;34;-160;0;0
22.431;25;-37;0;0
22.437;15;130;0;0
22.443;5;-70;0;0
22.449;-3;99;0;0
22.455;-13;-104;0;0
22.461;-22;16;0;0
22.467;-31;136;0;0
22.473;-40;-63;0;0
22.479;-49;54;0;0
22.485;-57;-146;0;0
22.491;-66;-74;0;0
22.497;-75;-4;0;0
22.503;-83;115;0;0
22.509;-92;-85;0;0
22.515;-101;33;0;0
22.521;-109;151;0;0
22.527;-118;-94;0;0
22.533;-126;-24;0;0
22.539;-134;45;0;0
22.545;-141;115;0;0
22.551;-147;87;0;0
22.557;-155;110;0;0
22.563;-161;129;0;0
22.569;-167;152;0;0
22.575;-174;125;0;0
22.581;-180;98;0;0
22.587;-185;24;0;0
22.593;-191;-2;0;0
22.599;-196;-29;0;0
22.605;-201;-152;0;0
22.611;-206;134;0;0
22.617;-211;13;0;0
22.623;-215;-110;0;0
22.629;-219;129;0;0
22.635;-223;8;0;0
22.641;-227;-117;0;0
22.647;-231;77;0;0
22.653;-235;-45;0;0
22.659;-238;99;0;0
22.665;-241;-121;0;0
22.671;-243;72;0;0
22.677;-246;-147;0;0
22.683;-248;-49;0;0
22.689;-251;94;0;0
22.695;-253;-126;0;0
22.701;-255;19;0;0
22.707;-257;68;0;0
22.713;-258;-152;0;0
22.719;-259;-102;0;0
22.725;-260;-54;0;0
22.731;-261;-6;0;0
22.737;-262;41;0;0
22.743;-262;41;0;0
22.749;-262;41;0;0
22.755;-262;41;0;0
22.761;-262;41;0;0
22.767;-262;41;0;0
22.773;-261;-7;0;0
22.779;-260;-7;0;0
22.785;-259;-104;0;0
22.791;-258;-102;0;0
22.797;-257;115;0;0
22.803;-255;19;0;0
22.809;-253;-77;0;0
22.815;-251;143;0;0
22.821;-249;94;0;0
22.827;-247;-50;0;0
22.833;-245;-97;0;0
22.839;-241;73;0;0
22.845;-237;-120;0;0
22.851;-234;3;0;0
22.857;-231;129;0;0
22.863;-228;30;0;0
22.869;-225;-115;0;0
22.875;-221;56;0;0
22.881;-217;132;0;0
22.887;-212;-61;0;0
22.893;-208;13;0;0
22.899;-203;137;0;0
22.905;-199;-103;0;0
22.911;-194;-28;0;0
22.917;-189;93;0;0
22.923;-183;121;0;0
22.929;-177;146;0;0
22.935;-171;-141;0;0
22.941;-165;-113;0;0
22.947;-159;-87;0;0
22.953;-153;-61;0;0
22.959;-146;-83;0;0
22.965;-139;-104;0;0
22.971;-132;-124;0;0
22.977;-124;-145;0;0
22.983;-117;96;0;0
22.989;-109;28;0;0
22.995;-101;6;0;0
23.001;-93;-112;0;0
23.007;-84;134;0;0
23.013;-75;65;0;0
23.019;-67;-53;0;0
23.025;-59;-123;0;0
23.031;-51;75;0;0
23.037;-43;55;0;0
23.043;-35;-64;0;0
23.049;-25;134;0;0
23.055;-17;16;0;0
23.061;-9;-54;0;0
23.067;0;-125;0;0
23.07;6;-125;0;0
23.076;13;194;0;0
23.082;22;32;0;0
23.088;31;-39;0;0
23.094;39;-158;0;0
23.1;48;91;0;0
23.106;56;21;0;0
23.112;64;-50;0;0
23.118;72;-120;0;0
23.124;80;128;0;0
23.13;88;58;0;0
23.136;96;-12;0;0
23.142;104;-83;0;0
23.148;111;-152;0;0
23.154;118;142;0;0
23.16;125;122;0;0
23.166;132;149;0;0
23.172;138;79;0;0
23.178;145;107;0;0
23.184;151;132;0;0
23.19;157;-158;0;0
23.196;163;-130;0;0
23.202;169;-103;0;0
23.208;174;-29;0;0
23.214;179;46;0;0
23.22;184;73;0;0
23.226;189;-123;0;0
23.232;193;-45;0;0
23.238;197;29;0;0
23.244;202;154;0;0
23.25;205;-40;0;0
23.256;209;131;0;0
23.262;213;-13;0;0
23.268;216;110;0;0
23.274;219;13;0;0
23.28;221;139;0;0
23.286;224;40;0;0
23.292;226;-58;0;0
23.298;228;-155;0;0
23.304;230;66;0;0
23.31;232;-30;0;0
23.316;233;-128;0;0
23.322;235;141;0;0
23.328;236;94;0;0
23.334;237;-3;0;0
23.34;237;-3;0;0
23.346;237;-3;0;0
23.352;237;-3;0;0
23.358;237;-3;0;0
23.364;237;-3;0;0
23.37;237;-3;0;0
23.376;236;-3;0;0
23.382;235;95;0;0
23.388;234;145;0;0
23.394;233;-128;0;0
23.4;231;-78;0;0
23.406;229;18;0;0
23.412;227;117;0;0
23.418;225;-106;0;0
23.424;223;-8;0;0
23.43;221;139;0;0
23.436;217;-84;0;0
23.442;215;61;0;0
23.448;211;-112;0;0
23.454;209;82;0;0
23.46;205;-90;0;0
23.466;201;105;0;0
23.472;197;-68;0;0
23.478;193;-142;0;0
23.484;188;99;0;0
23.49;183;-24;0;0
23.496;178;-99;0;0
23.502;173;143;0;0
23.508;168;67;0;0
23.514;163;-7;0;0
23.52;157;-34;0;0
23.526;151;-61;0;0
23.532;145;-88;0;0
23.538;138;-115;0;0
23.544;132;-92;0;0
23.55;125;-120;0;0
23.556;119;-97;0;0
23.562;113;-125;0;0
23.568;106;-102;0;0
23.574;98;-81;0;0
23.58;90;-12;0;0
23.586;83;58;0;0
23.592;75;130;0;0
23.598;68;151;0;0
23.604;60;-147;0;0
23.61;53;-76;0;0
23.616;45;-6;0;0
23.622;37;65;0;0
23.628;28;137;0;0
23.634;20;-65;0;0
23.64;11;5;0;0
23.643;6;5;0;0
23.649;-1;0;0;0
23.652;-6;0;0;0
23.655;-10;-140;0;0
23.661;-17;-184;0;0
23.667;-25;-23;0;0
23.673;-33;131;0;0
23.679;-41;284;0;0
23.685;-49;-261;0;0
23.691;-56;-217;0;0
23.697;-63;-168;0;0
23.703;-71;-9;0;0
23.709;-79;141;0;0
23.715;-86;193;0;0
23.721;-94;345;0;0
23.727;-101;-304;0;0
23.733;-109;-158;0;0
23.739;-115;-220;0;0
23.745;-122;-170;0;0
23.751;-128;-232;0;0
23.757;-135;-182;0;0
23.763;-140;-357;0;0
23.769;-145;204;0;0
23.775;-151;137;0;0
23.781;-157;77;0;0
23.787;-162;-89;0;0
23.793;-167;-260;0;0
23.799;-171;180;0;0
23.805;-175;-102;0;0
23.811;-179;339;0;0
23.817;-183;54;0;0
23.823;-187;-218;0;0
23.829;-190;105;0;0
23.835;-193;-280;0;0
23.841;-196;43;0;0
23.847;-199;-332;0;0
23.853;-202;-17;0;0
23.859;-203;90;0;0
23.865;-205;298;0;0
23.871;-207;-184;0;0
23.877;-208;-78;0;0
23.883;-210;138;0;0
23.889;-211;245;0;0
23.895;-213;-243;0;0
23.901;-214;-140;0;0
23.907;-215;-29;0;0
23.913;-215;-28;0;0
23.919;-215;-28;0;0
23.925;-215;-28;0;0
23.931;-215;-28;0;0
23.937;-214;-136;0;0
23.943;-214;-139;0;0
23.949;-213;-249;0;0
23.955;-211;251;0;0
23.961;-210;138;0;0
23.967;-209;30;0;0
23.973;-207;-180;0;0
23.979;-205;315;0;0
23.985;-203;91;0;0
23.991;-200;-227;0;0
23.997;-199;-351;0;0
24.003;-196;43;0;0
24.009;-193;-274;0;0
24.015;-190;105;0;0
24.021;-186;-332;0;0
24.027;-183;56;0;0
24.033;-179;321;0;0
24.039;-175;-102;0;0
24.045;-171;178;0;0
24.051;-167;-260;0;0
24.057;-162;-94;0;0
24.063;-157;77;0;0
24.069;-152;238;0;0
24.075;-147;-297;0;0
24.081;-142;-132;0;0
24.087;-136;-70;0;0
24.093;-130;-7;0;0
24.099;-124;51;0;0
24.105;-118;110;0;0
24.111;-112;172;0;0
24.117;-105;125;0;0
24.123;-99;186;0;0
24.129;-91;26;0;0
24.135;-84;-20;0;0
24.141;-77;-69;0;0
24.147;-70;-115;0;0
24.153;-63;-168;0;0
24.159;-56;-217;0;0
24.165;-49;-266;0;0
24.171;-41;294;0;0
24.177;-34;237;0;0
24.183;-27;189;0;0
24.189;-19;36;0;0
24.195;-12;-11;0;0
24.201;-5;-59;0;0
24.207;3;-208;0;0
24.213;11;323;0;0
24.219;19;173;0;0
24.225;27;22;0;0
24.231;34;-23;0;0
24.237;41;-70;0;0
24.243;48;-115;0;0
24.249;55;-167;0;0
24.255;61;-108;0;0
24.261;69;-262;0;0
24.267;76;-309;0;0
24.273;83;340;0;0
24.279;89;-292;0;0
24.285;97;245;0;0
24.291;103;297;0;0
24.297;109;-334;0;0
24.303;114;-172;0;0
24.309;119;-3;0;0
24.315;124;158;0;0
24.321;129;326;0;0
24.327;135;-308;0;0
24.333;141;-258;0;0
24.339;145;19;0;0
24.345;150;178;0;0
24.351;154;-238;0;0
24.357;158;31;0;0
24.363;162;292;0;0
24.369;166;-122;0;0
24.375;169;260;0;0
24.381;173;-169;0;0
24.387;176;211;0;0
24.393;179;-110;0;0
24.399;181;-331;0;0
24.405;184;53;0;0
24.411;186;-154;0;0
24.417;188;328;0;0
24.423;189;216;0;0
24.429;191;5;0;0
24.435;193;-194;0;0
24.441;193;-209;0;0
24.447;195;280;0;0
24.453;195;274;0;0
24.459;196;169;0;0
24.465;196;167;0;0
24.471;196;167;0;0
24.477;196;167;0;0
24.483;195;274;0;0
24.489;195;274;0;0
24.495;194;-310;0;0
24.501;193;-211;0;0
24.507;191;5;0;0
24.513;190;105;0;0
24.519;189;216;0;0
24.525;186;-157;0;0
24.531;184;53;0;0
24.537;182;255;0;0
24.543;179;-110;0;0
24.549;177;102;0;0
24.555;174;-277;0;0
24.561;171;42;0;0
24.567;167;-222;0;0
24.573;164;91;0;0
24.579;160;-176;0;0
24.585;156;248;0;0
24.591;151;77;0;0
24.597;147;-187;0;0
24.603;143;236;0;0
24.609;138;65;0;0
24.615;133;-95;0;0
24.621;128;-264;0;0
24.627;123;273;0;0
24.633;117;209;0;0
24.639;112;43;0;0
24.645;106;-14;0;0
24.651;100;-74;0;0
24.657;93;-26;0;0
24.663;87;-83;0;0
24.669;81;-141;0;0
24.675;75;-203;0;0
24.681;68;-155;0;0
24.687;61;-108;0;0
24.693;55;-168;0;0
24.699;48;-119;0;0
24.705;41;-72;0;0
24.711;33;79;0;0
24.717;26;122;0;0
24.723;19;173;0;0
24.729;12;217;0;0
24.735;5;266;0;0
24.741;-2;306;0;0
24.747;-9;-323;0;0
24.753;-16;-286;0;0
24.759;-23;-243;0;0
24.765;-31;-84;0;0
24.771;-38;-34;0;0
24.777;-45;13;0;0
24.783;-51;-44;0;0
24.789;-57;-104;0;0
24.795;-63;-166;0;0
24.801;-70;-118;0;0
24.807;-77;-70;0;0
24.813;-83;-127;0;0
24.819;-90;-81;0;0
24.825;-96;-138;0;0
24.831;-102;-201;0;0
24.837;-107;353;0;0
24.843;-113;281;0;0
24.849;-119;221;0;0
24.855;-123;-56;0;0
24.861;-129;-116;0;0
24.867;-134;-291;0;0
24.873;-138;152;0;0
24.879;-142;-128;0;0
24.885;-147;-303;0;0
24.891;-150;29;0;0
24.897;-154;-240;0;0
24.903;-157;79;0;0
24.909;-161;-193;0;0
24.915;-164;128;0;0
24.921;-167;-260;0;0
24.927;-169;-43;0;0
24.933;-171;174;0;0
24.939;-174;-211;0;0
24.945;-175;-105;0;0
24.951;-178;228;0;0
24.957;-179;328;0;0
24.963;-180;-271;0;0
24.969;-181;-164;0;0
24.975;-182;-55;0;0
24.981;-183;53;0;0
24.987;-183;52;0;0
24.993;-184;157;0;0
24.999;-184;161;0;0
25.005;-184;161;0;0
25.011;-183;53;0;0
25.017;-183;52;0;0
25.023;-182;-52;0;0
25.029;-181;-161;0;0
25.035;-180;-277;0;0
25.041;-179;339;0;0
25.047;-177;113;0;0
25.053;-175;-102;0;0
25.059;-174;-216;0;0
25.065;-171;178;0;0
25.071;-169;-42;0;0
25.077;-167;-260;0;0
25.083;-163;17;0;0
25.089;-160;-302;0;0
25.095;-157;79;0;0
25.101;-154;-243;0;0
25.107;-151;140;0;0
25.113;-146;306;0;0
25.119;-142;-128;0;0
25.125;-138;152;0;0
25.131;-134;-285;0;0
25.137;-129;-119;0;0
25.143;-125;166;0;0
25.149;-119;221;0;0
25.155;-113;281;0;0
25.161;-107;341;0;0
25.167;-102;-204;0;0
25.173;-97;-33;0;0
25.179;-91;26;0;0
25.185;-86;187;0;0
25.191;-79;144;0;0
25.197;-73;203;0;0
25.203;-66;155;0;0
25.209;-60;214;0;0
25.215;-54;273;0;0
25.221;-48;332;0;0
25.227;-42;-305;0;0
25.233;-35;351;0;0
25.239;-29;-294;0;0
25.245;-22;-349;0;0
25.251;-15;317;0;0
25.257;-9;-330;0;0
25.263;-3;-271;0;0
25.269;5;271;0;0
25.275;11;317;0;0
25.281;18;277;0;0
25.287;25;230;0;0
25.293;32;182;0;0
25.299;38;239;0;0
25.305;45;193;0;0
25.311;51;253;0;0
25.317;57;307;0;0
25.323;63;-314;0;0
25.329;69;-262;0;0
25.335;75;-203;0;0
25.341;81;-144;0;0
25.347;86;20;0;0
25.353;93;-25;0;0
25.359;98;134;0;0
25.365;103;294;0;0
25.371;108;-227;0;0
25.377;113;-64;0;0
25.383;117;209;0;0
25.389;121;-214;0;0
25.395;126;-52;0;0
25.401;130;222;0;0
25.407;134;-202;0;0
25.413;138;68;0;0
25.419;141;-244;0;0
25.425;145;19;0;0
25.431;149;281;0;0
25.437;151;77;0;0
25.443;154;-233;0;0
25.449;157;138;0;0
25.455;159;-75;0;0
25.461;161;-285;0;0
25.467;163;200;0;0
25.473;165;-16;0;0
25.479;167;-227;0;0
25.485;168;-339;0;0
25.491;169;257;0;0
25.497;170;146;0;0
25.503;171;41;0;0
25.509;171;40;0;0
25.515;171;40;0;0
25.521;171;40;0;0
25.527;171;40;0;0
25.533;171;40;0;0
25.539;171;40;0;0
25.545;170;143;0;0
25.551;169;251;0;0
25.557;167;-227;0;0
25.563;166;-124;0;0
25.569;165;-17;0;0
25.575;163;195;0;0
25.581;161;-288;0;0
25.587;158;31;0;0
25.593;156;235;0;0
25.599;153;-133;0;0
25.605;150;188;0;0
25.611;147;-191;0;0
25.617;144;128;0;0
25.623;141;-249;0;0
25.629;137;176;0;0
25.635;133;-98;0;0
25.641;130;220;0;0
25.647;126;-50;0;0
25.653;121;-216;0;0
25.659;117;213;0;0
25.665;113;-62;0;0
25.671;108;-227;0;0
25.677;103;310;0;0
25.683;97;245;0;0
25.689;92;77;0;0
25.695;87;-81;0;0
25.701;81;-139;0;0
25.707;76;-309;0;0
25.713;70;328;0;0
25.719;64;264;0;0
25.725;58;206;0;0
25.731;52;147;0;0
25.737;46;91;0;0
25.743;40;32;0;0
25.749;33;78;0;0
25.755;27;21;0;0
25.761;20;66;0;0
25.767;14;10;0;0
25.773;8;-45;0;0
25.779;1;0;0;0
25.782;-3;0;0;0
25.785;-5;-36;0;0
25.791;-11;-115;0;0
25.797;-18;-71;0;0
25.803;-24;-129;0;0
25.809;-31;-83;0;0
25.815;-37;-140;0;0
25.821;-43;-203;0;0
25.827;-49;-264;0;0
25.833;-54;279;0;0
25.839;-59;108;0;0
25.845;-65;49;0;0
25.851;-71;-9;0;0
25.857;-77;-67;0;0
25.863;-83;-127;0;0
25.869;-89;-190;0;0
25.875;-94;353;0;0
25.881;-98;73;0;0
25.887;-102;-191;0;0
25.893;-107;349;0;0
25.899;-111;64;0;0
25.905;-116;-102;0;0
25.911;-121;-279;0;0
25.917;-125;164;0;0
25.923;-129;-116;0;0
25.929;-133;325;0;0
25.935;-136;-68;0;0
25.941;-139;258;0;0
25.947;-141;-239;0;0
25.953;-144;91;0;0
25.959;-147;-287;0;0
25.965;-149;-81;0;0
25.971;-151;137;0;0
25.977;-153;355;0;0
25.983;-155;-139;0;0
25.989;-156;-31;0;0
25.995;-158;184;0;0
26.001;-159;291;0;0
26.007;-159;291;0;0
26.013;-159;291;0;0
26.019;-159;291;0;0
26.025;-159;291;0;0
26.031;-159;291;0;0
26.037;-159;291;0;0
26.043;-158;184;0;0
26.049;-157;76;0;0
26.055;-156;-30;0;0
26.061;-155;-138;0;0
26.067;-153;363;0;0
26.073;-151;136;0;0
26.079;-149;-78;0;0
26.085;-147;-297;0;0
26.091;-145;202;0;0
26.097;-143;-19;0;0
26.103;-139;258;0;0
26.109;-136;-68;0;0
26.115;-133;314;0;0
26.121;-130;-7;0;0
26.127;-127;-323;0;0
26.133;-123;-57;0;0
26.139;-119;221;0;0
26.145;-115;-213;0;0
26.151;-111;66;0;0
26.157;-107;334;0;0
26.163;-103;-93;0;0
26.169;-98;75;0;0
26.175;-93;231;0;0
26.181;-87;298;0;0
26.187;-82;-233;0;0
26.193;-77;-69;0;0
26.199;-72;95;0;0
26.205;-67;254;0;0
26.211;-62;-269;0;0
26.217;-56;-215;0;0
26.223;-50;-155;0;0
26.229;-45;13;0;0
26.235;-39;69;0;0
26.241;-34;232;0;0
26.247;-28;296;0;0
26.253;-22;-341;0;0
26.259;-16;-289;0;0
26.265;-11;-120;0;0
26.271;-5;-60;0;0
26.277;1;0;0;0
26.28;5;0;0;0
26.283;9;-95;0;0
26.289;13;111;0;0
26.295;20;68;0;0
26.301;25;223;0;0
26.307;31;285;0;0
26.313;37;-333;0;0
26.319;42;-180;0;0
26.325;48;-119;0;0
26.331;53;45;0;0
26.337;58;202;0;0
26.343;63;-311;0;0
26.349;69;-262;0;0
26.355;74;-96;0;0
26.361;79;67;0;0
26.367;84;221;0;0
26.373;89;-288;0;0
26.379;93;-26;0;0
26.385;98;135;0;0
26.391;102;-277;0;0
26.397;105;93;0;0
26.403;109;-323;0;0
26.409;113;-64;0;0
26.415;116;312;0;0
26.421;120;-108;0;0
26.427;123;273;0;0
26.433;126;-50;0;0
26.439;129;326;0;0
26.445;132;7;0;0
26.448;133;7;0;0
26.454;135;-187;0;0
26.46;137;78;0;0
26.466;139;-18;0;0
26.472;141;-67;0;0
26.478;142;-115;0;0
26.484;143;105;0;0
26.49;145;57;0;0
26.496;145;8;0;0
26.502;146;-41;0;0
26.508;147;-88;0;0
26.514;147;-89;0;0
26.52;148;-137;0;0
26.526;148;-136;0;0
26.532;147;-136;0;0
26.538;147;-87;0;0
26.544;146;-88;0;0
26.55;145;-40;0;0
26.556;145;8;0;0
26.562;143;58;0;0
26.568;141;156;0;0
26.574;141;-116;0;0
26.58;138;-18;0;0
26.586;137;79;0;0
26.592;135;-144;0;0
26.598;133;-44;0;0
26.604;130;52;0;0
26.61;127;-121;0;0
26.616;125;24;0;0
26.622;121;-149;0;0
26.628;118;-1;0;0
26.634;115;146;0;0
26.64;111;-28;0;0
26.646;108;-153;0;0
26.652;104;41;0;0
26.658;99;-83;0;0
26.664;95;113;0;0
26.67;90;36;0;0
26.676;86;-39;0;0
26.682;82;157;0;0
26.688;77;31;0;0
26.694;73;-45;0;0
26.7;68;-121;0;0
26.706;63;74;0;0
26.712;57;48;0;0
26.718;52;-28;0;0
26.724;47;-104;0;0
26.73;41;-130;0;0
26.736;36;-156;0;0
26.742;30;85;0;0
26.748;25;10;0;0
26.754;20;-16;0;0
26.76;14;-94;0;0
26.766;9;-119;0;0
26.772;3;125;0;0
26.778;-3;99;0;0
26.784;-8;71;0;0
26.79;-14;-5;0;0
26.796;-19;-32;0;0
26.802;-25;-107;0;0
26.808;-31;-133;0;0
26.814;-36;155;0;0
26.82;-42;81;0;0
26.826;-47;6;0;0
26.832;-51;-71;0;0
26.838;-55;124;0;0
26.844;-60;49;0;0
26.85;-65;-26;0;0
26.856;-71;-101;0;0
26.862;-75;139;0;0
26.868;-80;65;0;0
26.874;-85;-58;0;0
26.88;-89;-133;0;0
26.886;-93;60;0;0
26.892;-97;-113;0;0
26.898;-100;81;0;0
26.904;-103;-41;0;0
26.91;-107;103;0;0
26.916;-111;-19;0;0
26.922;-115;-142;0;0
26.928;-118;1;0;0
26.934;-121;149;0;0
26.94;-123;-24;0;0
26.946;-125;23;0;0
26.952;-127;121;0;0
26.958;-128;-100;0;0
26.964;-130;-3;0;0
26.97;-132;45;0;0
26.976;-134;-128;0;0
26.982;-136;-77;0;0
26.988;-137;18;0;0
26.994;-138;18;0;0
27.0;-138;67;0;0
27.006;-138;67;0;0
27.012;-139;115;0;0
27.018;-139;114;0;0
27.024;-139;114;0;0
27.03;-139;114;0;0
27.036;-139;114;0;0
27.042;-138;66;0;0
27.048;-137;18;0;0
27.054;-135;-30;0;0
27.06;-135;-78;0;0
27.066;-133;-126;0;0
27.072;-132;91;0;0
27.078;-130;45;0;0
27.084;-128;-52;0;0
27.09;-126;-148;0;0
27.096;-123;23;0;0
27.102;-120;-122;0;0
27.108;-117;49;0;0
27.114;-115;-95;0;0
27.12;-112;125;0;0
27.126;-109;-19;0;0
27.132;-106;151;0;0
27.138;-103;-41;0;0
27.144;-99;129;0;0
27.15;-95;-63;0;0
27.156;-91;12;0;0
27.162;-86;138;0;0
27.168;-82;-58;0;0
27.174;-78;66;0;0
27.18;-74;-130;0;0
27.186;-69;-4;0;0
27.192;-65;121;0;0
27.198;-60;147;0;0
27.204;-55;-96;0;0
27.21;-50;27;0;0
27.216;-46;104;0;0
27.222;-41;-91;0;0
27.228;-36;-15;0;0
27.234;-31;11;0;0
27.24;-26;87;0;0
27.246;-21;-109;0;0
27.252;-15;-79;0;0
27.258;-11;-5;0;0
27.264;-5;70;0;0
27.27;1;149;0;0
27.276;5;-149;0;0
27.282;11;-71;0;0
27.288;17;-43;0;0
27.294;21;32;0;0
27.3;27;110;0;0
27.306;31;-137;0;0
27.312;36;-59;0;0
27.318;41;65;0;0
27.324;45;143;0;0
27.33;50;-104;0;0
27.336;55;20;0;0
27.342;59;99;0;0
27.348;64;-100;0;0
27.354;69;-22;0;0
27.36;73;102;0;0
27.366;77;-143;0;0
27.372;81;-17;0;0
27.378;85;108;0;0
27.384;89;-88;0;0
27.39;93;36;0;0
27.396;96;-111;0;0
27.402;99;63;0;0
27.408;102;-84;0;0
27.414;105;90;0;0
27.42;107;-56;0;0
27.426;110;-152;0;0
27.432;113;19;0;0
27.438;115;-78;0;0
27.444;117;144;0;0
27.45;119;47;0;0
27.456;121;-50;0;0
27.462;123;-148;0;0
27.468;124;73;0;0
27.474;125;25;0;0
27.48;126;-23;0;0
27.486;127;-72;0;0
27.492;128;-121;0;0
27.498;128;-119;0;0
27.504;129;147;0;0
27.51;129;149;0;0
27.516;129;149;0;0
27.522;128;149;0;0
27.528;128;-121;0;0
27.534;127;-119;0;0
27.54;127;-71;0;0
27.546;125;-23;0;0
27.552;125;25;0;0
27.558;123;75;0;0
27.564;121;-149;0;0
27.57;120;-98;0;0
27.576;118;-1;0;0
27.582;116;97;0;0
27.588;114;-127;0;0
27.594;112;-28;0;0
27.6;109;117;0;0
27.606;107;-105;0;0
27.612;104;41;0;0
27.618;101;-83;0;0
27.624;97;63;0;0
27.63;94;-112;0;0
27.636;91;36;0;0
27.642;87;-140;0;0
27.648;84;58;0;0
27.654;81;-67;0;0
27.66;77;80;0;0
27.666;73;-45;0;0
27.672;69;152;0;0
27.678;65;75;0;0
27.684;60;-50;0;0
27.69;55;146;0;0
27.696;51;70;0;0
27.702;46;-6;0;0
27.708;41;-133;0;0
27.714;37;112;0;0
27.72;32;37;0;0
27.726;27;-88;0;0
27.732;22;158;0;0
27.738;17;82;0;0
27.744;13;5;0;0
27.747;9;5;0;0
27.75;7;36;0;0
27.756;2;36;0;0
27.759;-1;101;0;0
27.765;-5;101;0;0
27.771;-10;120;0;0
27.777;-15;43;0;0
27.783;-19;-32;0;0
27.789;-25;-107;0;0
27.795;-30;133;0;0
27.801;-35;59;0;0
27.807;-39;-15;0;0
27.813;-43;-139;0;0
27.819;-47;54;0;0
27.825;-51;-70;0;0
27.831;-55;125;0;0
27.837;-59;0;0;0
27.84;-62;0;0;0
27.843;-64;-35;0;0
27.849;-67;262;0;0
27.855;-72;96;0;0
27.861;-76;-169;0;0
27.867;-79;147;0;0
27.873;-83;-127;0;0
27.879;-87;304;0;0
27.885;-91;26;0;0
27.891;-93;231;0;0
27.897;-95;-245;0;0
27.903;-97;-33;0;0
27.909;-100;283;0;0
27.915;-103;-92;0;0
27.921;-106;232;0;0
27.927;-109;-151;0;0
27.933;-111;64;0;0
27.939;-113;272;0;0
27.945;-114;-322;0;0
27.951;-115;-218;0;0
27.957;-117;3;0;0
27.963;-118;106;0;0
27.969;-119;218;0;0
27.975;-119;218;0;0
27.981;-119;218;0;0
27.987;-120;326;0;0
27.993;-120;326;0;0
27.999;-120;326;0;0
28.005;-120;326;0;0
28.011;-119;218;0;0
28.017;-119;218;0;0
28.023;-119;218;0;0
28.029;-118;111;0;0
28.035;-117;3;0;0
28.041;-116;-99;0;0
28.047;-115;-211;0;0
28.053;-113;290;0;0
28.059;-111;64;0;0
28.065;-109;-148;0;0
28.071;-107;345;0;0
28.077;-104;15;0;0
28.083;-103;-90;0;0
28.089;-100;289;0;0
28.095;-98;75;0;0
28.101;-95;-237;0;0
28.107;-91;27;0;0
28.113;-87;288;0;0
28.119;-84;-20;0;0
28.125;-81;-336;0;0
28.131;-78;38;0;0
28.137;-75;-272;0;0
28.143;-71;-9;0;0
28.149;-67;254;0;0
28.155;-63;-161;0;0
28.161;-59;110;0;0
28.167;-55;-317;0;0
28.173;-51;-47;0;0
28.179;-47;223;0;0
28.185;-43;-197;0;0
28.191;-39;73;0;0
28.197;-35;336;0;0
28.203;-31;-81;0;0
28.209;-26;83;0;0
28.215;-22;-331;0;0
28.221;-17;-180;0;0
28.227;-13;97;0;0
28.233;-9;-320;0;0
28.239;-3;-271;0;0
28.245;1;0;0;0
28.248;5;0;0;0
28.251;7;37;0;0
28.254;9;37;0;0
28.26;13;203;0;0
28.266;17;-93;0;0
28.272;21;32;0;0
28.278;26;110;0;0
28.284;30;-87;0;0
28.29;34;37;0;0
28.296;38;-160;0;0
28.302;42;-33;0;0
28.308;46;92;0;0
28.314;50;-106;0;0
28.32;54;20;0;0
28.326;58;148;0;0
28.332;62;-50;0;0
28.338;65;75;0;0
28.344;69;-72;0;0
28.35;73;53;0;0
28.356;77;-95;0;0
28.362;80;31;0;0
28.368;83;-67;0;0
28.374;85;58;0;0
28.38;88;-40;0;0
28.386;91;135;0;0
28.392;93;-12;0;0
28.398;95;-61;0;0
28.404;97;113;0;0
28.41;99;14;0;0
28.416;101;-84;0;0
28.422;103;-131;0;0
28.428;105;89;0;0
28.434;106;42;0;0
28.44;107;-56;0;0
28.446;108;-104;0;0
28.452;109;-151;0;0
28.458;109;-151;0;0
28.464;110;116;0;0
28.47;110;118;0;0
28.476;110;118;0;0
28.482;110;117;0;0
28.488;110;118;0;0
28.494;110;118;0;0
28.5;110;118;0;0
28.506;109;-153;0;0
28.512;109;-151;0;0
28.518;107;-103;0;0
28.524;106;-55;0;0
28.53;105;41;0;0
28.536;103;91;0;0
28.542;102;-132;0;0
28.548;100;-81;0;0
28.554;98;14;0;0
28.56;97;115;0;0
28.566;94;-110;0;0
28.572;92;-12;0;0
28.578;89;135;0;0
28.584;87;-88;0;0
28.59;85;58;0;0
28.596;81;-117;0;0
28.602;79;31;0;0
28.608;75;132;0;0
28.614;73;4;0;0
28.617;70;4;0;0
28.623;67;-95;0;0
28.629;63;76;0;0
28.635;60;-51;0;0
28.641;56;146;0;0
28.647;52;21;0;0
28.653;48;-105;0;0
28.659;44;91;0;0
28.665;40;-33;0;0
28.671;36;-159;0;0
28.677;32;37;0;0
28.683;28;-88;0;0
28.689;24;109;0;0
28.695;20;-16;0;0
28.701;15;-141;0;0
28.707;11;102;0;0
28.713;7;-21;0;0
28.719;2;-149;0;0
28.725;-2;203;0;0
28.731;-6;-27;0;0
28.737;-11;-153;0;0
28.743;-15;42;0;0
28.749;-19;-32;0;0
28.755;-23;-107;0;0
28.761;-27;85;0;0
28.767;-32;-38;0;0
28.773;-36;156;0;0
28.779;-39;-15;0;0
28.785;-43;-140;0;0
28.791;-47;6;0;0
28.797;-50;-120;0;0
28.803;-54;75;0;0
28.809;-57;-97;0;0
28.815;-61;49;0;0
28.821;-63;-75;0;0
28.827;-67;71;0;0
28.833;-70;-102;0;0
28.839;-73;43;0;0
28.845;-76;-130;0;0
28.851;-79;65;0;0
28.857;-82;-157;0;0
28.863;-84;-57;0;0
28.869;-87;87;0;0
28.875;-89;-135;0;0
28.881;-91;12;0;0
28.887;-93;61;0;0
28.893;-95;160;0;0
28.899;-95;-112;0;0
28.905;-97;-14;0;0
28.911;-99;33;0;0
28.917;-99;83;0;0
28.923;-101;-140;0;0
28.929;-102;-88;0;0
28.935;-103;-41;0;0
28.941;-103;-41;0;0
28.947;-103;-41;0;0
28.953;-103;-41;0;0
28.959;-103;-41;0;0
28.965;-103;-41;0;0
28.971;-103;-41;0;0
28.977;-103;-41;0;0
28.983;-102;-41;0;0
28.989;-101;-138;0;0
28.995;-100;-136;0;0
29.001;-99;80;0;0
29.007;-98;34;0;0
29.013;-96;-64;0;0
29.019;-94;-112;0;0
29.025;-93;108;0;0
29.031;-91;12;0;0
29.037;-89;-36;0;0
29.043;-87;-134;0;0
29.049;-85;87;0;0
29.055;-83;-58;0;0
29.061;-79;-155;0;0
29.067;-77;-30;0;0
29.073;-74;-128;0;0
29.079;-71;43;0;0
29.085;-69;-53;0;0
29.091;-67;119;0;0
29.097;-63;-26;0;0
29.103;-59;98;0;0
29.109;-56;-48;0;0
29.115;-53;126;0;0
29.121;-50;-20;0;0
29.127;-47;152;0;0
29.133;-43;-42;0;0
29.139;-39;81;0;0
29.145;-35;-65;0;0
29.151;-32;60;0;0
29.157;-29;-87;0;0
29.163;-25;87;0;0
29.169;-22;-109;0;0
29.175;-18;16;0;0
29.181;-14;142;0;0
29.187;-10;-54;0;0
29.193;-7;70;0;0
29.199;-3;-127;0;0
29.205;1;0;0;0
29.208;4;0;0;0
29.211;6;103;0;0
29.217;9;-146;0;0
29.223;13;114;0;0
29.229;16;-195;0;0
29.235;20;69;0;0
29.241;23;-236;0;0
29.247;27;22;0;0
29.253;31;276;0;0
29.259;34;-23;0;0
29.265;37;-333;0;0
29.271;41;-71;0;0
29.277;43;-273;0;0
29.283;46;92;0;0
29.289;49;-214;0;0
29.295;52;150;0;0
29.301;55;-161;0;0
29.307;57;313;0;0
29.313;60;-1;0;0
29.316;61;-1;0;0
29.322;64;-193;0;0
29.328;66;74;0;0
29.334;68;-23;0;0
29.34;69;-121;0;0
29.346;71;101;0;0
29.352;73;53;0;0
29.355;73;4;0;0
29.361;75;4;0;0
29.364;76;-147;0;0
29.37;77;290;0;0
29.376;77;269;0;0
29.382;78;169;0;0
29.388;79;66;0;0
29.394;79;64;0;0
29.4;79;64;0;0
29.406;79;64;0;0
29.412;79;64;0;0
29.415;79;64;0;0
29.421;78;41;0;0
29.424;78;82;0;0
29.43;77;82;0;0
29.433;77;132;0;0
29.439;77;132;0;0
29.445;75;-144;0;0
29.451;74;-93;0;0
29.457;73;4;0;0
29.46;73;4;0;0
29.466;71;135;0;0
29.472;69;152;0;0
29.478;68;-71;0;0
29.484;65;26;0;0
29.487;65;76;0;0
29.493;62;76;0;0
29.499;60;-50;0;0
29.505;58;48;0;0
29.508;57;149;0;0
29.514;54;149;0;0
29.52;52;21;0;0
29.526;49;121;0;0
29.532;47;-55;0;0
29.538;45;92;0;0
29.544;42;-133;0;0
29.55;39;15;0;0
29.556;37;-160;0;0
29.562;33;-60;0;0
29.568;30;136;0;0
29.574;27;-87;0;0
29.58;25;109;0;0
29.586;21;-65;0;0
29.592;18;81;0;0
29.598;15;-144;0;0
29.604;12;54;0;0
29.61;9;-122;0;0
29.616;6;27;0;0
29.619;5;27;0;0
29.625;1;-129;0;0
29.631;-2;203;0;0
29.637;-5;-125;0;0
29.643;-7;70;0;0
29.649;-11;-104;0;0
29.655;-14;42;0;0
29.661;-17;-131;0;0
29.667;-20;16;0;0
29.673;-23;-158;0;0
29.679;-26;-10;0;0
29.685;-28;87;0;0
29.691;-31;-87;0;0
29.697;-33;11;0;0
29.703;-36;159;0;0
29.709;-39;-15;0;0
29.715;-41;81;0;0
29.721;-43;-92;0;0
29.727;-45;6;0;0
29.733;-47;106;0;0
29.739;-49;-118;0;0
29.745;-51;-20;0;0
29.751;-53;76;0;0
29.757;-55;-146;0;0
29.763;-57;-95;0;0
29.769;-59;0;0;0
29.772;-59;0;0;0
29.775;-60;133;0;0
29.781;-61;317;0;0
29.787;-63;-161;0;0
29.793;-63;-165;0;0
29.799;-65;49;0;0
29.805;-65;47;0;0
29.811;-67;251;0;0
29.817;-67;259;0;0
29.823;-68;-325;0;0
29.829;-69;-227;0;0
29.835;-69;-224;0;0
29.841;-70;-117;0;0
29.847;-70;-117;0;0
29.853;-70;-117;0;0
29.859;-70;-117;0;0
29.865;-70;-117;0;0
29.871;-70;-117;0;0
29.877;-69;-224;0;0
29.883;-69;-224;0;0
29.889;-68;-332;0;0
29.895;-67;264;0;0
29.901;-67;259;0;0
29.907;-65;48;0;0
29.913;-64;-54;0;0
29.919;-63;-161;0;0
29.925;-62;-272;0;0
29.931;-61;328;0;0
29.937;-60;212;0;0
29.943;-58;1;0;0
29.949;-57;-98;0;0
29.955;-55;-313;0;0
29.961;-54;279;0;0
29.967;-52;60;0;0
29.973;-50;-145;0;0
29.979;-48;336;0;0
29.985;-46;118;0;0
29.991;-44;-93;0;0
29.997;-42;-302;0;0
30.003;-40;182;0;0
30.009;-38;-33;0;0
30.015;-36;-244;0;0
30.021;-34;240;0;0
30.027;-31;-80;0;0
30.033;-29;-291;0;0
30.039;-27;194;0;0
30.045;-24;-127;0;0
30.051;-22;-345;0;0
30.057;-19;36;0;0
30.063;-16;-274;0;0
30.069;-14;205;0;0
30.075;-11;-116;0;0
30.081;-9;-337;0;0
30.087;-7;153;0;0
30.093;-3;-263;0;0
30.099;0;95;0;0
30.102;1;95;0;0
30.105;3;-125;0;0
30.111;5;-125;0;0
30.117;7;76;0;0
30.12;9;76;0;0
30.126;10;-94;0;0
30.132;12;153;0;0
30.138;15;5;0;0
30.141;17;5;0;0
30.147;19;-189;0;0
30.153;21;32;0;0
30.159;23;-66;0;0
30.165;25;109;0;0
30.171;27;10;0;0
30.177;29;-88;0;0
30.183;31;-137;0;0
30.189;33;37;0;0
30.195;35;-11;0;0
30.201;37;-159;0;0
30.207;39;113;0;0
30.213;41;-33;0;0
30.219;43;-82;0;0
30.225;45;141;0;0
30.231;45;92;0;0
30.237;47;43;0;0
30.24;47;-6;0;0
30.246;48;-6;0;0
30.252;49;-106;0;0
30.258;50;-103;0;0
30.264;51;118;0;0
30.27;51;120;0;0
30.276;53;70;0;0
30.282;53;21;0;0
30.288;53;21;0;0
30.291;53;21;0;0
30.297;53;21;0;0
30.3;53;21;0;0
30.306;53;21;0;0
30.309;53;21;0;0
30.315;53;21;0;0
30.321;53;21;0;0
30.324;53;21;0;0
30.33;53;21;0;0
30.333;53;21;0;0
30.339;52;21;0;0
30.345;51;121;0;0
30.351;51;120;0;0
30.357;49;-105;0;0
30.363;49;-103;0;0
30.369;47;-54;0;0
30.375;46;-6;0;0
30.381;45;93;0;0
30.384;45;94;0;0
30.39;43;94;0;0
30.396;42;-83;0;0
30.402;41;-33;0;0
30.408;39;15;0;0
30.414;37;116;0;0
30.42;36;-160;0;0
30.426;34;-11;0;0
30.432;32;38;0;0
30.438;30;-139;0;0
30.444;28;-87;0;0
30.45;26;10;0;0
30.456;25;110;0;0
30.462;23;-115;0;0
30.468;21;-16;0;0
30.474;18;81;0;0
30.48;16;-144;0;0
30.486;14;-43;0;0
30.492;12;54;0;0
30.498;9;-122;0;0
30.504;7;-21;0;0
30.51;5;77;0;0
30.513;4;77;0;0
30.519;2;-130;0;0
30.525;0;0;0;0
30.528;-2;0;0;0
30.531;-3;-158;0;0
30.537;-5;-58;0;0
30.543;-7;149;0;0
30.549;-8;249;0;0
30.555;-11;-114;0;0
30.561;-13;96;0;0
30.567;-15;298;0;0
30.573;-18;-69;0;0
30.579;-20;140;0;0
30.585;-22;-338;0;0
30.591;-23;-240;0;0
30.597;-25;-23;0;0
30.603;-26;82;0;0
30.609;-27;182;0;0
30.615;-29;-291;0;0
30.621;-31;-82;0;0
30.627;-33;129;0;0
30.633;-35;340;0;0
30.639;-36;-244;0;0
30.645;-38;-34;0;0
30.651;-39;71;0;0
30.657;-40;173;0;0
30.663;-41;281;0;0
30.669;-42;-302;0;0
30.675;-43;-201;0;0
30.681;-43;-201;0;0
30.687;-44;-94;0;0
30.693;-45;13;0;0
30.699;-46;115;0;0
30.705;-47;223;0;0
30.711;-47;223;0;0
30.717;-47;223;0;0
30.723;-48;328;0;0
30.729;-48;328;0;0
30.735;-48;328;0;0
30.741;-48;328;0;0
30.747;-48;328;0;0
30.753;-48;328;0;0
30.759;-48;328;0;0
30.765;-48;328;0;0
30.771;-48;328;0;0
30.777;-48;328;0;0
30.783;-48;328;0;0
30.789;-47;226;0;0
30.795;-47;221;0;0
30.801;-46;118;0;0
30.807;-45;13;0;0
30.813;-44;-89;0;0
30.819;-43;-197;0;0
30.825;-43;-201;0;0
30.831;-41;288;0;0
30.837;-40;176;0;0
30.843;-39;72;0;0
30.849;-38;-32;0;0
30.855;-37;-139;0;0
30.861;-35;351;0;0
30.867;-34;234;0;0
30.873;-33;129;0;0
30.879;-31;-80;0;0
30.885;-30;-186;0;0
30.891;-28;299;0;0
30.897;-27;189;0;0
30.903;-25;-22;0;0
30.909;-23;-233;0;0
30.915;-21;251;0;0
30.921;-19;35;0;0
30.927;-18;-67;0;0
30.933;-16;-280;0;0
30.939;-15;314;0;0
30.945;-13;93;0;0
30.951;-11;-114;0;0
30.957;-9;-337;0;0
30.963;-7;152;0;0
30.969;-4;-160;0;0
30.975;-2;315;0;0
30.981;0;96;0;0
30.984;1;96;0;0
30.987;1;0;0;0
30.99;3;0;0;0
30.993;3;-138;0;0
30.999;5;266;0;0
31.005;6;155;0;0
31.011;9;-144;0;0
31.017;10;-249;0;0
31.023;12;221;0;0
31.029;14;10;0;0
31.032;15;10;0;0
31.038;17;-185;0;0
31.044;18;129;0;0
31.05;20;82;0;0
31.056;21;-16;0;0
31.062;23;-65;0;0
31.068;24;159;0;0
31.074;26;109;0;0
31.08;27;10;0;0
31.086;29;-39;0;0
31.092;30;-88;0;0
31.098;31;136;0;0
31.104;32;87;0;0
31.107;33;38;0;0
31.113;34;38;0;0
31.119;35;-61;0;0
31.125;36;-109;0;0
31.131;37;-158;0;0
31.137;38;113;0;0
31.143;39;65;0;0
31.149;40;16;0;0
31.152;41;-33;0;0
31.158;41;-33;0;0
31.164;42;-33;0;0
31.17;42;-83;0;0
31.176;43;-131;0;0
31.182;43;-130;0;0
31.188;43;-130;0;0
31.194;44;-130;0;0
31.2;44;140;0;0
31.206;44;142;0;0
31.212;44;142;0;0
31.218;44;142;0;0
31.224;44;142;0;0
31.23;43;142;0;0
31.236;43;-132;0;0
31.242;43;-130;0;0
31.248;43;-131;0;0
31.254;42;-81;0;0
31.26;41;-33;0;0
31.266;41;-33;0;0
31.272;40;16;0;0
31.278;39;66;0;0
31.281;39;66;0;0
31.287;38;66;0;0
31.293;37;-161;0;0
31.299;36;-108;0;0
31.305;35;-60;0;0
31.311;33;-11;0;0
31.317;33;38;0;0
31.323;31;88;0;0
31.329;30;-139;0;0
31.335;29;-87;0;0
31.341;28;-38;0;0
31.347;26;10;0;0
31.353;25;110;0;0
31.359;23;158;0;0
31.365;21;-65;0;0
31.371;20;-16;0;0
31.377;18;81;0;0
31.383;17;-144;0;0
31.389;15;-92;0;0
31.395;13;5;0;0
31.398;13;5;0;0
31.404;11;201;0;0
31.41;9;-120;0;0
31.416;8;-71;0;0
31.419;7;27;0;0
31.425;5;27;0;0
31.428;4;-151;0;0
31.434;3;-151;0;0
31.44;1;0;0;0
31.443;-1;0;0;0
31.446;-1;131;0;0
31.452;-3;-263;0;0
31.458;-5;-58;0;0
31.464;-6;45;0;0
31.47;-7;144;0;0
31.476;-9;-317;0;0
31.482;-11;-116;0;0
31.488;-13;96;0;0
31.494;-15;298;0;0
31.5;-17;-174;0;0
31.506;-19;36;0;0
31.512;-19;34;0;0
31.518;-20;138;0;0
31.524;-21;246;0;0
31.53;-22;-338;0;0
31.536;-23;-238;0;0
31.542;-25;-23;0;0
31.548;-27;187;0;0
31.554;-28;293;0;0
31.56;-29;-291;0;0
31.566;-31;-82;0;0
31.572;-31;-80;0;0
31.578;-32;24;0;0
31.584;-33;127;0;0
31.59;-34;234;0;0
31.596;-34;234;0;0
31.602;-35;340;0;0
31.608;-35;340;0;0
31.614;-36;-246;0;0
31.62;-37;-142;0;0
31.626;-37;-142;0;0
31.632;-38;-34;0;0
31.638;-38;-33;0;0
31.644;-39;71;0;0
31.65;-39;69;0;0
31.656;-39;69;0;0
31.662;-39;69;0;0
31.668;-39;69;0;0
31.674;-39;69;0;0
31.68;-39;69;0;0
31.686;-39;69;0;0
31.692;-38;-33;0;0
31.698;-38;-33;0;0
31.704;-38;-33;0;0
31.71;-37;-139;0;0
31.716;-37;-142;0;0
31.722;-36;-252;0;0
31.728;-36;-249;0;0
31.734;-35;347;0;0
31.74;-35;340;0;0
31.746;-34;234;0;0
31.752;-33;129;0;0
31.758;-32;24;0;0
31.764;-31;-79;0;0
31.77;-30;-184;0;0
31.776;-29;-297;0;0
31.782;-28;302;0;0
31.788;-27;187;0;0
31.794;-26;81;0;0
31.8;-25;-22;0;0
31.806;-23;-233;0;0
31.812;-22;-345;0;0
31.818;-21;254;0;0
31.824;-19;35;0;0
31.83;-19;34;0;0
31.836;-17;-171;0;0
31.842;-16;-289;0;0
31.848;-15;311;0;0
31.854;-13;93;0;0
31.86;-11;-114;0;0
31.866;-10;-226;0;0
31.872;-8;263;0;0
31.878;-7;149;0;0
31.884;-5;-57;0;0
31.89;-3;-263;0;0
31.896;-2;315;0;0
31.902;-1;206;0;0
31.908;1;0;0;0
31.911;1;0;0;0
31.914;2;-66;0;0
31.92;3;-202;0;0
31.926;5;263;0;0
31.929;5;263;0;0
31.935;7;100;0;0
31.941;9;-22;0;0
31.947;10;-72;0;0
31.953;11;153;0;0
31.959;13;103;0;0
31.965;14;54;0;0
31.971;15;-44;0;0
31.977;17;-93;0;0
31.983;17;-143;0;0
31.989;18;129;0;0
31.995;19;81;0;0
32.001;21;32;0;0
32.007;21;-16;0;0
32.013;23;-66;0;0
32.019;24;158;0;0
32.025;25;109;0;0
32.031;26;109;0;0
32.037;27;60;0;0
32.043;27;10;0;0
32.049;28;-39;0;0
32.055;29;-87;0;0
32.061;29;-87;0;0
32.067;29;-88;0;0
32.073;30;-137;0;0
32.079;31;-135;0;0
32.085;31;135;0;0
32.091;31;137;0;0
32.097;31;137;0;0
32.103;32;87;0;0
32.106;32;88;0;0
32.112;32;88;0;0
32.115;32;88;0;0
32.121;32;88;0;0
32.124;32;88;0;0
32.13;32;88;0;0
32.136;33;38;0;0
32.142;33;38;0;0
32.148;33;38;0;0
32.154;32;87;0;0
32.16;32;88;0;0
32.163;32;88;0;0
32.169;32;88;0;0
32.172;31;139;0;0
32.178;31;139;0;0
32.184;30;137;0;0
32.19;30;-137;0;0
32.196;29;-87;0;0
32.202;29;-88;0;0
32.208;28;-88;0;0
32.214;27;-38;0;0
32.22;27;10;0;0
32.226;26;60;0;0
32.229;25;111;0;0
32.235;25;111;0;0
32.241;24;159;0;0
32.247;23;-115;0;0
32.253;21;-65;0;0
32.259;21;-16;0;0
32.265;20;32;0;0
32.268;19;83;0;0
32.274;18;83;0;0
32.277;17;-144;0;0
32.283;16;-144;0;0
32.289;15;-43;0;0
32.295;14;5;0;0
32.298;13;5;0;0
32.304;12;72;0;0
32.31;11;155;0;0
32.316;10;-120;0;0
32.322;9;-70;0;0
32.328;7;-22;0;0
32.334;6;27;0;0
32.337;5;27;0;0
32.343;4;165;0;0
32.349;3;-100;0;0
32.355;1;0;0;0
32.358;1;0;0;0
32.361;0;150;0;0
32.364;-1;150;0;0
32.37;-2;185;0;0
32.376;-3;-126;0;0
32.382;-4;-124;0;0
32.388;-5;-27;0;0
32.394;-6;21;0;0
32.397;-7;72;0;0
32.403;-8;72;0;0
32.409;-9;-155;0;0
32.415;-11;-102;0;0
32.421;-12;-53;0;0
32.427;-13;43;0;0
32.433;-15;142;0;0
32.439;-16;141;0;0
32.445;-17;-81;0;0
32.451;-18;-81;0;0
32.457;-19;-32;0;0
32.463;-19;16;0;0
32.469;-19;16;0;0
32.475;-20;66;0;0
32.481;-21;115;0;0
32.487;-22;114;0;0
32.493;-23;-157;0;0
32.499;-23;-106;0;0
32.505;-24;-106;0;0
32.511;-25;-58;0;0
32.517;-25;-10;0;0
32.523;-26;38;0;0
32.529;-27;88;0;0
32.535;-27;88;0;0
32.541;-27;88;0;0
32.547;-27;88;0;0
32.553;-27;88;0;0
32.559;-28;137;0;0
32.565;-28;135;0;0
32.571;-28;135;0;0
32.577;-28;135;0;0
32.583;-28;135;0;0
32.589;-28;135;0;0
32.595;-28;136;0;0
32.601;-28;136;0;0
32.607;-28;136;0;0
32.613;-28;136;0;0
32.619;-27;87;0;0
32.625;-27;88;0;0
32.631;-27;88;0;0
32.637;-27;88;0;0
32.643;-26;88;0;0
32.649;-26;38;0;0
32.655;-25;-10;0;0
32.661;-25;-10;0;0
32.667;-24;-59;0;0
32.673;-23;-108;0;0
32.679;-23;-106;0;0
32.685;-22;-106;0;0
32.691;-21;-155;0;0
32.697;-21;113;0;0
32.703;-20;65;0;0
32.709;-19;16;0;0
32.715;-19;16;0;0
32.721;-18;-32;0;0
32.727;-17;-80;0;0
32.733;-16;-129;0;0
32.739;-15;139;0;0
32.745;-14;141;0;0
32.751;-13;92;0;0
32.757;-12;44;0;0
32.763;-11;-54;0;0
32.769;-11;-54;0;0
32.775;-9;-102;0;0
32.781;-8;-151;0;0
32.787;-7;70;0;0
32.793;-6;72;0;0
32.799;-5;-27;0;0
32.805;-3;-76;0;0
32.811;-3;-126;0;0
32.817;-2;146;0;0
32.823;-1;98;0;0
32.829;0;200;0;0
32.832;1;200;0;0
32.835;1;0;0;0
32.838;1;0;0;0
32.841;1;0;0;0
32.844;2;-66;0;0
32.85;3;-200;0;0
32.856;4;-309;0;0
32.862;5;263;0;0
32.865;5;263;0;0
32.871;7;100;0;0
32.877;7;27;0;0
32.88;8;27;0;0
32.886;9;-94;0;0
32.892;9;-72;0;0
32.895;10;-122;0;0
32.901;11;-122;0;0
32.907;11;152;0;0
32.913;12;104;0;0
32.919;13;54;0;0
32.922;13;55;0;0
32.928;14;55;0;0
32.934;15;-44;0;0
32.94;15;-44;0;0
32.946;16;-93;0;0
32.952;17;-142;0;0
32.958;17;-141;0;0
32.964;17;-141;0;0
32.97;18;129;0;0
32.976;19;81;0;0
32.982;19;83;0;0
32.985;19;83;0;0
32.991;20;83;0;0
32.994;20;33;0;0
33.0;21;33;0;0
33.003;21;-16;0;0
33.009;21;-16;0;0
33.015;21;-16;0;0
33.021;21;-16;0;0
33.027;21;-16;0;0
33.033;21;-16;0;0
33.039;21;-16;0;0
33.045;21;-16;0;0
33.051;21;-16;0;0
33.057;21;-16;0;0
33.063;21;-16;0;0
33.069;21;-16;0;0
33.075;21;-16;0;0
33.081;21;-16;0;0
33.087;21;-16;0;0
33.093;21;-16;0;0
33.099;21;-16;0;0
33.105;21;-16;0;0
33.111;20;32;0;0
33.114;20;33;0;0
33.12;19;33;0;0
33.126;19;83;0;0
33.129;19;83;0;0
33.135;18;83;0;0
33.138;18;133;0;0
33.144;17;133;0;0
33.15;17;-143;0;0
33.156;17;-141;0;0
33.162;16;-92;0;0
33.168;15;-43;0;0
33.174;15;-44;0;0
33.18;14;5;0;0
33.183;13;5;0;0
33.189;13;72;0;0
33.195;12;55;0;0
33.198;12;105;0;0
33.204;11;105;0;0
33.21;10;-120;0;0
33.216;9;-70;0;0
33.222;9;-72;0;0
33.228;8;-22;0;0
33.234;7;27;0;0
33.237;7;27;0;0
33.243;6;100;0;0
33.246;5;127;0;0
33.252;5;127;0;0
33.258;3;-150;0;0
33.264;2;-99;0;0
33.267;2;-50;0;0
33.273;1;-50;0;0
33.279;1;0;0;0
33.282;0;0;0;0
33.285;0;141;0;0
33.288;-1;141;0;0
33.294;-2;123;0;0
33.3;-3;148;0;0
33.306;-3;-126;0;0
33.312;-4;-124;0;0
33.318;-5;-76;0;0
33.324;-5;-27;0;0
33.33;-6;21;0;0
33.333;-6;22;0;0
33.339;-7;22;0;0
33.345;-7;72;0;0
33.351;-8;122;0;0
33.357;-9;-153;0;0
33.363;-9;-151;0;0
33.369;-10;-102;0;0
33.375;-11;-53;0;0
33.381;-11;-54;0;0
33.387;-12;-5;0;0
33.393;-13;44;0;0
33.399;-14;93;0;0
33.405;-14;93;0;0
33.411;-15;143;0;0
33.417;-15;141;0;0
33.423;-15;141;0;0
33.429;-15;141;0;0
33.435;-15;141;0;0
33.441;-16;-129;0;0
33.447;-16;-128;0;0
33.453;-17;-128;0;0
33.459;-17;-80;0;0
33.465;-17;-81;0;0
33.471;-17;-81;0;0
33.477;-17;-81;0;0
33.483;-17;-81;0;0
33.489;-17;-81;0;0
33.495;-17;-81;0;0
33.501;-17;-81;0;0
33.507;-17;-81;0;0
33.513;-17;-81;0;0
33.519;-17;-81;0;0
33.525;-17;-81;0;0
33.531;-17;-81;0;0
33.537;-17;-81;0;0
33.543;-17;-81;0;0
33.549;-16;-81;0;0
33.555;-16;-129;0;0
33.561;-16;-128;0;0
33.567;-15;-128;0;0
33.573;-15;139;0;0
33.579;-15;141;0;0
33.585;-15;141;0;0
33.591;-15;141;0;0
33.597;-14;92;0;0
33.603;-14;93;0;0
33.609;-13;43;0;0
33.615;-13;44;0;0
33.621;-12;-5;0;0
33.627;-11;-5;0;0
33.633;-11;-54;0;0
33.639;-11;-54;0;0
33.645;-11;-54;0;0
33.651;-10;-102;0;0
33.657;-9;-149;0;0
33.663;-9;-151;0;0
33.669;-8;-151;0;0
33.675;-8;119;0;0
33.681;-7;71;0;0
33.684;-7;72;0;0
33.69;-7;72;0;0
33.696;-6;22;0;0
33.702;-5;22;0;0
33.708;-5;-27;0;0
33.714;-5;-27;0;0
33.72;-4;-76;0;0
33.726;-3;-76;0;0
33.732;-3;-126;0;0
33.738;-3;-124;0;0
33.744;-3;-124;0;0
33.75;-2;146;0;0
33.756;-1;148;0;0
33.762;-1;99;0;0
33.765;-1;100;0;0
33.771;0;100;0;0
33.774;0;190;0;0
33.777;1;190;0;0
33.78;1;0;0;0
33.783;1;0;0;0
33.786;1;0;0;0
33.789;1;0;0;0
33.792;1;0;0;0
33.795;1;0;0;0
33.798;2;0;0;0
33.801;2;-67;0;0
33.804;2;-67;0;0
33.81;3;-129;0;0
33.816;3;-99;0;0
33.819;3;-100;0;0
33.825;4;-100;0;0
33.831;5;-148;0;0
33.837;5;126;0;0
33.84;5;128;0;0
33.846;5;128;0;0
33.849;5;127;0;0
33.855;6;127;0;0
33.861;6;77;0;0
33.864;7;77;0;0
33.87;7;36;0;0
33.873;7;36;0;0
33.879;7;36;0;0
33.882;7;36;0;0
33.888;8;36;0;0
33.891;8;36;0;0
33.894;8;-29;0;0
33.9;8;-29;0;0
33.906;9;-72;0;0
33.909;9;-72;0;0
33.915;9;-72;0;0
33.921;9;-72;0;0
33.927;9;-72;0;0
33.933;9;-72;0;0
33.936;9;-72;0;0
33.942;9;-72;0;0
33.948;9;-72;0;0
33.954;9;-72;0;0
33.957;9;-72;0;0
33.963;9;-72;0;0
33.969;9;-72;0;0
33.975;10;-122;0;0
33.981;10;-119;0;0
33.987;10;-119;0;0
33.993;10;-119;0;0
33.999;10;-119;0;0
34.005;10;-119;0;0
34.011;10;-119;0;0
34.017;9;-70;0;0
34.02;9;-72;0;0
34.026;9;-72;0;0
34.029;9;-72;0;0
34.035;9;-72;0;0
34.041;9;-72;0;0
34.047;9;-72;0;0
34.053;9;-72;0;0
34.059;9;-72;0;0
34.062;9;-72;0;0
34.068;9;-72;0;0
34.074;9;-72;0;0
34.08;8;-72;0;0
34.083;8;-22;0;0
34.089;8;-22;0;0
34.092;8;-22;0;0
34.098;7;-22;0;0
34.104;7;27;0;0
34.107;7;27;0;0
34.113;7;36;0;0
34.116;6;36;0;0
34.122;6;101;0;0
34.128;6;77;0;0
34.131;5;77;0;0
34.134;5;168;0;0
34.14;5;168;0;0
34.143;5;127;0;0
34.149;5;127;0;0
34.155;4;-150;0;0
34.161;4;-147;0;0
34.167;3;-99;0;0
34.173;3;-100;0;0
34.179;2;-99;0;0
34.185;2;-50;0;0
34.191;1;-50;0;0
34.194;1;0;0;0
34.197;1;0;0;0
34.2;1;0;0;0
34.203;1;0;0;0
34.206;1;0;0;0
34.209;1;0;0;0
34.212;1;0;0;0
34.215;1;0;0;0
34.218;0;0;0;0
34.221;0;141;0;0
34.224;0;141;0;0
34.227;-1;133;0;0
34.233;-1;204;0;0
34.239;-1;204;0;0
34.245;-2;306;0;0
34.251;-2;306;0;0
34.257;-2;306;0;0
34.263;-3;-263;0;0
34.269;-3;-268;0;0
34.275;-3;-268;0;0
34.281;-3;-268;0;0
34.287;-3;-268;0;0
34.293;-3;-268;0;0
34.299;-4;-163;0;0
34.305;-4;-163;0;0
34.311;-4;-161;0;0
34.317;-5;-57;0;0
34.323;-5;-56;0;0
34.329;-5;-56;0;0
34.335;-5;-56;0;0
34.341;-5;-56;0;0
34.347;-5;-56;0;0
34.353;-5;-56;0;0
34.359;-5;-56;0;0
34.365;-5;-56;0;0
34.371;-5;-56;0;0
34.377;-5;-56;0;0
34.383;-5;-56;0;0
34.389;-5;-56;0;0
34.395;-5;-56;0;0
34.401;-5;-56;0;0
34.407;-5;-56;0;0
34.413;-5;-56;0;0
34.419;-5;-56;0;0
34.425;-5;-56;0;0
34.431;-5;-56;0;0
34.437;-5;-56;0;0
34.443;-5;-56;0;0
34.449;-5;-56;0;0
34.455;-5;-56;0;0
34.461;-5;-57;0;0
34.467;-5;-56;0;0
34.473;-5;-56;0;0
34.479;-4;-160;0;0
34.485;-4;-161;0;0
34.491;-4;-161;0;0
34.497;-4;-161;0;0
34.503;-3;-266;0;0
34.509;-3;-268;0;0
34.515;-3;-268;0;0
34.521;-3;-268;0;0
34.527;-3;-268;0;0
34.533;-3;-268;0;0
34.539;-3;-268;0;0
34.545;-3;-266;0;0
34.551;-3;-268;0;0
34.557;-2;315;0;0
34.563;-2;306;0;0
34.569;-2;306;0;0
34.575;-2;306;0;0
34.581;-1;206;0;0
34.587;-1;204;0;0
34.593;-1;204;0;0
34.599;-1;204;0;0
34.605;-1;204;0;0
34.611;-1;204;0;0
34.617;0;97;0;0
34.62;0;97;0;0
34.623;0;150;0;0
34.626;0;150;0;0
34.629;0;150;0;0
34.632;0;150;0;0
34.635;0;150;0;0
34.638;0;150;0;0
34.641;1;0;0;0
34.644;1;0;0;0
34.647;1;0;0;0
34.65;1;0;0;0
34.653;1;0;0;0
34.656;1;0;0;0
34.659;1;0;0;0
34.662;1;0;0;0
34.665;1;0;0;0
34.668;1;0;0;0
34.671;1;0;0;0
34.674;1;0;0;0
34.677;1;0;0;0
34.68;1;0;0;0
34.683;1;0;0;0
34.686;1;0;0;0
34.689;1;0;0;0
34.692;1;0;0;0
34.695;1;0;0;0
34.698;1;0;0;0
34.701;1;0;0;0
34.704;1;0;0;0
34.707;2;-66;0;0
34.71;2;-66;0;0
34.716;2;-64;0;0
34.719;2;-50;0;0
34.725;2;-50;0;0
34.728;2;-50;0;0
34.734;2;-50;0;0
34.737;2;-50;0;0
34.743;2;-50;0;0
34.746;2;-50;0;0
34.752;2;-50;0;0
34.755;2;-50;0;0
34.761;2;-50;0;0
34.767;3;-50;0;0
34.773;3;-100;0;0
34.779;3;-99;0;0
34.785;3;-100;0;0
34.791;3;-99;0;0
34.794;3;-100;0;0
34.8;3;-100;0;0
34.806;3;-99;0;0
34.812;3;-100;0;0
34.818;3;-99;0;0
34.824;3;-100;0;0
34.83;3;-99;0;0
34.833;3;-100;0;0
34.839;3;-100;0;0
34.845;3;-99;0;0
34.851;3;-100;0;0
34.857;3;-99;0;0
34.863;3;-100;0;0
34.869;2;-99;0;0
34.872;2;-50;0;0
34.878;2;-50;0;0
34.881;2;-50;0;0
34.887;2;-50;0;0
34.893;2;-50;0;0
34.896;2;-50;0;0
34.902;2;-50;0;0
34.905;2;-50;0;0
34.911;2;-50;0;0
34.917;2;-50;0;0
34.923;2;-50;0;0
34.926;2;-50;0;0
34.932;2;-50;0;0
34.938;2;-50;0;0
34.944;1;0;0;0
34.947;1;0;0;0
34.95;1;0;0;0
34.953;1;0;0;0
34.956;1;0;0;0
34.959;1;0;0;0
34.962;1;0;0;0
34.965;1;0;0;0
34.968;1;0;0;0
34.971;1;0;0;0
34.974;1;0;0;0
34.977;1;0;0;0
34.98;1;0;0;0
34.983;1;0;0;0
34.986;1;0;0;0
34.989;1;0;0;0
34.992;1;0;0;0
34.995;1;0;0;0
34.998;1;0;0;0
35.001;1;0;0;0
35.004;1;0;0;0
35.007;1;0;0;0
35.01;1;0;0;0
35.013;1;0;0;0
35.016;1;0;0;0
35.019;1;0;0;0
35.022;1;0;0;0
35.025;0;0;0;0
35.028;0;140;0;0
35.031;0;140;0;0
35.034;0;150;0;0
35.037;0;150;0;0
35.04;0;150;0;0
35.043;0;150;0;0
35.046;0;150;0;0
35.049;0;150;0;0
35.052;0;150;0;0
35.055;0;150;0;0
35.058;0;150;0;0
35.061;0;150;0;0
35.064;0;150;0;0
35.067;-1;150;0;0
35.073;-1;124;0;0
35.079;-1;99;0;0
35.082;-1;100;0;0
35.088;-1;100;0;0
35.094;-1;99;0;0
35.097;-1;100;0;0
35.103;-1;100;0;0
35.109;-1;99;0;0
35.115;-1;100;0;0
35.121;-1;98;0;0
35.124;-1;100;0;0
35.13;-1;100;0;0
35.136;-1;99;0;0
35.142;-1;100;0;0
35.148;-2;148;0;0
35.154;-2;148;0;0
35.16;-2;148;0;0
35.166;-2;148;0;0
35.172;-2;148;0;0
35.178;-2;148;0;0
35.184;-2;148;0;0
35.19;-2;148;0;0
35.196;-2;148;0;0
35.202;-2;148;0;0
35.208;-2;148;0;0
35.214;-2;148;0;0
35.22;-2;148;0;0
35.226;-2;148;0;0
35.232;-2;148;0;0
35.238;-2;148;0;0
35.244;-2;148;0;0
35.25;-2;148;0;0
35.256;-2;148;0;0
35.262;-2;148;0;0
35.268;-2;148;0;0
35.274;-2;148;0;0
35.28;-2;148;0;0
35.286;-2;148;0;0
35.292;-2;148;0;0
35.298;-2;148;0;0
35.304;-2;148;0;0
35.31;-2;148;0;0
35.316;-2;148;0;0
35.322;-1;100;0;0
35.328;-1;99;0;0
35.334;-1;100;0;0
35.34;-1;99;0;0
35.343;-1;100;0;0
35.349;-1;100;0;0
35.355;-1;99;0;0
35.361;-1;100;0;0
35.367;-1;99;0;0
35.373;-1;100;0;0
35.379;-1;99;0;0
35.385;-1;100;0;0
35.391;-1;99;0;0
35.397;-1;100;0;0
35.403;-1;99;0;0
35.406;-1;100;0;0
35.412;-1;100;0;0
35.418;-1;99;0;0
35.424;-1;100;0;0
35.43;-1;99;0;0
35.433;-1;100;0;0
35.439;-1;100;0;0
35.445;-1;99;0;0
35.448;-1;100;0;0
35.454;-1;100;0;0
35.46;-1;99;0;0
35.463;-1;100;0;0
35.469;-1;100;0;0
35.475;-1;99;0;0
35.478;-1;100;0;0
35.484;-1;100;0;0
35.49;0;203;0;0
35.493;0;203;0;0
35.496;0;150;0;0
35.499;0;150;0;0
35.502;0;150;0;0
35.505;0;150;0;0
35.508;0;150;0;0
35.511;0;150;0;0
35.514;0;150;0;0
35.517;0;150;0;0
35.52;0;150;0;0
35.523;0;150;0;0
35.526;0;150;0;0
35.529;0;150;0;0
35.532;0;150;0;0
35.535;0;150;0;0
35.538;0;150;0;0
35.541;0;150;0;0
35.544;0;150;0;0
35.547;0;150;0;0
35.55;0;150;0;0
35.553;0;150;0;0
35.556;0;150;0;0
35.559;0;150;0;0
35.562;0;150;0;0
35.565;0;150;0;0
35.568;0;150;0;0
35.571;0;150;0;0
35.574;0;150;0;0
35.577;0;150;0;0
35.58;0;150;0;0
35.583;0;150;0;0
35.586;0;150;0;0
35.589;0;150;0;0
35.592;0;150;0;0
35.595;0;150;0;0
35.598;0;150;0;0
35.601;0;150;0;0
35.604;0;150;0;0
35.607;0;150;0;0
35.61;0;150;0;0
35.613;0;150;0;0
35.616;0;150;0;0
35.619;0;150;0;0
35.622;0;150;0;0
35.625;0;150;0;0
35.628;0;150;0;0
35.631;0;150;0;0
35.634;0;150;0;0
35.637;0;150;0;0
35.64;0;150;0;0
35.643;0;150;0;0
35.646;0;150;0;0
35.649;0;150;0;0
35.652;0;150;0;0
35.655;0;150;0;0
35.658;0;150;0;0
35.661;0;150;0;0
35.664;0;150;0;0
35.667;0;150;0;0
35.67;0;150;0;0
35.673;0;150;0;0
35.676;0;150;0;0
35.679;0;150;0;0
35.682;0;150;0;0
35.685;0;150;0;0
35.688;0;150;0;0
35.691;0;150;0;0
35.694;0;150;0;0
35.697;0;150;0;0
35.7;0;150;0;0
35.703;0;150;0;0
35.706;0;150;0;0
35.709;0;150;0;0
35.712;0;150;0;0
35.715;0;150;0;0
35.718;0;150;0;0
35.721;0;150;0;0
35.724;0;150;0;0
35.727;0;150;0;0
35.73;0;150;0;0
35.733;0;150;0;0
35.736;0;150;0;0
35.739;0;150;0;0
35.742;0;150;0;0
35.745;0;150;0;0
35.748;0;150;0;0
35.751;0;150;0;0
35.754;0;150;0;0
35.757;0;150;0;0
35.76;0;150;0;0
35.763;0;150;0;0
35.766;0;150;0;0
35.769;0;150;0;0
35.772;0;150;0;0
35.775;0;150;0;0
35.778;0;151;0;0
35.781;0;151;0;0
35.784;0;150;0;0
35.787;0;150;0;0
35.79;0;150;0;0
35.793;0;150;0;0
35.796;0;150;0;0
35.799;0;150;0;0
35.802;0;150;0;0
35.805;0;150;0;0
35.808;0;150;0;0
35.811;0;150;0;0
35.814;0;150;0;0
35.817;0;150;0;0
35.82;0;150;0;0
35.823;0;150;0;0
35.826;0;150;0;0
35.829;0;150;0;0
35.832;0;150;0;0
35.835;0;150;0;0
35.838;0;150;0;0
35.841;0;150;0;0
35.844;0;150;0;0
35.847;0;150;0;0
35.85;0;150;0;0
35.853;0;150;0;0
35.856;0;150;0;0
35.859;0;150;0;0
35.862;0;150;0;0
35.865;0;150;0;0
35.868;0;150;0;0
35.871;0;150;0;0
35.874;0;150;0;0
35.877;0;150;0;0
35.88;0;150;0;0
35.883;0;150;0;0
35.886;0;150;0;0
35.889;0;150;0;0
35.892;0;150;0;0
35.895;0;150;0;0
35.898;0;150;0;0
35.901;0;150;0;0
35.904;0;150;0;0
35.907;0;150;0;0
35.91;0;150;0;0
35.913;0;150;0;0
35.916;0;150;0;0
35.919;0;150;0;0
35.922;0;150;0;0
35.925;0;150;0;0
35.928;0;150;0;0
35.931;0;150;0;0
35.934;0;150;0;0
35.937;0;150;0;0
35.94;0;150;0;0
35.943;0;150;0;0
35.946;0;150;0;0
35.949;0;150;0;0
35.952;0;150;0;0
35.955;0;150;0;0
35.958;0;150;0;0
35.961;0;150;0;0
35.964;0;150;0;0
35.967;0;150;0;0
35.97;0;150;0;0
35.973;0;150;0;0
35.976;0;150;0;0
35.979;0;150;0;0
35.982;0;150;0;0
35.985;0;150;0;0
35.988;0;150;0;0
35.991;0;150;0;0
35.994;0;150;0;0
35.997;0;150;0;0
36.0;0;150;0;0
36.003;0;150;0;0
36.006;0;150;0;0
36.009;0;150;0;0
36.012;0;150;0;0
36.015;0;150;0;0
36.018;0;150;0;0
36.021;0;150;0;0
36.024;0;150;0;0
36.027;0;150;0;0
36.03;0;150;0;0
36.033;0;150;0;0
36.036;0;150;0;0
36.039;0;150;0;0
36.042;0;150;0;0
36.045;0;150;0;0
36.048;0;150;0;0
36.051;0;150;0;0
36.054;0;150;0;0
36.057;0;150;0;0
36.06;0;150;0;0
36.063;0;150;0;0
36.066;0;150;0;0
36.069;0;150;0;0
36.072;0;150;0;0
36.075;0;150;0;0
36.078;0;151;0;0
36.081;0;151;0;0
36.084;0;150;0;0
36.087;0;150;0;0
36.09;0;150;0;0
36.093;0;150;0;0
36.096;0;150;0;0
36.099;0;150;0;0
36.102;0;150;0;0
36.105;0;150;0;0
36.108;0;150;0;0
36.111;0;150;0;0
36.114;0;150;0;0
36.117;0;150;0;0
36.12;0;150;0;0
36.123;0;150;0;0
36.126;0;150;0;0
36.129;0;150;0;0
36.132;0;150;0;0
36.135;0;150;0;0
36.138;0;150;0;0
36.141;0;150;0;0
36.144;0;150;0;0
36.147;0;150;0;0
36.15;0;150;0;0
36.153;0;150;0;0
36.156;0;150;0;0
36.159;0;150;0;0
36.162;0;150;0;0
36.165;0;150;0;0
36.168;0;150;0;0
36.171;0;150;0;0
36.174;0;150;0;0
36.177;0;150;0;0
36.18;0;150;0;0
36.183;0;150;0;0
36.186;0;150;0;0
36.189;0;150;0;0
36.192;0;150;0;0
36.195;0;150;0;0
36.198;0;151;0;0
36.201;0;151;0;0
36.204;0;150;0;0
36.207;0;150;0;0
36.21;0;150;0;0
36.213;0;150;0;0
36.216;0;150;0;0
36.219;0;150;0;0
36.222;0;150;0;0
36.225;0;150;0;0
36.228;0;150;0;0
36.231;0;150;0;0
36.234;0;150;0;0
36.237;0;150;0;0
36.24;0;150;0;0
36.243;0;150;0;0
36.246;0;150;0;0
36.249;0;150;0;0
36.252;0;150;0;0
36.255;0;150;0;0
36.258;0;151;0;0
36.261;0;151;0;0
36.264;0;150;0;0
36.267;0;150;0;0
36.27;0;150;0;0
36.273;0;150;0;0
36.276;0;150;0;0
36.279;0;150;0;0
36.282;0;150;0;0
36.285;0;150;0;0
36.288;0;150;0;0
36.291;0;150;0;0
36.294;0;150;0;0
36.297;0;150;0;0
36.3;0;150;0;0
36.303;0;150;0;0
36.306;0;150;0;0
36.309;0;150;0;0
36.312;0;150;0;0
36.315;0;150;0;0
36.318;0;150;0;0
36.321;0;150;0;0
36.324;0;150;0;0
36.327;0;150;0;0
36.33;0;150;0;0
36.333;0;150;0;0
36.336;0;150;0;0
36.339;0;150;0;0
36.342;0;150;0;0
36.345;0;150;0;0
36.348;0;150;0;0
36.351;0;150;0;0
36.354;0;150;0;0
36.357;0;150;0;0
36.36;0;150;0;0
36.363;0;150;0;0
36.366;0;150;0;0
36.369;0;150;0;0
36.372;0;150;0;0
36.375;0;150;0;0
36.378;0;150;0;0
36.381;0;150;0;0
36.384;0;150;0;0
36.387;0;150;0;0
36.39;0;150;0;0
36.393;0;150;0;0
36.396;0;150;0;0
36.399;0;150;0;0
36.402;0;150;0;0
36.405;0;150;0;0
36.408;0;150;0;0
36.411;0;150;0;0
36.414;0;150;0;0
36.417;0;150;0;0
36.42;0;150;0;0
36.423;0;150;0;0
36.426;0;150;0;0
36.429;0;150;0;0
36.432;0;150;0;0
36.435;0;150;0;0
36.438;0;151;0;0
36.441;0;151;0;0
36.444;0;150;0;0
36.447;0;150;0;0
36.45;0;150;0;0
36.453;0;150;0;0
36.456;0;150;0;0
36.459;0;150;0;0
36.462;0;150;0;0
36.465;0;150;0;0
36.468;0;150;0;0
36.471;0;150;0;0
36.474;0;150;0;0
36.477;0;150;0;0
36.48;0;150;0;0
36.483;0;150;0;0