t;e;d;i;set

0.444;0;0;0;0
0.449;0;0;0;0
0.454;0;0;0;0
0.459;0;0;0;0
0.464;0;0;0;0
0.469;0;0;0;0
0.474;0;0;0;0
0.479;0;0;0;0
0.484;0;0;0;0
0.489;0;0;0;0
0.494;0;0;0;0
0.499;0;0;0;0
0.504;0;0;0;0
0.509;0;0;0;0
0.514;0;0;0;0
0.519;0;0;0;0
0.524;0;0;0;0
0.529;0;0;0;0
0.534;0;0;0;0
0.539;0;0;0;0
0.544;0;0;0;0
0.549;0;0;0;0
0.554;0;0;0;0
0.559;0;0;0;0
0.564;0;0;0;0
0.569;0;0;0;0
0.574;0;0;0;0
0.579;0;0;0;0
0.584;0;0;0;0
0.589;0;0;0;0
0.594;0;0;0;0
0.599;0;0;0;0
0.604;0;0;0;0
0.609;0;0;0;0
0.614;0;0;0;0
0.619;0;0;0;0
0.624;0;0;0;0
0.629;0;0;0;0
0.634;0;0;0;0
0.639;0;0;0;0
0.644;0;0;0;0
0.649;0;0;0;0
0.654;0;0;0;0
0.659;0;0;0;0
0.664;0;0;0;0
0.669;0;0;0;0
0.674;0;0;0;0
0.679;0;0;0;0
0.684;0;0;0;0
0.689;0;0;0;0
0.694;0;0;0;0
0.699;0;0;0;0
0.704;0;0;0;0
0.709;0;0;0;0
0.714;0;0;0;0
0.719;0;0;0;0
0.724;0;0;0;0
0.729;0;0;0;0
0.734;0;0;0;0
0.739;0;0;0;0
0.744;0;0;0;0
0.749;0;0;0;0
0.754;0;0;0;0
0.759;0;0;0;0
0.764;0;0;0;0
0.769;0;0;0;0
0.774;0;0;0;0
0.779;0;0;0;0
0.784;0;0;0;0
0.789;0;0;0;0
0.794;0;0;0;0
0.799;0;0;0;0
0.804;0;0;0;0
0.809;0;0;0;0
0.814;0;0;0;0
0.819;0;0;0;0
0.824;0;0;0;0
0.829;0;0;0;0
0.834;0;0;0;0
0.839;0;0;0;0
0.844;0;0;0;0
0.849;0;0;0;0
0.854;0;0;0;0
0.859;0;0;0;0
0.864;0;0;0;0
0.869;0;0;0;0
0.874;0;0;0;0
0.879;0;0;0;0
0.884;0;0;0;0
0.889;0;0;0;0
0.894;0;0;0;0
0.899;0;0;0;0
0.904;0;0;0;0
0.909;0;0;0;0
0.914;0;0;0;0
0.919;0;0;0;0
0.924;0;0;0;0
0.929;0;0;0;0
0.934;0;0;0;0
0.939;0;0;0;0
0.944;0;0;0;0
0.949;0;0;0;0
0.954;0;0;0;0
0.959;0;0;0;0
0.964;0;0;0;0
0.969;0;0;0;0
0.974;0;0;0;0
0.979;0;0;0;0
0.984;0;0;0;0
0.989;0;0;0;0
0.994;0;0;0;0
0.999;0;0;0;0
1.004;0;0;0;0
1.009;7;0;0;0
1.014;15;0;0;0
1.019;15;0;0;0
1.024;31;0;0;0
1.029;31;0;0;0
1.034;47;-1;0;0
1.039;47;-1;0;0
1.044;54;-2;0;0
1.049;62;-2;0;0
1.054;70;-3;0;0
1.059;78;-4;0;0
1.064;86;-6;0;0
1.069;94;-6;0;0
1.074;101;-6;0;0
1.079;109;-6;0;0
1.084;109;-7;0;0
1.089;117;-7;0;0
1.094;117;-7;0;0
1.099;125;-8;0;0
1.104;133;-9;0;0
1.109;133;-9;0;0
1.114;140;-10;0;0
1.119;140;-9;0;0
1.124;140;-9;0;0
1.129;140;-9;0;0
1.134;140;-8;0;0
1.139;140;-8;0;0
1.144;140;-8;0;0
1.149;140;-7;0;0
1.154;140;-7;0;0
1.159;140;-7;0;0
1.164;133;-8;0;0
1.169;133;-9;0;0
1.174;125;-8;0;0
1.179;117;-7;0;0
1.184;109;-7;0;0
1.189;109;-7;0;0
1.194;94;-7;0;0
1.199;86;-7;0;0
1.204;78;-7;0;0
1.209;70;-7;0;0
1.214;54;-7;0;0
1.219;47;-7;0;0
1.224;31;-6;0;0
1.229;15;-6;0;0
1.234;7;-5;0;0
1.239;-7;-4;0;0
1.244;-15;-3;0;0
1.249;-31;-2;0;0
1.254;-47;-1;0;0
1.259;-62;0;0;0
1.264;-78;2;0;0
1.269;-101;7;0;0
1.274;-117;10;0;0
1.279;-133;12;0;0
1.284;-148;15;0;0
1.289;-171;17;0;0
1.294;-187;20;0;0
1.299;-202;25;0;0
1.304;-225;29;0;0
1.309;-241;33;0;0
1.314;-263;35;0;0
1.319;-271;38;0;0
1.324;-286;40;0;0
1.329;-301;41;0;0
1.334;-316;42;0;0
1.339;-323;44;0;0
1.344;-331;32;0;0
1.349;-338;22;0;0
1.354;-353;14;0;0
1.359;-353;7;0;0
1.364;-353;2;0;0
1.369;-353;-1;0;0
1.374;-360;-9;0;0
1.379;-353;-14;0;0
1.384;-353;-17;0;0
1.389;-353;-19;0;0
1.394;-346;-19;0;0
1.399;-338;-18;0;0
1.404;-331;-18;0;0
1.409;-323;-6;0;0
1.414;-309;2;0;0
1.419;-294;9;0;0
1.424;-278;15;0;0
1.429;-263;21;0;0
1.434;-241;25;0;0
1.439;-225;29;0;0
1.444;-202;32;0;0
1.449;-179;35;0;0
1.454;-156;37;0;0
1.459;-140;37;0;0
1.464;-109;37;0;0
1.469;-86;35;0;0
1.474;-54;33;0;0
1.479;-39;30;0;0
1.484;-15;27;0;0
1.489;15;22;0;0
1.494;39;18;0;0
1.499;62;13;0;0
1.504;78;7;0;0
1.509;109;2;0;0
1.514;125;-1;0;0
1.519;140;-7;0;0
1.524;171;-12;0;0
1.529;187;-17;0;0
1.534;202;-21;0;0
1.539;218;-24;0;0
1.544;233;-27;0;0
1.549;248;-29;0;0
1.554;263;-31;0;0
1.559;271;-33;0;0
1.564;286;-34;0;0
1.569;294;-43;0;0
1.574;301;-46;0;0
1.579;309;-43;0;0
1.584;316;-41;0;0
1.589;316;-38;0;0
1.594;316;-35;0;0
1.599;316;-37;0;0
1.604;316;-38;0;0
1.609;316;-38;0;0
1.614;309;-35;0;0
1.619;301;-32;0;0
1.624;294;-30;0;0
1.629;286;-28;0;0
1.634;278;-27;0;0
1.639;263;-28;0;0
1.644;248;-29;0;0
1.649;233;-30;0;0
1.654;225;-31;0;0
1.659;210;-32;0;0
1.664;195;-33;0;0
1.669;171;-33;0;0
1.674;156;-34;0;0
1.679;140;-34;0;0
1.684;117;-33;0;0
1.689;94;-32;0;0
1.694;78;-30;0;0
1.699;54;-28;0;0
1.704;31;-25;0;0
1.709;7;-22;0;0
1.714;-15;-18;0;0
1.719;-39;-14;0;0
1.724;-54;-10;0;0
1.729;-78;-6;0;0
1.734;-101;-1;0;0
1.739;-125;3;0;0
1.744;-140;12;0;0
1.749;-164;18;0;0
1.754;-179;21;0;0
1.759;-195;24;0;0
1.764;-210;28;0;0
1.769;-233;30;0;0
1.774;-241;32;0;0
1.779;-256;32;0;0
1.784;-263;32;0;0
1.789;-263;32;0;0
1.794;-271;32;0;0
1.799;-278;31;0;0
1.804;-278;29;0;0
1.809;-278;27;0;0
1.814;-271;25;0;0
1.819;-271;23;0;0
1.824;-263;21;0;0
1.829;-263;20;0;0
1.834;-248;18;0;0
1.839;-241;19;0;0
1.844;-233;20;0;0
1.849;-218;21;0;0
1.854;-202;22;0;0
1.859;-195;23;0;0
1.864;-179;28;0;0
1.869;-164;29;0;0
1.874;-156;28;0;0
1.879;-140;27;0;0
1.884;-125;26;0;0
1.889;-109;25;0;0
1.894;-94;24;0;0
1.899;-78;23;0;0
1.904;-70;21;0;0
1.909;-47;21;0;0
1.914;-39;19;0;0
1.919;-23;17;0;0
1.924;-15;14;0;0
1.929;0;12;0;0
1.934;15;10;0;0
1.939;23;8;0;0
1.944;39;5;0;0
1.949;47;2;0;0
1.954;62;0;0;0
1.959;70;0;0;0
1.964;78;-3;0;0
1.969;86;-5;0;0
1.974;101;-7;0;0
1.979;109;-8;0;0
1.984;117;-9;0;0
1.989;125;-9;0;0
1.994;133;-9;0;0
1.999;140;-10;0;0
2.004;140;-10;0;0
2.009;148;-10;0;0
2.014;148;-10;0;0
2.019;156;-10;0;0
2.024;156;-10;0;0
2.029;156;-9;0;0
2.034;164;-9;0;0
2.039;164;-9;0;0
2.044;164;-8;0;0
2.049;164;-8;0;0
2.054;156;-8;0;0
2.059;156;-7;0;0
2.064;148;-7;0;0
2.069;140;-6;0;0
2.074;140;-6;0;0
2.079;133;-6;0;0
2.084;125;-6;0;0
2.089;117;-6;0;0
2.094;109;-7;0;0
2.099;101;-8;0;0
2.104;86;-8;0;0
2.109;78;-8;0;0
2.114;62;-8;0;0
2.119;47;-8;0;0
2.124;39;-8;0;0
2.129;23;-7;0;0
2.134;15;-6;0;0
2.139;-7;-5;0;0
2.144;-23;-4;0;0
2.149;-39;-2;0;0
2.154;-54;0;0;0
2.159;-70;0;0;0
2.164;-86;3;0;0
2.169;-101;5;0;0
2.174;-117;7;0;0
2.179;-133;9;0;0
2.184;-140;11;0;0
2.189;-156;13;0;0
2.194;-164;14;0;0
2.199;-171;15;0;0
2.204;-179;16;0;0
2.209;-195;16;0;0
2.214;-202;17;0;0
2.219;-202;17;0;0
2.224;-202;17;0;0
2.229;-210;17;0;0
2.234;-210;17;0;0
2.239;-210;16;0;0
2.244;-210;16;0;0
2.249;-202;19;0;0
2.254;-202;21;0;0
2.259;-195;20;0;0
2.264;-187;18;0;0
2.269;-179;17;0;0
2.274;-171;16;0;0
2.279;-171;15;0;0
2.284;-164;15;0;0
2.289;-156;14;0;0
2.294;-156;14;0;0
2.299;-148;13;0;0
2.304;-140;14;0;0
2.309;-133;15;0;0
2.314;-125;14;0;0
2.319;-117;14;0;0
2.324;-109;13;0;0
2.329;-101;12;0;0
2.334;-94;12;0;0
2.339;-86;11;0;0
2.344;-78;11;0;0
2.349;-70;10;0;0
2.354;-54;11;0;0
2.359;-47;10;0;0
2.364;-39;9;0;0
2.369;-23;9;0;0
2.374;-15;8;0;0
2.379;0;7;0;0
2.384;15;5;0;0
2.389;15;4;0;0
2.394;39;3;0;0
2.399;47;1;0;0
2.404;62;0;0;0
2.409;70;-1;0;0
2.414;78;-4;0;0
2.419;94;-5;0;0
2.424;101;-6;0;0
2.429;109;-7;0;0
2.434;117;-8;0;0
2.439;125;-8;0;0
2.444;133;-9;0;0
2.449;140;-9;0;0
2.454;140;-10;0;0
2.459;140;-10;0;0
2.464;140;-10;0;0
2.469;148;-9;0;0
2.474;148;-9;0;0
2.479;148;-9;0;0
2.484;148;-8;0;0
2.489;148;-8;0;0
2.494;140;-7;0;0
2.499;140;-7;0;0
2.504;140;-6;0;0
2.509;133;-6;0;0
2.514;125;-5;0;0
2.519;109;-7;0;0
2.524;109;-8;0;0
2.529;101;-8;0;0
2.534;86;-8;0;0
2.539;78;-8;0;0
2.544;70;-8;0;0
2.549;62;-8;0;0
2.554;47;-8;0;0
2.559;39;-7;0;0
2.564;31;-7;0;0
2.569;15;-6;0;0
2.574;15;-5;0;0
2.579;0;-4;0;0
2.584;-7;-4;0;0
2.589;-15;-3;0;0
2.594;-23;-2;0;0
2.599;-31;-1;0;0
2.604;-39;0;0;0
2.609;-47;0;0;0
2.614;-54;0;0;0
2.619;-62;1;0;0
2.624;-78;2;0;0
2.629;-78;3;0;0
2.634;-94;4;0;0
2.639;-101;5;0;0
2.644;-109;6;0;0
2.649;-117;7;0;0
2.654;-125;7;0;0
2.659;-133;8;0;0
2.664;-140;8;0;0
2.669;-140;9;0;0
2.674;-148;12;0;0
2.679;-156;13;0;0
2.684;-156;14;0;0
2.689;-164;13;0;0
2.694;-164;13;0;0
2.699;-164;12;0;0
2.704;-164;11;0;0
2.709;-164;11;0;0
2.714;-164;10;0;0
2.719;-156;10;0;0
2.724;-156;9;0;0
2.729;-148;8;0;0
2.734;-140;8;0;0
2.739;-133;7;0;0
2.744;-125;7;0;0
2.749;-117;7;0;0
2.754;-109;8;0;0
2.759;-109;8;0;0
2.764;-101;8;0;0
2.769;-94;9;0;0
2.774;-86;9;0;0
2.779;-78;9;0;0
2.784;-78;8;0;0
2.789;-70;8;0;0
2.794;-62;7;0;0
2.799;-54;7;0;0
2.804;-47;6;0;0
2.809;-47;6;0;0
2.814;-31;5;0;0
2.819;-23;5;0;0
2.824;-15;4;0;0
2.829;-7;4;0;0
2.834;0;3;0;0
2.839;15;2;0;0
2.844;15;2;0;0
2.849;31;1;0;0
2.854;47;0;0;0
2.859;47;0;0;0
2.864;62;-1;0;0
2.869;70;-2;0;0
2.874;78;-3;0;0
2.879;78;-3;0;0
2.884;86;-4;0;0
2.889;86;-4;0;0
2.894;94;-4;0;0
2.899;94;-4;0;0
2.904;94;-4;0;0
2.909;94;-4;0;0
2.914;94;-4;0;0
2.919;94;-4;0;0
2.924;94;-4;0;0
2.929;94;-4;0;0
2.934;94;-4;0;0
2.939;86;-4;0;0
2.944;86;-4;0;0
2.949;86;-3;0;0
2.954;78;-3;0;0
2.959;78;-3;0;0
2.964;70;-2;0;0
2.969;62;-2;0;0
2.974;62;-2;0;0
2.979;54;-2;0;0
2.984;47;-2;0;0
2.989;39;-3;0;0
2.994;31;-2;0;0
2.999;23;-2;0;0
3.004;15;-2;0;0
3.009;15;-2;0;0
3.014;7;-2;0;0
3.019;0;-1;0;0
3.024;-7;-1;0;0
3.029;-15;-1;0;0
3.034;-15;0;0;0
3.039;-23;0;0;0
3.044;-31;0;0;0
3.049;-39;0;0;0
3.054;-39;0;0;0
3.059;-47;0;0;0
3.064;-47;1;0;0
3.069;-47;1;0;0
3.074;-54;1;0;0
3.079;-54;1;0;0
3.084;-62;1;0;0
3.089;-62;1;0;0
3.094;-70;2;0;0
3.099;-78;2;0;0
3.104;-78;2;0;0
3.109;-78;2;0;0
3.114;-78;2;0;0
3.119;-86;2;0;0
3.124;-94;3;0;0
3.129;-94;3;0;0
3.134;-94;3;0;0
3.139;-101;3;0;0
3.144;-109;4;0;0
3.149;-109;5;0;0
3.154;-109;5;0;0
3.159;-109;5;0;0
3.164;-117;5;0;0
3.169;-109;6;0;0
3.174;-109;6;0;0
3.179;-109;6;0;0
3.184;-109;7;0;0
3.189;-109;7;0;0
3.194;-109;7;0;0
3.199;-109;7;0;0
3.204;-101;7;0;0
3.209;-101;6;0;0
3.214;-94;5;0;0
3.219;-86;6;0;0
3.224;-78;6;0;0
3.229;-70;6;0;0
3.234;-62;6;0;0
3.239;-54;6;0;0
3.244;-47;5;0;0
3.249;-47;5;0;0
3.254;-31;5;0;0
3.259;-23;4;0;0
3.264;-15;4;0;0
3.269;-7;3;0;0
3.274;0;3;0;0
3.279;15;2;0;0
3.284;15;2;0;0
3.289;23;1;0;0
3.294;39;0;0;0
3.299;47;0;0;0
3.304;47;-1;0;0
3.309;54;-1;0;0
3.314;62;-3;0;0
3.319;70;-4;0;0
3.324;78;-4;0;0
3.329;78;-4;0;0
3.334;78;-5;0;0
3.339;78;-5;0;0
3.344;86;-4;0;0
3.349;86;-4;0;0
3.354;94;-4;0;0
3.359;94;-4;0;0
3.364;94;-4;0;0
3.369;94;-4;0;0
3.374;94;-3;0;0
3.379;94;-3;0;0
3.384;94;-3;0;0
3.389;94;-3;0;0
3.394;86;-3;0;0
3.399;86;-3;0;0
3.404;86;-3;0;0
3.409;86;-3;0;0
3.414;78;-2;0;0
3.419;78;-2;0;0
3.424;78;-2;0;0
3.429;78;-2;0;0
3.434;78;-2;0;0
3.439;70;-2;0;0
3.444;62;-2;0;0
3.449;62;-2;0;0
3.454;54;-2;0;0
3.459;47;-2;0;0
3.464;47;-2;0;0
3.469;31;-2;0;0
3.474;23;-2;0;0
3.479;15;-2;0;0
3.484;7;-2;0;0
3.489;0;-2;0;0
3.494;-15;-1;0;0
3.499;-23;-1;0;0
3.504;-31;0;0;0
3.509;-39;0;0;0
3.514;-47;0;0;0
3.519;-54;1;0;0
3.524;-62;2;0;0
3.529;-70;2;0;0
3.534;-78;3;0;0
3.539;-78;3;0;0
3.544;-78;3;0;0
3.549;-86;5;0;0
3.554;-86;6;0;0
3.559;-94;6;0;0
3.564;-94;6;0;0
3.569;-94;6;0;0
3.574;-94;6;0;0
3.579;-94;6;0;0
3.584;-94;6;0;0
3.589;-94;5;0;0
3.594;-86;5;0;0
3.599;-86;5;0;0
3.604;-86;4;0;0
3.609;-86;4;0;0
3.614;-78;4;0;0
3.619;-78;3;0;0
3.624;-78;3;0;0
3.629;-78;3;0;0
3.634;-78;2;0;0
3.639;-78;2;0;0
3.644;-78;2;0;0
3.649;-78;2;0;0
3.654;-78;2;0;0
3.659;-78;1;0;0
3.664;-78;1;0;0
3.669;-78;1;0;0
3.674;-78;1;0;0
3.679;-78;1;0;0
3.684;-78;1;0;0
3.689;-78;1;0;0
3.694;-78;1;0;0
3.699;-78;1;0;0
3.704;-78;1;0;0
3.709;-78;1;0;0
3.714;-78;1;0;0
3.719;-78;1;0;0
3.724;-78;1;0;0
3.729;-78;1;0;0
3.734;-78;1;0;0
3.739;-78;1;0;0
3.744;-78;1;0;0
3.749;-70;1;0;0
3.754;-70;0;0;0
3.759;-70;0;0;0
3.764;-70;0;0;0
3.769;-62;0;0;0
3.774;-62;0;0;0
3.779;-62;0;0;0
3.784;-54;0;0;0
3.789;-54;0;0;0
3.794;-47;0;0;0
3.799;-47;0;0;0
3.804;-47;0;0;0
3.809;-39;1;0;0
3.814;-39;1;0;0
3.819;-31;1;0;0
3.824;-31;1;0;0
3.829;-23;1;0;0
3.834;-15;1;0;0
3.839;-15;1;0;0
3.844;-15;0;0;0
3.849;-7;0;0;0
3.854;0;0;0;0
3.859;0;0;0;0
3.864;7;0;0;0
3.869;15;0;0;0
3.874;15;0;0;0
3.879;15;0;0;0
3.884;15;0;0;0
3.889;15;0;0;0
3.894;23;0;0;0
3.899;23;0;0;0
3.904;23;0;0;0
3.909;23;0;0;0
3.914;31;0;0;0
3.919;31;0;0;0
3.924;31;0;0;0
3.929;31;0;0;0
3.934;31;0;0;0
3.939;23;0;0;0
3.944;23;0;0;0
3.949;23;0;0;0
3.954;23;0;0;0
3.959;23;0;0;0
3.964;15;0;0;0
3.969;15;0;0;0
3.974;15;0;0;0
3.979;15;0;0;0
3.984;15;0;0;0
3.989;15;0;0;0
3.994;15;0;0;0
3.999;7;0;0;0
4.004;7;0;0;0
4.009;7;0;0;0
4.014;0;0;0;0
4.019;0;0;0;0
4.024;-7;0;0;0
4.029;-7;0;0;0
4.034;-15;0;0;0
4.039;-15;0;0;0
4.044;-15;0;0;0
4.049;-15;0;0;0
4.054;-15;0;0;0
4.059;-23;0;0;0
4.064;-23;0;0;0
4.069;-31;0;0;0
4.074;-31;0;0;0
4.079;-31;0;0;0
4.084;-31;0;0;0
4.089;-39;0;0;0
4.094;-39;0;0;0
4.099;-39;0;0;0
4.104;-47;0;0;0
4.109;-47;0;0;0
4.114;-47;0;0;0
4.119;-47;0;0;0
4.124;-47;1;0;0
4.129;-47;1;0;0
4.134;-47;1;0;0
4.139;-47;1;0;0
4.144;-47;1;0;0
4.149;-47;1;0;0
4.154;-47;1;0;0
4.159;-47;1;0;0
4.164;-39;0;0;0
4.169;-39;0;0;0
4.174;-39;0;0;0
4.179;-39;0;0;0
4.184;-39;0;0;0
4.189;-39;0;0;0
4.194;-39;0;0;0
4.199;-39;0;0;0
4.204;-31;0;0;0
4.209;-31;0;0;0
4.214;-31;0;0;0
4.219;-31;0;0;0
4.224;-31;0;0;0
4.229;-31;0;0;0
4.234;-31;0;0;0
4.239;-31;0;0;0
4.244;-31;0;0;0
4.249;-31;0;0;0
4.254;-31;0;0;0
4.259;-31;0;0;0
4.264;-31;0;0;0
4.269;-31;0;0;0
4.274;-31;0;0;0
4.279;-31;0;0;0
4.284;-31;0;0;0
4.289;-31;0;0;0
4.294;-31;0;0;0
4.299;-31;0;0;0
4.304;-31;0;0;0
4.309;-31;0;0;0
4.314;-31;0;0;0
4.319;-31;0;0;0
4.324;-31;0;0;0
4.329;-31;0;0;0
4.334;-31;0;0;0
4.339;-31;0;0;0
4.344;-31;0;0;0
4.349;-31;0;0;0
4.354;-31;0;0;0
4.359;-31;0;0;0
4.364;-31;0;0;0
4.369;-31;0;0;0
4.374;-31;0;0;0
4.379;-31;0;0;0
4.384;-31;0;0;0
4.389;-31;0;0;0
4.394;-31;0;0;0
4.399;-31;0;0;0
4.404;-31;0;0;0
4.409;-31;0;0;0
4.414;-31;0;0;0
4.419;-31;0;0;0
4.424;-31;0;0;0
4.429;-31;0;0;0
4.434;-31;0;0;0
4.439;-31;0;0;0
4.444;-31;0;0;0
4.449;-31;0;0;0
4.454;-23;0;0;0
4.459;-23;0;0;0
4.464;-23;0;0;0
4.469;-23;0;0;0
4.474;-23;0;0;0
4.479;-23;0;0;0
4.484;-23;0;0;0
4.489;-23;0;0;0
4.494;-15;0;0;0
4.499;-15;0;0;0
4.504;-15;0;0;0
4.509;-15;0;0;0
4.514;-15;0;0;0
4.519;-15;0;0;0
4.524;-15;0;0;0
4.529;-15;0;0;0
4.534;-15;0;0;0
4.539;-15;0;0;0
4.544;-15;0;0;0
4.549;-15;0;0;0
4.554;-15;0;0;0
4.559;-15;0;0;0
4.564;-15;0;0;0
4.569;-15;0;0;0
4.574;-15;0;0;0
4.579;-15;0;0;0
4.584;-15;0;0;0
4.589;-15;0;0;0
4.594;-15;0;0;0
4.599;-15;0;0;0
4.604;-15;0;0;0
4.609;-15;0;0;0
4.614;-15;0;0;0
4.619;-15;0;0;0
4.624;-15;0;0;0
4.629;-15;0;0;0
4.634;-15;0;0;0
4.639;-15;0;0;0
4.644;-15;0;0;0
4.649;-15;0;0;0
4.654;-15;0;0;0
4.659;-15;0;0;0
4.664;-15;0;0;0
4.669;-15;0;0;0
4.674;-7;0;0;0
4.679;-7;0;0;0
4.684;-7;0;0;0
4.689;-7;0;0;0
4.694;-15;0;0;0
4.699;-15;0;0;0
4.704;-15;0;0;0
4.709;-15;0;0;0
4.714;-15;0;0;0
4.719;-15;0;0;0
4.724;-15;0;0;0
4.729;-15;0;0;0
4.734;-15;0;0;0
4.739;-15;0;0;0
4.744;-15;0;0;0
4.749;-15;0;0;0
4.754;-15;0;0;0
4.759;-7;0;0;0
4.764;-7;0;0;0
4.769;0;0;0;0
4.774;0;0;0;0
4.779;7;0;0;0
4.784;15;0;0;0
4.789;15;0;0;0
4.794;15;0;0;0
4.799;15;0;0;0
4.804;15;0;0;0
4.809;15;0;0;0
4.814;15;0;0;0
4.819;7;0;0;0
4.824;7;0;0;0
4.829;7;0;0;0
4.834;7;0;0;0
4.839;7;0;0;0
4.844;7;0;0;0
4.849;15;0;0;0
4.854;15;0;0;0
4.859;15;0;0;0
4.864;15;0;0;0
4.869;15;0;0;0
4.874;15;0;0;0
4.879;15;0;0;0
4.884;15;0;0;0
4.889;15;0;0;0
4.894;23;0;0;0
4.899;23;0;0;0
4.904;23;0;0;0
4.909;23;0;0;0
4.914;23;0;0;0
4.919;31;0;0;0
4.924;31;0;0;0
4.929;31;0;0;0
4.934;23;0;0;0
4.939;23;0;0;0
4.944;23;0;0;0
4.949;23;0;0;0
4.954;23;0;0;0
4.959;23;0;0;0
4.964;23;0;0;0
4.969;15;0;0;0
4.974;15;0;0;0
4.979;15;0;0;0
4.984;15;0;0;0
4.989;15;0;0;0
4.994;15;0;0;0
4.999;15;0;0;0
5.004;15;0;0;0
5.009;7;0;0;0
5.014;7;0;0;0
5.019;7;0;0;0
5.024;0;0;0;0
5.029;0;0;0;0
5.034;0;0;0;0
5.039;0;0;0;0
5.044;-7;0;0;0
5.049;-7;0;0;0
5.054;-7;0;0;0
5.059;-7;0;0;0
5.064;-7;0;0;0
5.069;-15;0;0;0
5.074;-15;0;0;0
5.079;-15;0;0;0
5.084;-15;0;0;0
5.089;-15;0;0;0
5.094;-15;0;0;0
5.099;-15;0;0;0
5.104;-15;0;0;0
5.109;-15;0;0;0
5.114;-15;0;0;0
5.119;-15;0;0;0
5.124;-23;0;0;0
5.129;-23;0;0;0
5.134;-23;0;0;0
5.139;-23;0;0;0
5.144;-23;0;0;0
5.149;-23;0;0;0
5.154;-15;0;0;0
5.159;-15;0;0;0
5.164;-15;0;0;0
5.169;-15;0;0;0
5.174;-15;0;0;0
5.179;-15;0;0;0
5.184;-15;0;0;0
5.189;-15;0;0;0
5.194;-15;0;0;0
5.199;-15;0;0;0
5.204;-15;0;0;0
5.209;-7;0;0;0
5.214;-7;0;0;0
5.219;-7;0;0;0
5.224;-7;0;0;0
5.229;-7;0;0;0
5.234;-7;0;0;0
5.239;-7;0;0;0
5.244;-7;0;0;0
5.249;-7;0;0;0
5.254;0;0;0;0
5.259;0;0;0;0
5.264;0;0;0;0
5.269;0;0;0;0
5.274;0;0;0;0
5.279;-7;0;0;0
5.284;-7;0;0;0
5.289;-7;0;0;0
5.294;-7;0;0;0
5.299;-7;0;0;0
5.304;-7;0;0;0
5.309;-7;0;0;0
5.314;-7;0;0;0
5.319;-7;0;0;0
5.324;-7;0;0;0
5.329;-7;0;0;0
5.334;-7;0;0;0
5.339;-7;0;0;0
5.344;-7;0;0;0
5.349;-15;0;0;0
5.354;-15;0;0;0
5.359;-15;0;0;0
5.364;-15;0;0;0
5.369;-15;0;0;0
5.374;-15;0;0;0
5.379;-15;0;0;0
5.384;-15;0;0;0
5.389;-15;0;0;0
5.394;-15;0;0;0
5.399;-15;0;0;0
5.404;-15;0;0;0
5.409;-15;0;0;0
5.414;-15;0;0;0
5.419;-15;0;0;0
5.424;-15;0;0;0
5.429;-15;0;0;0
5.434;-15;0;0;0
5.439;-15;0;0;0
5.444;-15;0;0;0
5.449;-15;0;0;0
5.454;-15;0;0;0
5.459;-15;0;0;0
5.464;-15;0;0;0
5.469;-15;0;0;0
5.474;-15;0;0;0
5.479;-15;0;0;0
5.484;-15;0;0;0
5.489;-15;0;0;0
5.494;-15;0;0;0
5.499;-15;0;0;0
5.504;-15;0;0;0
5.509;-15;0;0;0
5.514;-15;0;0;0
5.519;-15;0;0;0
5.524;-15;0;0;0
5.529;-15;0;0;0
5.534;-15;0;0;0
5.539;-15;0;0;0
5.544;-15;0;0;0
5.549;-15;0;0;0
5.554;-15;0;0;0
5.559;-15;0;0;0
5.564;-15;0;0;0
5.569;-15;0;0;0
5.574;-15;0;0;0
5.579;-15;0;0;0
5.584;-15;0;0;0
5.589;-15;0;0;0
5.594;-15;0;0;0
5.599;-15;0;0;0
5.604;-15;0;0;0
5.609;-15;0;0;0
5.614;-15;0;0;0
5.619;-15;0;0;0
5.624;-15;0;0;0
5.629;-15;0;0;0
5.634;-15;0;0;0
5.639;-15;0;0;0
5.644;-15;0;0;0
5.649;-15;0;0;0
5.654;-15;0;0;0
5.659;-15;0;0;0
5.664;-15;0;0;0
5.669;-15;0;0;0
5.674;-15;0;0;0
5.679;-15;0;0;0
5.684;-15;0;0;0
5.689;-15;0;0;0
5.694;-15;0;0;0
5.699;-15;0;0;0
5.704;-15;0;0;0
5.709;-15;0;0;0
5.714;-15;0;0;0
5.719;-15;0;0;0
5.724;-15;0;0;0
5.729;-15;0;0;0
5.734;-15;0;0;0
5.739;-15;0;0;0
5.744;-15;0;0;0
5.749;-15;0;0;0
5.754;-15;0;0;0
5.759;-15;0;0;0
5.764;-15;0;0;0
5.769;-15;0;0;0
5.774;-15;0;0;0
5.779;-15;0;0;0
5.784;-15;0;0;0
5.789;-15;0;0;0
5.794;-15;0;0;0
5.799;-15;0;0;0
5.804;-15;0;0;0
5.809;-15;0;0;0
5.814;-15;0;0;0
5.819;-15;0;0;0
5.824;-15;0;0;0
5.829;-15;0;0;0
5.834;-15;0;0;0
5.839;-15;0;0;0
5.844;-15;0;0;0
5.849;-15;0;0;0
5.854;-15;0;0;0
5.859;-15;0;0;0
5.864;-15;0;0;0
5.869;-15;0;0;0
5.874;-15;0;0;0
5.879;-15;0;0;0
5.884;-15;0;0;0
5.889;-15;0;0;0
5.894;-15;0;0;0
5.899;-15;0;0;0
5.904;-15;0;0;0
5.909;-15;0;0;0
5.914;-15;0;0;0
5.919;-15;0;0;0
5.924;-15;0;0;0
5.929;-15;0;0;0
5.934;-15;0;0;0
5.939;-15;0;0;0
5.944;-15;0;0;0
5.949;-15;0;0;0
5.954;-15;0;0;0
5.959;-15;0;0;0
5.964;-15;0;0;0
5.969;-15;0;0;0
5.974;-15;0;0;0
5.979;-15;0;0;0
5.984;-15;0;0;0
5.989;-15;0;0;0
5.994;-15;0;0;0
5.999;-15;0;0;0
6.004;-15;0;0;0
6.009;-15;0;0;0
6.014;-15;0;0;0
6.019;-15;0;0;0
6.024;-15;0;0;0
6.029;-15;0;0;0
6.034;-15;0;0;0
6.039;-15;0;0;0
6.044;-15;0;0;0
6.049;-15;0;0;0
6.054;-15;0;0;0
6.059;-15;0;0;0
6.064;-15;0;0;0
6.069;-15;0;0;0
6.074;-15;0;0;0
6.079;-15;0;0;0
6.084;-15;0;0;0
6.089;-15;0;0;0
6.094;-15;0;0;0
6.099;-15;0;0;0
6.104;-15;0;0;0
6.109;-15;0;0;0
6.114;-15;0;0;0
6.119;-15;0;0;0
6.124;-15;0;0;0
6.129;-15;0;0;0
6.134;-15;0;0;0
6.139;-15;0;0;0
6.144;-15;0;0;0
6.149;-15;0;0;0
6.154;-15;0;0;0
6.159;-15;0;0;0
6.164;-15;0;0;0
6.169;-15;0;0;0
6.174;-15;0;0;0
6.179;-15;0;0;0
6.184;-15;0;0;0
6.189;-15;0;0;0
6.194;-15;0;0;0
6.199;-15;0;0;0
6.204;-15;0;0;0
6.209;-15;0;0;0
6.214;-15;0;0;0
6.219;-15;0;0;0
6.224;-15;0;0;0
6.229;-15;0;0;0
6.234;-15;0;0;0
6.239;-15;0;0;0
6.244;-15;0;0;0
6.249;-15;0;0;0
6.254;-15;0;0;0
6.259;-15;0;0;0
6.264;-15;0;0;0
6.269;-15;0;0;0
6.274;-15;0;0;0
6.279;-15;0;0;0
6.284;-15;0;0;0
6.289;-15;0;0;0
6.294;-15;0;0;0
6.299;-15;0;0;0
6.304;-15;0;0;0
6.309;-15;0;0;0
6.314;-15;0;0;0
6.319;-15;0;0;0
6.324;-15;0;0;0
6.329;-15;0;0;0
6.334;-15;0;0;0
6.339;-15;0;0;0
6.344;-15;0;0;0
6.349;-15;0;0;0
6.354;-15;0;0;0
6.359;-15;0;0;0
6.364;-15;0;0;0
6.369;-15;0;0;0
6.374;-15;0;0;0
6.379;-15;0;0;0
6.384;-15;0;0;0
6.389;-15;0;0;0
6.394;-15;0;0;0
6.399;-15;0;0;0
6.404;-15;0;0;0
6.409;-15;0;0;0
6.414;-15;0;0;0
6.419;-15;0;0;0
6.424;-15;0;0;0
6.429;-15;0;0;0
6.434;-15;0;0;0
6.439;-15;0;0;0
6.444;-15;0;0;0
6.449;-15;0;0;0
6.454;-15;0;0;0
6.459;-15;0;0;0
6.464;-15;0;0;0
6.469;-15;0;0;0
6.474;-15;0;0;0
6.479;-15;0;0;0
6.484;-15;0;0;0
6.489;-15;0;0;0
6.494;-15;0;0;0
6.499;-15;0;0;0
6.504;-15;0;0;0
6.509;-15;0;0;0
6.514;-15;0;0;0
6.519;-15;0;0;0
6.524;-15;0;0;0
6.529;-15;0;0;0
6.534;-15;0;0;0
6.539;-15;0;0;0
6.544;-15;0;0;0
6.549;-15;0;0;0
6.554;-15;0;0;0
6.559;-15;0;0;0
6.564;-15;0;0;0
6.569;-15;0;0;0
6.574;-15;0;0;0
6.579;-15;0;0;0
6.584;-15;0;0;0
6.589;-15;0;0;0
6.594;-15;0;0;0
6.599;-15;0;0;0
6.604;-15;0;0;0
6.609;-15;0;0;0
6.614;-15;0;0;0
6.619;-15;0;0;0
6.624;-15;0;0;0
6.629;-15;0;0;0
6.634;-15;0;0;0
6.639;-15;0;0;0
6.644;-15;0;0;0
6.649;-15;0;0;0
6.654;-15;0;0;0
6.659;-15;0;0;0
6.664;-15;0;0;0
6.669;-15;0;0;0
6.674;-15;0;0;0
6.679;-15;0;0;0
6.684;-15;0;0;0
6.689;-15;0;0;0
6.694;-15;0;0;0
6.699;-15;0;0;0
6.704;-15;0;0;0
6.709;-15;0;0;0
6.714;-15;0;0;0
6.719;-15;0;0;0
6.724;-15;0;0;0
6.729;-15;0;0;0
6.734;-15;0;0;0
6.739;-15;0;0;0
6.744;-15;0;0;0
6.749;-15;0;0;0
6.754;-15;0;0;0
6.759;-15;0;0;0
6.764;-15;0;0;0
6.769;-15;0;0;0
6.774;-15;0;0;0
6.779;-15;0;0;0
6.784;-15;0;0;0
6.789;-15;0;0;0
6.794;-15;0;0;0
6.799;-15;0;0;0
6.804;-15;0;0;0
6.809;-15;0;0;0
6.814;-15;0;0;0
6.819;-15;0;0;0
6.824;-15;0;0;0
6.829;-15;0;0;0
6.834;-15;0;0;0
6.839;-15;0;0;0
6.844;-15;0;0;0
6.849;-15;0;0;0
6.854;-15;0;0;0
6.859;-15;0;0;0
6.864;-15;0;0;0
6.869;-15;0;0;0
6.874;-15;0;0;0
6.879;-15;0;0;0
6.884;-15;0;0;0
6.889;-15;0;0;0
6.894;-15;0;0;0
6.899;-15;0;0;0
6.904;-15;0;0;0
6.909;-15;0;0;0
6.914;-15;0;0;0
6.919;-15;0;0;0
6.924;-15;0;0;0
6.929;-15;0;0;0
6.934;-15;0;0;0
6.939;-15;0;0;0
6.944;-15;0;0;0
6.949;-15;0;0;0
6.954;-15;0;0;0
6.959;-15;0;0;0
6.964;-15;0;0;0
6.969;-15;0;0;0
6.974;-15;0;0;0
6.979;-15;0;0;0
6.984;-15;0;0;0
6.989;-15;0;0;0
6.994;-15;0;0;0
6.999;-15;0;0;0
7.004;-15;0;0;0
7.009;-15;0;0;0
7.014;-15;0;0;0
7.019;-15;0;0;0
7.024;-15;0;0;0
7.029;-15;0;0;0
7.034;-15;0;0;0
7.039;-15;0;0;0
7.044;-15;0;0;0
7.049;-15;0;0;0
7.054;-15;0;0;0
7.059;-15;0;0;0
7.064;-15;0;0;0
7.069;-15;0;0;0
7.074;-15;0;0;0
7.079;-15;0;0;0
7.084;-15;0;0;0
7.089;-15;0;0;0
7.094;-15;0;0;0
7.099;-15;0;0;0
7.104;-15;0;0;0
7.109;-15;0;0;0
7.114;-15;0;0;0
7.119;-15;0;0;0
7.124;-15;0;0;0
7.129;-15;0;0;0
7.134;-15;0;0;0
7.139;-15;0;0;0
7.144;-15;0;0;0
7.149;-15;0;0;0
7.154;-15;0;0;0
7.159;-15;0;0;0
7.164;-15;0;0;0
7.169;-15;0;0;0
7.174;-15;0;0;0
7.179;-15;0;0;0
7.184;-15;0;0;0
7.189;-15;0;0;0
7.194;-15;0;0;0
7.199;-15;0;0;0
7.204;-15;0;0;0
7.209;-15;0;0;0
7.214;-15;0;0;0
7.219;-15;0;0;0
7.224;-15;0;0;0
7.229;-15;0;0;0
7.234;-15;0;0;0
7.239;-15;0;0;0
7.244;-15;0;0;0
7.249;-15;0;0;0
7.254;-15;0;0;0
7.259;-15;0;0;0
7.264;-15;0;0;0
7.269;-15;0;0;0
7.274;-15;0;0;0
7.279;-15;0;0;0
7.284;-15;0;0;0
7.289;-15;0;0;0
7.294;-15;0;0;0
7.299;-15;0;0;0
7.304;-15;0;0;0
7.309;-15;0;0;0
7.314;-15;0;0;0
7.319;-15;0;0;0
7.324;-15;0;0;0
7.329;-15;0;0;0
7.334;-15;0;0;0
7.339;-15;0;0;0
7.344;-15;0;0;0
7.349;-15;0;0;0
7.354;-15;0;0;0