t;e;d;i;set

0.424;7;384.61538461538464;0;0
0.429;7;151.5151515151515;0;0
0.434;15;185.1851851851852;0;0
0.439;23;277.77777777777777;0;0
0.444;23;384.61538461538464;0;0
0.449;31;416.6666666666667;0;0
0.454;39;416.6666666666667;0;0
0.459;47;166.66666666666666;0;0
0.464;54;192.30769230769232;0;0
0.469;54;250.0;0;0
0.474;70;2500.0;0;0
0.479;70;227.27272727272728;0;0
0.484;78;500.0;0;0
0.489;86;416.6666666666667;0;0
0.494;94;833.3333333333334;0;0
0.499;101;625.0;0;0
0.504;109;192.30769230769232;0;0
0.509;117;1250.0;0;0
0.514;117;208.33333333333334;0;0
0.519;125;416.6666666666667;0;0
0.524;133;416.6666666666667;0;0
0.529;133;156.25;0;0
0.534;140;2500.0;0;0
0.539;140;227.27272727272728;0;0
0.544;140;119.04761904761905;0;0
0.549;148;416.6666666666667;0;0
0.554;148;156.25;0;0
0.559;148;96.15384615384616;0;0
0.564;148;69.44444444444444;0;0
0.569;148;54.34782608695652;0;0
0.574;148;44.642857142857146;0;0
0.579;148;37.878787878787875;0;0
0.584;148;32.89473684210526;0;0
0.589;148;29.069767441860463;0;0
0.594;148;26.041666666666668;0;0
0.599;148;23.58490566037736;0;0
0.604;148;21.551724137931036;0;0
0.609;148;19.841269841269842;0;0
0.614;148;18.38235294117647;0;0
0.619;148;17.123287671232877;0;0
0.624;148;16.025641025641026;0;0
0.629;148;15.060240963855422;0;0
0.634;156;416.6666666666667;0;0
0.639;156;156.25;0;0
0.644;156;96.15384615384616;0;0
0.649;164;416.6666666666667;0;0
0.654;164;156.25;0;0
0.659;164;96.15384615384616;0;0
0.664;164;69.44444444444444;0;0
0.669;164;54.34782608695652;0;0
0.674;164;44.642857142857146;0;0
0.679;164;37.878787878787875;0;0
0.684;164;32.89473684210526;0;0
0.689;171;2500.0;0;0
0.694;171;227.27272727272728;0;0
0.699;171;119.04761904761905;0;0
0.704;179;83.33333333333333;0;0
0.709;179;384.61538461538464;0;0
0.714;179;151.5151515151515;0;0
0.719;179;94.33962264150944;0;0
0.724;187;833.3333333333334;0;0
0.729;187;192.30769230769232;0;0
0.734;195;2500.0;0;0
0.739;195;227.27272727272728;0;0
0.744;195;119.04761904761905;0;0
0.749;202;1250.0;0;0
0.754;210;1250.0;0;0
0.759;218;2500.0;0;0
0.764;225;500.0;0;0
0.769;241;1250.0;0;0
0.774;256;833.3333333333334;0;0
0.779;263;2500.0;0;0
0.784;278;2500.0;0;0
0.789;286;416.6666666666667;0;0
0.794;294;625.0;0;0
0.799;301;416.6666666666667;0;0
0.804;309;416.6666666666667;0;0
0.809;316;416.6666666666667;0;0
0.814;316;156.25;0;0
0.819;316;96.15384615384616;0;0
0.824;316;69.44444444444444;0;0
0.829;316;54.34782608695652;0;0
0.834;316;44.642857142857146;0;0
0.839;309;416.6666666666667;0;0
0.844;301;500.0;0;0
0.849;294;833.3333333333334;0;0
0.854;286;416.6666666666667;0;0
0.859;271;833.3333333333334;0;0
0.864;263;1250.0;0;0
0.869;256;416.6666666666667;0;0
0.874;241;625.0;0;0
0.879;225;833.3333333333334;0;0
0.884;210;2500.0;0;0
0.889;195;1250.0;0;0
0.894;179;1250.0;0;0
0.899;156;500.0;0;0
0.904;133;2500.0;0;0
0.909;117;1250.0;0;0
0.914;101;833.3333333333334;0;0
0.919;78;5000.0;0;0
0.924;62;2500.0;0;0
0.929;39;1250.0;0;0
0.934;7;5000.0;0;0
0.939;-7;1250.0;0;0
0.944;-23;1250.0;0;0
0.949;-54;1250.0;0;0
0.954;-70;2500.0;0;0
0.959;-86;833.3333333333334;0;0
0.964;-109;5000.0;0;0
0.969;-125;2500.0;0;0
0.974;-148;2500.0;0;0
0.979;-156;1250.0;0;0
0.984;-179;357.14285714285717;0;0
0.989;-195;1250.0;0;0
0.994;-210;1250.0;0;0
0.999;-218;833.3333333333334;0;0
1.004;-233;357.14285714285717;0;0
1.009;-241;416.6666666666667;0;0
1.014;-248;416.6666666666667;0;0
1.019;-263;833.3333333333334;0;0
1.024;-271;1250.0;0;0
1.029;-271;208.33333333333334;0;0
1.034;-278;625.0;0;0
1.039;-278;178.57142857142858;0;0
1.044;-286;416.6666666666667;0;0
1.049;-286;156.25;0;0
1.054;-286;96.15384615384616;0;0
1.059;-286;69.44444444444444;0;0
1.064;-278;833.3333333333334;0;0
1.069;-278;192.30769230769232;0;0
1.074;-271;500.0;0;0
1.079;-271;166.66666666666666;0;0
1.084;-256;208.33333333333334;0;0
1.089;-248;2500.0;0;0
1.094;-241;625.0;0;0
1.099;-233;833.3333333333334;0;0
1.104;-218;1250.0;0;0
1.109;-210;416.6666666666667;0;0
1.114;-195;833.3333333333334;0;0
1.119;-179;625.0;0;0
1.124;-164;833.3333333333334;0;0
1.129;-148;625.0;0;0
1.134;-133;1250.0;0;0
1.139;-117;625.0;0;0
1.144;-94;1250.0;0;0
1.149;-78;2500.0;0;0
1.154;-54;833.3333333333334;0;0
1.159;-39;2500.0;0;0
1.164;-23;1250.0;0;0
1.169;-7;1250.0;0;0
1.174;7;416.6666666666667;0;0
1.179;31;833.3333333333334;0;0
1.184;54;1250.0;0;0
1.189;70;2500.0;0;0
1.194;86;1250.0;0;0
1.199;101;1250.0;0;0
1.204;117;2500.0;0;0
1.209;133;1000.0;0;0
1.214;140;1250.0;0;0
1.219;156;1250.0;0;0
1.224;171;500.0;0;0
1.229;179;625.0;0;0
1.234;195;2500.0;0;0
1.239;202;833.3333333333334;0;0
1.244;210;625.0;0;0
1.249;218;416.6666666666667;0;0
1.254;225;416.6666666666667;0;0
1.259;233;2500.0;0;0
1.264;233;227.27272727272728;0;0
1.269;241;416.6666666666667;0;0
1.274;241;156.25;0;0
1.279;241;96.15384615384616;0;0
1.284;241;69.44444444444444;0;0
1.289;241;54.34782608695652;0;0
1.294;241;44.642857142857146;0;0
1.299;233;2500.0;0;0
1.304;233;227.27272727272728;0;0
1.309;225;416.6666666666667;0;0
1.314;225;156.25;0;0
1.319;218;416.6666666666667;0;0
1.324;202;500.0;0;0
1.329;195;1250.0;0;0
1.334;187;1250.0;0;0
1.339;171;500.0;0;0
1.344;164;625.0;0;0
1.349;148;2500.0;0;0
1.354;133;2500.0;0;0
1.359;125;1250.0;0;0
1.364;109;1250.0;0;0
1.369;94;2500.0;0;0
1.374;78;1250.0;0;0
1.379;62;500.0;0;0
1.384;47;833.3333333333334;0;0
1.389;23;1250.0;0;0
1.394;7;833.3333333333334;0;0
1.399;0;1250.0;0;0
1.404;-23;416.6666666666667;0;0
1.409;-39;2500.0;0;0
1.414;-54;416.6666666666667;0;0
1.419;-62;2500.0;0;0
1.424;-86;1250.0;0;0
1.429;-94;625.0;0;0
1.434;-109;2500.0;0;0
1.439;-125;833.3333333333334;0;0
1.444;-133;625.0;0;0
1.449;-148;2500.0;0;0
1.454;-156;2500.0;0;0
1.459;-164;833.3333333333334;0;0
1.464;-179;500.0;0;0
1.469;-179;384.61538461538464;0;0
1.474;-187;416.6666666666667;0;0
1.479;-195;416.6666666666667;0;0
1.484;-202;416.6666666666667;0;0
1.489;-210;416.6666666666667;0;0
1.494;-210;156.25;0;0
1.499;-210;96.15384615384616;0;0
1.504;-210;69.44444444444444;0;0
1.509;-210;54.34782608695652;0;0
1.514;-210;44.642857142857146;0;0
1.519;-210;37.878787878787875;0;0
1.524;-210;32.89473684210526;0;0
1.529;-210;29.069767441860463;0;0
1.534;-210;26.041666666666668;0;0
1.539;-202;500.0;0;0
1.544;-195;625.0;0;0
1.549;-187;833.3333333333334;0;0
1.554;-179;416.6666666666667;0;0
1.559;-171;2500.0;0;0
1.564;-164;625.0;0;0
1.569;-148;500.0;0;0
1.574;-148;384.61538461538464;0;0
1.579;-133;714.2857142857143;0;0
1.584;-125;625.0;0;0
1.589;-117;416.6666666666667;0;0
1.594;-101;833.3333333333334;0;0
1.599;-86;625.0;0;0
1.604;-70;2500.0;0;0
1.609;-54;2500.0;0;0
1.614;-47;2500.0;0;0
1.619;-31;312.5;0;0
1.624;-23;416.6666666666667;0;0
1.629;-7;2500.0;0;0
1.634;7;833.3333333333334;0;0
1.639;15;2500.0;0;0
1.644;31;357.14285714285717;0;0
1.649;39;416.6666666666667;0;0
1.654;54;625.0;0;0
1.659;70;1250.0;0;0
1.664;78;2500.0;0;0
1.669;86;416.6666666666667;0;0
1.674;101;2500.0;0;0
1.679;109;250.0;0;0
1.684;117;625.0;0;0
1.689;125;625.0;0;0
1.694;133;416.6666666666667;0;0
1.699;140;833.3333333333334;0;0
1.704;148;500.0;0;0
1.709;156;1250.0;0;0
1.714;164;227.27272727272728;0;0
1.719;164;384.61538461538464;0;0
1.724;164;151.5151515151515;0;0
1.729;171;185.1851851851852;0;0
1.734;171;250.0;0;0
1.739;171;125.0;0;0
1.744;171;83.33333333333333;0;0
1.749;171;62.5;0;0
1.754;171;50.0;0;0
1.759;164;416.6666666666667;0;0
1.764;164;156.25;0;0
1.769;164;96.15384615384616;0;0
1.774;156;416.6666666666667;0;0
1.779;148;833.3333333333334;0;0
1.784;140;208.33333333333334;0;0
1.789;133;250.0;0;0
1.794;133;250.0;0;0
1.799;125;416.6666666666667;0;0
1.804;117;416.6666666666667;0;0
1.809;101;2500.0;0;0
1.814;94;250.0;0;0
1.819;86;625.0;0;0
1.824;70;500.0;0;0
1.829;70;384.61538461538464;0;0
1.834;54;1250.0;0;0
1.839;39;1250.0;0;0
1.844;31;277.77777777777777;0;0
1.849;15;500.0;0;0
1.854;7;625.0;0;0
1.859;0;1250.0;0;0
1.864;-15;250.0;0;0
1.869;-23;416.6666666666667;0;0
1.874;-39;2500.0;0;0
1.879;-47;208.33333333333334;0;0
1.884;-54;625.0;0;0
1.889;-54;178.57142857142858;0;0
1.894;-54;104.16666666666667;0;0
1.899;-54;73.52941176470588;0;0
1.904;-54;56.81818181818182;0;0
1.909;-47;833.3333333333334;0;0
1.914;-39;416.6666666666667;0;0
1.919;-31;625.0;0;0
1.924;-23;416.6666666666667;0;0
1.929;-15;833.3333333333334;0;0
1.934;-7;416.6666666666667;0;0
1.939;7;833.3333333333334;0;0
1.944;7;250.0;0;0
1.949;23;500.0;0;0
1.954;31;454.54545454545456;0;0
1.959;39;625.0;0;0
1.964;47;2500.0;0;0
1.969;54;625.0;0;0
1.974;62;2500.0;0;0
1.979;70;625.0;0;0
1.984;70;178.57142857142858;0;0
1.989;78;625.0;0;0
1.994;86;625.0;0;0
1.999;86;178.57142857142858;0;0
2.004;94;416.6666666666667;0;0
2.009;101;1250.0;0;0
2.014;101;208.33333333333334;0;0
2.019;101;113.63636363636364;0;0
2.024;101;78.125;0;0
2.029;109;416.6666666666667;0;0
2.034;109;156.25;0;0
2.039;109;96.15384615384616;0;0
2.044;109;69.44444444444444;0;0
2.049;109;54.34782608695652;0;0
2.054;109;44.642857142857146;0;0
2.059;109;37.878787878787875;0;0
2.064;109;32.89473684210526;0;0
2.069;101;625.0;0;0
2.074;101;178.57142857142858;0;0
2.079;101;104.16666666666667;0;0
2.084;94;75.75757575757575;0;0
2.089;94;384.61538461538464;0;0
2.094;86;416.6666666666667;0;0
2.099;86;156.25;0;0
2.104;78;833.3333333333334;0;0
2.109;78;192.30769230769232;0;0
2.114;78;108.69565217391305;0;0
2.119;70;416.6666666666667;0;0
2.124;78;416.6666666666667;0;0
2.129;78;156.25;0;0
2.134;86;1250.0;0;0
2.139;86;208.33333333333334;0;0
2.144;86;113.63636363636364;0;0
2.149;94;416.6666666666667;0;0
2.154;94;156.25;0;0
2.159;101;416.6666666666667;0;0
2.164;101;156.25;0;0
2.169;101;96.15384615384616;0;0
2.174;101;69.44444444444444;0;0
2.179;109;416.6666666666667;0;0
2.184;109;156.25;0;0
2.189;117;833.3333333333334;0;0
2.194;117;192.30769230769232;0;0
2.199;117;108.69565217391305;0;0
2.204;125;125.0;0;0
2.209;125;250.0;0;0
2.214;133;131.57894736842104;0;0
2.219;133;384.61538461538464;0;0
2.224;133;151.5151515151515;0;0
2.229;133;94.33962264150944;0;0
2.234;133;68.4931506849315;0;0
2.239;133;53.763440860215056;0;0
2.244;133;44.24778761061947;0;0
2.249;140;1250.0;0;0
2.254;140;208.33333333333334;0;0
2.259;140;113.63636363636364;0;0
2.264;140;78.125;0;0
2.269;140;59.523809523809526;0;0
2.274;148;416.6666666666667;0;0
2.279;148;156.25;0;0
2.284;148;96.15384615384616;0;0
2.289;148;69.44444444444444;0;0
2.294;148;54.34782608695652;0;0
2.299;156;45.45454545454545;0;0
2.304;156;384.61538461538464;0;0
2.309;156;151.5151515151515;0;0
2.314;156;94.33962264150944;0;0
2.319;156;68.4931506849315;0;0
2.324;164;1250.0;0;0
2.329;164;208.33333333333334;0;0
2.334;164;113.63636363636364;0;0
2.339;164;78.125;0;0
2.344;164;59.523809523809526;0;0
2.349;164;48.07692307692308;0;0
2.354;164;40.32258064516129;0;0
2.359;164;34.72222222222222;0;0
2.364;164;30.48780487804878;0;0
2.369;164;27.17391304347826;0;0
2.374;171;1250.0;0;0
2.379;171;208.33333333333334;0;0
2.384;171;113.63636363636364;0;0
2.389;171;78.125;0;0
2.394;171;59.523809523809526;0;0
2.399;171;48.07692307692308;0;0
2.404;171;40.32258064516129;0;0
2.409;171;34.72222222222222;0;0
2.414;171;30.48780487804878;0;0
2.419;179;1250.0;0;0
2.424;179;208.33333333333334;0;0
2.429;179;113.63636363636364;0;0
2.434;179;78.125;0;0
2.439;179;59.523809523809526;0;0
2.444;179;48.07692307692308;0;0
2.449;179;40.32258064516129;0;0
2.454;179;34.72222222222222;0;0
2.459;179;30.48780487804878;0;0
2.464;179;27.17391304347826;0;0
2.469;179;24.50980392156863;0;0
2.474;179;22.321428571428573;0;0
2.479;187;416.6666666666667;0;0
2.484;187;156.25;0;0
2.489;187;96.15384615384616;0;0
2.494;187;69.44444444444444;0;0
2.499;187;54.34782608695652;0;0
2.504;195;45.45454545454545;0;0
2.509;195;384.61538461538464;0;0
2.514;195;151.5151515151515;0;0
2.519;195;94.33962264150944;0;0
2.524;195;68.4931506849315;0;0
2.529;195;53.763440860215056;0;0
2.534;195;44.24778761061947;0;0
2.539;195;37.59398496240601;0;0
2.544;195;32.6797385620915;0;0
2.549;195;28.90173410404624;0;0
2.554;195;25.906735751295336;0;0
2.559;195;23.474178403755868;0;0
2.564;202;1250.0;0;0
2.569;202;208.33333333333334;0;0
2.574;202;113.63636363636364;0;0
2.579;202;78.125;0;0
2.584;202;59.523809523809526;0;0
2.589;202;48.07692307692308;0;0
2.594;202;40.32258064516129;0;0
2.599;210;42.3728813559322;0;0
2.604;210;250.0;0;0
2.609;210;125.0;0;0
2.614;210;83.33333333333333;0;0
2.619;210;62.5;0;0
2.624;210;50.0;0;0
2.629;210;41.666666666666664;0;0
2.634;210;35.714285714285715;0;0
2.639;210;31.25;0;0
2.644;210;27.77777777777778;0;0
2.649;210;25.0;0;0
2.654;210;22.727272727272727;0;0
2.659;210;20.833333333333332;0;0
2.664;210;19.23076923076923;0;0
2.669;210;17.857142857142858;0;0
2.674;210;16.666666666666668;0;0
2.679;210;15.625;0;0
2.684;210;14.705882352941176;0;0
2.689;210;13.88888888888889;0;0
2.694;218;416.6666666666667;0;0
2.699;218;156.25;0;0
2.704;218;96.15384615384616;0;0
2.709;218;69.44444444444444;0;0
2.714;218;54.34782608695652;0;0
2.719;218;44.642857142857146;0;0
2.724;218;37.878787878787875;0;0
2.729;218;32.89473684210526;0;0
2.734;225;416.6666666666667;0;0
2.739;225;156.25;0;0
2.744;225;96.15384615384616;0;0
2.749;225;69.44444444444444;0;0
2.754;225;54.34782608695652;0;0
2.759;225;44.642857142857146;0;0
2.764;225;37.878787878787875;0;0
2.769;225;32.89473684210526;0;0
2.774;225;29.069767441860463;0;0
2.779;233;2500.0;0;0
2.784;233;227.27272727272728;0;0
2.789;233;119.04761904761905;0;0
2.794;233;80.64516129032258;0;0
2.799;233;60.97560975609756;0;0
2.804;233;49.01960784313726;0;0
2.809;241;1250.0;0;0
2.814;241;208.33333333333334;0;0
2.819;241;113.63636363636364;0;0
2.824;241;78.125;0;0
2.829;241;59.523809523809526;0;0
2.834;241;48.07692307692308;0;0
2.839;241;40.32258064516129;0;0
2.844;241;34.72222222222222;0;0
2.849;241;30.48780487804878;0;0
2.854;248;416.6666666666667;0;0
2.859;248;156.25;0;0
2.864;248;96.15384615384616;0;0
2.869;248;69.44444444444444;0;0
2.874;248;54.34782608695652;0;0
2.879;248;44.642857142857146;0;0
2.884;248;37.878787878787875;0;0
2.889;248;32.89473684210526;0;0
2.894;248;29.069767441860463;0;0
2.899;248;26.041666666666668;0;0
2.904;248;23.58490566037736;0;0
2.909;248;21.551724137931036;0;0
2.914;248;19.841269841269842;0;0
2.919;248;18.38235294117647;0;0
2.924;256;18.796992481203006;0;0
2.929;256;250.0;0;0
2.934;256;125.0;0;0
2.939;256;83.33333333333333;0;0
2.944;256;62.5;0;0
2.949;256;50.0;0;0
2.954;256;41.666666666666664;0;0
2.959;256;35.714285714285715;0;0
2.964;256;31.25;0;0
2.969;263;28.089887640449437;0;0
2.974;263;384.61538461538464;0;0
2.979;263;151.5151515151515;0;0
2.984;263;94.33962264150944;0;0
2.989;263;68.4931506849315;0;0
2.994;263;53.763440860215056;0;0
2.999;263;44.24778761061947;0;0
3.004;263;37.59398496240601;0;0
3.009;263;32.6797385620915;0;0
3.014;263;28.90173410404624;0;0
3.019;263;25.906735751295336;0;0
3.024;263;23.474178403755868;0;0
3.029;263;21.459227467811157;0;0
3.034;263;19.76284584980237;0;0
3.039;263;18.315018315018314;0;0
3.044;263;17.064846416382252;0;0
3.049;271;416.6666666666667;0;0
3.054;271;156.25;0;0
3.059;271;96.15384615384616;0;0
3.064;271;69.44444444444444;0;0
3.069;271;54.34782608695652;0;0
3.074;271;44.642857142857146;0;0
3.079;271;37.878787878787875;0;0
3.084;271;32.89473684210526;0;0
3.089;278;416.6666666666667;0;0
3.094;278;156.25;0;0
3.099;278;96.15384615384616;0;0
3.104;278;69.44444444444444;0;0
3.109;278;54.34782608695652;0;0
3.114;278;44.642857142857146;0;0
3.119;286;416.6666666666667;0;0
3.124;286;156.25;0;0
3.129;286;96.15384615384616;0;0
3.134;286;69.44444444444444;0;0
3.139;286;54.34782608695652;0;0
3.144;286;44.642857142857146;0;0
3.149;286;37.878787878787875;0;0
3.154;286;32.89473684210526;0;0
3.159;286;29.069767441860463;0;0
3.164;294;30.120481927710845;0;0
3.169;294;250.0;0;0
3.174;294;125.0;0;0
3.179;294;83.33333333333333;0;0
3.184;301;833.3333333333334;0;0
3.189;301;192.30769230769232;0;0
3.194;301;108.69565217391305;0;0
3.199;301;75.75757575757575;0;0
3.204;301;58.13953488372093;0;0
3.209;309;416.6666666666667;0;0
3.214;309;156.25;0;0
3.219;309;96.15384615384616;0;0
3.224;309;69.44444444444444;0;0
3.229;309;54.34782608695652;0;0
3.234;309;44.642857142857146;0;0
3.239;309;37.878787878787875;0;0
3.244;309;32.89473684210526;0;0
3.249;309;29.069767441860463;0;0
3.254;309;26.041666666666668;0;0
3.259;309;23.58490566037736;0;0
3.264;309;21.551724137931036;0;0
3.269;309;19.841269841269842;0;0
3.274;309;18.38235294117647;0;0
3.279;309;17.123287671232877;0;0
3.284;309;16.025641025641026;0;0
3.289;309;15.060240963855422;0;0
3.294;309;14.204545454545455;0;0
3.299;309;13.440860215053764;0;0
3.304;309;12.755102040816327;0;0
3.309;309;12.135922330097088;0;0
3.314;309;11.574074074074074;0;0
3.319;316;416.6666666666667;0;0
3.324;316;156.25;0;0
3.329;316;96.15384615384616;0;0
3.334;316;69.44444444444444;0;0
3.339;316;54.34782608695652;0;0
3.344;316;44.642857142857146;0;0
3.349;316;37.878787878787875;0;0
3.354;316;32.89473684210526;0;0
3.359;323;833.3333333333334;0;0
3.364;323;192.30769230769232;0;0
3.369;323;108.69565217391305;0;0
3.374;331;2500.0;0;0
3.379;331;227.27272727272728;0;0
3.384;331;119.04761904761905;0;0
3.389;331;80.64516129032258;0;0
3.394;338;2500.0;0;0
3.399;338;227.27272727272728;0;0
3.404;338;119.04761904761905;0;0
3.409;338;80.64516129032258;0;0
3.414;338;60.97560975609756;0;0
3.419;346;416.6666666666667;0;0
3.424;346;156.25;0;0
3.429;346;96.15384615384616;0;0
3.434;346;69.44444444444444;0;0
3.439;346;54.34782608695652;0;0
3.444;346;44.642857142857146;0;0
3.449;346;37.878787878787875;0;0
3.454;346;32.89473684210526;0;0
3.459;346;29.069767441860463;0;0
3.464;346;26.041666666666668;0;0
3.469;346;23.58490566037736;0;0
3.474;346;21.551724137931036;0;0
3.479;346;19.841269841269842;0;0
3.484;346;18.38235294117647;0;0
3.489;346;17.123287671232877;0;0
3.494;346;16.025641025641026;0;0
3.499;346;15.060240963855422;0;0
3.504;346;14.204545454545455;0;0
3.509;346;13.440860215053764;0;0
3.514;346;12.755102040816327;0;0
3.519;346;12.135922330097088;0;0
3.524;346;11.574074074074074;0;0
3.529;346;11.061946902654867;0;0
3.534;346;10.59322033898305;0;0
3.539;346;10.16260162601626;0;0
3.544;346;9.765625;0;0
3.549;346;9.398496240601503;0;0
3.554;346;9.057971014492754;0;0
3.559;346;8.741258741258742;0;0
3.564;346;8.445945945945946;0;0
3.569;346;8.169934640522875;0;0
3.574;346;7.9113924050632916;0;0
3.579;346;7.668711656441718;0;0
3.584;346;7.440476190476191;0;0
3.589;346;7.22543352601156;0;0
3.594;346;7.022471910112359;0;0
3.599;346;6.830601092896175;0;0
3.604;346;6.648936170212766;0;0
3.609;346;6.476683937823834;0;0
3.614;346;6.313131313131313;0;0
3.619;346;6.157635467980295;0;0
3.624;346;6.009615384615385;0;0
3.629;346;5.868544600938967;0;0
3.634;353;416.6666666666667;0;0
3.639;353;156.25;0;0
3.644;353;96.15384615384616;0;0
3.649;353;69.44444444444444;0;0
3.654;353;54.34782608695652;0;0
3.659;360;500.0;0;0
3.664;360;166.66666666666666;0;0
3.669;360;100.0;0;0
3.674;360;71.42857142857143;0;0
3.679;360;55.55555555555556;0;0
3.684;368;2500.0;0;0
3.689;368;227.27272727272728;0;0
3.694;368;119.04761904761905;0;0
3.699;368;80.64516129032258;0;0
3.704;368;60.97560975609756;0;0
3.709;375;416.6666666666667;0;0
3.714;375;156.25;0;0
3.719;375;96.15384615384616;0;0
3.724;375;69.44444444444444;0;0
3.729;375;54.34782608695652;0;0
3.734;375;44.642857142857146;0;0
3.739;375;37.878787878787875;0;0
3.744;375;32.89473684210526;0;0
3.749;375;29.069767441860463;0;0
3.754;375;26.041666666666668;0;0
3.759;375;23.58490566037736;0;0
3.764;375;21.551724137931036;0;0
3.769;375;19.841269841269842;0;0
3.774;375;18.38235294117647;0;0
3.779;375;17.123287671232877;0;0
3.784;375;16.025641025641026;0;0
3.789;375;15.060240963855422;0;0
3.794;382;15.337423312883436;0;0
3.799;382;250.0;0;0
3.804;382;125.0;0;0
3.809;382;83.33333333333333;0;0
3.814;382;62.5;0;0
3.819;382;50.0;0;0
3.824;382;41.666666666666664;0;0
3.829;389;2500.0;0;0
3.834;389;227.27272727272728;0;0
3.839;389;119.04761904761905;0;0
3.844;389;80.64516129032258;0;0
3.849;389;60.97560975609756;0;0
3.854;389;49.01960784313726;0;0
3.859;389;40.98360655737705;0;0
3.864;389;35.2112676056338;0;0
3.869;389;30.864197530864196;0;0
3.874;389;27.47252747252747;0;0
3.879;389;24.752475247524753;0;0
3.884;389;22.52252252252252;0;0
3.889;389;20.66115702479339;0;0
3.894;389;19.083969465648856;0;0
3.899;389;17.73049645390071;0;0
3.904;397;416.6666666666667;0;0
3.909;397;156.25;0;0
3.914;397;96.15384615384616;0;0
3.919;397;69.44444444444444;0;0
3.924;404;416.6666666666667;0;0
3.929;404;156.25;0;0
3.934;404;96.15384615384616;0;0
3.939;404;69.44444444444444;0;0
3.944;404;54.34782608695652;0;0
3.949;404;44.642857142857146;0;0
3.954;404;37.878787878787875;0;0
3.959;404;32.89473684210526;0;0
3.964;404;29.069767441860463;0;0
3.969;404;26.041666666666668;0;0
3.974;404;23.58490566037736;0;0
3.979;404;21.551724137931036;0;0
3.984;404;19.841269841269842;0;0
3.989;404;18.38235294117647;0;0
3.994;411;17.24137931034483;0;0
3.999;411;384.61538461538464;0;0
4.004;411;151.5151515151515;0;0
4.009;411;94.33962264150944;0;0
4.014;411;68.4931506849315;0;0
4.019;411;53.763440860215056;0;0
4.024;411;44.24778761061947;0;0
4.029;411;37.59398496240601;0;0
4.034;418;500.0;0;0
4.039;418;166.66666666666666;0;0
4.044;418;100.0;0;0
4.049;418;71.42857142857143;0;0
4.054;418;55.55555555555556;0;0
4.059;418;45.45454545454545;0;0
4.064;418;38.46153846153846;0;0
4.069;418;33.333333333333336;0;0
4.074;418;29.41176470588235;0;0
4.079;418;26.31578947368421;0;0
4.084;418;23.80952380952381;0;0
4.089;418;21.73913043478261;0;0
4.094;418;20.0;0;0
4.099;425;18.65671641791045;0;0
4.104;425;384.61538461538464;0;0
4.109;425;151.5151515151515;0;0
4.114;425;94.33962264150944;0;0
4.119;425;68.4931506849315;0;0
4.124;432;500.0;0;0
4.129;432;166.66666666666666;0;0
4.134;432;100.0;0;0
4.139;432;71.42857142857143;0;0
4.144;432;55.55555555555556;0;0
4.149;432;45.45454545454545;0;0
4.154;432;38.46153846153846;0;0
4.159;432;33.333333333333336;0;0
4.164;432;29.41176470588235;0;0
4.169;432;26.31578947368421;0;0
4.174;432;23.80952380952381;0;0
4.179;432;21.73913043478261;0;0
4.184;432;20.0;0;0
4.189;432;18.51851851851852;0;0
4.194;432;17.24137931034483;0;0
4.199;432;16.129032258064516;0;0
4.204;432;15.151515151515152;0;0
4.209;432;14.285714285714286;0;0
4.214;432;13.513513513513514;0;0
4.219;439;625.0;0;0
4.224;439;178.57142857142858;0;0
4.229;439;104.16666666666667;0;0
4.234;446;75.75757575757575;0;0
4.239;446;384.61538461538464;0;0
4.244;446;151.5151515151515;0;0
4.249;446;94.33962264150944;0;0
4.254;446;68.4931506849315;0;0
4.259;446;53.763440860215056;0;0
4.264;446;44.24778761061947;0;0
4.269;446;37.59398496240601;0;0
4.274;446;32.6797385620915;0;0
4.279;446;28.90173410404624;0;0
4.284;446;25.906735751295336;0;0
4.289;446;23.474178403755868;0;0
4.294;453;416.6666666666667;0;0
4.299;453;156.25;0;0
4.304;453;96.15384615384616;0;0
4.309;453;69.44444444444444;0;0
4.314;460;500.0;0;0
4.319;460;166.66666666666666;0;0
4.324;460;100.0;0;0
4.329;460;71.42857142857143;0;0
4.334;460;55.55555555555556;0;0
4.339;460;45.45454545454545;0;0
4.344;460;38.46153846153846;0;0
4.349;460;33.333333333333336;0;0
4.354;460;29.41176470588235;0;0
4.359;460;26.31578947368421;0;0
4.364;460;23.80952380952381;0;0
4.369;460;21.73913043478261;0;0
4.374;460;20.0;0;0
4.379;460;18.51851851851852;0;0
4.384;460;17.24137931034483;0;0
4.389;460;16.129032258064516;0;0
4.394;460;15.151515151515152;0;0
4.399;460;14.285714285714286;0;0
4.404;460;13.513513513513514;0;0
4.409;467;1250.0;0;0
4.414;467;208.33333333333334;0;0
4.419;467;113.63636363636364;0;0
4.424;467;78.125;0;0
4.429;474;416.6666666666667;0;0
4.434;474;156.25;0;0
4.439;474;96.15384615384616;0;0
4.444;474;69.44444444444444;0;0
4.449;474;54.34782608695652;0;0
4.454;474;44.642857142857146;0;0
4.459;474;37.878787878787875;0;0
4.464;474;32.89473684210526;0;0
4.469;474;29.069767441860463;0;0
4.474;474;26.041666666666668;0;0
4.479;474;23.58490566037736;0;0
4.484;481;500.0;0;0
4.489;481;166.66666666666666;0;0
4.494;481;100.0;0;0
4.499;481;71.42857142857143;0;0
4.504;488;78.125;0;0
4.509;488;250.0;0;0
4.514;488;125.0;0;0
4.519;488;83.33333333333333;0;0
4.524;488;62.5;0;0
4.529;488;50.0;0;0
4.534;488;41.666666666666664;0;0
4.539;488;35.714285714285715;0;0
4.544;488;31.25;0;0
4.549;488;27.77777777777778;0;0
4.554;488;25.0;0;0
4.559;488;22.727272727272727;0;0
4.564;488;20.833333333333332;0;0
4.569;488;19.23076923076923;0;0
4.574;488;17.857142857142858;0;0
4.579;488;16.666666666666668;0;0
4.584;495;416.6666666666667;0;0
4.589;495;156.25;0;0
4.594;495;96.15384615384616;0;0
4.599;495;69.44444444444444;0;0
4.604;495;54.34782608695652;0;0
4.609;495;44.642857142857146;0;0
4.614;495;37.878787878787875;0;0
4.619;495;32.89473684210526;0;0
4.624;495;29.069767441860463;0;0
4.629;495;26.041666666666668;0;0
4.634;502;1250.0;0;0
4.639;502;208.33333333333334;0;0
4.644;502;113.63636363636364;0;0
4.649;502;78.125;0;0
4.654;502;59.523809523809526;0;0
4.659;502;48.07692307692308;0;0
4.664;509;51.02040816326531;0;0
4.669;509;250.0;0;0
4.674;509;125.0;0;0
4.679;509;83.33333333333333;0;0
4.684;509;62.5;0;0
4.689;509;50.0;0;0
4.694;509;41.666666666666664;0;0
4.699;509;35.714285714285715;0;0
4.704;515;500.0;0;0
4.709;515;166.66666666666666;0;0
4.714;515;100.0;0;0
4.719;515;71.42857142857143;0;0
4.724;515;55.55555555555556;0;0
4.729;515;45.45454545454545;0;0
4.734;515;38.46153846153846;0;0
4.739;515;33.333333333333336;0;0
4.744;515;29.41176470588235;0;0
4.749;515;26.31578947368421;0;0
4.754;515;23.80952380952381;0;0
4.759;515;21.73913043478261;0;0
4.764;515;20.0;0;0
4.769;515;18.51851851851852;0;0
4.774;515;17.24137931034483;0;0
4.779;515;16.129032258064516;0;0
4.784;515;15.151515151515152;0;0
4.789;515;14.285714285714286;0;0
4.794;515;13.513513513513514;0;0
4.799;515;12.820512820512821;0;0
4.804;515;12.195121951219512;0;0
4.809;515;11.627906976744185;0;0
4.814;515;11.11111111111111;0;0
4.819;515;10.638297872340425;0;0
4.824;515;10.204081632653061;0;0
4.829;515;9.803921568627452;0;0
4.834;515;9.433962264150944;0;0
4.839;515;9.090909090909092;0;0
4.844;515;8.771929824561404;0;0
4.849;515;8.474576271186441;0;0
4.854;515;8.19672131147541;0;0
4.859;515;7.936507936507937;0;0
4.864;515;7.6923076923076925;0;0
4.869;515;7.462686567164179;0;0
4.874;515;7.246376811594203;0;0
4.879;515;7.042253521126761;0;0
4.884;515;6.8493150684931505;0;0
4.889;515;6.666666666666667;0;0
4.894;515;6.4935064935064934;0;0
4.899;515;6.329113924050633;0;0
4.904;522;1250.0;0;0
4.909;522;208.33333333333334;0;0
4.914;522;113.63636363636364;0;0
4.919;522;78.125;0;0
4.924;529;2500.0;0;0
4.929;529;227.27272727272728;0;0
4.934;529;119.04761904761905;0;0
4.939;529;80.64516129032258;0;0
4.944;529;60.97560975609756;0;0
4.949;529;49.01960784313726;0;0
4.954;529;40.98360655737705;0;0
4.959;529;35.2112676056338;0;0
4.964;529;30.864197530864196;0;0
4.969;529;27.47252747252747;0;0
4.974;529;24.752475247524753;0;0
4.979;529;22.52252252252252;0;0
4.984;529;20.66115702479339;0;0
4.989;535;21.1864406779661;0;0
4.994;535;250.0;0;0
4.999;535;125.0;0;0
5.004;535;83.33333333333333;0;0
5.009;535;62.5;0;0
5.014;535;50.0;0;0
5.019;542;833.3333333333334;0;0
5.024;542;192.30769230769232;0;0
5.029;542;108.69565217391305;0;0
5.034;542;75.75757575757575;0;0
5.039;542;58.13953488372093;0;0
5.044;542;47.16981132075472;0;0
5.049;542;39.682539682539684;0;0
5.054;542;34.24657534246575;0;0
5.059;542;30.120481927710845;0;0
5.064;542;26.881720430107528;0;0
5.069;542;24.271844660194176;0;0
5.074;542;22.123893805309734;0;0
5.079;549;625.0;0;0
5.084;549;178.57142857142858;0;0
5.089;549;104.16666666666667;0;0
5.094;549;73.52941176470588;0;0
5.099;549;56.81818181818182;0;0
5.104;555;500.0;0;0
5.109;555;166.66666666666666;0;0
5.114;555;100.0;0;0
5.119;555;71.42857142857143;0;0
5.124;555;55.55555555555556;0;0
5.129;555;45.45454545454545;0;0
5.134;555;38.46153846153846;0;0
5.139;555;33.333333333333336;0;0
5.144;555;29.41176470588235;0;0
5.149;562;833.3333333333334;0;0
5.154;562;192.30769230769232;0;0
5.159;562;108.69565217391305;0;0
5.164;562;75.75757575757575;0;0
5.169;562;58.13953488372093;0;0
5.174;562;47.16981132075472;0;0
5.179;562;39.682539682539684;0;0
5.184;568;1250.0;0;0
5.189;568;208.33333333333334;0;0
5.194;568;113.63636363636364;0;0
5.199;568;78.125;0;0
5.204;568;59.523809523809526;0;0
5.209;568;48.07692307692308;0;0
5.214;568;40.32258064516129;0;0
5.219;568;34.72222222222222;0;0
5.224;568;30.48780487804878;0;0
5.229;568;27.17391304347826;0;0
5.234;568;24.50980392156863;0;0
5.239;575;416.6666666666667;0;0
5.244;575;156.25;0;0
5.249;575;96.15384615384616;0;0
5.254;575;69.44444444444444;0;0
5.259;581;416.6666666666667;0;0
5.264;581;156.25;0;0
5.269;581;96.15384615384616;0;0
5.274;581;69.44444444444444;0;0
5.279;581;54.34782608695652;0;0
5.284;587;416.6666666666667;0;0
5.289;587;156.25;0;0
5.294;587;96.15384615384616;0;0
5.299;587;69.44444444444444;0;0
5.304;587;54.34782608695652;0;0
5.309;594;58.13953488372093;0;0
5.314;594;250.0;0;0
5.319;594;125.0;0;0
5.324;594;83.33333333333333;0;0
5.329;594;62.5;0;0
5.334;594;50.0;0;0
5.339;594;41.666666666666664;0;0
5.344;594;35.714285714285715;0;0
5.349;594;31.25;0;0
5.354;594;27.77777777777778;0;0
5.359;594;25.0;0;0
5.364;594;22.727272727272727;0;0
5.369;594;20.833333333333332;0;0
5.374;594;19.23076923076923;0;0
5.379;594;17.857142857142858;0;0
5.384;600;416.6666666666667;0;0
5.389;600;156.25;0;0
5.394;600;96.15384615384616;0;0
5.399;600;69.44444444444444;0;0
5.404;600;54.34782608695652;0;0
5.409;600;44.642857142857146;0;0
5.414;600;37.878787878787875;0;0
5.419;600;32.89473684210526;0;0
5.424;600;29.069767441860463;0;0
5.429;606;625.0;0;0
5.434;606;178.57142857142858;0;0
5.439;606;104.16666666666667;0;0
5.444;606;73.52941176470588;0;0
5.449;606;56.81818181818182;0;0
5.454;606;46.2962962962963;0;0
5.459;606;39.0625;0;0
5.464;606;33.78378378378378;0;0
5.469;606;29.761904761904763;0;0
5.474;606;26.595744680851062;0;0
5.479;606;24.03846153846154;0;0
5.484;606;21.92982456140351;0;0
5.489;606;20.161290322580644;0;0
5.494;612;833.3333333333334;0;0
5.499;612;192.30769230769232;0;0
5.504;612;108.69565217391305;0;0
5.509;612;75.75757575757575;0;0
5.514;612;58.13953488372093;0;0
5.519;619;500.0;0;0
5.524;619;166.66666666666666;0;0
5.529;619;100.0;0;0
5.534;619;71.42857142857143;0;0
5.539;619;55.55555555555556;0;0
5.544;619;45.45454545454545;0;0
5.549;619;38.46153846153846;0;0
5.554;619;33.333333333333336;0;0
5.559;619;29.41176470588235;0;0
5.564;619;26.31578947368421;0;0
5.569;625;2500.0;0;0
5.574;625;227.27272727272728;0;0
5.579;625;119.04761904761905;0;0
5.584;625;80.64516129032258;0;0
5.589;625;60.97560975609756;0;0
5.594;625;49.01960784313726;0;0
5.599;625;40.98360655737705;0;0
5.604;625;35.2112676056338;0;0
5.609;625;30.864197530864196;0;0
5.614;625;27.47252747252747;0;0
5.619;625;24.752475247524753;0;0
5.624;631;416.6666666666667;0;0
5.629;631;156.25;0;0
5.634;631;96.15384615384616;0;0
5.639;631;69.44444444444444;0;0
5.644;637;416.6666666666667;0;0
5.649;637;156.25;0;0
5.654;637;96.15384615384616;0;0
5.659;637;69.44444444444444;0;0
5.664;643;500.0;0;0
5.669;643;166.66666666666666;0;0
5.674;643;100.0;0;0
5.679;643;71.42857142857143;0;0
5.684;643;55.55555555555556;0;0
5.689;643;45.45454545454545;0;0
5.694;643;38.46153846153846;0;0
5.699;643;33.333333333333336;0;0
5.704;643;29.41176470588235;0;0
5.709;643;26.31578947368421;0;0
5.714;643;23.80952380952381;0;0
5.719;643;21.73913043478261;0;0
5.724;643;20.0;0;0
5.729;643;18.51851851851852;0;0
5.734;643;17.24137931034483;0;0
5.739;643;16.129032258064516;0;0
5.744;643;15.151515151515152;0;0
5.749;643;14.285714285714286;0;0
5.754;643;13.513513513513514;0;0
5.759;643;12.820512820512821;0;0
5.764;643;12.195121951219512;0;0
5.769;643;11.627906976744185;0;0
5.774;643;11.11111111111111;0;0
5.779;643;10.638297872340425;0;0
5.784;643;10.204081632653061;0;0
5.789;643;9.803921568627452;0;0
5.794;643;9.433962264150944;0;0
5.799;643;9.090909090909092;0;0
5.804;643;8.771929824561404;0;0
5.809;649;416.6666666666667;0;0
5.814;649;156.25;0;0
5.819;649;96.15384615384616;0;0
5.824;649;69.44444444444444;0;0
5.829;655;833.3333333333334;0;0
5.834;655;192.30769230769232;0;0
5.839;655;108.69565217391305;0;0
5.844;655;75.75757575757575;0;0
5.849;655;58.13953488372093;0;0
5.854;655;47.16981132075472;0;0
5.859;655;39.682539682539684;0;0
5.864;655;34.24657534246575;0;0
5.869;655;30.120481927710845;0;0
5.874;655;26.881720430107528;0;0
5.879;655;24.271844660194176;0;0
5.884;655;22.123893805309734;0;0
5.889;655;20.32520325203252;0;0
5.894;655;18.796992481203006;0;0
5.899;655;17.482517482517483;0;0
5.904;655;16.33986928104575;0;0
5.909;655;15.337423312883436;0;0
5.914;655;14.45086705202312;0;0
5.919;655;13.66120218579235;0;0
5.924;655;12.953367875647668;0;0
5.929;655;12.31527093596059;0;0
5.934;655;11.737089201877934;0;0
5.939;655;11.210762331838565;0;0
5.944;655;10.729613733905579;0;0
5.949;655;10.2880658436214;0;0
5.954;655;9.881422924901186;0;0
5.959;655;9.505703422053232;0;0
5.964;655;9.157509157509157;0;0
5.969;655;8.8339222614841;0;0
5.974;655;8.532423208191126;0;0
5.979;655;8.250825082508252;0;0
5.984;655;7.987220447284345;0;0
5.989;655;7.739938080495356;0;0
5.994;655;7.5075075075075075;0;0
5.999;655;7.288629737609329;0;0
6.004;655;7.0821529745042495;0;0
6.009;655;6.887052341597796;0;0
6.014;655;6.702412868632708;0;0
6.019;655;6.527415143603133;0;0
6.024;655;6.361323155216285;0;0
6.029;655;6.20347394540943;0;0
6.034;655;6.053268765133172;0;0
6.039;655;5.91016548463357;0;0
6.044;655;5.773672055427252;0;0
6.049;655;5.643340857787811;0;0
6.054;655;5.518763796909492;0;0
6.059;655;5.399568034557236;0;0
6.064;655;5.2854122621564485;0;0
6.069;655;5.175983436853002;0;0
6.074;655;5.070993914807302;0;0
6.079;655;4.970178926441352;0;0
6.084;655;4.8732943469785575;0;0
6.089;655;4.780114722753346;0;0
6.094;655;4.690431519699812;0;0
6.099;655;4.6040515653775325;0;0
6.104;655;4.520795660036167;0;0
6.109;655;4.440497335701599;0;0
6.114;655;4.363001745200698;0;0
6.119;655;4.288164665523156;0;0
6.124;655;4.2158516020236085;0;0
6.129;655;4.1459369817578775;0;0
6.134;655;4.078303425774878;0;0
6.139;655;4.012841091492777;0;0
6.144;655;3.949447077409163;0;0
6.149;655;3.8880248833592534;0;0
6.154;655;3.8284839203675345;0;0
6.159;655;3.770739064856712;0;0
6.164;655;3.7147102526002973;0;0
6.169;655;3.6603221083455346;0;0
6.174;655;3.6075036075036073;0;0
6.179;655;3.5561877667140824;0;0
6.184;655;3.506311360448808;0;0
6.189;655;3.4578146611341634;0;0
6.194;655;3.4106412005457027;0;0
6.199;655;3.3647375504710633;0;0
6.204;655;3.3200531208499338;0;0
6.209;655;3.2765399737876804;0;0
6.214;655;3.2341526520051747;0;0
6.219;655;3.1928480204342273;0;0
6.224;655;3.1525851197982346;0;0
6.229;655;3.1133250311332503;0;0
6.234;655;3.075030750307503;0;0
6.239;655;3.0376670716889427;0;0
6.244;655;3.0012004801920766;0;0
6.249;655;2.965599051008304;0;0
6.254;655;2.9308323563892147;0;0
6.259;655;2.8968713789107765;0;0
6.264;655;2.86368843069874;0;0
6.269;655;2.8312570781426953;0;0
6.274;655;2.799552071668533;0;0
6.279;655;2.768549280177187;0;0
6.284;655;2.738225629791895;0;0
6.289;661;500.0;0;0
6.294;661;166.66666666666666;0;0
6.299;661;100.0;0;0
6.304;661;71.42857142857143;0;0
6.309;661;55.55555555555556;0;0
6.314;661;45.45454545454545;0;0
6.319;661;38.46153846153846;0;0
6.324;667;625.0;0;0
6.329;667;178.57142857142858;0;0
6.334;667;104.16666666666667;0;0
6.339;667;73.52941176470588;0;0
6.344;667;56.81818181818182;0;0
6.349;667;46.2962962962963;0;0
6.354;667;39.0625;0;0
6.359;667;33.78378378378378;0;0
6.364;667;29.761904761904763;0;0
6.369;667;26.595744680851062;0;0
6.374;667;24.03846153846154;0;0
6.379;667;21.92982456140351;0;0
6.384;667;20.161290322580644;0;0
6.389;667;18.65671641791045;0;0
6.394;667;17.36111111111111;0;0
6.399;667;16.233766233766232;0;0
6.404;667;15.24390243902439;0;0
6.409;667;14.367816091954023;0;0
6.414;667;13.58695652173913;0;0
6.419;667;12.88659793814433;0;0
6.424;667;12.254901960784315;0;0
6.429;667;11.682242990654206;0;0
6.434;667;11.160714285714286;0;0
6.439;667;10.683760683760683;0;0
6.444;667;10.245901639344263;0;0
6.449;667;9.84251968503937;0;0
6.454;667;9.469696969696969;0;0
6.459;667;9.124087591240876;0;0
6.464;667;8.80281690140845;0;0
6.469;667;8.503401360544217;0;0
6.474;667;8.223684210526315;0;0
6.479;667;7.961783439490445;0;0
6.484;667;7.716049382716049;0;0
6.489;667;7.485029940119761;0;0
6.494;667;7.267441860465116;0;0
6.499;667;7.062146892655368;0;0
6.504;667;6.868131868131868;0;0
6.509;667;6.684491978609626;0;0
6.514;667;6.510416666666667;0;0
6.519;667;6.345177664974619;0;0
6.524;667;6.188118811881188;0;0
6.529;667;6.038647342995169;0;0
6.534;667;5.89622641509434;0;0
6.539;667;5.76036866359447;0;0
6.544;667;5.63063063063063;0;0
6.549;667;5.506607929515418;0;0
6.554;667;5.387931034482759;0;0
6.559;667;5.274261603375527;0;0
6.564;667;5.1652892561983474;0;0
6.569;667;5.060728744939271;0;0
6.574;667;4.9603174603174605;0;0
6.579;667;4.863813229571984;0;0
6.584;667;4.770992366412214;0;0
6.589;667;4.681647940074907;0;0
6.594;667;4.595588235294118;0;0
6.599;667;4.512635379061372;0;0
6.604;667;4.432624113475177;0;0
6.609;667;4.355400696864112;0;0
6.614;667;4.280821917808219;0;0
6.619;667;4.2087542087542085;0;0
6.624;667;4.139072847682119;0;0
6.629;667;4.071661237785016;0;0
6.634;667;4.006410256410256;0;0
6.639;667;3.943217665615142;0;0
6.644;667;3.8819875776397517;0;0
6.649;667;3.8226299694189603;0;0
6.654;667;3.7650602409638556;0;0
6.659;667;3.7091988130563798;0;0
6.664;667;3.654970760233918;0;0
6.669;667;3.602305475504323;0;0
6.674;667;3.5511363636363638;0;0
6.679;667;3.5014005602240896;0;0
6.684;667;3.453038674033149;0;0
6.689;667;3.4059945504087192;0;0
6.694;667;3.360215053763441;0;0
6.699;667;3.315649867374005;0;0
6.704;667;3.2722513089005236;0;0
6.709;667;3.2299741602067185;0;0
6.714;667;3.188775510204082;0;0
6.719;667;3.1486146095717884;0;0
6.724;667;3.109452736318408;0;0
6.729;667;3.0712530712530715;0;0
6.734;667;3.033980582524272;0;0
6.739;667;2.997601918465228;0;0
6.744;673;2.965599051008304;0;0
6.749;673;384.61538461538464;0;0
6.754;673;151.5151515151515;0;0
6.759;673;94.33962264150944;0;0
6.764;673;68.4931506849315;0;0
6.769;673;53.763440860215056;0;0
6.774;673;44.24778761061947;0;0
6.779;673;37.59398496240601;0;0
6.784;673;32.6797385620915;0;0
6.789;673;28.90173410404624;0;0
6.794;673;25.906735751295336;0;0
6.799;673;23.474178403755868;0;0
6.804;673;21.459227467811157;0;0
6.809;673;19.76284584980237;0;0
6.814;673;18.315018315018314;0;0
6.819;673;17.064846416382252;0;0
6.824;673;15.97444089456869;0;0
6.829;673;15.015015015015015;0;0
6.834;673;14.164305949008499;0;0
6.839;673;13.404825737265416;0;0
6.844;673;12.72264631043257;0;0
6.849;673;12.106537530266344;0;0
6.854;678;500.0;0;0
6.859;678;166.66666666666666;0;0
6.864;684;416.6666666666667;0;0
6.869;684;156.25;0;0
6.874;684;96.15384615384616;0;0
6.879;684;69.44444444444444;0;0
6.884;684;54.34782608695652;0;0
6.889;684;44.642857142857146;0;0
6.894;684;37.878787878787875;0;0
6.899;684;32.89473684210526;0;0
6.904;684;29.069767441860463;0;0
6.909;684;26.041666666666668;0;0
6.914;684;23.58490566037736;0;0
6.919;684;21.551724137931036;0;0
6.924;684;19.841269841269842;0;0
6.929;684;18.38235294117647;0;0
6.934;684;17.123287671232877;0;0
6.939;678;16.129032258064516;0;0
6.944;678;384.61538461538464;0;0
6.949;678;151.5151515151515;0;0
6.954;678;94.33962264150944;0;0
6.959;678;68.4931506849315;0;0
6.964;678;53.763440860215056;0;0
6.969;678;44.24778761061947;0;0
6.974;678;37.59398496240601;0;0
6.979;678;32.6797385620915;0;0
6.984;678;28.90173410404624;0;0
6.989;678;25.906735751295336;0;0
6.994;678;23.474178403755868;0;0
6.999;678;21.459227467811157;0;0
7.004;678;19.76284584980237;0;0
7.009;678;18.315018315018314;0;0
7.014;678;17.064846416382252;0;0
7.019;678;15.97444089456869;0;0
7.024;678;15.015015015015015;0;0
7.029;678;14.164305949008499;0;0
7.034;678;13.404825737265416;0;0
7.039;678;12.72264631043257;0;0
7.044;678;12.106537530266344;0;0
7.049;678;11.547344110854503;0;0
7.054;678;11.037527593818984;0;0
7.059;678;10.570824524312897;0;0
7.064;678;10.141987829614605;0;0
7.069;678;9.746588693957115;0;0
7.074;678;9.380863039399625;0;0
7.079;678;9.041591320072333;0;0
7.084;678;8.726003490401396;0;0
7.089;678;8.431703204047217;0;0
7.094;678;8.156606851549755;0;0
7.099;678;7.898894154818326;0;0
7.104;678;7.656967840735069;0;0
7.109;678;7.429420505200595;0;0
7.114;678;7.215007215007215;0;0
7.119;678;7.012622720897616;0;0
7.124;678;6.8212824010914055;0;0
7.129;678;6.6401062416998675;0;0
7.134;678;6.468305304010349;0;0
7.139;678;6.305170239596469;0;0
7.144;678;6.150061500615006;0;0
7.149;678;6.002400960384153;0;0
7.154;678;5.861664712778429;0;0
7.159;678;5.72737686139748;0;0
7.164;678;5.599104143337066;0;0
7.169;678;5.47645125958379;0;0
7.174;678;5.359056806002144;0;0
7.179;678;5.246589716684155;0;0
7.184;678;5.138746145940391;0;0
7.189;678;5.0352467270896275;0;0
7.194;678;4.935834155972359;0;0
7.199;678;4.84027105517909;0;0
7.204;678;4.748338081671415;0;0
7.209;678;4.659832246039143;0;0
7.214;678;4.574565416285453;0;0
7.219;678;4.492362982929021;0;0
7.224;678;4.41306266548985;0;0
7.229;678;4.336513443191674;0;0
7.234;673;833.3333333333334;0;0