t;e;d;i;set

68.719;3458;-1;0;3418
68.724;3458;-1;0;3431
68.729;3458;-1;0;3431
68.734;3458;-1;0;3431
68.739;3458;-1;0;3431
68.744;3458;-1;0;3431
68.749;3458;-1;0;3418
68.754;3458;-1;0;3418
68.759;3457;-1;0;3418
68.764;3457;-1;0;3431
68.769;3457;-1;0;3431
68.774;3457;-1;0;3431
68.779;3457;-1;0;3431
68.784;3457;-1;0;3431
68.789;3458;-1;0;3431
68.794;3458;-1;0;3431
68.799;3458;-1;0;3431
68.804;3458;-1;0;3431
68.809;3458;-1;0;3431
68.814;3458;-1;0;3431
68.819;3458;-1;0;3431
68.824;3458;-1;0;3431
68.829;3458;-1;0;3431
68.834;3458;-1;0;3418
68.839;3458;-1;0;3431
68.844;3458;-1;0;3431
68.849;3459;-1;0;3431
68.854;3459;-1;0;3431
68.859;3459;-1;0;3418
68.864;3459;-1;0;3418
68.869;3459;-1;0;3418
68.874;3459;-1;0;3431
68.879;3459;-1;0;3418
68.884;3458;-1;0;3431
68.889;3458;-1;0;3431
68.894;3458;-1;0;3431
68.899;3458;-1;0;3431
68.904;3458;-1;0;3431
68.909;3458;-1;0;3418
68.914;3458;-1;0;3418
68.919;3458;-1;0;3431
68.924;3458;-1;0;3431
68.929;3458;-1;0;3418
68.934;3458;-1;0;3431
68.939;3458;-1;0;3431
68.944;3459;-1;0;3418
68.949;3459;-1;0;3418
68.954;3459;-1;0;3418
68.959;3459;-1;0;3418
68.964;3459;-1;0;3418
68.969;3459;-1;0;3431
68.974;3459;-1;0;3431
68.979;3458;-1;0;3418
68.984;3458;-1;0;3431
68.989;3458;-1;0;3431
68.994;3458;-1;0;3431
68.999;3458;-1;0;3418
69.004;3458;-1;0;3431
69.009;3458;-1;0;3431
69.014;3458;-1;0;3418
69.019;3458;-1;0;3431
69.024;3458;-1;0;3431
69.029;3458;-1;0;3418
69.034;3458;-1;0;3431
69.039;3459;-1;0;3431
69.044;3459;-1;0;3444
69.049;3460;-1;0;3431
69.054;3460;-1;0;3431
69.059;3460;-1;0;3418
69.064;3460;-1;0;3431
69.069;3460;-1;0;3431
69.074;3460;-1;0;3431
69.079;3459;-1;0;3431
69.084;3459;-1;0;3418
69.089;3459;-1;0;3418
69.094;3459;-1;0;3431
69.099;3460;-1;0;3418
69.104;3460;-1;0;3418
69.109;3459;-1;0;3391
69.114;3459;-1;0;3418
69.119;3459;-1;0;3444
69.124;3460;-1;0;3431
69.129;3460;-1;0;3431
69.134;3461;-1;0;3431
69.139;3461;-1;0;3431
69.144;3461;-1;0;3418
69.149;3461;-1;0;3431
69.154;3462;-1;0;3431
69.159;3462;-1;0;3418
69.164;3462;-1;0;3431
69.169;3463;-1;0;3431
69.174;3463;-1;0;3431
69.179;3463;-1;0;3431
69.184;3464;-1;0;3431
69.189;3464;-1;0;3418
69.194;3464;-1;0;3418
69.199;3464;-1;0;3431
69.204;3465;-1;0;3418
69.209;3465;-1;0;3418
69.214;3465;-1;0;3431
69.219;3464;-1;0;3404
69.224;3464;-1;0;3444
69.229;3464;-1;0;3418
69.234;3463;-1;0;3404
69.239;3462;-1;0;3391
69.244;3462;-1;0;3431
69.249;3462;-1;0;3418
69.254;3462;-1;0;3431
69.259;3463;-1;0;3431
69.264;3463;-1;0;3418
69.269;3462;-1;0;3418
69.274;3462;-1;0;3431
69.279;3462;-1;0;3471
69.284;3465;-1;0;3657
69.289;3474;-1;0;4162
69.294;3498;-1;0;5200
69.299;3509;-1;0;6570
69.304;3521;0;0;7900
69.309;3529;1;0;9150
69.314;3553;-2;0;10041
69.319;3635;-7;0;10653
69.324;3607;-12;0;11225
69.329;3683;-17;0;11770
69.334;3714;-19;0;12196
69.339;3754;-21;0;12488
69.344;3778;-23;0;12714
69.349;3860;-26;0;12834
69.354;3884;-26;0;12874
69.359;3931;-28;0;12861
69.364;4007;-28;0;12861
69.369;4083;-28;0;12861
69.374;4159;-27;0;12861
69.379;4241;-26;0;12861
69.384;4385;-26;0;12861
69.389;4461;-25;0;12861
69.394;4537;-23;0;12861
69.399;4665;-22;0;12861
69.404;4793;-21;0;12861
69.409;4876;-19;0;12861
69.414;5004;-18;0;12861
69.419;5177;-16;0;12861
69.424;5305;-12;0;12861
69.429;5417;-9;0;12847
69.434;5633;-6;0;12861
69.439;5745;-5;0;12861
69.444;5887;-2;0;12861
69.449;6103;0;0;12861
69.454;6251;2;0;12861
69.459;6460;5;0;12861
69.464;6608;8;0;12861
69.469;6756;15;0;12861
69.474;6950;17;0;12861
69.479;7202;21;0;12847
69.484;7379;24;0;12861
69.489;7527;32;0;12861
69.494;7711;32;0;12861
69.499;7957;33;0;12847
69.504;8157;34;0;12861
69.509;8341;35;0;12861
69.514;8482;35;0;12861
69.519;8659;35;0;12861
69.524;8963;37;0;12861
69.529;9089;38;0;12861
69.534;9273;41;0;12861
69.539;9421;41;0;12861
69.544;9605;39;0;12861
69.549;9798;39;0;12861
69.554;9982;38;0;12847
69.559;10176;38;0;12861
69.564;10308;37;0;12861
69.569;10456;35;0;12861
69.574;10633;34;0;12861
69.579;10729;33;0;12861
69.584;10861;31;0;12861
69.589;11009;30;0;12861
69.594;11187;28;0;12861
69.599;11283;26;0;12861
69.604;11363;25;0;12861
69.609;11459;24;0;12861
69.614;11591;22;0;12861
69.619;11723;20;0;12861
69.624;11803;19;0;12861
69.629;11883;17;0;12861
69.634;11927;14;0;12847
69.639;12007;10;0;12861
69.644;12087;7;0;12861
69.649;12115;4;0;12861
69.654;12179;3;0;12861
69.659;12213;1;0;12861
69.664;12241;0;0;12861
69.669;12305;0;0;12861
69.674;12333;-2;0;12861
69.679;12345;-4;0;12861
69.684;12364;-5;0;12861
69.689;12376;-7;0;12861
69.694;12336;-11;0;12861
69.699;12400;-17;0;12861
69.704;12366;-17;0;12861
69.709;12362;-18;0;12861
69.714;12374;-19;0;12861
69.719;12370;-20;0;12861
69.724;12321;-20;0;12861
69.729;12317;-22;0;12861
69.734;12313;-23;0;12861
69.739;12257;-23;0;12861
69.744;12259;-24;0;12861
69.749;12239;-25;0;12861
69.754;12175;-25;0;12861
69.759;12163;-26;0;12861
69.764;12098;-26;0;12861
69.769;12085;-26;0;12861
69.774;12057;-26;0;12861
69.779;12089;-27;0;12861
69.784;12061;-26;0;12861
69.789;12033;-24;0;12861
69.794;11953;-26;0;12861
69.799;11969;-28;0;12861
69.804;11943;-27;0;12861
69.809;11911;-25;0;12861
69.814;11875;-24;0;12861
69.819;11835;-23;0;12861
69.824;11847;-22;0;12861
69.829;11859;-21;0;12861
69.834;11869;-21;0;12861
69.839;11877;-20;0;12861
69.844;11833;-19;0;12861
69.849;11841;-17;0;12861
69.854;11847;-16;0;12861
69.859;11853;-16;0;12861
69.864;11858;-15;0;12861
69.869;11862;-14;0;12861
69.874;11918;-13;0;12861
69.879;11871;-15;0;12861
69.884;11927;-11;0;12861
69.889;11930;-6;0;12861
69.894;11930;-3;0;12861
69.899;11929;0;0;12861
69.904;11980;0;0;12861
69.909;12031;0;0;12861
69.914;12031;0;0;12861
69.919;12084;1;0;12861
69.924;12084;2;0;12861
69.929;12131;3;0;12861
69.934;12132;4;0;12861
69.939;12185;5;0;12861
69.944;12239;5;0;12861
69.949;12241;6;0;12861
69.954;12296;7;0;12861
69.959;12352;7;0;12861
69.964;12355;8;0;12861
69.969;12359;8;0;12861
69.974;12414;9;0;12861
69.979;12464;9;0;12861
69.984;12469;9;0;12861
69.989;12520;9;0;12861
69.994;12578;11;0;12861
69.999;12584;13;0;12861
70.004;12589;14;0;12861
70.009;12646;14;0;12861
70.014;12704;14;0;12861
70.019;12710;13;0;12861
70.024;12718;12;0;12861
70.029;12776;12;0;12861
70.034;12838;11;0;12861
70.039;12848;11;0;12861
70.044;12856;11;0;12861
70.049;12866;10;0;12861
70.054;12876;10;0;12861
70.059;12886;10;0;12861
70.064;12894;9;0;12861
70.069;12904;9;0;12861
70.074;12914;9;0;12861
70.079;12922;8;0;12861
70.084;12932;8;0;12861
70.089;12940;8;0;12861
70.094;12950;7;0;12861
70.099;12958;7;0;12861
70.104;12966;7;0;12861
70.109;12976;7;0;12861
70.114;12984;7;0;12861
70.119;12992;6;0;12861
70.124;13000;6;0;12861
70.129;12956;5;0;12861
70.134;12964;4;0;12861
70.139;12972;3;0;12861
70.144;12928;2;0;12861
70.149;12934;1;0;12861
70.154;12942;1;0;12861
70.159;12896;0;0;12861
70.164;12902;0;0;12861
70.169;12908;0;0;12861
70.174;12862;0;0;12861
70.179;12867;-1;0;12861
70.184;12871;-2;0;12861
70.189;12877;-2;0;12861
70.194;12883;-3;0;12861
70.199;12889;-3;0;12861
70.204;12843;-3;0;12861
70.209;12847;-4;0;12861
70.214;12806;-4;0;12861
70.219;12809;-4;0;12861
70.224;12813;-4;0;12861
70.229;12816;-4;0;12861
70.234;12774;-4;0;12861
70.239;12776;-4;0;12861
70.244;12778;-4;0;12861
70.249;12780;-5;0;12861
70.254;12730;-5;0;12861
70.259;12731;-5;0;12861
70.264;12732;-5;0;12861
70.269;12733;-5;0;12861
70.274;12734;-5;0;12861
70.279;12735;-5;0;12861
70.284;12736;-5;0;12861
70.289;12737;-5;0;12861
70.294;12737;-5;0;12861
70.299;12738;-5;0;12861
70.304;12739;-5;0;12861
70.309;12740;-5;0;12861
70.314;12741;-5;0;12861
70.319;12742;-5;0;12861
70.324;12743;-5;0;12861
70.329;12743;-5;0;12861
70.334;12744;-5;0;12861
70.339;12745;-5;0;12861
70.344;12746;-5;0;12861
70.349;12746;-5;0;12861
70.354;12747;-5;0;12861
70.359;12748;-5;0;12861
70.364;12748;-5;0;12861
70.369;12749;-5;0;12861
70.374;12750;-5;0;12861
70.379;12750;-5;0;12861
70.384;12751;-5;0;12861
70.389;12751;-5;0;12861
70.394;12752;-5;0;12861
70.399;12753;-5;0;12861
70.404;12753;-5;0;12861
70.409;12754;-5;0;12861
70.414;12807;-4;0;12861
70.419;12808;-3;0;12861
70.424;12809;-3;0;12861
70.429;12809;-2;0;12861
70.434;12809;-1;0;12861
70.439;12809;-1;0;12861
70.444;12808;-1;0;12861
70.449;12808;0;0;12861
70.454;12807;0;0;12861
70.459;12806;0;0;12861
70.464;12806;0;0;12861
70.469;12805;0;0;12861
70.474;12804;0;0;12861
70.479;12803;0;0;12861
70.484;12802;0;0;12861
70.489;12801;0;0;12861
70.494;12845;0;0;12861
70.499;12845;1;0;12861
70.504;12845;1;0;12861
70.509;12845;1;0;12861
70.514;12844;1;0;12861
70.519;12844;1;0;12861
70.524;12843;1;0;12861
70.529;12843;1;0;12861
70.534;12843;1;0;12861
70.539;12842;1;0;12861
70.544;12842;1;0;12861
70.549;12841;2;0;12861
70.554;12841;2;0;12861
70.559;12840;2;0;12861
70.564;12840;2;0;12861
70.569;12839;2;0;12861
70.574;12839;2;0;12861
70.579;12838;2;0;12861
70.584;12838;2;0;12861
70.589;12837;2;0;12861
70.594;12837;2;0;12861
70.599;12837;2;0;12861
70.604;12836;2;0;12861
70.609;12836;2;0;12861
70.614;12836;2;0;12861
70.619;12835;2;0;12861
70.624;12835;1;0;12861
70.629;12835;1;0;12861
70.634;12834;1;0;12861
70.639;12834;1;0;12861
70.644;12834;1;0;12861
70.649;12834;1;0;12861
70.654;12833;1;0;12861
70.659;12833;1;0;12861
70.664;12833;1;0;12861
70.669;12833;1;0;12861
70.674;12833;1;0;12861
70.679;12833;1;0;12861
70.684;12832;1;0;12861
70.689;12832;1;0;12861
70.694;12832;1;0;12861
70.699;12832;1;0;12861
70.704;12832;1;0;12861
70.709;12832;1;0;12861
70.714;12832;1;0;12861
70.719;12832;1;0;12861
70.724;12832;1;0;12861
70.729;12832;1;0;12861
70.734;12832;1;0;12861
70.739;12832;1;0;12861
70.744;12831;1;0;12861
70.749;12831;1;0;12861
70.754;12831;1;0;12861
70.759;12831;1;0;12861
70.764;12831;1;0;12861
70.769;12831;1;0;12861
70.774;12831;1;0;12861
70.779;12831;1;0;12861
70.784;12831;1;0;12861
70.789;12831;1;0;12861
70.794;12831;1;0;12861
70.799;12831;1;0;12861
70.804;12831;1;0;12861
70.809;12831;1;0;12861
70.814;12831;1;0;12861
70.819;12831;1;0;12861
70.824;12831;1;0;12861
70.829;12831;1;0;12861
70.834;12831;1;0;12861
70.839;12831;1;0;12861
70.844;12831;1;0;12861
70.849;12831;1;0;12861
70.854;12831;1;0;12861
70.859;12831;1;0;12861
70.864;12831;1;0;12861
70.869;12831;1;0;12861
70.874;12831;1;0;12861
70.879;12831;1;0;12861
70.884;12831;1;0;12861
70.889;12831;1;0;12861
70.894;12831;1;0;12861
70.899;12831;1;0;12861
70.904;12831;1;0;12861
70.909;12831;1;0;12861
70.914;12831;1;0;12861
70.919;12831;1;0;12861
70.924;12831;1;0;12861
70.929;12831;1;0;12861
70.934;12831;1;0;12861
70.939;12831;1;0;12861
70.944;12831;1;0;12861
70.949;12831;1;0;12861
70.954;12831;1;0;12861
70.959;12831;1;0;12861
70.964;12831;1;0;12861
70.969;12831;1;0;12861
70.974;12831;1;0;12861
70.979;12831;1;0;12861
70.984;12831;1;0;12861
70.989;12831;1;0;12861
70.994;12831;1;0;12861
70.999;12831;1;0;12861
71.004;12831;1;0;12861
71.009;12831;1;0;12861
71.014;12831;1;0;12861
71.019;12831;1;0;12861
71.024;12831;1;0;12861
71.029;12831;1;0;12861
71.034;12831;1;0;12861
71.039;12831;1;0;12861
71.044;12831;1;0;12861
71.049;12831;1;0;12861
71.054;12831;1;0;12861
71.059;12831;1;0;12861
71.064;12831;1;0;12861
71.069;12831;1;0;12861
71.074;12831;1;0;12861
71.079;12831;1;0;12861
71.084;12831;1;0;12861
71.089;12831;1;0;12861
71.094;12831;1;0;12861
71.099;12831;1;0;12861
71.104;12831;1;0;12861
71.109;12830;1;0;12861
71.114;12830;1;0;12847
71.119;12830;1;0;12861
71.124;12830;1;0;12861
71.129;12830;1;0;12861
71.134;12830;1;0;12861
71.139;12830;1;0;12861
71.144;12830;1;0;12861
71.149;12830;1;0;12861
71.154;12830;1;0;12861
71.159;12830;1;0;12861
71.164;12830;1;0;12861
71.169;12830;1;0;12861
71.174;12830;1;0;12861
71.179;12830;1;0;12861
71.184;12830;1;0;12861
71.189;12830;1;0;12861
71.194;12830;1;0;12861
71.199;12830;1;0;12861
71.204;12830;1;0;12861
71.209;12830;1;0;12861
71.214;12830;1;0;12861
71.219;12830;1;0;12861
71.224;12830;1;0;12861
71.229;12830;1;0;12861
71.234;12830;1;0;12861
71.239;12830;1;0;12861
71.244;12830;1;0;12861
71.249;12830;1;0;12861
71.254;12830;1;0;12861
71.259;12830;1;0;12861
71.264;12830;1;0;12861
71.269;12830;1;0;12861
71.274;12830;1;0;12861
71.279;12830;1;0;12861
71.284;12830;1;0;12847
71.289;12829;1;0;12861
71.294;12829;1;0;12861
71.299;12829;1;0;12861
71.304;12829;1;0;12861
71.309;12829;1;0;12861
71.314;12829;1;0;12861
71.319;12829;1;0;12861
71.324;12829;1;0;12861
71.329;12829;1;0;12861
71.334;12829;1;0;12861
71.339;12829;1;0;12861
71.344;12829;1;0;12861
71.349;12830;1;0;12861
71.354;12830;1;0;12861
71.359;12830;1;0;12861
71.364;12830;1;0;12847
71.369;12829;1;0;12861
71.374;12829;1;0;12861
71.379;12829;1;0;12861
71.384;12829;1;0;12861
71.389;12829;1;0;12861
71.394;12829;1;0;12861
71.399;12829;1;0;12861
71.404;12829;1;0;12861
71.409;12829;1;0;12861
71.414;12829;1;0;12861
71.419;12829;1;0;12861
71.424;12829;1;0;12861
71.429;12830;1;0;12861
71.434;12830;1;0;12861
71.439;12830;1;0;12861
71.444;12830;1;0;12861
71.449;12830;1;0;12861
71.454;12830;1;0;12861
71.459;12830;1;0;12861
71.464;12830;1;0;12861
71.469;12830;1;0;12861
71.474;12830;1;0;12861
71.479;12830;1;0;12861
71.484;12830;1;0;12861
71.489;12830;1;0;12861
71.494;12830;1;0;12861
71.499;12830;1;0;12861
71.504;12830;1;0;12861
71.509;12830;1;0;12861
71.514;12830;1;0;12861
71.519;12830;1;0;12861
71.524;12830;1;0;12861
71.529;12830;1;0;12861
71.534;12830;1;0;12861
71.539;12830;1;0;12861
71.544;12830;1;0;12861
71.549;12830;1;0;12861
71.554;12830;1;0;12861
71.559;12830;1;0;12861
71.564;12830;1;0;12861
71.569;12830;1;0;12861
71.574;12830;1;0;12861
71.579;12830;1;0;12861
71.584;12830;1;0;12861
71.589;12830;1;0;12861
71.594;12829;1;0;12847
71.599;12829;1;0;12861
71.604;12829;1;0;12861
71.609;12829;1;0;12861
71.614;12829;1;0;12861
71.619;12829;1;0;12861
71.624;12829;1;0;12861
71.629;12829;1;0;12861
71.634;12829;1;0;12861
71.639;12828;1;0;12861
71.644;12828;1;0;12861
71.649;12828;1;0;12861
71.654;12828;1;0;12861
71.659;12828;1;0;12861
71.664;12828;1;0;12861
71.669;12828;1;0;12861
71.674;12828;1;0;12861
71.679;12828;1;0;12861
71.684;12828;1;0;12861
71.689;12828;1;0;12861
71.694;12828;1;0;12861
71.699;12829;1;0;12861
71.704;12829;1;0;12861
71.709;12829;1;0;12861
71.714;12829;1;0;12861
71.719;12829;1;0;12861
71.724;12829;1;0;12861
71.729;12829;1;0;12861
71.734;12829;1;0;12861
71.739;12829;1;0;12861
71.744;12829;1;0;12861
71.749;12829;1;0;12861
71.754;12829;1;0;12861
71.759;12830;1;0;12861
71.764;12830;1;0;12861
71.769;12830;1;0;12861
71.774;12830;1;0;12861
71.779;12830;1;0;12861
71.784;12830;1;0;12861
71.789;12830;1;0;12861
71.794;12830;1;0;12861
71.799;12830;1;0;12861
71.804;12830;1;0;12861
71.809;12830;1;0;12861
71.814;12830;1;0;12861
71.819;12830;1;0;12861
71.824;12830;1;0;12861
71.829;12830;1;0;12861
71.834;12830;1;0;12861
71.839;12830;1;0;12861
71.844;12830;1;0;12861
71.849;12830;1;0;12861
71.854;12830;1;0;12861
71.859;12830;1;0;12861
71.864;12830;1;0;12861
71.869;12830;1;0;12861
71.874;12830;1;0;12861
71.879;12830;1;0;12861
71.884;12830;1;0;12861
71.889;12830;1;0;12861
71.894;12830;1;0;12861
71.899;12830;1;0;12861
71.904;12830;1;0;12861
71.909;12830;1;0;12861
71.914;12830;1;0;12861
71.919;12830;1;0;12861
71.924;12829;1;0;12861
71.929;12829;1;0;12861
71.934;12829;1;0;12861
71.939;12829;1;0;12861
71.944;12829;1;0;12861
71.949;12829;1;0;12861
71.954;12829;1;0;12861
71.959;12829;1;0;12861
71.964;12829;1;0;12861
71.969;12829;1;0;12861
71.974;12829;1;0;12861
71.979;12829;1;0;12861
71.984;12828;1;0;12861
71.989;12828;1;0;12861
71.994;12828;1;0;12861
71.999;12828;1;0;12861
72.004;12828;1;0;12861
72.009;12828;1;0;12861
72.014;12828;1;0;12861
72.019;12828;1;0;12861
72.024;12828;1;0;12861
72.029;12828;1;0;12861
72.034;12828;1;0;12861
72.039;12828;1;0;12861
72.044;12829;1;0;12861
72.049;12829;1;0;12861
72.054;12829;1;0;12861
72.059;12829;1;0;12861
72.064;12829;1;0;12861
72.069;12829;1;0;12861
72.074;12829;1;0;12861
72.079;12829;1;0;12861
72.084;12829;1;0;12861
72.089;12829;1;0;12861
72.094;12829;1;0;12861
72.099;12829;1;0;12861
72.104;12830;1;0;12861
72.109;12830;1;0;12861
72.114;12830;1;0;12861
72.119;12830;1;0;12861
72.124;12830;1;0;12861
72.129;12830;1;0;12861
72.134;12830;1;0;12861
72.139;12830;1;0;12861
72.144;12830;1;0;12861
72.149;12830;1;0;12861
72.154;12830;1;0;12861
72.159;12830;1;0;12861
72.164;12830;1;0;12861
72.169;12830;1;0;12861
72.174;12829;1;0;12847
72.179;12829;1;0;12861
72.184;12829;1;0;12861
72.189;12829;1;0;12861
72.194;12829;1;0;12861
72.199;12829;1;0;12861
72.204;12829;1;0;12861
72.209;12829;1;0;12861
72.214;12829;1;0;12861
72.219;12829;1;0;12861
72.224;12828;1;0;12861
72.229;12828;1;0;12861
72.234;12828;1;0;12861
72.239;12828;1;0;12861
72.244;12828;1;0;12861
72.249;12828;1;0;12861
72.254;12828;1;0;12861
72.259;12828;1;0;12861
72.264;12828;1;0;12861
72.269;12828;1;0;12861
72.274;12828;1;0;12861
72.279;12828;1;0;12861
72.284;12829;1;0;12861
72.289;12829;1;0;12861
72.294;12829;1;0;12861
72.299;12829;1;0;12861
72.304;12829;1;0;12861
72.309;12829;1;0;12861
72.314;12829;1;0;12861
72.319;12829;1;0;12861
72.324;12829;1;0;12861
72.329;12829;1;0;12861
72.334;12829;1;0;12861
72.339;12829;1;0;12861
72.344;12830;1;0;12861
72.349;12830;1;0;12861
72.354;12830;1;0;12861
72.359;12830;1;0;12861
72.364;12830;1;0;12861
72.369;12830;1;0;12861
72.374;12830;1;0;12861
72.379;12830;1;0;12861
72.384;12830;1;0;12861
72.389;12830;1;0;12861
72.394;12829;1;0;12861
72.399;12829;1;0;12861
72.404;12829;1;0;12861
72.409;12829;1;0;12861
72.414;12829;1;0;12861
72.419;12829;1;0;12861
72.424;12829;1;0;12861
72.429;12829;1;0;12861
72.434;12829;1;0;12861
72.439;12829;1;0;12861
72.444;12829;1;0;12861
72.449;12829;1;0;12861
72.454;12830;1;0;12861
72.459;12830;1;0;12861
72.464;12830;1;0;12861
72.469;12830;1;0;12861
72.474;12830;1;0;12861
72.479;12830;1;0;12861
72.484;12830;1;0;12861
72.489;12830;1;0;12861
72.494;12830;1;0;12861
72.499;12830;1;0;12861
72.504;12830;1;0;12861
72.509;12830;1;0;12861
72.514;12830;1;0;12861
72.519;12830;1;0;12861
72.524;12830;1;0;12861
72.529;12830;1;0;12861
72.534;12830;1;0;12861
72.539;12830;1;0;12861
72.544;12830;1;0;12861
72.549;12830;1;0;12861
72.554;12830;1;0;12861
72.559;12830;1;0;12861
72.564;12830;1;0;12861
72.569;12830;1;0;12861
72.574;12830;1;0;12861
72.579;12830;1;0;12861
72.584;12830;1;0;12861
72.589;12830;1;0;12861
72.594;12830;1;0;12861
72.599;12830;1;0;12861
72.604;12830;1;0;12861
72.609;12830;1;0;12861
72.614;12830;1;0;12861
72.619;12830;1;0;12861
72.624;12830;1;0;12861
72.629;12830;1;0;12861
72.634;12830;1;0;12861
72.639;12830;1;0;12861
72.644;12830;1;0;12861
72.649;12830;1;0;12861
72.654;12830;1;0;12861
72.659;12830;1;0;12861
72.664;12830;1;0;12861
72.669;12830;1;0;12861
72.674;12830;1;0;12861
72.679;12829;1;0;12847
72.684;12829;1;0;12861
72.689;12829;1;0;12861
72.694;12829;1;0;12847
72.699;12829;1;0;12861
72.704;12829;1;0;12861
72.709;12829;1;0;12861
72.714;12829;1;0;12861
72.719;12829;1;0;12861
72.724;12829;1;0;12861
72.729;12829;1;0;12861
72.734;12829;1;0;12861
72.739;12830;1;0;12861
72.744;12830;1;0;12861
72.749;12830;1;0;12861
72.754;12830;1;0;12861
72.759;12830;1;0;12861
72.764;12830;1;0;12861
72.769;12830;1;0;12861
72.774;12830;1;0;12861
72.779;12830;1;0;12861
72.784;12830;1;0;12861
72.789;12830;1;0;12861
72.794;12830;1;0;12861
72.799;12830;1;0;12861
72.804;12830;1;0;12861
72.809;12830;1;0;12861
72.814;12830;1;0;12861
72.819;12830;1;0;12861
72.824;12830;1;0;12861
72.829;12830;1;0;12861
72.834;12830;1;0;12861
72.839;12830;1;0;12861
72.844;12830;1;0;12861
72.849;12830;1;0;12861
72.854;12830;1;0;12861
72.859;12830;1;0;12847
72.864;12829;1;0;12861
72.869;12829;1;0;12861
72.874;12829;1;0;12861
72.874;12829;1;0;12861
72.884;12831;1;0;12861
72.889;12832;1;0;12861
72.894;12833;1;0;12861
72.899;12835;1;0;12861
72.904;12836;1;0;12861
72.909;12837;1;0;12861
72.914;12839;1;0;12861
72.919;12840;1;0;12861
72.924;12841;1;0;12861
72.929;12842;1;0;12861
72.934;12843;1;0;12861
72.939;12844;1;0;12861
72.944;12845;1;0;12861
72.949;12846;1;0;12861
72.954;12847;1;0;12861
72.959;12848;1;0;12861
72.964;12849;1;0;12861
72.969;12850;1;0;12861
72.974;12851;1;0;12861
72.979;12852;1;0;12861
72.984;12853;1;0;12861
72.989;12854;1;0;12861
72.994;12855;1;0;12861
72.999;12855;1;0;12861
73.004;12856;1;0;12861
73.009;12857;1;0;12861
73.014;12858;1;0;12861
73.019;12858;1;0;12861
73.024;12859;1;0;12861
73.029;12860;1;0;12861
73.034;12861;1;0;12861
73.039;12861;1;0;12861
73.044;12862;1;0;12861
73.049;12863;1;0;12861
73.054;12863;1;0;12861
73.059;12864;1;0;12861
73.064;12864;1;0;12861
73.069;12865;1;0;12861
73.074;12866;1;0;12861
73.079;12866;1;0;12861
73.084;12867;1;0;12861
73.089;12867;1;0;12861
73.094;12868;1;0;12861
73.099;12868;1;0;12861
73.104;12869;1;0;12861
73.109;12869;1;0;12861
73.114;12870;1;0;12861
73.119;12870;1;0;12861
73.124;12871;1;0;12861
73.129;12871;1;0;12861
73.134;12872;1;0;12861
73.139;12872;1;0;12861
73.144;12872;1;0;12861
73.149;12873;1;0;12861
73.154;12873;1;0;12861
73.159;12874;1;0;12861
73.164;12874;1;0;12861
73.169;12874;1;0;12861
73.174;12875;1;0;12861
73.179;12875;1;0;12861
73.184;12875;1;0;12861
73.189;12876;1;0;12861
73.194;12876;1;0;12861
73.199;12876;1;0;12861
73.204;12877;1;0;12861
73.209;12877;1;0;12861
73.214;12877;1;0;12861
73.219;12877;1;0;12861
73.224;12878;1;0;12861
73.229;12878;1;0;12861
73.234;12878;1;0;12861
73.239;12878;1;0;12861
73.244;12879;1;0;12861
73.249;12879;1;0;12861
73.254;12879;1;0;12861
73.259;12879;1;0;12861
73.264;12880;1;0;12861
73.269;12880;1;0;12861
73.274;12880;1;0;12861
73.279;12880;1;0;12861
73.284;12881;1;0;12861
73.289;12881;1;0;12861
73.294;12881;1;0;12861
73.299;12881;1;0;12861
73.304;12881;1;0;12861
73.309;12881;1;0;12861
73.314;12882;1;0;12861
73.319;12882;1;0;12861
73.324;12882;1;0;12861
73.329;12882;1;0;12861
73.334;12882;1;0;12861
73.339;12882;1;0;12861
73.344;12883;1;0;12861
73.349;12883;1;0;12861
73.354;12883;1;0;12861
73.359;12883;1;0;12861
73.364;12883;1;0;12861
73.369;12883;1;0;12861
73.374;12884;1;0;12861
73.379;12884;1;0;12861
73.384;12884;1;0;12861
73.389;12884;1;0;12861
73.394;12884;1;0;12861
73.399;12884;1;0;12847
73.404;12884;1;0;12861
73.409;12884;1;0;12861
73.414;12884;1;0;12861
73.419;12884;1;0;12861
73.424;12884;1;0;12861
73.429;12884;1;0;12861
73.434;12885;1;0;12861
73.439;12885;1;0;12861
73.444;12885;1;0;12861
73.449;12885;1;0;12861
73.454;12885;1;0;12861
73.459;12885;1;0;12861
73.464;12885;1;0;12861
73.469;12885;1;0;12861
73.474;12885;1;0;12861
73.479;12885;1;0;12861
73.484;12885;1;0;12861
73.489;12884;1;0;12861
73.494;12884;1;0;12861
73.499;12884;1;0;12861
73.504;12884;1;0;12861
73.509;12884;1;0;12861
73.514;12884;1;0;12861
73.519;12883;1;0;12861
73.524;12883;1;0;12861
73.529;12884;1;0;12861
73.534;12884;1;0;12861
73.539;12884;1;0;12861
73.544;12884;1;0;12861
73.549;12884;1;0;12861
73.554;12884;1;0;12861
73.559;12883;1;0;12861
73.564;12883;1;0;12861
73.569;12883;1;0;12861
73.574;12883;1;0;12861
73.579;12883;1;0;12861
73.584;12883;1;0;12861
73.589;12882;1;0;12807
73.594;12880;1;0;12621
73.599;12874;1;0;12302
73.604;12858;1;0;11797
73.609;12826;1;0;11105
73.614;12823;1;0;10307
73.619;12811;1;0;9443
73.624;12783;3;0;8538
73.629;12739;5;0;7714
73.634;12747;7;0;7049
73.639;12717;10;0;6490
73.644;12709;15;0;5918
73.649;12617;18;0;5413
73.654;12586;19;0;5054
73.659;12510;21;0;4854
73.664;12538;23;0;4694
73.669;12456;25;0;4508
73.674;12380;26;0;4375
73.679;12304;28;0;4362
73.684;12273;29;0;4428
73.689;12161;28;0;4442
73.694;12101;26;0;4362
73.699;12025;25;0;4335
73.704;11929;24;0;4375
73.709;11817;22;0;4389
73.714;11757;21;0;4389
73.719;11661;19;0;4389
73.724;11497;18;0;4375
73.729;11401;13;0;4389
73.734;11305;10;0;4389
73.739;11193;6;0;4389
73.744;11045;2;0;4389
73.749;10897;0;0;4389
73.754;10801;-2;0;4389
73.759;10644;-4;0;4389
73.764;10496;-5;0;4389
73.769;10348;-8;0;4389
73.774;10200;-13;0;4389
73.779;10042;-14;0;4389
73.784;9842;-15;0;4389
73.789;9694;-16;0;4389
73.794;9546;-18;0;4389
73.799;9337;-18;0;4389
73.804;9189;-20;0;4389
73.809;9041;-22;0;4389
73.814;8841;-22;0;4389
73.819;8683;-24;0;4389
73.824;8483;-24;0;4389
73.829;8283;-26;0;4389
73.834;8135;-27;0;4389
73.839;7933;-27;0;4389
73.844;7785;-28;0;4389
73.849;7637;-28;0;4389
73.854;7437;-28;0;4389
73.859;7289;-28;0;4389
73.864;7095;-32;0;4389
73.869;6895;-33;0;4389
73.874;6783;-33;0;4389
73.879;6635;-32;0;4389
73.884;6442;-30;0;4389
73.889;6310;-31;0;4389
73.894;6162;-31;0;4389
73.899;6014;-29;0;4389
73.904;5866;-28;0;4389
73.909;5740;-27;0;4389
73.914;5592;-27;0;4389
73.919;5460;-26;0;4389
73.924;5380;-24;0;4389
73.929;5248;-23;0;4389
73.934;5123;-22;0;4389
73.939;5043;-21;0;4389
73.944;4963;-20;0;4389
73.949;4883;-19;0;4389
73.954;4819;-19;0;4389
73.959;4687;-17;0;4389
73.964;4623;-16;0;4389
73.969;4559;-15;0;4389
73.974;4479;-14;0;4389
73.979;4467;-12;0;4389
73.984;4419;-9;0;4389
73.989;4355;-6;0;4389
73.994;4307;-4;0;4389
73.999;4259;-2;0;4389
74.004;4240;-1;0;4389
74.009;4192;0;0;4389
74.014;4212;0;0;4389
74.019;4216;0;0;4389
74.024;4176;3;0;4389
74.029;4188;5;0;4389
74.034;4148;6;0;4389
74.039;4162;8;0;4389
74.044;4182;10;0;4389
74.049;4262;13;0;4389
74.054;4238;14;0;4389
74.059;4266;14;0;4389
74.064;4287;14;0;4389
74.069;4319;14;0;4389
74.074;4355;15;0;4389
74.079;4339;16;0;4389
74.084;4375;16;0;4389
74.089;4415;15;0;4389
74.094;4455;15;0;4389
74.099;4491;15;0;4389
74.104;4533;16;0;4389
74.109;4577;15;0;4389
74.114;4571;15;0;4389
74.119;4669;15;0;4389
74.124;4665;16;0;4389
74.129;4714;16;0;4389
74.134;4757;15;0;4389
74.139;4756;15;0;4389
74.144;4852;15;0;4389
74.149;4854;15;0;4389
74.154;4907;15;0;4389
74.159;4961;15;0;4389
74.164;4965;15;0;4389
74.169;5021;14;0;4389
74.174;5077;14;0;4389
74.179;5083;14;0;4389
74.184;5087;14;0;4389
74.189;5092;13;0;4389
74.194;5142;13;0;4389
74.199;5148;12;0;4389
74.204;5204;11;0;4389
74.209;5210;11;0;4389
74.214;5215;10;0;4389
74.219;5220;10;0;4389
74.224;5276;9;0;4389
74.229;5282;9;0;4389
74.234;5286;8;0;4389
74.239;5291;8;0;4389
74.244;5295;7;0;4389
74.249;5299;7;0;4389
74.254;5302;7;0;4389
74.259;5306;6;0;4389
74.264;5255;5;0;4389
74.269;5256;4;0;4389
74.274;5256;2;0;4389
74.279;5255;1;0;4389
74.284;5254;0;0;4389
74.289;5200;0;0;4389
74.294;5198;0;0;4389
74.299;5195;0;0;4389
74.304;5145;0;0;4389
74.309;5141;-1;0;4389
74.314;5137;-1;0;4389
74.319;5133;-1;0;4389
74.324;5129;-1;0;4389
74.329;5072;-2;0;4389
74.334;5068;-2;0;4389
74.339;5008;-2;0;4389
74.344;5002;-3;0;4389
74.349;4996;-3;0;4389
74.354;4936;-4;0;4389
74.359;4928;-5;0;4389
74.364;4866;-6;0;4389
74.369;4854;-8;0;4389
74.374;4846;-9;0;4389
74.379;4834;-10;0;4389
74.384;4822;-11;0;4389
74.389;4758;-11;0;4389
74.394;4746;-10;0;4389
74.399;4689;-10;0;4389
74.404;4677;-9;0;4389
74.409;4665;-9;0;4389
74.414;4653;-8;0;4389
74.419;4600;-8;0;4389
74.424;4588;-7;0;4389
74.429;4524;-7;0;4389
74.434;4512;-7;0;4389
74.439;4500;-7;0;4389
74.444;4488;-7;0;4389
74.449;4480;-7;0;4389
74.454;4468;-7;0;4389
74.459;4458;-7;0;4389
74.464;4448;-7;0;4389
74.469;4386;-6;0;4389
74.474;4374;-6;0;4389
74.479;4364;-6;0;4389
74.484;4356;-6;0;4389
74.489;4346;-6;0;4389
74.494;4336;-5;0;4389
74.499;4328;-5;0;4389
74.504;4320;-5;0;4389
74.509;4312;-5;0;4389
74.514;4302;-5;0;4389
74.519;4296;-5;0;4389
74.524;4288;-5;0;4389
74.529;4280;-5;0;4389
74.534;4274;-5;0;4389
74.539;4266;-5;0;4389
74.544;4260;-5;0;4389
74.549;4252;-5;0;4389
74.554;4246;-5;0;4389
74.559;4240;-5;0;4389
74.564;4234;-5;0;4389
74.569;4228;-5;0;4389
74.574;4222;-5;0;4389
74.579;4270;-2;0;4389
74.584;4267;0;0;4389
74.589;4265;0;0;4389
74.594;4264;1;0;4389
74.599;4264;3;0;4389
74.604;4264;3;0;4389
74.609;4265;4;0;4389
74.614;4266;5;0;4389
74.619;4266;5;0;4389
74.624;4268;5;0;4389
74.629;4269;6;0;4389
74.634;4270;6;0;4389
74.639;4271;6;0;4389
74.644;4272;6;0;4389
74.649;4274;6;0;4389
74.654;4275;6;0;4389
74.659;4276;6;0;4389
74.664;4277;6;0;4389
74.669;4278;6;0;4389
74.674;4279;6;0;4389
74.679;4280;6;0;4389
74.684;4334;5;0;4389
74.689;4336;5;0;4389
74.694;4337;4;0;4389
74.699;4338;4;0;4389
74.704;4339;3;0;4389
74.709;4340;3;0;4389
74.714;4340;3;0;4389
74.719;4340;2;0;4389
74.724;4341;2;0;4389
74.729;4341;2;0;4389
74.734;4341;2;0;4389
74.739;4387;2;0;4389
74.744;4388;2;0;4389
74.749;4389;2;0;4389
74.754;4390;1;0;4389
74.759;4391;1;0;4389
74.764;4392;1;0;4389
74.769;4393;1;0;4389
74.774;4393;1;0;4389
74.779;4394;1;0;4389
74.784;4395;1;0;4389
74.789;4395;1;0;4389
74.794;4396;1;0;4389
74.799;4397;1;0;4389
74.804;4397;1;0;4389
74.809;4398;1;0;4389
74.814;4398;1;0;4389
74.819;4399;1;0;4389
74.824;4399;1;0;4389
74.829;4400;1;0;4389
74.834;4400;1;0;4389
74.839;4400;1;0;4389
74.844;4401;1;0;4389
74.849;4401;1;0;4389
74.854;4401;1;0;4389
74.859;4402;1;0;4389
74.864;4402;1;0;4389
74.869;4402;1;0;4389
74.874;4403;1;0;4389
74.879;4403;1;0;4389
74.884;4403;1;0;4389
74.889;4403;1;0;4389
74.894;4404;1;0;4389
74.899;4404;1;0;4389
74.904;4404;1;0;4389
74.909;4404;1;0;4389
74.914;4405;1;0;4389
74.919;4405;1;0;4389
74.924;4405;1;0;4389
74.929;4405;1;0;4389
74.934;4405;1;0;4389
74.939;4405;1;0;4389
74.944;4406;1;0;4389
74.949;4406;1;0;4389
74.954;4406;1;0;4389
74.959;4406;1;0;4389
74.964;4406;1;0;4389
74.969;4406;1;0;4389
74.974;4407;1;0;4389
74.979;4407;1;0;4389
74.984;4407;1;0;4389
74.989;4407;1;0;4389
74.994;4407;1;0;4389
74.999;4407;1;0;4389
75.004;4407;1;0;4389
75.009;4407;1;0;4389
75.014;4407;1;0;4389
75.019;4407;1;0;4389
75.024;4407;1;0;4389
75.029;4407;1;0;4389
75.034;4408;1;0;4389
75.039;4408;1;0;4389
75.044;4408;1;0;4389
75.049;4408;1;0;4389
75.054;4408;1;0;4389
75.059;4408;1;0;4389
75.064;4408;1;0;4389
75.069;4408;1;0;4389
75.074;4408;1;0;4389
75.079;4408;1;0;4389
75.084;4408;1;0;4389
75.089;4408;1;0;4389
75.094;4408;1;0;4389
75.099;4408;1;0;4389
75.104;4408;1;0;4389
75.109;4408;1;0;4389
75.114;4408;1;0;4389
75.119;4408;1;0;4389
75.124;4408;1;0;4389
75.129;4408;1;0;4389
75.134;4408;1;0;4389
75.139;4408;1;0;4389
75.144;4408;1;0;4389
75.149;4408;1;0;4389
75.154;4408;1;0;4389
75.159;4408;1;0;4389
75.164;4408;1;0;4389
75.169;4408;1;0;4389
75.174;4408;1;0;4389
75.179;4408;1;0;4389
75.184;4408;1;0;4389
75.189;4408;1;0;4389
75.194;4408;1;0;4389
75.199;4408;1;0;4389
75.204;4408;1;0;4389
75.209;4408;1;0;4389
75.214;4408;1;0;4389
75.219;4408;1;0;4389
75.224;4408;1;0;4389
75.229;4408;1;0;4389
75.234;4408;1;0;4389
75.239;4408;1;0;4389
75.244;4408;1;0;4389
75.249;4408;1;0;4389
75.254;4408;1;0;4389
75.259;4408;1;0;4389
75.264;4408;1;0;4389
75.269;4408;1;0;4389
75.274;4408;1;0;4389
75.279;4408;1;0;4389
75.284;4408;1;0;4389
75.289;4408;1;0;4389
75.294;4408;1;0;4389
75.299;4408;1;0;4389
75.304;4408;1;0;4389
75.309;4408;1;0;4389
75.314;4408;1;0;4389
75.319;4408;1;0;4389
75.324;4408;1;0;4389
75.329;4408;1;0;4389
75.334;4408;1;0;4389
75.339;4408;1;0;4389
75.344;4408;1;0;4389
75.349;4408;1;0;4389
75.354;4408;1;0;4389
75.359;4408;1;0;4389
75.364;4408;1;0;4389
75.369;4408;1;0;4389
75.374;4408;1;0;4389
75.379;4408;1;0;4389
75.384;4408;1;0;4389
75.389;4408;1;0;4389
75.394;4408;1;0;4389
75.399;4408;1;0;4389
75.404;4408;1;0;4389
75.409;4408;1;0;4389
75.414;4408;1;0;4389
75.419;4408;1;0;4389
75.424;4408;1;0;4389
75.429;4408;1;0;4389
75.434;4408;1;0;4389
75.439;4408;1;0;4389
75.444;4408;1;0;4389
75.449;4408;1;0;4389
75.454;4408;1;0;4389
75.459;4408;1;0;4389
75.464;4408;1;0;4389
75.469;4408;1;0;4389
75.474;4408;1;0;4389
75.479;4408;1;0;4389
75.484;4408;1;0;4389
75.489;4408;1;0;4389
75.494;4408;1;0;4389
75.499;4408;1;0;4389
75.504;4408;1;0;4389
75.509;4408;1;0;4389
75.514;4408;1;0;4389
75.519;4408;1;0;4389
75.524;4408;1;0;4389
75.529;4408;1;0;4389
75.534;4408;1;0;4389
75.539;4408;1;0;4389
75.544;4408;1;0;4389
75.549;4408;1;0;4389
75.554;4408;1;0;4389
75.559;4408;1;0;4389
75.564;4408;1;0;4389
75.569;4408;1;0;4389
75.574;4408;1;0;4389
75.579;4408;1;0;4389
75.584;4408;1;0;4389
75.589;4408;1;0;4389
75.594;4408;1;0;4389
75.599;4408;1;0;4389
75.604;4408;1;0;4389
75.609;4408;1;0;4389
75.614;4408;1;0;4389
75.619;4408;1;0;4389
75.624;4408;1;0;4389
75.629;4408;1;0;4389
75.634;4408;1;0;4389
75.639;4408;1;0;4389
75.644;4408;1;0;4389
75.649;4408;1;0;4389
75.654;4408;1;0;4389
75.659;4408;1;0;4389
75.664;4408;1;0;4389
75.669;4408;1;0;4389
75.674;4408;1;0;4389
75.679;4407;1;0;4389
75.684;4407;1;0;4389
75.689;4407;1;0;4375
75.694;4407;1;0;4375
75.699;4406;1;0;4375
75.704;4406;1;0;4375
75.709;4406;1;0;4389
75.714;4406;1;0;4375
75.719;4405;1;0;4375
75.724;4405;1;0;4389
75.729;4406;1;0;4389
75.734;4406;1;0;4389
75.739;4405;1;0;4362
75.744;4404;1;0;4389
75.749;4404;1;0;4389
75.754;4404;1;0;4402
75.759;4405;1;0;4375
75.764;4405;1;0;4389
75.769;4406;1;0;4389
75.774;4406;1;0;4402
75.779;4406;1;0;4389
75.784;4405;1;0;4415
75.789;4407;1;0;4535
75.794;4411;1;0;4761
75.799;4421;1;0;5093
75.804;4441;1;0;5599
75.809;4428;1;0;6370
75.814;4424;3;0;7208
75.819;4488;6;0;8246
75.824;4480;3;0;9429
75.829;4488;0;0;10201
75.834;4570;-4;0;10693
75.839;4542;-9;0;11211
75.844;4618;-14;0;11823
75.849;4649;-16;0;12448
75.854;4725;-19;0;12847
75.859;4697;-21;0;13034
75.864;4779;-24;0;13100
75.869;4819;-30;0;13127
75.874;4850;-31;0;13127
75.879;4978;-32;0;13113
75.884;5038;-31;0;13127
75.889;5114;-29;0;13113
75.894;5174;-27;0;13113
75.899;5240;-26;0;13113
75.904;5352;-25;0;13113
75.909;5464;-24;0;13113
75.914;5560;-23;0;13127
75.919;5672;-22;0;13127
75.924;5768;-21;0;13113
75.929;5910;-19;0;13113
75.934;6022;-15;0;13113
75.939;6170;-12;0;13113
75.944;6318;-8;0;13113
75.949;6466;-4;0;13113
75.954;6578;-2;0;13113
75.959;6719;0;0;13113
75.964;6867;1;0;13127
75.969;7083;3;0;13113
75.974;7179;6;0;13113
75.979;7373;7;0;13113
75.984;7573;11;0;13113
75.989;7737;14;0;13113
75.994;7930;19;0;13113
75.999;8094;20;0;13113
76.004;8294;21;0;13113
76.009;8458;22;0;13113
76.014;8600;22;0;13113
76.019;8816;22;0;13127
76.024;8964;23;0;13113
76.029;9128;24;0;13113
76.034;9321;24;0;13113
76.039;9514;25;0;13113
76.044;9730;26;0;13127
76.049;9878;26;0;13113
76.054;10026;27;0;13113
76.059;10220;27;0;13113
76.064;10384;26;0;13113
76.069;10532;30;0;13113
76.074;10732;30;0;13113
76.079;10873;29;0;13113
76.084;11037;29;0;13113
76.089;11185;28;0;13113
76.094;11317;27;0;13113
76.099;11465;26;0;13113
76.104;11607;28;0;13113
76.109;11755;29;0;13113
76.114;11903;27;0;13113
76.119;11983;26;0;13113
76.124;12079;24;0;13113
76.129;12211;22;0;13113
76.134;12336;21;0;13113
76.139;12416;20;0;13113
76.144;12496;18;0;13113
76.149;12560;17;0;13113
76.154;12692;16;0;13113
76.159;12772;15;0;13113
76.164;12836;14;0;13127
76.169;12900;13;0;13127
76.174;12912;9;0;13127
76.179;12976;7;0;13127
76.184;13040;4;0;13113
76.189;13088;2;0;13113
76.194;13152;0;0;13113
76.199;13155;0;0;13113
76.204;13203;-1;0;13113
76.209;13199;-1;0;13127
76.214;13247;-1;0;13127
76.219;13227;-2;0;13113
76.224;13223;-3;0;13113
76.229;13263;-4;0;13127
76.234;13257;-5;0;13127
76.239;13237;-6;0;13127
76.244;13217;-7;0;13113
76.249;13197;-9;0;13113
76.254;13169;-11;0;13127
76.259;13148;-12;0;13113
76.264;13120;-13;0;13113
76.269;13092;-13;0;13127
76.274;13108;-14;0;13127
76.279;13076;-15;0;13127
76.284;12984;-15;0;13113
76.289;12950;-16;0;13113
76.294;12962;-18;0;13113
76.299;12918;-19;0;13113
76.304;12874;-18;0;13127
76.309;12828;-18;0;13127
76.314;12780;-19;0;13113
76.319;12784;-20;0;13113
76.324;12688;-22;0;13127
76.329;12642;-23;0;13113
76.334;12588;-22;0;13113
76.339;12585;-22;0;13113
76.344;12582;-22;0;13113
76.349;12527;-21;0;13113
76.354;12471;-20;0;13113
76.359;12468;-19;0;13113
76.364;12412;-18;0;13113
76.369;12355;-17;0;13113
76.374;12350;-17;0;13113
76.379;12346;-16;0;13113
76.384;12296;-16;0;13127
76.389;12291;-15;0;13127
76.394;12235;-14;0;13127
76.399;12229;-13;0;13113
76.404;12225;-13;0;13113
76.409;12220;-12;0;13113
76.414;12217;-11;0;13113
76.419;12213;-11;0;13113
76.424;12210;-10;0;13127
76.429;12208;-10;0;13113
76.434;12205;-10;0;13113
76.439;12203;-9;0;13127
76.444;12201;-9;0;13127
76.449;12199;-9;0;13113
76.454;12197;-9;0;13113
76.459;12195;-9;0;13113
76.464;12194;-8;0;13113
76.469;12245;-8;0;13113
76.474;12246;-6;0;13113
76.479;12247;-5;0;13113
76.484;12295;-4;0;13113
76.489;12298;-3;0;13113
76.494;12302;-2;0;13113
76.499;12305;-2;0;13113
76.504;12309;-1;0;13113
76.509;12313;-1;0;13113
76.514;12369;0;0;13113
76.519;12375;0;0;13127
76.524;12435;1;0;13127
76.529;12443;2;0;13113
76.534;12451;2;0;13113
76.539;12511;3;0;13113
76.544;12519;4;0;13113
76.549;12583;5;0;13113
76.554;12591;5;0;13113
76.559;12603;5;0;13113
76.564;12615;5;0;13113
76.569;12625;5;0;13113
76.574;12635;5;0;13113
76.579;12697;5;0;13113
76.584;12754;5;0;13113
76.589;12766;5;0;13127
76.594;12778;5;0;13127
76.599;12786;5;0;13113
76.604;12843;5;0;13113
76.609;12907;5;0;13113
76.614;12919;5;0;13113
76.619;12931;5;0;13113
76.624;12943;5;0;13127
76.629;12955;5;0;13127
76.634;12967;5;0;13127
76.639;12979;5;0;13127
76.644;12991;5;0;13113
76.649;12999;5;0;13113
76.654;13009;5;0;13113
76.659;13073;5;0;13127
76.664;13085;5;0;13113
76.669;13097;5;0;13113
76.674;13107;4;0;13113
76.679;13117;4;0;13127
76.684;13125;4;0;13113
76.689;13135;4;0;13113
76.694;13145;4;0;13113
76.699;13153;4;0;13113
76.704;13213;4;0;13113
76.709;13169;3;0;13113
76.714;13177;2;0;13113
76.719;13183;1;0;13113
76.724;13189;0;0;13113
76.729;13195;0;0;13113
76.734;13201;-1;0;13113
76.739;13204;-1;0;13113
76.744;13209;-2;0;13113
76.749;13212;-2;0;13127
76.754;13216;-3;0;13127
76.759;13219;-3;0;13113
76.764;13222;-4;0;13113
76.769;13224;-4;0;13113
76.774;13226;-5;0;13113
76.779;13228;-5;0;13113
76.784;13230;-5;0;13113
76.789;13179;-5;0;13113
76.794;13179;-5;0;13113
76.799;13180;-4;0;13113
76.804;13181;-4;0;13113
76.809;13182;-4;0;13113
76.814;13183;-4;0;13113
76.819;13184;-4;0;13113
76.824;13185;-4;0;13113
76.829;13186;-3;0;13113
76.834;13187;-3;0;13127
76.839;13188;-3;0;13127
76.844;13190;-3;0;13113
76.849;13191;-3;0;13113
76.854;13192;-3;0;13127
76.859;13141;-3;0;13127
76.864;13141;-3;0;13113
76.869;13141;-3;0;13127
76.874;13141;-3;0;13113
76.879;13141;-3;0;13113
76.884;13095;-3;0;13113
76.889;13094;-3;0;13113
76.894;13092;-3;0;13113
76.899;13091;-3;0;13127
76.904;13090;-3;0;13113
76.909;13089;-3;0;13113
76.914;13087;-3;0;13113
76.919;13086;-3;0;13113
76.924;13085;-4;0;13127
76.929;13084;-4;0;13113
76.934;13082;-4;0;13113
76.939;13081;-4;0;13113
76.944;13080;-4;0;13113
76.949;13079;-4;0;13113
76.954;13078;-4;0;13113
76.959;13076;-4;0;13127
76.964;13076;-4;0;13127
76.969;13075;-4;0;13113
76.974;13073;-4;0;13113
76.979;13072;-4;0;13113
76.984;13071;-4;0;13113
76.989;13070;-4;0;13113
76.994;13069;-4;0;13127
76.999;13069;-4;0;13127
77.004;13068;-4;0;13113
77.009;13067;-4;0;13113
77.014;13066;-4;0;13113
77.019;13065;-4;0;13113
77.024;13064;-4;0;13127
77.029;13063;-4;0;13127
77.034;13062;-4;0;13113
77.039;13061;-4;0;13113
77.044;13061;-4;0;13113
77.049;13060;-4;0;13113
77.054;13059;-4;0;13113
77.059;13058;-4;0;13113
77.064;13058;-4;0;13127
77.069;13057;-4;0;13113
77.074;13056;-4;0;13113
77.079;13056;-4;0;13127
77.084;13055;-4;0;13113
77.089;13054;-4;0;13113
77.094;13054;-4;0;13113
77.099;13053;-4;0;13113
77.104;13053;-4;0;13113
77.109;13052;-4;0;13113
77.114;13051;-4;0;13127
77.119;13051;-4;0;13127
77.124;13050;-4;0;13113
77.129;13050;-4;0;13127
77.134;13049;-4;0;13113
77.139;13049;-4;0;13113
77.144;13048;-4;0;13113
77.149;13048;-4;0;13113
77.154;13047;-4;0;13113
77.159;13047;-4;0;13113
77.164;13047;-4;0;13127
77.169;13046;-4;0;13113
77.174;13046;-4;0;13113
77.179;13046;-4;0;13113
77.184;13045;-4;0;13113
77.189;13045;-4;0;13113
77.194;13044;-4;0;13113
77.199;13044;-4;0;13113
77.204;13043;-4;0;13113
77.209;13043;-4;0;13113
77.214;13043;-4;0;13113
77.219;13043;-4;0;13127
77.224;13042;-4;0;13113
77.229;13042;-4;0;13113
77.234;13042;-4;0;13113
77.239;13041;-4;0;13113
77.244;13041;-4;0;13113
77.249;13041;-4;0;13113
77.254;13040;-4;0;13113
77.259;13040;-4;0;13113
77.264;13040;-4;0;13127
77.269;13039;-4;0;13113
77.274;13039;-4;0;13113
77.279;13039;-4;0;13113
77.284;13039;-4;0;13113
77.289;13038;-4;0;13127
77.294;13038;-4;0;13113
77.299;13038;-4;0;13127
77.304;13038;-4;0;13113
77.309;13037;-4;0;13113
77.314;13037;-4;0;13113
77.319;13037;-4;0;13113
77.324;13037;-4;0;13113
77.329;13037;-4;0;13127
77.334;13037;-4;0;13127
77.339;13036;-4;0;13113
77.344;13036;-4;0;13113
77.349;13036;-4;0;13113
77.354;13036;-4;0;13113
77.359;13036;-4;0;13113
77.364;13036;-4;0;13113
77.369;13035;-4;0;13113
77.374;13035;-4;0;13113
77.379;13035;-4;0;13113
77.384;13035;-4;0;13127
77.389;13035;-4;0;13113
77.394;13035;-4;0;13113
77.399;13034;-4;0;13113
77.404;13034;-4;0;13113
77.409;13034;-4;0;13113
77.414;13034;-4;0;13113
77.419;13034;-4;0;13113
77.424;13034;-4;0;13113
77.429;13033;-4;0;13113
77.434;13033;-4;0;13127
77.439;13033;-4;0;13113
77.444;13033;-4;0;13113
77.449;13033;-4;0;13113
77.454;13033;-4;0;13113
77.459;13033;-4;0;13113
77.464;13033;-4;0;13113
77.469;13034;-4;0;13113
77.474;13034;-4;0;13113
77.479;13034;-4;0;13113
77.484;13034;-4;0;13113
77.489;13034;-4;0;13127
77.494;13034;-4;0;13113
77.499;13033;-4;0;13113
77.504;13033;-4;0;13113
77.509;13033;-4;0;13113
77.514;13033;-4;0;13127
77.519;13033;-4;0;13127
77.524;13033;-4;0;13127
77.529;13033;-4;0;13113
77.534;13033;-4;0;13113
77.539;13034;-4;0;13113
77.544;13034;-4;0;13113
77.549;13034;-4;0;13113
77.554;13034;-4;0;13113
77.559;13034;-4;0;13113
77.564;13034;-4;0;13127
77.569;13034;-4;0;13127
77.574;13033;-4;0;13113
77.579;13033;-4;0;13127
77.584;13033;-4;0;13127
77.589;13033;-4;0;13127
77.594;13033;-4;0;13113
77.599;13033;-4;0;13113
77.604;13033;-4;0;13113
77.609;13033;-4;0;13113
77.614;13033;-4;0;13113
77.619;13034;-4;0;13127
77.624;13034;-4;0;13127
77.629;13034;-4;0;13113
77.634;13034;-4;0;13113
77.639;13034;-4;0;13127
77.644;13034;-4;0;13127
77.649;13034;-4;0;13127
77.654;13034;-4;0;13127
77.659;13033;-4;0;13127
77.664;13033;-4;0;13127
77.669;13033;-4;0;13127
77.674;13033;-4;0;13113
77.679;13033;-4;0;13113
77.684;13033;-4;0;13113
77.689;13034;-4;0;13127
77.694;13034;-4;0;13127
77.699;13034;-4;0;13127
77.704;13034;-4;0;13127
77.709;13034;-4;0;13113
77.714;13034;-4;0;13113
77.719;13033;-4;0;13113
77.724;13033;-4;0;13113
77.729;13033;-4;0;13113
77.734;13033;-4;0;13127
77.739;13033;-4;0;13127
77.744;13033;-4;0;13113
77.749;13033;-4;0;13113
77.754;13033;-4;0;13113
77.759;13033;-4;0;13113
77.764;13033;-4;0;13113
77.769;13034;-4;0;13127
77.774;13034;-4;0;13113
77.779;13034;-4;0;13113
77.784;13034;-4;0;13113
77.789;13034;-4;0;13113
77.794;13034;-4;0;13113
77.799;13033;-4;0;13113
77.804;13033;-4;0;13127
77.809;13033;-4;0;13127
77.814;13033;-4;0;13113
77.819;13033;-4;0;13113
77.824;13033;-4;0;13113
77.829;13033;-4;0;13113
77.834;13033;-4;0;13113
77.839;13033;-4;0;13113
77.844;13033;-4;0;13113
77.849;13033;-4;0;13113
77.854;13033;-4;0;13113
77.859;13032;-4;0;13113
77.864;13032;-4;0;13113
77.869;13032;-4;0;13113
77.874;13032;-4;0;13113
77.879;13032;-4;0;13113
77.884;13032;-4;0;13113
77.889;13032;-4;0;13113
77.894;13032;-4;0;13113
77.899;13033;-4;0;13113
77.904;13033;-4;0;13113
77.909;13033;-4;0;13127
77.914;13033;-4;0;13113
77.919;13033;-4;0;13113
77.924;13033;-4;0;13127
77.929;13034;-4;0;13113
77.934;13034;-4;0;13113
77.939;13034;-4;0;13113
77.944;13034;-4;0;13100
77.949;13033;-4;0;13087
77.954;13032;-4;0;13073
77.959;13030;-4;0;13007
77.964;13026;-4;0;12847
77.969;13018;-4;0;12422
77.974;12994;-4;0;11677
77.979;12962;-4;0;10573
77.984;12979;-5;0;9150
77.989;12935;-8;0;7594
77.994;12927;-3;0;6317
77.999;12835;2;0;5346
78.004;12857;6;0;4708
78.009;12833;16;0;4309
78.014;12802;19;0;4069
78.019;12726;21;0;4016
78.024;12686;22;0;4029
78.029;12656;23;0;4003
78.034;12580;24;0;3976
78.039;12504;25;0;3990
78.044;12457;25;0;4003
78.049;12329;25;0;3990
78.054;12305;25;0;3990
78.059;12229;24;0;3990
78.064;12163;23;0;3990
78.069;12035;22;0;4003
78.074;11923;22;0;4003
78.079;11811;21;0;4003
78.084;11699;20;0;4003
78.089;11587;19;0;4003
78.094;11491;18;0;4003
78.099;11379;17;0;4003
78.104;11237;14;0;4003
78.109;11073;12;0;4003
78.114;10925;9;0;4003
78.119;10761;7;0;4003
78.124;10665;3;0;4003
78.129;10456;1;0;4003
78.134;10308;-1;0;4003
78.139;10144;-4;0;4003
78.144;10002;-7;0;4003
78.149;9838;-9;0;4003
78.154;9638;-11;0;4003
78.159;9474;-14;0;4003
78.164;9281;-15;0;4003
78.169;9117;-18;0;4003
78.174;8901;-24;0;4003
78.179;8707;-25;0;4003
78.184;8543;-27;0;4003
78.189;8327;-27;0;4003
78.194;8163;-29;0;4003
78.199;7970;-29;0;4003
78.204;7761;-29;0;4003
78.209;7649;-30;0;4003
78.214;7449;-29;0;4003
78.219;7233;-29;0;4003
78.224;7091;-30;0;4003
78.229;6875;-30;0;4003
78.234;6727;-31;0;4003
78.239;6511;-31;0;4003
78.244;6370;-30;0;4003
78.249;6222;-30;0;4003
78.254;6074;-29;0;4003
78.259;5910;-28;0;4003
78.264;5716;-28;0;4003
78.269;5620;-27;0;4003
78.274;5472;-26;0;4003
78.279;5340;-25;0;4003
78.284;5192;-24;0;4003
78.289;5051;-23;0;4003
78.294;4971;-23;0;4003
78.299;4823;-22;0;4003
78.304;4743;-21;0;4003
78.309;4611;-20;0;4003
78.314;4531;-18;0;3990
78.319;4451;-17;0;4003
78.324;4371;-16;0;4003
78.329;4307;-15;0;4003
78.334;4227;-15;0;4003
78.339;4163;-14;0;4003
78.344;4099;-13;0;4003
78.349;4087;-12;0;4003
78.354;4023;-10;0;4003
78.359;4011;-8;0;4003
78.364;3947;-6;0;4003
78.369;3899;-5;0;4003
78.374;3896;-3;0;4003
78.379;3848;-2;0;4003
78.384;3852;0;0;4003
78.389;3856;2;0;4003
78.394;3868;4;0;4003
78.399;3828;5;0;4003
78.404;3834;6;0;4003
78.409;3854;7;0;4003
78.414;3874;9;0;4003
78.419;3902;10;0;4003
78.424;3922;11;0;4003
78.429;3951;11;0;4003
78.434;3979;12;0;4003
78.439;4007;13;0;4003
78.444;4043;14;0;4003
78.449;4079;14;0;4003
78.454;4063;14;0;4003
78.459;4149;14;0;4003
78.464;4137;15;0;4003
78.469;4181;15;0;4003
78.474;4225;15;0;4003
78.479;4271;15;0;4003
78.484;4317;16;0;4003
78.489;4312;16;0;4003
78.494;4361;16;0;4003
78.499;4404;17;0;4003
78.504;4501;19;0;4003
78.509;4503;19;0;4003
78.514;4506;19;0;4003
78.519;4560;18;0;4003
78.524;4616;19;0;4003
78.529;4673;20;0;4003
78.534;4731;20;0;4003
78.539;4737;19;0;4003
78.544;4745;18;0;4003
78.549;4751;18;0;4003
78.554;4803;16;0;4003
78.559;4807;15;0;4003
78.564;4864;14;0;4003
78.569;4870;13;0;4003
78.574;4876;12;0;4003
78.579;4880;12;0;4003
78.584;4937;11;0;4003
78.589;4941;10;0;4003
78.594;4945;9;0;4003
78.599;4949;9;0;4003
78.604;4953;8;0;4003
78.609;4956;8;0;4003
78.614;4959;7;0;4003
78.619;4961;7;0;4003
78.624;4964;7;0;4003
78.629;4914;6;0;4003
78.634;4914;5;0;4003
78.639;4913;3;0;4003
78.644;4912;2;0;4003
78.649;4911;1;0;4003
78.654;4856;0;0;4003
78.659;4853;0;0;4003
78.664;4849;0;0;4003
78.669;4799;0;0;4003
78.674;4794;0;0;4003
78.679;4789;-1;0;4003
78.684;4785;-1;0;4003
78.689;4780;-1;0;4003
78.694;4722;-2;0;4003
78.699;4664;-2;0;4003
78.704;4656;-2;0;4003
78.709;4648;-3;0;4003
78.714;4588;-3;0;4003
78.719;4580;-4;0;4003
78.724;4518;-4;0;4003
78.729;4508;-5;0;4003
78.734;4498;-5;0;4003
78.739;4488;-6;0;4003
78.744;4478;-6;0;4003
78.749;4414;-6;0;4003
78.754;4357;-6;0;4003
78.759;4345;-6;0;4003
78.764;4337;-6;0;4003
78.769;4325;-6;0;4003
78.774;4268;-6;0;4003
78.779;4256;-6;0;4003
78.784;4244;-6;0;4003
78.789;4180;-6;0;4003
78.794;4168;-6;0;4003
78.799;4156;-6;0;4003
78.804;4144;-6;0;4003
78.809;4132;-6;0;4003
78.814;4120;-6;0;4003
78.819;4112;-6;0;4003
78.824;4048;-6;0;4003
78.829;4036;-6;0;4003
78.834;4024;-6;0;4003
78.839;4016;-5;0;4003
78.844;4004;-5;0;4003
78.849;3940;-5;0;4003
78.854;3932;-5;0;4003
78.859;3920;-5;0;4003
78.864;3910;-4;0;4003
78.869;3900;-4;0;4003
78.874;3942;-4;0;4003
78.879;3934;-3;0;4003
78.884;3928;-2;0;4003
78.889;3922;-1;0;4003
78.894;3864;-1;0;4003
78.899;3910;0;0;4003
78.904;3905;0;0;4003
78.909;3900;0;0;4003
78.914;3896;1;0;4003
78.919;3892;1;0;4003
78.924;3889;2;0;4003
78.929;3885;2;0;4003
78.934;3882;2;0;4003
78.939;3879;2;0;4003
78.944;3876;2;0;4003
78.949;3874;3;0;4003
78.954;3871;3;0;4003
78.959;3869;3;0;4003
78.964;3866;3;0;4003
78.969;3917;3;0;4003
78.974;3916;3;0;4003
78.979;3915;3;0;4003
78.984;3914;3;0;4003
78.989;3913;2;0;4003
78.994;3912;2;0;4003
78.999;3911;2;0;4003
79.004;3910;2;0;4003
79.009;3909;2;0;4003
79.014;3908;2;0;4003
79.019;3907;2;0;4003
79.024;3958;2;0;4003
79.029;3958;2;0;4003
79.034;3958;2;0;4003
79.039;3958;2;0;4003
79.044;3958;1;0;4003
79.049;4003;1;0;4003
79.054;4004;1;0;4003
79.059;4005;1;0;4003
79.064;4006;1;0;4003
79.069;4007;1;0;4003
79.074;4008;1;0;4003
79.079;4009;1;0;4003
79.084;4009;1;0;4003
79.089;4010;1;0;4003
79.094;4011;1;0;4003
79.099;4011;1;0;4003
79.104;4012;1;0;4003
79.109;4013;1;0;4003
79.114;4013;1;0;4003
79.119;4014;1;0;4003
79.124;4015;1;0;4003
79.129;4015;1;0;4003
79.134;4016;1;0;4003
79.139;4016;1;0;4003
79.144;4017;1;0;4003
79.149;4017;1;0;4003
79.154;4018;1;0;4003
79.159;4018;1;0;4003
79.164;4019;1;0;4003
79.169;4019;1;0;4003
79.174;4019;1;0;4003
79.179;4020;1;0;4003
79.184;4020;1;0;4003
79.189;4020;1;0;4003
79.194;4021;1;0;4003
79.199;4021;1;0;4003
79.204;4021;1;0;4003
79.209;4022;1;0;4003
79.214;4022;1;0;4003
79.219;4022;1;0;4003
79.224;4022;1;0;4003
79.229;4023;1;0;4003
79.234;4023;1;0;4003
79.239;4023;1;0;4003
79.244;4023;1;0;4003
79.249;4024;1;0;4003
79.254;4024;1;0;4003
79.259;4024;1;0;4003
79.264;4024;1;0;4003
79.269;4024;1;0;4003
79.274;4024;1;0;4003
79.279;4025;1;0;4003
79.284;4025;1;0;4003
79.289;4025;1;0;4003
79.294;4025;1;0;4003
79.299;4025;1;0;4003
79.304;4025;1;0;4003
79.309;4025;1;0;4003
79.314;4025;1;0;4003
79.319;4025;1;0;4003
79.324;4025;1;0;4003
79.329;4024;1;0;4003
79.334;4024;1;0;4003
79.339;4024;1;0;4003
79.344;4024;1;0;4003
79.349;4024;1;0;4003
79.354;4024;1;0;4003
79.359;4024;1;0;4003
79.364;4024;1;0;4003
79.369;4024;1;0;4003
79.374;4024;1;0;4003
79.379;4024;1;0;4003
79.384;4024;1;0;4003
79.389;4025;1;0;4003
79.394;4025;1;0;4003
79.399;4025;1;0;4003
79.404;4025;1;0;4003
79.409;4025;1;0;4003
79.414;4025;1;0;4003
79.419;4025;1;0;4003
79.424;4025;1;0;4003
79.429;4025;1;0;4003
79.434;4025;1;0;4003
79.439;4025;1;0;4003
79.444;4025;1;0;4003
79.449;4025;1;0;4003
79.454;4025;1;0;4003
79.459;4025;1;0;4003
79.464;4025;1;0;4003
79.469;4025;1;0;4003
79.474;4025;1;0;4003
79.479;4025;1;0;4003
79.484;4025;1;0;4003
79.489;4025;1;0;4003
79.494;4025;1;0;4003
79.499;4025;1;0;4003
79.504;4025;1;0;4003
79.509;4025;1;0;4003
79.514;4025;1;0;4003
79.519;4025;1;0;4003
79.524;4025;1;0;4003
79.529;4025;1;0;4003
79.534;4025;1;0;4003
79.539;4025;1;0;4003
79.544;4025;1;0;4003
79.549;4025;1;0;4003
79.554;4025;1;0;4003
79.559;4025;1;0;4003
79.564;4025;1;0;4003
79.569;4025;1;0;4003
79.574;4025;1;0;4003
79.579;4025;1;0;4003
79.584;4025;1;0;4003
79.589;4025;1;0;4003
79.594;4025;1;0;4003
79.599;4025;1;0;4003
79.604;4025;1;0;4003
79.609;4025;1;0;4003
79.614;4025;1;0;4003
79.619;4025;1;0;4003
79.624;4025;1;0;4003
79.629;4025;1;0;4003
79.634;4025;1;0;4003
79.639;4025;1;0;4003
79.644;4025;1;0;4003
79.649;4025;1;0;4003
79.654;4025;1;0;4003
79.659;4025;1;0;4003
79.664;4025;1;0;4003
79.669;4025;1;0;4003
79.674;4025;1;0;4003
79.679;4025;1;0;4003
79.684;4025;1;0;4003
79.689;4025;1;0;4003
79.694;4025;1;0;4003
79.699;4025;1;0;4003
79.704;4025;1;0;4003
79.709;4025;1;0;4003
79.714;4025;1;0;4003
79.719;4025;1;0;4003
79.724;4025;1;0;4003
79.729;4025;1;0;4003
79.734;4025;1;0;4003
79.739;4025;1;0;4003
79.744;4025;1;0;4003
79.749;4025;1;0;4003
79.754;4025;1;0;4003
79.759;4025;1;0;4003
79.764;4025;1;0;4003
79.769;4025;1;0;4003
79.774;4025;1;0;4003
79.779;4025;1;0;4003
79.784;4025;1;0;4003
79.789;4025;1;0;4003
79.794;4025;1;0;4003
79.799;4025;1;0;4003
79.804;4025;1;0;4003
79.809;4025;1;0;4003
79.814;4025;1;0;4003
79.819;4025;1;0;4003
79.824;4025;1;0;4003
79.829;4025;1;0;4003
79.834;4025;1;0;4003
79.839;4025;1;0;4003
79.844;4025;1;0;4003
79.849;4025;1;0;4003
79.854;4025;1;0;4003
79.859;4025;1;0;4003
79.864;4025;1;0;4003
79.869;4025;1;0;4003
79.874;4025;1;0;4003
79.879;4025;1;0;4003
79.884;4025;1;0;4003
79.889;4025;1;0;4003
79.894;4025;1;0;4003
79.899;4025;1;0;4003
79.904;4025;1;0;4003
79.909;4025;1;0;4003
79.914;4025;1;0;4003
79.919;4025;1;0;4003
79.924;4025;1;0;4003
79.929;4025;1;0;4003
79.934;4025;1;0;4003
79.939;4025;1;0;4003
79.944;4025;1;0;4003
79.949;4025;1;0;4003
79.954;4025;1;0;4003
79.959;4025;1;0;4003
79.964;4025;1;0;4003
79.969;4025;1;0;4003
79.974;4025;1;0;4003
79.979;4025;1;0;4003
79.984;4025;1;0;4003
79.989;4025;1;0;4003