t;e;d;i;set

3.524;0;0;0;0
3.529;0;0;0;0
3.534;0;0;0;0
3.539;0;0;0;0
3.544;0;0;0;0
3.549;0;0;0;0
3.554;0;0;0;0
3.559;0;0;0;0
3.564;0;0;0;0
3.569;0;0;0;0
3.574;0;0;0;0
3.579;0;0;0;0
3.584;0;0;0;0
3.589;0;0;0;0
3.594;0;0;0;0
3.599;0;0;0;0
3.604;0;0;0;0
3.609;0;0;0;0
3.614;0;0;0;0
3.619;0;0;0;0
3.624;0;0;0;0
3.629;0;0;0;0
3.634;0;0;0;0
3.639;0;0;0;0
3.644;0;0;0;0
3.649;0;0;0;0
3.654;0;0;0;0
3.659;0;0;0;0
3.664;0;0;0;0
3.669;0;0;0;0
3.674;0;0;0;0
3.679;0;0;0;0
3.684;0;0;0;0
3.689;0;0;0;0
3.694;0;0;0;0
3.699;0;0;0;0
3.704;0;0;0;0
3.709;0;0;0;0
3.714;0;0;0;0
3.719;0;0;0;0
3.724;0;0;0;0
3.729;0;0;0;0
3.734;0;0;0;0
3.739;0;0;0;0
3.744;0;0;0;0
3.749;0;0;0;0
3.754;0;0;0;0
3.759;0;0;0;0
3.764;0;0;0;0
3.769;0;0;0;0
3.774;0;0;0;0
3.779;0;0;0;0
3.784;0;0;0;0
3.789;0;0;0;0
3.794;0;0;0;0
3.799;0;0;0;0
3.804;0;0;0;0
3.809;0;0;0;0
3.814;0;0;0;0
3.819;0;0;0;0
3.824;0;0;0;0
3.829;0;0;0;0
3.834;0;0;0;0
3.839;0;0;0;0
3.844;0;0;0;0
3.849;0;0;0;0
3.854;0;0;0;0
3.859;0;0;0;0
3.864;0;0;0;0
3.869;0;0;0;0
3.874;0;0;0;0
3.879;0;0;0;0
3.884;0;0;0;0
3.889;0;0;0;0
3.894;0;0;0;0
3.899;0;0;0;0
3.904;0;0;0;0
3.909;0;0;0;0
3.914;0;0;0;0
3.919;0;0;0;0
3.924;0;0;0;0
3.929;0;0;0;0
3.934;0;0;0;0
3.939;0;0;0;0
3.944;0;0;0;0
3.949;0;0;0;0
3.954;0;0;0;0
3.959;0;0;0;0
3.964;0;0;0;0
3.969;0;0;0;0
3.974;0;0;0;0
3.979;0;0;0;0
3.984;0;0;0;0
3.989;0;0;0;0
3.994;0;0;0;0
3.999;0;0;0;0
4.004;0;0;0;0
4.009;0;0;0;0
4.014;0;0;0;0
4.019;0;0;0;0
4.024;0;0;0;0
4.029;0;0;0;0
4.034;0;0;0;0
4.039;0;0;0;0
4.044;0;0;0;0
4.049;0;0;0;0
4.054;0;0;0;0
4.059;0;0;0;0
4.064;0;0;0;0
4.069;0;0;0;0
4.074;0;0;0;0
4.079;0;0;0;0
4.084;0;0;0;0
4.089;0;0;0;0
4.094;0;0;0;0
4.099;0;0;0;0
4.104;0;0;0;0
4.109;0;0;0;0
4.114;0;0;0;0
4.119;0;0;0;0
4.124;0;0;0;0
4.129;0;0;0;0
4.134;0;0;0;0
4.139;0;0;0;0
4.144;0;0;0;0
4.149;0;0;0;0
4.154;0;0;0;0
4.159;0;0;0;0
4.164;0;0;0;0
4.169;0;0;0;0
4.174;0;0;0;0
4.179;0;0;0;0
4.184;0;0;0;0
4.189;0;0;0;0
4.194;0;0;0;0
4.199;0;0;0;0
4.204;0;0;0;0
4.209;0;0;0;0
4.214;0;0;0;0
4.219;0;0;0;0
4.224;0;0;0;0
4.229;0;0;0;0
4.234;0;0;0;0
4.239;0;0;0;0
4.244;0;0;0;0
4.249;0;0;0;0
4.254;0;0;0;0
4.259;0;0;0;0
4.264;0;0;0;0
4.269;0;0;0;0
4.274;0;0;0;0
4.279;0;0;0;0
4.284;0;0;0;0
4.289;0;0;0;0
4.294;0;0;0;0
4.299;0;0;0;0
4.304;0;0;0;0
4.309;0;0;0;0
4.314;0;0;0;0
4.319;0;0;0;0
4.324;0;0;0;0
4.329;0;0;0;0
4.334;0;0;0;0
4.339;0;0;0;0
4.344;0;0;0;0
4.349;0;0;0;0
4.354;0;0;0;0
4.359;0;0;0;0
4.364;0;0;0;0
4.369;0;0;0;0
4.374;0;0;0;0
4.379;0;0;0;0
4.384;0;0;0;0
4.389;0;0;0;0
4.394;0;0;0;0
4.399;0;0;0;0
4.404;0;0;0;0
4.409;0;0;0;0
4.414;0;0;0;0
4.419;0;0;0;0
4.424;0;0;0;0
4.429;-1;0;0;0
4.434;-2;0;0;0
4.439;-2;0;0;0
4.444;-4;0;0;0
4.449;-6;0;0;0
4.454;-8;0;0;0
4.459;-9;0;0;0
4.464;-11;0;0;0
4.469;-12;0;0;0
4.474;-14;0;0;0
4.479;-16;0;0;0
4.484;-17;0;0;0
4.489;-18;0;0;0
4.494;-19;0;0;0
4.499;-20;0;0;0
4.504;-21;0;0;0
4.509;-22;0;0;0
4.514;-23;0;0;0
4.519;-24;0;0;0
4.524;-24;0;0;0
4.529;-24;0;0;0
4.534;-25;0;0;0
4.539;-25;0;0;0
4.544;-25;0;0;0
4.549;-25;0;0;0
4.554;-24;0;0;0
4.559;-24;0;0;0
4.564;-24;0;0;0
4.569;-23;0;0;0
4.574;-22;0;0;0
4.579;-22;0;0;0
4.584;-21;0;0;0
4.589;-20;0;0;0
4.594;-20;0;0;0
4.599;-18;0;0;0
4.604;-18;0;0;0
4.609;-16;0;0;0
4.614;-14;0;0;0
4.619;-14;0;0;0
4.624;-12;0;0;0
4.629;-10;0;0;0
4.634;-10;0;0;0
4.639;-8;0;0;0
4.644;-6;0;0;0
4.649;-6;0;0;0
4.654;-4;0;0;0
4.659;-2;0;0;0
4.664;-1;0;0;0
4.669;0;0;0;0
4.674;2;0;0;0
4.679;4;0;0;0
4.684;5;0;0;0
4.689;6;0;0;0
4.694;7;0;0;0
4.699;9;0;0;0
4.704;10;0;0;0
4.709;11;0;0;0
4.714;12;0;0;0
4.719;13;0;0;0
4.724;14;0;0;0
4.729;15;0;0;0
4.734;16;0;0;0
4.739;16;0;0;0
4.744;17;0;0;0
4.749;18;0;0;0
4.754;18;0;0;0
4.759;18;0;0;0
4.764;18;0;0;0
4.769;18;0;0;0
4.774;18;0;0;0
4.779;18;0;0;0
4.784;18;0;0;0
4.789;18;0;0;0
4.794;18;0;0;0
4.799;18;0;0;0
4.804;18;0;0;0
4.809;17;0;0;0
4.814;16;0;0;0
4.819;16;0;0;0
4.824;15;0;0;0
4.829;14;0;0;0
4.834;14;0;0;0
4.839;13;0;0;0
4.844;12;0;0;0
4.849;11;0;0;0
4.854;10;0;0;0
4.859;9;0;0;0
4.864;8;0;0;0
4.869;6;0;0;0
4.874;6;0;0;0
4.879;4;0;0;0
4.884;3;0;0;0
4.889;2;0;0;0
4.894;1;0;0;0
4.899;0;0;0;0
4.904;-2;0;0;0
4.909;-2;0;0;0
4.914;-4;0;0;0
4.919;-4;0;0;0
4.924;-6;0;0;0
4.929;-7;0;0;0
4.934;-8;0;0;0
4.939;-9;0;0;0
4.944;-10;0;0;0
4.949;-10;0;0;0
4.954;-11;0;0;0
4.959;-12;0;0;0
4.964;-12;0;0;0
4.969;-13;0;0;0
4.974;-14;0;0;0
4.979;-14;0;0;0
4.984;-14;0;0;0
4.989;-14;0;0;0
4.994;-14;0;0;0
4.999;-15;0;0;0
5.004;-15;0;0;0
5.009;-15;0;0;0
5.014;-15;0;0;0
5.019;-15;0;0;0
5.024;-14;0;0;0
5.029;-14;0;0;0
5.034;-14;0;0;0
5.039;-14;0;0;0
5.044;-13;0;0;0
5.049;-13;0;0;0
5.054;-12;0;0;0
5.059;-12;0;0;0
5.064;-11;0;0;0
5.069;-10;0;0;0
5.074;-10;0;0;0
5.079;-9;0;0;0
5.084;-8;0;0;0
5.089;-8;0;0;0
5.094;-6;0;0;0
5.099;-6;0;0;0
5.104;-5;0;0;0
5.109;-4;0;0;0
5.114;-4;0;0;0
5.119;-2;0;0;0
5.124;-2;0;0;0
5.129;-1;0;0;0
5.134;0;0;0;0
5.139;1;0;0;0
5.144;2;0;0;0
5.149;2;0;0;0
5.154;3;0;0;0
5.159;4;0;0;0
5.164;5;0;0;0
5.169;6;0;0;0
5.174;6;0;0;0
5.179;6;0;0;0
5.184;7;0;0;0
5.189;7;0;0;0
5.194;8;0;0;0
5.199;8;0;0;0
5.204;9;0;0;0
5.209;9;0;0;0
5.214;10;0;0;0
5.219;10;0;0;0
5.224;10;0;0;0
5.229;10;0;0;0
5.234;10;0;0;0
5.239;10;0;0;0
5.244;10;0;0;0
5.249;10;0;0;0
5.254;10;0;0;0
5.259;10;0;0;0
5.264;10;0;0;0
5.269;10;0;0;0
5.274;9;0;0;0
5.279;9;0;0;0
5.284;8;0;0;0
5.289;8;0;0;0
5.294;7;0;0;0
5.299;7;0;0;0
5.304;6;0;0;0
5.309;6;0;0;0
5.314;6;0;0;0
5.319;5;0;0;0
5.324;4;0;0;0
5.329;4;0;0;0
5.334;3;0;0;0
5.339;2;0;0;0
5.344;2;0;0;0
5.349;2;0;0;0
5.354;1;0;0;0
5.359;0;0;0;0
5.364;0;0;0;0
5.369;-1;0;0;0
5.374;-2;0;0;0
5.379;-2;0;0;0
5.384;-2;0;0;0
5.389;-2;0;0;0
5.394;-3;0;0;0
5.399;-4;0;0;0
5.404;-4;0;0;0
5.409;-4;0;0;0
5.414;-5;0;0;0
5.419;-5;0;0;0
5.424;-6;0;0;0
5.429;-6;0;0;0
5.434;-6;0;0;0
5.439;-6;0;0;0
5.444;-6;0;0;0
5.449;-6;0;0;0
5.454;-6;0;0;0
5.459;-6;0;0;0
5.464;-6;0;0;0
5.469;-6;0;0;0
5.474;-6;0;0;0
5.479;-6;0;0;0
5.484;-6;0;0;0
5.489;-6;0;0;0
5.494;-6;0;0;0
5.499;-6;0;0;0
5.504;-6;0;0;0
5.509;-6;0;0;0
5.514;-6;0;0;0
5.519;-5;0;0;0
5.524;-5;0;0;0
5.529;-5;0;0;0
5.534;-4;0;0;0
5.539;-4;0;0;0
5.544;-4;0;0;0
5.549;-4;0;0;0
5.554;-3;0;0;0
5.559;-3;0;0;0
5.564;-2;0;0;0
5.569;-2;0;0;0
5.574;-2;0;0;0
5.579;-2;0;0;0
5.584;-2;0;0;0
5.589;-1;0;0;0
5.594;-1;0;0;0
5.599;0;0;0;0
5.604;0;0;0;0
5.609;0;0;0;0
5.614;0;0;0;0
5.619;1;0;0;0
5.624;1;0;0;0
5.629;2;0;0;0
5.634;2;0;0;0
5.639;2;0;0;0
5.644;2;0;0;0
5.649;2;0;0;0
5.654;2;0;0;0
5.659;2;0;0;0
5.664;2;0;0;0
5.669;2;0;0;0
5.674;2;0;0;0
5.679;2;0;0;0
5.684;2;0;0;0
5.689;2;0;0;0
5.694;2;0;0;0
5.699;2;0;0;0
5.704;2;0;0;0
5.709;2;0;0;0
5.714;2;0;0;0
5.719;2;0;0;0
5.724;2;0;0;0
5.729;2;0;0;0
5.734;2;0;0;0
5.739;2;0;0;0
5.744;2;0;0;0
5.749;2;0;0;0
5.754;2;0;0;0
5.759;2;0;0;0
5.764;2;0;0;0
5.769;2;0;0;0
5.774;1;0;0;0
5.779;1;0;0;0
5.784;1;0;0;0
5.789;1;0;0;0
5.794;1;0;0;0
5.799;0;0;0;0
5.804;0;0;0;0
5.809;0;0;0;0
5.814;0;0;0;0
5.819;0;0;0;0
5.824;0;0;0;0
5.829;0;0;0;0
5.834;0;0;0;0
5.839;0;0;0;0
5.844;0;0;0;0
5.849;0;0;0;0
5.854;0;0;0;0
5.859;0;0;0;0
5.864;0;0;0;0
5.869;0;0;0;0
5.874;0;0;0;0
5.879;0;0;0;0
5.884;0;0;0;0
5.889;0;0;0;0
5.894;0;0;0;0
5.899;0;0;0;0
5.904;0;0;0;0
5.909;0;0;0;0
5.914;0;0;0;0
5.919;0;0;0;0
5.924;0;0;0;0
5.929;0;0;0;0
5.934;0;0;0;0
5.939;0;0;0;0
5.944;0;0;0;0
5.949;0;0;0;0
5.954;0;0;0;0
5.959;0;0;0;0
5.964;0;0;0;0
5.969;0;0;0;0
5.974;0;0;0;0
5.979;0;0;0;0
5.984;0;0;0;0
5.989;0;0;0;0
5.994;0;0;0;0
5.999;0;0;0;0
6.004;0;0;0;0
6.009;0;0;0;0
6.014;0;0;0;0
6.019;0;0;0;0
6.024;0;0;0;0
6.029;0;0;0;0
6.034;0;0;0;0
6.039;0;0;0;0
6.044;0;0;0;0
6.049;0;0;0;0
6.054;0;0;0;0
6.059;0;0;0;0
6.064;0;0;0;0
6.069;0;0;0;0
6.074;0;0;0;0
6.079;0;0;0;0
6.084;0;0;0;0
6.089;0;0;0;0
6.094;0;0;0;0
6.099;0;0;0;0
6.104;0;0;0;0
6.109;0;0;0;0
6.114;0;0;0;0
6.119;0;0;0;0
6.124;0;0;0;0
6.129;0;0;0;0
6.134;0;0;0;0
6.139;0;0;0;0
6.144;0;0;0;0
6.149;0;0;0;0
6.154;0;0;0;0
6.159;0;0;0;0
6.164;0;0;0;0
6.169;0;0;0;0
6.174;0;0;0;0
6.179;0;0;0;0
6.184;0;0;0;0
6.189;0;0;0;0
6.194;0;0;0;0
6.199;0;0;0;0
6.204;0;0;0;0
6.209;0;0;0;0
6.214;0;0;0;0
6.219;0;0;0;0
6.224;0;0;0;0
6.229;0;0;0;0
6.234;0;0;0;0
6.239;0;0;0;0
6.244;0;0;0;0
6.249;0;0;0;0
6.254;0;0;0;0
6.259;0;0;0;0
6.264;0;0;0;0
6.269;0;0;0;0
6.274;0;0;0;0
6.279;0;0;0;0
6.284;0;0;0;0
6.289;0;0;0;0
6.294;0;0;0;0
6.299;0;0;0;0
6.304;0;0;0;0
6.309;0;0;0;0
6.314;0;0;0;0
6.319;0;0;0;0
6.324;0;0;0;0
6.329;0;0;0;0
6.334;0;0;0;0
6.339;0;0;0;0
6.344;0;0;0;0
6.349;0;0;0;0
6.354;0;0;0;0
6.359;0;0;0;0
6.364;0;0;0;0
6.369;0;0;0;0
6.374;0;0;0;0
6.379;0;0;0;0
6.384;0;0;0;0
6.389;0;0;0;0
6.394;0;0;0;0
6.399;0;0;0;0
6.404;0;0;0;0
6.409;0;0;0;0
6.414;0;0;0;0
6.419;0;0;0;0
6.424;0;0;0;0
6.429;0;0;0;0
6.434;0;0;0;0
6.439;0;0;0;0
6.444;0;0;0;0
6.449;0;0;0;0
6.454;0;0;0;0
6.459;0;0;0;0
6.464;0;0;0;0
6.469;0;0;0;0
6.474;0;0;0;0
6.479;0;0;0;0
6.484;0;0;0;0
6.489;0;0;0;0
6.494;0;0;0;0
6.499;0;0;0;0
6.504;0;0;0;0
6.509;0;0;0;0
6.514;0;0;0;0
6.519;0;0;0;0
6.524;0;0;0;0
6.529;0;0;0;0
6.534;0;0;0;0
6.539;0;0;0;0
6.544;0;0;0;0
6.549;0;0;0;0
6.554;0;0;0;0
6.559;0;0;0;0
6.564;0;0;0;0
6.569;0;0;0;0
6.574;0;0;0;0
6.579;0;0;0;0
6.584;0;0;0;0
6.589;0;0;0;0
6.594;0;0;0;0
6.599;0;0;0;0
6.604;0;0;0;0
6.609;0;0;0;0
6.614;0;0;0;0
6.619;0;0;0;0
6.624;0;0;0;0
6.629;0;0;0;0
6.634;0;0;0;0
6.639;0;0;0;0
6.644;0;0;0;0
6.649;0;0;0;0
6.654;0;0;0;0
6.659;0;0;0;0
6.664;0;0;0;0
6.669;0;0;0;0
6.674;0;0;0;0
6.679;0;0;0;0
6.684;0;0;0;0
6.689;0;0;0;0
6.694;0;0;0;0
6.699;0;0;0;0
6.704;0;0;0;0
6.709;0;0;0;0
6.714;0;0;0;0
6.719;0;0;0;0
6.724;0;0;0;0
6.729;0;0;0;0
6.734;0;0;0;0
6.739;0;0;0;0
6.744;0;0;0;0
6.749;0;0;0;0
6.754;0;0;0;0
6.759;0;0;0;0
6.764;0;0;0;0
6.769;0;0;0;0
6.774;0;0;0;0
6.779;0;0;0;0
6.784;0;0;0;0
6.789;0;0;0;0
6.794;0;0;0;0
6.799;0;0;0;0
6.804;0;0;0;0
6.809;0;0;0;0
6.814;0;0;0;0
6.819;0;0;0;0
6.824;0;0;0;0
6.829;0;0;0;0
6.834;0;0;0;0
6.839;0;0;0;0
6.844;0;0;0;0
6.849;0;0;0;0
6.854;0;0;0;0
6.859;0;0;0;0
6.864;0;0;0;0
6.869;0;0;0;0
6.874;0;0;0;0
6.879;0;0;0;0
6.884;0;0;0;0
6.889;0;0;0;0
6.894;0;0;0;0
6.899;0;0;0;0
6.904;0;0;0;0
6.909;0;0;0;0
6.914;0;0;0;0
6.919;0;0;0;0
6.924;0;0;0;0
6.929;0;0;0;0
6.934;0;0;0;0
6.939;0;0;0;0
6.944;0;0;0;0
6.949;0;0;0;0
6.954;0;0;0;0
6.959;0;0;0;0
6.964;0;0;0;0
6.969;0;0;0;0
6.974;0;0;0;0
6.979;0;0;0;0
6.984;0;0;0;0
6.989;0;0;0;0
6.994;0;0;0;0
6.999;0;0;0;0
7.004;0;0;0;0
7.009;0;0;0;0
7.014;0;0;0;0
7.019;0;0;0;0
7.024;0;0;0;0
7.029;0;0;0;0
7.034;0;0;0;0
7.039;0;0;0;0
7.044;0;0;0;0
7.049;0;0;0;0
7.054;0;0;0;0
7.059;0;0;0;0
7.064;0;0;0;0
7.069;0;0;0;0
7.074;0;0;0;0
7.079;0;0;0;0
7.084;0;0;0;0
7.089;0;0;0;0
7.094;0;0;0;0
7.099;0;0;0;0
7.104;0;0;0;0
7.109;0;0;0;0
7.114;0;0;0;0
7.119;0;0;0;0
7.124;0;0;0;0
7.129;0;0;0;0
7.134;0;0;0;0
7.139;0;0;0;0
7.144;0;0;0;0
7.149;0;0;0;0
7.154;0;0;0;0
7.159;0;0;0;0
7.164;0;0;0;0
7.169;0;0;0;0
7.174;0;0;0;0
7.179;0;0;0;0
7.184;0;0;0;0
7.189;0;0;0;0
7.194;0;0;0;0
7.199;0;0;0;0
7.204;0;0;0;0
7.209;0;0;0;0
7.214;0;0;0;0
7.219;0;0;0;0
7.224;0;0;0;0
7.229;0;0;0;0
7.234;0;0;0;0
7.239;0;0;0;0
7.244;0;0;0;0
7.249;0;0;0;0
7.254;0;0;0;0
7.259;0;0;0;0
7.264;0;0;0;0
7.269;0;0;0;0
7.274;0;0;0;0
7.279;0;0;0;0
7.284;0;0;0;0
7.289;0;0;0;0
7.294;0;0;0;0
7.299;0;0;0;0
7.304;0;0;0;0
7.309;0;0;0;0
7.314;0;0;0;0
7.319;0;0;0;0
7.324;0;0;0;0
7.329;0;0;0;0
7.334;0;0;0;0
7.339;0;0;0;0
7.344;0;0;0;0
7.349;0;0;0;0
7.354;0;0;0;0
7.359;0;0;0;0
7.364;0;0;0;0
7.369;0;0;0;0
7.374;0;0;0;0
7.379;0;0;0;0
7.384;0;0;0;0
7.389;0;0;0;0
7.394;0;0;0;0
7.399;0;0;0;0
7.404;0;0;0;0
7.409;0;0;0;0
7.414;0;0;0;0
7.419;0;0;0;0
7.424;0;0;0;0
7.429;0;0;0;0
7.434;0;0;0;0
7.439;0;0;0;0
7.444;0;0;0;0
7.449;0;0;0;0
7.454;0;0;0;0
7.459;0;0;0;0
7.464;0;0;0;0
7.469;0;0;0;0
7.474;0;0;0;0
7.479;0;0;0;0
7.484;0;0;0;0
7.489;0;0;0;0
7.494;0;0;0;0
7.499;0;0;0;0
7.504;0;0;0;0
7.509;0;0;0;0
7.514;0;0;0;0
7.519;0;0;0;0
7.524;0;0;0;0
7.529;0;0;0;0
7.534;0;0;0;0
7.539;0;0;0;0
7.544;0;0;0;0
7.549;0;0;0;0
7.554;0;0;0;0
7.559;0;0;0;0
7.564;0;0;0;0
7.569;0;0;0;0
7.574;0;0;0;0
7.579;0;0;0;0
7.584;0;0;0;0
7.589;-1;0;0;0
7.594;-1;0;0;0
7.599;-1;0;0;0
7.604;-1;0;0;0
7.609;-1;0;0;0
7.614;-1;0;0;0
7.619;0;0;0;0
7.624;2;0;0;0
7.629;2;0;0;0
7.634;4;0;0;0
7.639;6;0;0;0
7.644;8;0;0;0
7.649;10;0;0;0
7.654;13;0;0;0
7.659;16;0;0;0
7.664;19;0;0;0
7.669;22;0;0;0
7.674;26;0;0;0
7.679;30;0;0;0
7.684;34;0;0;0
7.689;38;0;0;0
7.694;41;0;0;0
7.699;45;0;0;0
7.704;49;0;0;0
7.709;53;0;0;0
7.714;57;0;0;0
7.719;61;0;0;0
7.724;65;0;0;0
7.729;69;0;0;0
7.734;72;0;0;0
7.739;77;0;0;0
7.744;81;0;0;0
7.749;85;0;0;0
7.754;90;0;0;0
7.759;94;0;0;0
7.764;99;0;0;0
7.769;104;0;0;0
7.774;109;0;0;0
7.779;114;0;0;0
7.784;119;0;0;0
7.789;124;0;0;0
7.794;129;0;0;0
7.799;133;0;0;0
7.804;136;0;0;0
7.809;140;0;0;0
7.814;144;0;0;0
7.819;149;0;0;0
7.824;153;0;0;0
7.829;157;0;0;0
7.834;160;0;0;0
7.839;164;0;0;0
7.844;169;0;0;0
7.849;173;0;0;0
7.854;178;0;0;0
7.859;182;0;0;0
7.864;186;0;0;0
7.869;190;0;0;0
7.874;193;0;0;0
7.879;197;0;0;0
7.884;200;0;0;0
7.889;203;0;0;0
7.894;206;0;0;0
7.899;210;0;0;0
7.904;212;0;0;0
7.909;215;0;0;0
7.914;219;0;0;0
7.919;223;0;0;0
7.924;226;0;0;0
7.929;230;0;0;0
7.934;234;0;0;0
7.939;238;0;0;0
7.944;242;0;0;0
7.949;246;0;0;0
7.954;252;0;0;0
7.959;256;0;0;0
7.964;260;0;0;0
7.969;264;0;0;0
7.974;269;0;0;0
7.979;272;0;0;0
7.984;277;0;0;0
7.989;282;0;0;0
7.994;286;0;0;0
7.999;289;0;0;0
8.004;293;0;0;0
8.009;298;0;0;0
8.014;302;0;0;0
8.019;305;0;0;0
8.024;309;0;0;0
8.024;309;0;0;0
9.404;400;0;0;0
9.409;400;0;0;0
9.414;400;0;0;0
9.419;400;0;0;0
9.424;400;0;0;0
9.429;400;0;0;0
9.434;400;0;0;0
9.439;400;0;0;0
9.444;400;0;0;0
9.449;400;0;0;0
9.454;400;0;0;0
9.459;400;0;0;0
9.464;400;0;0;0
9.469;400;0;0;0
9.474;400;0;0;0
9.479;400;0;0;0
9.484;400;0;0;0
9.489;400;0;0;0
9.494;400;0;0;0
9.499;400;0;0;0
9.504;400;0;0;0
9.509;400;0;0;0
9.514;400;0;0;0
9.519;400;0;0;0
9.524;400;0;0;0
9.529;400;0;0;0
9.534;400;0;0;0
9.539;400;0;0;0
9.544;400;0;0;0
9.549;400;0;0;0
9.554;400;0;0;0
9.559;400;0;0;0
9.564;400;0;0;0
9.569;400;0;0;0
9.574;400;0;0;0
9.579;400;0;0;0
9.584;400;0;0;0
9.589;400;0;0;0
9.594;400;0;0;0
9.599;400;0;0;0
9.604;400;0;0;0
9.609;400;0;0;0
9.614;400;0;0;0
9.619;400;0;0;0
9.624;400;0;0;0
9.629;400;0;0;0
9.634;400;0;0;0
9.639;400;0;0;0
9.644;400;0;0;0
9.649;400;0;0;0
9.654;400;0;0;0
9.659;400;0;0;0
9.664;400;0;0;0
9.669;400;0;0;0
9.674;400;0;0;0
9.679;400;0;0;0
9.684;400;0;0;0
9.689;400;0;0;0
9.694;400;0;0;0
9.699;400;0;0;0
9.704;400;0;0;0
9.709;400;0;0;0
9.714;400;0;0;0
9.719;400;0;0;0
9.724;400;0;0;0
9.729;400;0;0;0
9.734;400;0;0;0
9.739;400;0;0;0
9.744;400;0;0;0
9.749;400;0;0;0
9.754;400;0;0;0
9.759;400;0;0;0
9.764;400;0;0;0
9.769;400;0;0;0
9.774;400;0;0;0
9.779;400;0;0;0
9.784;400;0;0;0
9.789;400;0;0;0
9.794;400;0;0;0
9.799;400;0;0;0
9.804;400;0;0;0
9.809;400;0;0;0
9.814;400;0;0;0
9.819;400;0;0;0
9.824;400;0;0;0
9.829;400;0;0;0
9.834;400;0;0;0
9.839;400;0;0;0
9.844;400;0;0;0
9.849;400;0;0;0
9.854;400;0;0;0
9.859;400;0;0;0
9.864;400;0;0;0
9.869;400;0;0;0
9.874;400;0;0;0
9.879;400;0;0;0
9.884;400;0;0;0
9.889;400;0;0;0
9.894;400;0;0;0
9.899;400;0;0;0
9.904;400;0;0;0
9.909;400;0;0;0
9.914;400;0;0;0
9.919;400;0;0;0
9.924;400;0;0;0
9.929;400;0;0;0
9.934;400;0;0;0
9.939;400;0;0;0
9.944;400;0;0;0
9.949;400;0;0;0
9.954;400;0;0;0
9.959;400;0;0;0
9.964;400;0;0;0
9.969;400;0;0;0
9.974;400;0;0;0
9.979;400;0;0;0
9.984;400;0;0;0
9.989;400;0;0;0
9.994;400;0;0;0
9.999;400;0;0;0
10.004;400;0;0;0
10.009;400;0;0;0
10.014;400;0;0;0
10.019;400;0;0;0
10.024;400;0;0;0
10.029;400;0;0;0
10.034;400;0;0;0
10.039;400;0;0;0
10.044;400;0;0;0
10.049;400;0;0;0
10.054;400;0;0;0
10.059;400;0;0;0
10.064;400;0;0;0
10.069;400;0;0;0
10.074;400;0;0;0
10.079;400;0;0;0
10.084;400;0;0;0
10.089;400;0;0;0
10.094;400;0;0;0
10.099;400;0;0;0
10.104;400;0;0;0
10.109;400;0;0;0
10.114;400;0;0;0
10.119;400;0;0;0
10.124;400;0;0;0
10.129;400;0;0;0
10.134;400;0;0;0
10.139;400;0;0;0
10.144;400;0;0;0
10.149;400;0;0;0
10.154;400;0;0;0
10.159;400;0;0;0
10.164;400;0;0;0
10.169;400;0;0;0
10.174;400;0;0;0
10.179;400;0;0;0
10.184;400;0;0;0
10.189;400;0;0;0
10.194;400;0;0;0
10.199;400;0;0;0
10.204;400;0;0;0
10.209;400;0;0;0
10.214;400;0;0;0
10.219;400;0;0;0
10.224;400;0;0;0
10.229;400;0;0;0
10.234;400;0;0;0
10.239;400;0;0;0
10.244;400;0;0;0
10.249;400;0;0;0
10.254;400;0;0;0
10.259;400;0;0;0
10.264;400;0;0;0
10.269;400;0;0;0
10.274;400;0;0;0
10.279;400;0;0;0
10.284;400;0;0;0
10.289;400;0;0;0
10.294;400;0;0;0
10.299;400;0;0;0
10.304;400;0;0;0
10.309;400;0;0;0
10.314;400;0;0;0
10.319;400;0;0;0
10.324;400;0;0;0
10.329;400;0;0;0
10.334;400;0;0;0
10.339;400;0;0;0
10.344;400;0;0;0
10.349;400;0;0;0
10.354;400;0;0;0
10.359;400;0;0;0
10.364;400;0;0;0
10.369;400;0;0;0
10.374;400;0;0;0
10.379;400;0;0;0
10.384;400;0;0;0
10.389;400;0;0;0
10.394;400;0;0;0
10.399;400;0;0;0
10.404;400;0;0;0
10.409;400;0;0;0
10.414;400;0;0;0
10.419;400;0;0;0
10.424;400;0;0;0
10.429;400;0;0;0
10.434;400;0;0;0
10.439;400;0;0;0
10.444;400;0;0;0
10.449;400;0;0;0
10.454;400;0;0;0
10.459;400;0;0;0
10.464;400;0;0;0
10.469;400;0;0;0
10.474;400;0;0;0
10.479;400;0;0;0
10.484;400;0;0;0
10.489;400;0;0;0
10.494;400;0;0;0
10.494;400;0;0;0
11.969;400;0;0;0
11.974;400;0;0;0
11.979;400;0;0;0
11.984;400;0;0;0
11.989;400;0;0;0
11.994;400;0;0;0
11.999;400;0;0;0
12.004;400;0;0;0
12.009;400;0;0;0
12.014;400;0;0;0
12.019;400;0;0;0
12.024;400;0;0;0
12.029;400;0;0;0
12.034;400;0;0;0
12.039;400;0;0;0
12.044;400;0;0;0
12.049;400;0;0;0
12.054;400;0;0;0
12.059;400;0;0;0
12.064;400;0;0;0
12.069;400;0;0;0
12.074;400;0;0;0
12.079;400;0;0;0
12.084;400;0;0;0
12.089;400;0;0;0
12.094;400;0;0;0
12.099;400;0;0;0
12.104;400;0;0;0
12.109;400;0;0;0
12.114;400;0;0;0
12.119;400;0;0;0
12.124;400;0;0;0
12.129;400;0;0;0
12.134;400;0;0;0
12.139;400;0;0;0
12.144;400;0;0;0
12.149;400;0;0;0
12.154;400;0;0;0
12.159;400;0;0;0
12.164;400;0;0;0
12.169;400;0;0;0
12.174;400;0;0;0
12.179;400;0;0;0
12.184;400;0;0;0
12.189;400;0;0;0
12.194;400;0;0;0
12.199;400;0;0;0
12.204;400;0;0;0
12.209;400;0;0;0
12.214;400;0;0;0
12.219;400;0;0;0
12.224;400;0;0;0
12.229;400;0;0;0
12.234;400;0;0;0
12.239;400;0;0;0
12.244;400;0;0;0
12.249;400;0;0;0
12.254;400;0;0;0
12.259;400;0;0;0
12.264;400;0;0;0
12.269;400;0;0;0
12.274;400;0;0;0
12.279;400;0;0;0
12.284;400;0;0;0
12.289;400;0;0;0
12.294;400;0;0;0
12.299;400;0;0;0
12.304;400;0;0;0
12.309;400;0;0;0
12.314;400;0;0;0
12.319;400;0;0;0
12.324;400;0;0;0
12.329;400;0;0;0
12.334;400;0;0;0
12.339;400;0;0;0
12.344;400;0;0;0
12.349;400;0;0;0
12.354;400;0;0;0
12.359;400;0;0;0
12.364;400;0;0;0
12.369;400;0;0;0
12.374;400;0;0;0
12.379;400;0;0;0
12.384;400;0;0;0
12.389;400;0;0;0
12.394;400;0;0;0
12.399;400;0;0;0
12.404;400;0;0;0
12.409;400;0;0;0
12.414;400;0;0;0
12.419;400;0;0;0
12.424;400;0;0;0
12.429;400;0;0;0
12.434;400;0;0;0
12.439;400;0;0;0
12.444;400;0;0;0
12.449;400;0;0;0
12.454;400;0;0;0
12.459;400;0;0;0
12.464;400;0;0;0
12.469;400;0;0;0
12.474;400;0;0;0
12.479;400;0;0;0
12.484;400;0;0;0
12.489;400;0;0;0
12.494;400;0;0;0
12.499;400;0;0;0
12.504;400;0;0;0
12.509;400;0;0;0
12.514;400;0;0;0
12.519;400;0;0;0
12.524;400;0;0;0
12.529;400;0;0;0
12.534;400;0;0;0
12.539;400;0;0;0
12.544;400;0;0;0
12.549;400;0;0;0
12.554;400;0;0;0
12.559;400;0;0;0
12.564;400;0;0;0
12.569;400;0;0;0
12.574;400;0;0;0
12.579;400;0;0;0
12.584;400;0;0;0
12.589;400;0;0;0
12.594;400;0;0;0
12.599;400;0;0;0
12.604;400;0;0;0
12.609;400;0;0;0
12.614;400;0;0;0
12.619;400;0;0;0
12.624;400;0;0;0
12.629;400;0;0;0
12.634;400;0;0;0
12.639;400;0;0;0
12.644;400;0;0;0
12.649;400;0;0;0
12.654;400;0;0;0
12.659;400;0;0;0
12.664;400;0;0;0
12.669;400;0;0;0
12.674;400;0;0;0
12.679;400;0;0;0
12.684;400;0;0;0
12.689;400;0;0;0
12.694;400;0;0;0
12.699;400;0;0;0
12.704;400;0;0;0
12.709;400;0;0;0
12.714;400;0;0;0
12.719;400;0;0;0
12.724;400;0;0;0
12.729;400;0;0;0
12.734;400;0;0;0
12.739;400;0;0;0
12.744;400;0;0;0
12.749;400;0;0;0
12.754;400;0;0;0
12.759;400;0;0;0
12.764;400;0;0;0
12.769;400;0;0;0
12.774;400;0;0;0
12.779;400;0;0;0
12.784;400;0;0;0
12.789;400;0;0;0
12.794;400;0;0;0
12.799;400;0;0;0
12.804;400;0;0;0
12.809;400;0;0;0
12.814;400;0;0;0
12.819;400;0;0;0
12.824;400;0;0;0
12.829;400;0;0;0
12.834;400;0;0;0
12.839;400;0;0;0
12.844;400;0;0;0
12.849;400;0;0;0
12.854;400;0;0;0
12.859;400;0;0;0
12.864;400;0;0;0
12.869;400;0;0;0
12.874;400;0;0;0
12.879;400;0;0;0
12.884;400;0;0;0
12.889;400;0;0;0
12.894;400;0;0;0
12.899;400;0;0;0
12.904;400;0;0;0
12.909;400;0;0;0
12.914;400;0;0;0
12.919;400;0;0;0
12.924;400;0;0;0
12.929;400;0;0;0
12.934;400;0;0;0
12.939;400;0;0;0
12.944;400;0;0;0
12.949;400;0;0;0
12.954;400;0;0;0
12.959;400;0;0;0
12.964;400;0;0;0
12.969;400;0;0;0
12.974;400;0;0;0
12.979;400;0;0;0
12.984;400;0;0;0
12.989;400;0;0;0
12.994;400;0;0;0
12.999;400;0;0;0
13.004;400;0;0;0
13.009;400;0;0;0
13.014;400;0;0;0
13.019;400;0;0;0
13.024;400;0;0;0
13.029;400;0;0;0
13.034;400;0;0;0
13.039;400;0;0;0
13.044;400;0;0;0
13.049;400;0;0;0
13.054;400;0;0;0
13.059;400;0;0;0
13.064;400;0;0;0
13.069;400;0;0;0
13.074;400;0;0;0
13.079;400;0;0;0
13.084;400;0;0;0
13.089;400;0;0;0
13.094;400;0;0;0
13.099;400;0;0;0
13.104;400;0;0;0
13.109;400;0;0;0
13.114;400;0;0;0
13.119;400;0;0;0
13.124;400;0;0;0
13.129;400;0;0;0
13.134;400;0;0;0
13.139;400;0;0;0
13.144;400;0;0;0
13.149;400;0;0;0
13.154;400;0;0;0
13.159;400;0;0;0
13.164;400;0;0;0
13.169;400;0;0;0
13.174;400;0;0;0
13.179;400;0;0;0
13.184;400;0;0;0
13.189;400;0;0;0
13.194;400;0;0;0
13.199;400;0;0;0
13.204;400;0;0;0
13.209;400;0;0;0
13.214;400;0;0;0
13.219;400;0;0;0
13.224;400;0;0;0
13.229;400;0;0;0
0.0;402;0;0;0
14.699;402;0;0;0
14.704;402;0;0;0
14.709;402;0;0;0
14.714;402;0;0;0
14.719;402;0;0;0
14.724;402;0;0;0
14.729;402;0;0;0
14.734;402;0;0;0
14.739;402;0;0;0
14.744;402;0;0;0
14.749;402;0;0;0
14.754;402;0;0;0
14.759;402;0;0;0
14.764;402;0;0;0
14.769;402;0;0;0
14.774;402;0;0;0
14.779;402;0;0;0
14.784;402;0;0;0
14.789;402;0;0;0
14.794;402;0;0;0
14.799;402;0;0;0
14.804;402;0;0;0
14.809;402;0;0;0
14.814;402;0;0;0
14.819;402;0;0;0
14.824;402;0;0;0
14.829;402;0;0;0
14.834;402;0;0;0
14.839;401;0;0;0
14.844;401;0;0;0
14.849;401;0;0;0
14.854;401;0;0;0
14.859;401;0;0;0
14.864;401;0;0;0
14.869;401;0;0;0
14.874;401;0;0;0
14.879;401;0;0;0
14.884;401;0;0;0
14.889;401;0;0;0
14.894;401;0;0;0
14.899;401;0;0;0
14.904;401;0;0;0
14.909;401;0;0;0
14.914;401;0;0;0
14.919;401;0;0;0
14.924;401;0;0;0
14.929;402;0;0;0
14.934;402;0;0;0
14.939;402;0;0;0
14.944;402;0;0;0
14.949;402;0;0;0
14.954;402;0;0;0
14.959;402;0;0;0
14.964;402;0;0;0
14.969;402;0;0;0
14.974;402;0;0;0
14.979;402;0;0;0
14.984;402;0;0;0
14.989;402;0;0;0
14.994;402;0;0;0
14.999;402;0;0;0
15.004;402;0;0;0
15.009;402;0;0;0
15.014;402;0;0;0
15.019;402;0;0;0
15.024;402;0;0;0
15.029;402;0;0;0
15.034;402;0;0;0
15.039;402;0;0;0
15.044;402;0;0;0
15.049;402;0;0;0
15.054;402;0;0;0
15.059;403;0;0;0
15.064;403;0;0;0
15.069;403;0;0;0
15.074;403;0;0;0
15.079;403;0;0;0
15.084;403;0;0;0
15.089;403;0;0;0
15.094;403;0;0;0
15.099;403;0;0;0
15.104;403;0;0;0
15.109;403;0;0;0
15.114;403;0;0;0
15.119;403;0;0;0
15.124;403;0;0;0
15.129;403;0;0;0
15.134;404;0;0;0
15.139;404;0;0;0
15.144;404;0;0;0
15.149;404;0;0;0
15.154;404;0;0;0
15.159;404;0;0;0
15.164;404;0;0;0
15.169;404;0;0;0
15.174;404;0;0;0
15.179;404;0;0;0
15.184;404;0;0;0
15.189;404;0;0;0
15.194;404;0;0;0
15.199;404;0;0;0
15.204;404;0;0;0
15.209;404;0;0;0
15.214;403;0;0;0
15.219;403;0;0;0
15.224;403;0;0;0
15.229;403;0;0;0
15.234;402;0;0;0
15.239;402;0;0;0
15.244;402;0;0;0
15.249;402;0;0;0
15.254;402;0;0;0
15.259;402;0;0;0
15.264;402;0;0;0
15.269;402;0;0;0
15.274;402;0;0;0
15.279;402;0;0;0
15.284;402;0;0;0
15.289;402;0;0;0
15.294;402;0;0;0
15.299;402;0;0;0
15.304;401;0;0;0
15.309;401;0;0;0
15.314;401;0;0;0
15.319;401;0;0;0
15.324;401;0;0;0
15.329;401;0;0;0
15.334;401;0;0;0
15.339;401;0;0;0
15.344;401;0;0;0
15.349;401;0;0;0
15.354;400;0;0;0
15.359;400;0;0;0
15.364;400;0;0;0
15.369;400;0;0;0
15.374;400;0;0;0
15.379;400;0;0;0
15.384;400;0;0;0
15.389;400;0;0;0
15.394;400;0;0;0
15.399;400;0;0;0
15.404;400;0;0;0
15.409;400;0;0;0
15.414;400;0;0;0
15.419;400;0;0;0
15.424;400;0;0;0
15.429;400;0;0;0
15.434;400;0;0;0
15.439;400;0;0;0
15.444;400;0;0;0
15.449;400;0;0;0
15.454;400;0;0;0
15.459;400;0;0;0
15.464;400;0;0;0
15.469;400;0;0;0
15.474;400;0;0;0
15.479;400;0;0;0
15.484;400;0;0;0
15.489;400;0;0;0
15.494;400;0;0;0
15.499;400;0;0;0
15.504;400;0;0;0
15.509;400;0;0;0
15.514;400;0;0;0
15.519;400;0;0;0
15.524;400;0;0;0
15.529;400;0;0;0
15.534;400;0;0;0
15.539;400;0;0;0
15.544;400;0;0;0
15.549;400;0;0;0
15.554;400;0;0;0
15.559;400;0;0;0
15.564;400;0;0;0
15.569;400;0;0;0
15.574;400;0;0;0
15.579;400;0;0;0
15.584;400;0;0;0
15.589;400;0;0;0
15.594;400;0;0;0
15.599;400;0;0;0
15.604;400;0;0;0
15.609;400;0;0;0
15.614;400;0;0;0
15.619;400;0;0;0
15.624;400;0;0;0
15.629;400;0;0;0
15.634;400;0;0;0
15.639;400;0;0;0
15.644;400;0;0;0
15.649;400;0;0;0
15.654;400;0;0;0
15.659;400;0;0;0
15.664;400;0;0;0
15.669;400;0;0;0
15.674;399;0;0;0
15.679;399;0;0;0
15.684;399;0;0;0
15.689;399;0;0;0
15.694;399;0;0;0
15.699;399;0;0;0
15.704;399;0;0;0
15.709;399;0;0;0
15.714;399;0;0;0
15.719;399;0;0;0
15.724;399;0;0;0
15.729;399;0;0;0
15.734;399;0;0;0
15.739;399;0;0;0
15.744;399;0;0;0
15.749;399;0;0;0
15.754;399;0;0;0
15.759;399;0;0;0
15.764;399;0;0;0
15.769;399;0;0;0
15.774;399;0;0;0
15.779;399;0;0;0
15.784;399;0;0;0
15.789;399;0;0;0
15.794;399;0;0;0
15.799;399;0;0;0
15.804;399;0;0;0
15.809;399;0;0;0
15.814;399;0;0;0
15.819;399;0;0;0
15.824;399;0;0;0
15.829;399;0;0;0
15.834;399;0;0;0
15.839;399;0;0;0
15.844;399;0;0;0
15.849;399;0;0;0
15.854;399;0;0;0
15.859;399;0;0;0
15.864;399;0;0;0
15.869;399;0;0;0
15.874;399;0;0;0
15.879;399;0;0;0
15.884;399;0;0;0
15.889;399;0;0;0
15.894;399;0;0;0
15.899;399;0;0;0
15.904;399;0;0;0
15.909;399;0;0;0
15.914;399;0;0;0
15.919;399;0;0;0
15.924;399;0;0;0
15.929;399;0;0;0
15.934;399;0;0;0
15.939;399;0;0;0
15.944;399;0;0;0
15.949;399;0;0;0
15.954;399;0;0;0
15.959;399;0;0;0
15.964;399;0;0;0
15.969;399;0;0;0
15.974;399;0;0;0
15.979;399;0;0;0
15.984;399;0;0;0
15.989;399;0;0;0
15.994;399;0;0;0
15.999;399;0;0;0
16.004;399;0;0;0
16.009;399;0;0;0
16.014;399;0;0;0
16.019;399;0;0;0
16.024;399;0;0;0
16.024;399;0;0;0
17.559;398;0;0;0
17.564;398;0;0;0
17.569;398;0;0;0
17.574;398;0;0;0
17.574;398;0;0;0
17.559;398;0;0;0
17.564;398;0;0;0
17.569;398;0;0;0
17.574;398;0;0;0
17.579;398;0;0;0
17.584;398;0;0;0
17.589;398;0;0;0
17.594;398;0;0;0
17.599;398;0;0;0
17.604;398;0;0;0
17.609;398;0;0;0
17.614;398;0;0;0
17.619;398;0;0;0
17.624;398;0;0;0
17.629;398;0;0;0
17.634;398;0;0;0
17.639;398;0;0;0
17.644;398;0;0;0
17.649;398;0;0;0
17.654;398;0;0;0
17.659;398;0;0;0
17.664;398;0;0;0
17.669;398;0;0;0
17.674;398;0;0;0
17.679;398;0;0;0
17.684;398;0;0;0
17.689;398;0;0;0
17.694;398;0;0;0
17.699;398;0;0;0
17.704;398;0;0;0
17.709;398;0;0;0
17.714;398;0;0;0
17.719;398;0;0;0
17.724;398;0;0;0
17.729;398;0;0;0
17.734;398;0;0;0
17.739;398;0;0;0
17.744;398;0;0;0
17.749;398;0;0;0
17.754;398;0;0;0
17.759;398;0;0;0
17.764;398;0;0;0
17.769;398;0;0;0
17.774;398;0;0;0
17.779;398;0;0;0
17.784;398;0;0;0
17.789;398;0;0;0
17.794;398;0;0;0
17.799;398;0;0;0
17.804;398;0;0;0
17.809;398;0;0;0
17.814;398;0;0;0
17.819;398;0;0;0
17.824;398;0;0;0
17.829;398;0;0;0
17.834;398;0;0;0
17.839;398;0;0;0
17.844;398;0;0;0
17.849;398;0;0;0
17.854;398;0;0;0
17.859;398;0;0;0
17.864;398;0;0;0
17.869;398;0;0;0
17.874;398;0;0;0
17.879;398;0;0;0
17.884;398;0;0;0
17.889;398;0;0;0
17.894;398;0;0;0
17.899;398;0;0;0
17.904;398;0;0;0
17.909;398;0;0;0
17.914;398;0;0;0
17.919;398;0;0;0
17.924;398;0;0;0
17.929;398;0;0;0
17.934;398;0;0;0
17.939;398;0;0;0
17.944;398;0;0;0
17.949;398;0;0;0
17.954;398;0;0;0
17.959;398;0;0;0
17.964;398;0;0;0
17.969;398;0;0;0
17.974;398;0;0;0