t;e;i;d;set
0.0;0.0;0.0;0.0;0
0.0;0.0;0.0;0.0;0
0.0;300.0;-0.3;0.0;0
0.003;301.0;-0.5;0.0;0
0.006;300.0;-0.5;0.0;0
0.009000000000000001;301.0;-0.5;0.0;0
0.012;300.0;-0.5;0.0;0
0.015000000000000001;300.0;-0.5;0.0;0
0.018000000000000002;299.0;-0.5;0.0;0
0.021;299.0;-0.5;0.0;0
0.024;298.0;-0.5;0.0;0
0.027;297.0;-0.5;0.0;0
0.030000000000000002;296.0;-0.5;0.0;0
0.033;295.0;-0.5;-1.0;0
0.036000000000000004;293.0;-0.5;-1.0;0
0.039;292.0;-0.5;-1.0;0
0.042;290.0;-0.5;-1.0;0
0.045000000000000005;288.0;-0.5;-1.0;0
0.048;286.0;-0.5;-1.0;0
0.051000000000000004;284.0;-0.5;-1.0;0
0.054;281.0;-0.5;-1.0;0
0.057;279.0;-0.5;-1.0;0
0.060000000000000005;276.0;-0.5;-1.0;0
0.063;273.0;-0.5;-1.0;0
0.066;270.0;-0.5;-3.0;0
0.069;267.0;-0.5;-3.0;0
0.07200000000000001;263.0;-0.5;-3.0;0
0.075;260.0;-0.5;-3.0;0
0.078;256.0;-0.5;-3.0;0
0.081;252.0;-0.5;-3.0;0
0.084;248.0;-0.5;-3.0;0
0.08700000000000001;244.0;-0.5;-3.0;0
0.09000000000000001;239.0;-0.5;-3.0;0
0.093;234.0;-0.5;-3.0;0
0.096;229.0;-0.5;-3.0;0
0.099;224.0;-0.5;-5.0;0
0.10200000000000001;219.0;-0.5;-5.0;0
0.10500000000000001;213.0;-0.5;-5.0;0
0.108;207.0;-0.5;-5.0;0
0.111;202.0;-0.5;-5.0;0
0.114;195.0;-0.5;-5.0;0
0.117;189.0;-0.5;-5.0;0
0.12000000000000001;182.0;-0.5;-5.0;0
0.12300000000000001;176.0;-0.5;-5.0;0
0.126;169.0;-0.5;-5.0;0
0.129;161.0;-0.5;-5.0;0
0.132;154.0;-0.5;-7.0;0
0.135;147.0;-0.5;-7.0;0
0.138;139.0;-0.5;-7.0;0
0.14100000000000001;131.0;-0.5;-7.0;0
0.14400000000000002;123.0;-0.5;-7.0;0
0.14700000000000002;115.0;-0.5;-7.0;0
0.15;106.0;-0.5;-7.0;0
0.153;98.0;-0.5;-7.0;0
0.156;89.0;-0.5;-7.0;0
0.159;80.0;-0.5;-7.0;0
0.162;71.0;-0.5;-7.0;0
0.165;62.0;-0.5;-9.0;0
0.168;53.0;-0.5;-9.0;0
0.171;44.0;-0.5;-9.0;0
0.17400000000000002;35.0;-0.5;-9.0;0
0.17700000000000002;25.0;-0.5;-9.0;0
0.18000000000000002;16.0;-0.5;-9.0;0
0.183;7.0;-0.5;-9.0;0
0.186;-2.0;0.5;-9.0;0
0.189;-10.0;0.5;-9.0;0
0.192;-19.0;0.5;-9.0;0
0.195;-27.0;0.5;-9.0;0
0.198;-35.0;0.5;-8.0;0
0.201;-43.0;0.5;-8.0;0
0.20400000000000001;-51.0;0.5;-8.0;0
0.20700000000000002;-59.0;0.5;-8.0;0
0.21000000000000002;-67.0;0.5;-8.0;0
0.21300000000000002;-75.0;0.5;-8.0;0
0.216;-82.0;0.5;-8.0;0
0.219;-90.0;0.5;-8.0;0
0.222;-97.0;0.5;-8.0;0
0.225;-104.0;0.5;-8.0;0
0.228;-111.0;0.5;-8.0;0
0.231;-118.0;0.5;-7.0;0
0.234;-125.0;0.5;-7.0;0
0.23700000000000002;-131.0;0.5;-7.0;0
0.24000000000000002;-137.0;0.5;-7.0;0
0.24300000000000002;-143.0;0.5;-7.0;0
0.24600000000000002;-149.0;0.5;-7.0;0
0.249;-155.0;0.5;-7.0;0
0.252;-160.0;0.5;-7.0;0
0.255;-166.0;0.5;-7.0;0
0.258;-171.0;0.5;-7.0;0
0.261;-175.0;0.5;-7.0;0
0.264;-180.0;0.5;-5.0;0
0.267;-184.0;0.5;-5.0;0
0.27;-189.0;0.5;-5.0;0
0.273;-192.0;0.5;-5.0;0
0.276;-196.0;0.5;-5.0;0
0.279;-200.0;0.5;-5.0;0
0.28200000000000003;-203.0;0.5;-5.0;0
0.28500000000000003;-206.0;0.5;-5.0;0
0.28800000000000003;-209.0;0.5;-5.0;0
0.29100000000000004;-211.0;0.5;-5.0;0
0.29400000000000004;-214.0;0.5;-5.0;0
0.29700000000000004;-216.0;0.5;-2.0;0
0.3;-218.0;0.5;-2.0;0
0.303;-220.0;0.5;-2.0;0
0.306;-221.0;0.5;-2.0;0
0.309;-223.0;0.5;-2.0;0
0.312;-224.0;0.5;-2.0;0
0.315;-225.0;0.5;-2.0;0
0.318;-225.0;0.5;-2.0;0
0.321;-226.0;0.5;-2.0;0
0.324;-226.0;0.5;-2.0;0
0.327;-226.0;0.5;-2.0;0
0.33;-226.0;0.5;0.0;0
0.333;-226.0;0.5;0.0;0
0.336;-225.0;0.5;0.0;0
0.339;-224.0;0.5;0.0;0
0.342;-223.0;0.5;0.0;0
0.34500000000000003;-222.0;0.5;0.0;0
0.34800000000000003;-221.0;0.5;0.0;0
0.35100000000000003;-219.0;0.5;0.0;0
0.35400000000000004;-217.0;0.5;0.0;0
0.35700000000000004;-215.0;0.5;0.0;0
0.36000000000000004;-213.0;0.5;0.0;0
0.36300000000000004;-211.0;0.5;2.0;0
0.366;-208.0;0.5;2.0;0
0.369;-205.0;0.5;2.0;0
0.372;-202.0;0.5;2.0;0
0.375;-199.0;0.5;2.0;0
0.378;-195.0;0.5;2.0;0
0.381;-192.0;0.5;2.0;0
0.384;-188.0;0.5;2.0;0
0.387;-184.0;0.5;2.0;0
0.39;-179.0;0.5;2.0;0
0.393;-175.0;0.5;2.0;0
0.396;-170.0;0.5;5.0;0
0.399;-165.0;0.5;5.0;0
0.402;-160.0;0.5;5.0;0
0.405;-155.0;0.5;5.0;0
0.40800000000000003;-149.0;0.5;5.0;0
0.41100000000000003;-143.0;0.5;5.0;0
0.41400000000000003;-138.0;0.5;5.0;0
0.41700000000000004;-132.0;0.5;5.0;0
0.42000000000000004;-126.0;0.5;5.0;0
0.42300000000000004;-119.0;0.5;5.0;0
0.42600000000000005;-113.0;0.5;5.0;0
0.42900000000000005;-106.0;0.5;7.0;0
0.432;-99.0;0.5;7.0;0
0.435;-92.0;0.5;7.0;0
0.438;-85.0;0.5;7.0;0
0.441;-77.0;0.5;7.0;0
0.444;-70.0;0.5;7.0;0
0.447;-63.0;0.5;7.0;0
0.45;-55.0;0.5;7.0;0
0.453;-48.0;0.5;7.0;0
0.456;-40.0;0.5;7.0;0
0.459;-32.0;0.5;7.0;0
0.462;-25.0;0.5;7.0;0
0.465;-17.0;0.5;7.0;0
0.468;-9.0;0.5;7.0;0
0.47100000000000003;-1.0;0.5;7.0;0
0.47400000000000003;7.0;-0.5;7.0;0
0.47700000000000004;13.0;-0.5;7.0;0
0.48000000000000004;20.0;-0.5;7.0;0
0.48300000000000004;26.0;-0.5;7.0;0
0.48600000000000004;34.0;-0.5;7.0;0
0.48900000000000005;40.0;-0.5;7.0;0
0.49200000000000005;47.0;-0.5;7.0;0
0.49500000000000005;53.0;-0.5;6.0;0
0.498;60.0;-0.5;6.0;0
0.501;65.0;-0.5;6.0;0
0.504;72.0;-0.5;6.0;0
0.507;78.0;-0.5;6.0;0
0.51;84.0;-0.5;6.0;0
0.513;89.0;-0.5;6.0;0
0.516;95.0;-0.5;6.0;0
0.519;100.0;-0.5;6.0;0
0.522;106.0;-0.5;6.0;0
0.525;111.0;-0.5;6.0;0
0.528;116.0;-0.5;5.0;0
0.531;121.0;-0.5;5.0;0
0.534;125.0;-0.5;5.0;0
0.537;130.0;-0.5;5.0;0
0.54;134.0;-0.5;5.0;0
0.543;138.0;-0.5;5.0;0
0.546;142.0;-0.5;5.0;0
0.549;146.0;-0.5;5.0;0
0.552;149.0;-0.5;5.0;0
0.555;152.0;-0.5;5.0;0
0.558;155.0;-0.5;5.0;0
0.561;158.0;-0.5;3.0;0
0.5640000000000001;161.0;-0.5;3.0;0
0.5670000000000001;163.0;-0.5;3.0;0
0.5700000000000001;166.0;-0.5;3.0;0
0.5730000000000001;168.0;-0.5;3.0;0
0.5760000000000001;169.0;-0.5;3.0;0
0.5790000000000001;171.0;-0.5;3.0;0
0.5820000000000001;172.0;-0.5;3.0;0
0.5850000000000001;174.0;-0.5;3.0;0
0.5880000000000001;175.0;-0.5;3.0;0
0.5910000000000001;175.0;-0.5;3.0;0
0.5940000000000001;176.0;-0.5;1.0;0
0.597;176.0;-0.5;1.0;0
0.6;176.0;-0.5;1.0;0
0.603;176.0;-0.5;1.0;0
0.606;176.0;-0.5;1.0;0
0.609;175.0;-0.5;1.0;0
0.612;175.0;-0.5;1.0;0
0.615;174.0;-0.5;1.0;0
0.618;173.0;-0.5;1.0;0
0.621;171.0;-0.5;1.0;0
0.624;170.0;-0.5;1.0;0
0.627;168.0;-0.5;-2.0;0
0.63;166.0;-0.5;-2.0;0
0.633;164.0;-0.5;-2.0;0
0.636;162.0;-0.5;-2.0;0
0.639;159.0;-0.5;-2.0;0
0.642;157.0;-0.5;-2.0;0
0.645;153.0;-0.5;-2.0;0
0.648;150.0;-0.5;-2.0;0
0.651;147.0;-0.5;-2.0;0
0.654;144.0;-0.5;-2.0;0
0.657;140.0;-0.5;-2.0;0
0.66;136.0;-0.5;-4.0;0
0.663;132.0;-0.5;-4.0;0
0.666;128.0;-0.5;-4.0;0
0.669;123.0;-0.5;-4.0;0
0.672;119.0;-0.5;-4.0;0
0.675;114.0;-0.5;-4.0;0
0.678;109.0;-0.5;-4.0;0
0.681;104.0;-0.5;-4.0;0
0.684;99.0;-0.5;-4.0;0
0.687;93.0;-0.5;-4.0;0
0.6900000000000001;88.0;-0.5;-4.0;0
0.6930000000000001;82.0;-0.5;-6.0;0
0.6960000000000001;77.0;-0.5;-6.0;0
0.6990000000000001;71.0;-0.5;-6.0;0
0.7020000000000001;65.0;-0.5;-6.0;0
0.7050000000000001;59.0;-0.5;-6.0;0
0.7080000000000001;53.0;-0.5;-6.0;0
0.7110000000000001;47.0;-0.5;-6.0;0
0.7140000000000001;41.0;-0.5;-6.0;0
0.7170000000000001;34.0;-0.5;-6.0;0
0.7200000000000001;28.0;-0.5;-6.0;0
0.7230000000000001;21.0;-0.5;-6.0;0
0.7260000000000001;15.0;-0.5;-6.0;0
0.729;8.0;-0.5;-6.0;0
0.732;2.0;-0.5;-6.0;0
0.735;-4.0;0.5;-6.0;0
0.738;-10.0;0.5;-6.0;0
0.741;-15.0;0.5;-6.0;0
0.744;-21.0;0.5;-6.0;0
0.747;-26.0;0.5;-6.0;0
0.75;-32.0;0.5;-6.0;0
0.753;-37.0;0.5;-6.0;0
0.756;-42.0;0.5;-6.0;0
0.759;-47.0;0.5;-5.0;0
0.762;-52.0;0.5;-5.0;0
0.765;-57.0;0.5;-5.0;0
0.768;-62.0;0.5;-5.0;0
0.771;-66.0;0.5;-5.0;0
0.774;-71.0;0.5;-5.0;0
0.777;-75.0;0.5;-5.0;0
0.78;-80.0;0.5;-5.0;0
0.783;-84.0;0.5;-5.0;0
0.786;-88.0;0.5;-5.0;0
0.789;-92.0;0.5;-5.0;0
0.792;-96.0;0.5;-4.0;0
0.795;-100.0;0.5;-4.0;0
0.798;-103.0;0.5;-4.0;0
0.801;-106.0;0.5;-4.0;0
0.804;-110.0;0.5;-4.0;0
0.807;-112.0;0.5;-4.0;0
0.81;-116.0;0.5;-4.0;0
0.8130000000000001;-118.0;0.5;-4.0;0
0.8160000000000001;-121.0;0.5;-4.0;0
0.8190000000000001;-123.0;0.5;-4.0;0
0.8220000000000001;-125.0;0.5;-4.0;0
0.8250000000000001;-127.0;0.5;-2.0;0
0.8280000000000001;-129.0;0.5;-2.0;0
0.8310000000000001;-130.0;0.5;-2.0;0
0.8340000000000001;-132.0;0.5;-2.0;0
0.8370000000000001;-133.0;0.5;-2.0;0
0.8400000000000001;-134.0;0.5;-2.0;0
0.8430000000000001;-135.0;0.5;-2.0;0
0.8460000000000001;-136.0;0.5;-2.0;0
0.8490000000000001;-136.0;0.5;-2.0;0
0.8520000000000001;-136.0;0.5;-2.0;0
0.8550000000000001;-136.0;0.5;-2.0;0
0.8580000000000001;-136.0;0.5;0.0;0
0.861;-136.0;0.5;0.0;0
0.864;-136.0;0.5;0.0;0
0.867;-135.0;0.5;0.0;0
0.87;-134.0;0.5;0.0;0
0.873;-133.0;0.5;0.0;0
0.876;-132.0;0.5;0.0;0
0.879;-130.0;0.5;0.0;0
0.882;-129.0;0.5;0.0;0
0.885;-127.0;0.5;0.0;0
0.888;-125.0;0.5;0.0;0
0.891;-123.0;0.5;2.0;0
0.894;-121.0;0.5;2.0;0
0.897;-118.0;0.5;2.0;0
0.9;-116.0;0.5;2.0;0
0.903;-113.0;0.5;2.0;0
0.906;-110.0;0.5;2.0;0
0.909;-107.0;0.5;2.0;0
0.912;-104.0;0.5;2.0;0
0.915;-100.0;0.5;2.0;0
0.918;-97.0;0.5;2.0;0
0.921;-93.0;0.5;2.0;0
0.924;-90.0;0.5;3.0;0
0.927;-86.0;0.5;3.0;0
0.93;-82.0;0.5;3.0;0
0.933;-77.0;0.5;3.0;0
0.936;-73.0;0.5;3.0;0
0.9390000000000001;-69.0;0.5;3.0;0
0.9420000000000001;-65.0;0.5;3.0;0
0.9450000000000001;-60.0;0.5;3.0;0
0.9480000000000001;-55.0;0.5;3.0;0
0.9510000000000001;-50.0;0.5;3.0;0
0.9540000000000001;-46.0;0.5;3.0;0
0.9570000000000001;-40.0;0.5;6.0;0
0.9600000000000001;-36.0;0.5;6.0;0
0.9630000000000001;-30.0;0.5;6.0;0
0.9660000000000001;-26.0;0.5;6.0;0
0.9690000000000001;-20.0;0.5;6.0;0
0.9720000000000001;-16.0;0.5;6.0;0
0.9750000000000001;-10.0;0.5;6.0;0
0.9780000000000001;-5.0;0.5;6.0;0
0.9810000000000001;0.0;-0.5;6.0;0
0.9840000000000001;5.0;-0.5;6.0;0
0.9870000000000001;9.0;-0.5;6.0;0
0.9900000000000001;13.0;-0.5;4.0;0
0.993;17.0;-0.5;4.0;0
0.996;21.0;-0.5;4.0;0
0.999;25.0;-0.5;4.0;0
1.002;29.0;-0.5;4.0;0
1.0050000000000001;33.0;-0.5;4.0;0
1.008;37.0;-0.5;4.0;0
1.0110000000000001;41.0;-0.5;4.0;0
1.014;45.0;-0.5;4.0;0
1.0170000000000001;48.0;-0.5;4.0;0
1.02;52.0;-0.5;4.0;0
1.0230000000000001;55.0;-0.5;3.0;0
1.026;59.0;-0.5;3.0;0
1.0290000000000001;62.0;-0.5;3.0;0
1.032;65.0;-0.5;3.0;0
1.0350000000000001;68.0;-0.5;3.0;0
1.038;71.0;-0.5;3.0;0
1.0410000000000001;74.0;-0.5;3.0;0
1.044;77.0;-0.5;3.0;0
1.0470000000000002;79.0;-0.5;3.0;0
1.05;82.0;-0.5;3.0;0
1.0530000000000002;84.0;-0.5;3.0;0
1.056;86.0;-0.5;2.0;0
1.059;88.0;-0.5;2.0;0
1.062;90.0;-0.5;2.0;0
1.065;92.0;-0.5;2.0;0
1.068;94.0;-0.5;2.0;0
1.071;95.0;-0.5;2.0;0
1.074;96.0;-0.5;2.0;0
1.077;97.0;-0.5;2.0;0
1.08;99.0;-0.5;2.0;0
1.083;99.0;-0.5;2.0;0
1.086;100.0;-0.5;2.0;0
1.089;101.0;-0.5;1.0;0
1.092;101.0;-0.5;1.0;0
1.095;101.0;-0.5;1.0;0
1.098;102.0;-0.5;1.0;0
1.101;102.0;-0.5;1.0;0
1.104;102.0;-0.5;1.0;0
1.107;101.0;-0.5;1.0;0
1.11;101.0;-0.5;1.0;0
1.113;100.0;-0.5;1.0;0
1.116;100.0;-0.5;1.0;0
1.119;98.0;-0.5;1.0;0
1.122;98.0;-0.5;0.0;0
1.125;96.0;-0.5;0.0;0
1.1280000000000001;95.0;-0.5;0.0;0
1.131;93.0;-0.5;0.0;0
1.1340000000000001;92.0;-0.5;0.0;0
1.137;90.0;-0.5;0.0;0
1.1400000000000001;88.0;-0.5;0.0;0
1.143;86.0;-0.5;0.0;0
1.1460000000000001;84.0;-0.5;0.0;0
1.149;82.0;-0.5;0.0;0
1.1520000000000001;79.0;-0.5;0.0;0
1.155;77.0;-0.5;-2.0;0
1.1580000000000001;74.0;-0.5;-2.0;0
1.161;71.0;-0.5;-2.0;0
1.1640000000000001;69.0;-0.5;-2.0;0
1.167;65.0;-0.5;-2.0;0
1.1700000000000002;63.0;-0.5;-2.0;0
1.173;59.0;-0.5;-2.0;0
1.1760000000000002;56.0;-0.5;-2.0;0
1.179;53.0;-0.5;-2.0;0
1.1820000000000002;50.0;-0.5;-2.0;0
1.185;46.0;-0.5;-2.0;0
1.1880000000000002;43.0;-0.5;-3.0;0
1.191;39.0;-0.5;-3.0;0
1.194;35.0;-0.5;-3.0;0
1.197;31.0;-0.5;-3.0;0
1.2;28.0;-0.5;-3.0;0
1.203;24.0;-0.5;-3.0;0
1.206;20.0;-0.5;-3.0;0
1.209;16.0;-0.5;-3.0;0
1.212;12.0;-0.5;-3.0;0
1.215;8.0;-0.5;-3.0;0
1.218;5.0;-0.5;-3.0;0
1.221;0.0;-0.5;-5.0;0
1.224;-3.0;0.5;-5.0;0
1.227;-6.0;0.5;-5.0;0
1.23;-9.0;0.5;-5.0;0
1.233;-12.0;0.5;-5.0;0
1.236;-15.0;0.5;-5.0;0
1.239;-17.0;0.5;-5.0;0
1.242;-21.0;0.5;-5.0;0
1.245;-23.0;0.5;-5.0;0
1.248;-26.0;0.5;-5.0;0
1.2510000000000001;-28.0;0.5;-5.0;0
1.254;-31.0;0.5;-3.0;0
1.2570000000000001;-34.0;0.5;-3.0;0
1.26;-36.0;0.5;-3.0;0
1.2630000000000001;-39.0;0.5;-3.0;0
1.266;-41.0;0.5;-3.0;0
1.2690000000000001;-43.0;0.5;-3.0;0
1.272;-46.0;0.5;-3.0;0
1.2750000000000001;-48.0;0.5;-3.0;0
1.278;-50.0;0.5;-3.0;0
1.2810000000000001;-52.0;0.5;-3.0;0
1.284;-54.0;0.5;-3.0;0
1.2870000000000001;-55.0;0.5;-1.0;0
1.29;-57.0;0.5;-1.0;0
1.2930000000000001;-59.0;0.5;-1.0;0
1.296;-61.0;0.5;-1.0;0
1.2990000000000002;-62.0;0.5;-1.0;0
1.302;-63.0;0.5;-1.0;0
1.3050000000000002;-64.0;0.5;-1.0;0
1.308;-66.0;0.5;-1.0;0
1.3110000000000002;-66.0;0.5;-1.0;0
1.314;-68.0;0.5;-1.0;0
1.3170000000000002;-68.0;0.5;-1.0;0
1.32;-69.0;0.5;-1.0;0
1.323;-69.0;0.5;-1.0;0
1.326;-70.0;0.5;-1.0;0
1.329;-70.0;0.5;-1.0;0
1.332;-71.0;0.5;-1.0;0
1.335;-71.0;0.5;-1.0;0
1.338;-71.0;0.5;-1.0;0
1.341;-71.0;0.5;-1.0;0
1.344;-71.0;0.5;-1.0;0
1.347;-70.0;0.5;-1.0;0
1.35;-70.0;0.5;-1.0;0
1.353;-69.0;0.5;1.0;0
1.356;-69.0;0.5;1.0;0
1.359;-68.0;0.5;1.0;0
1.362;-67.0;0.5;1.0;0
1.365;-66.0;0.5;1.0;0
1.368;-65.0;0.5;1.0;0
1.371;-64.0;0.5;1.0;0
1.374;-63.0;0.5;1.0;0
1.377;-61.0;0.5;1.0;0
1.3800000000000001;-60.0;0.5;1.0;0
1.383;-58.0;0.5;1.0;0
1.3860000000000001;-57.0;0.5;1.0;0
1.389;-55.0;0.5;1.0;0
1.3920000000000001;-53.0;0.5;1.0;0
1.395;-51.0;0.5;1.0;0
1.3980000000000001;-49.0;0.5;1.0;0
1.401;-47.0;0.5;1.0;0
1.4040000000000001;-45.0;0.5;1.0;0
1.407;-43.0;0.5;1.0;0
1.4100000000000001;-41.0;0.5;1.0;0
1.413;-38.0;0.5;1.0;0
1.4160000000000001;-36.0;0.5;1.0;0
1.419;-33.0;0.5;3.0;0
1.4220000000000002;-31.0;0.5;3.0;0
1.425;-28.0;0.5;3.0;0
1.4280000000000002;-26.0;0.5;3.0;0
1.431;-23.0;0.5;3.0;0
1.4340000000000002;-21.0;0.5;3.0;0
1.437;-18.0;0.5;3.0;0
1.4400000000000002;-15.0;0.5;3.0;0
1.443;-12.0;0.5;3.0;0
1.4460000000000002;-10.0;0.5;3.0;0
1.449;-7.0;0.5;3.0;0
1.4520000000000002;-4.0;0.5;3.0;0
1.455;-1.0;0.5;3.0;0
1.458;1.0;-0.5;3.0;0
1.461;2.0;-0.5;3.0;0
1.464;5.0;-0.5;3.0;0
1.467;6.0;-0.5;3.0;0
1.47;8.0;-0.5;3.0;0
1.473;9.0;-0.5;3.0;0
1.476;12.0;-0.5;3.0;0
1.479;13.0;-0.5;3.0;0
1.482;15.0;-0.5;3.0;0
1.485;16.0;-0.5;1.0;0
1.488;18.0;-0.5;1.0;0
1.491;19.0;-0.5;1.0;0
1.494;21.0;-0.5;1.0;0
1.497;22.0;-0.5;1.0;0
1.5;24.0;-0.5;1.0;0
1.5030000000000001;25.0;-0.5;1.0;0
1.506;27.0;-0.5;1.0;0
1.5090000000000001;28.0;-0.5;1.0;0
1.512;30.0;-0.5;1.0;0
1.5150000000000001;31.0;-0.5;1.0;0
1.518;32.0;-0.5;1.0;0
1.5210000000000001;33.0;-0.5;1.0;0
1.524;34.0;-0.5;1.0;0
1.5270000000000001;35.0;-0.5;1.0;0
1.53;36.0;-0.5;1.0;0
1.5330000000000001;37.0;-0.5;1.0;0
1.536;38.0;-0.5;1.0;0
1.5390000000000001;38.0;-0.5;1.0;0
1.542;39.0;-0.5;1.0;0
1.5450000000000002;40.0;-0.5;1.0;0
1.548;41.0;-0.5;1.0;0
1.5510000000000002;41.0;-0.5;0.0;0
1.554;42.0;-0.5;0.0;0
1.5570000000000002;42.0;-0.5;0.0;0
1.56;42.0;-0.5;0.0;0
1.5630000000000002;42.0;-0.5;0.0;0
1.566;43.0;-0.5;0.0;0
1.5690000000000002;42.0;-0.5;0.0;0
1.572;43.0;-0.5;0.0;0
1.5750000000000002;42.0;-0.5;0.0;0
1.578;43.0;-0.5;0.0;0
1.5810000000000002;42.0;-0.5;0.0;0
1.584;42.0;-0.5;0.0;0
1.587;41.0;-0.5;0.0;0
1.59;41.0;-0.5;0.0;0
1.593;41.0;-0.5;0.0;0
1.596;40.0;-0.5;0.0;0
1.599;39.0;-0.5;0.0;0
1.602;39.0;-0.5;0.0;0
1.605;38.0;-0.5;0.0;0
1.608;38.0;-0.5;0.0;0
1.611;36.0;-0.5;0.0;0
1.614;36.0;-0.5;0.0;0
1.617;35.0;-0.5;-1.0;0
1.62;34.0;-0.5;-1.0;0
1.623;33.0;-0.5;-1.0;0
1.6260000000000001;32.0;-0.5;-1.0;0
1.629;30.0;-0.5;-1.0;0
1.6320000000000001;29.0;-0.5;-1.0;0
1.635;28.0;-0.5;-1.0;0
1.6380000000000001;27.0;-0.5;-1.0;0
1.641;25.0;-0.5;-1.0;0
1.6440000000000001;24.0;-0.5;-1.0;0
1.647;22.0;-0.5;-1.0;0
1.6500000000000001;21.0;-0.5;-1.0;0
1.653;19.0;-0.5;-1.0;0
1.6560000000000001;18.0;-0.5;-1.0;0
1.659;16.0;-0.5;-1.0;0
1.6620000000000001;15.0;-0.5;-1.0;0
1.665;13.0;-0.5;-1.0;0
1.6680000000000001;12.0;-0.5;-1.0;0
1.671;10.0;-0.5;-1.0;0
1.6740000000000002;9.0;-0.5;-1.0;0
1.677;7.0;-0.5;-1.0;0
1.6800000000000002;5.0;-0.5;-1.0;0
1.683;3.0;-0.5;-2.0;0
1.6860000000000002;2.0;-0.5;-2.0;0
1.689;0.0;-0.5;-2.0;0
1.6920000000000002;-1.0;0.5;-2.0;0
1.695;-2.0;0.5;-2.0;0
1.6980000000000002;-3.0;0.5;-2.0;0
1.701;-3.0;0.5;-2.0;0
1.7040000000000002;-4.0;0.5;-2.0;0
1.707;-4.0;0.5;-2.0;0
1.7100000000000002;-5.0;0.5;-2.0;0
1.713;-6.0;0.5;-2.0;0
1.7160000000000002;-7.0;0.5;-1.0;0
1.719;-7.0;0.5;-1.0;0
1.722;-8.0;0.5;-1.0;0
1.725;-8.0;0.5;-1.0;0
1.728;-9.0;0.5;-1.0;0
1.731;-9.0;0.5;-1.0;0
1.734;-10.0;0.5;-1.0;0
1.737;-10.0;0.5;-1.0;0
1.74;-11.0;0.5;-1.0;0
1.743;-11.0;0.5;-1.0;0
1.746;-12.0;0.5;-1.0;0
1.749;-12.0;0.5;0.0;0
1.752;-13.0;0.5;0.0;0
1.7550000000000001;-13.0;0.5;0.0;0
1.758;-14.0;0.5;0.0;0
1.7610000000000001;-14.0;0.5;0.0;0
1.764;-15.0;0.5;0.0;0
1.7670000000000001;-15.0;0.5;0.0;0
1.77;-15.0;0.5;0.0;0
1.7730000000000001;-15.0;0.5;0.0;0
1.776;-16.0;0.5;0.0;0
1.7790000000000001;-16.0;0.5;0.0;0
1.782;-16.0;0.5;0.0;0
1.7850000000000001;-16.0;0.5;0.0;0
1.788;-16.0;0.5;0.0;0
1.7910000000000001;-16.0;0.5;0.0;0
1.794;-17.0;0.5;0.0;0
1.7970000000000002;-16.0;0.5;0.0;0
1.8;-17.0;0.5;0.0;0
1.8030000000000002;-16.0;0.5;0.0;0
1.806;-17.0;0.5;0.0;0
1.8090000000000002;-16.0;0.5;0.0;0
1.812;-16.0;0.5;0.0;0
1.8150000000000002;-16.0;0.5;0.0;0
1.818;-16.0;0.5;0.0;0
1.8210000000000002;-16.0;0.5;0.0;0
1.824;-16.0;0.5;0.0;0
1.8270000000000002;-15.0;0.5;0.0;0
1.83;-15.0;0.5;0.0;0
1.8330000000000002;-15.0;0.5;0.0;0
1.836;-15.0;0.5;0.0;0
1.8390000000000002;-14.0;0.5;0.0;0
1.842;-14.0;0.5;0.0;0
1.8450000000000002;-13.0;0.5;0.0;0
1.848;-13.0;0.5;0.0;0
1.851;-13.0;0.5;0.0;0
1.854;-13.0;0.5;0.0;0
1.857;-12.0;0.5;0.0;0
1.86;-12.0;0.5;0.0;0
1.863;-11.0;0.5;0.0;0
1.866;-11.0;0.5;0.0;0
1.869;-10.0;0.5;0.0;0
1.872;-10.0;0.5;0.0;0
1.875;-9.0;0.5;0.0;0
1.8780000000000001;-9.0;0.5;0.0;0
1.881;-8.0;0.5;1.0;0
1.8840000000000001;-7.0;0.5;1.0;0
1.887;-6.0;0.5;1.0;0
1.8900000000000001;-6.0;0.5;1.0;0
1.893;-5.0;0.5;1.0;0
1.8960000000000001;-5.0;0.5;1.0;0
1.899;-4.0;0.5;1.0;0
1.9020000000000001;-4.0;0.5;1.0;0
1.905;-3.0;0.5;1.0;0
1.9080000000000001;-3.0;0.5;1.0;0
1.911;-1.0;0.5;1.0;0
1.9140000000000001;-1.0;0.5;0.0;0
1.917;-0.0;-0.5;0.0;0
1.9200000000000002;0.0;-0.5;0.0;0
1.923;-1.0;0.5;0.0;0
1.9260000000000002;-1.0;0.5;0.0;0
1.929;0.0;-0.5;0.0;0
1.9320000000000002;1.0;-0.5;0.0;0
1.935;0.0;-0.5;0.0;0
1.9380000000000002;0.0;-0.5;0.0;0
1.941;-1.0;0.5;0.0;0
1.9440000000000002;-1.0;0.5;0.0;0
1.947;0.0;-0.5;1.0;0
1.9500000000000002;1.0;-0.5;1.0;0
1.953;-0.0;-0.5;1.0;0
1.9560000000000002;0.0;-0.5;1.0;0
1.959;-1.0;0.5;1.0;0
1.9620000000000002;-1.0;0.5;1.0;0
1.965;0.0;-0.5;1.0;0
1.9680000000000002;1.0;-0.5;1.0;0
1.971;-0.0;-0.5;1.0;0
1.9740000000000002;0.0;-0.5;1.0;0
1.977;-1.0;0.5;1.0;0
1.9800000000000002;-1.0;0.5;0.0;0
1.983;0.0;-0.5;0.0;0
1.986;1.0;-0.5;0.0;0
1.989;-0.0;-0.5;0.0;0
1.992;-0.0;-0.5;0.0;0
1.995;1.0;-0.5;0.0;0
1.998;1.0;-0.5;0.0;0
2.001;1.0;-0.5;0.0;0
2.004;1.0;-0.5;0.0;0
2.007;-0.0;-0.5;0.0;0
2.0100000000000002;-0.0;-0.5;0.0;0
2.013;1.0;-0.5;1.0;0
2.016;1.0;-0.5;1.0;0
2.019;0.0;-0.5;1.0;0
2.0220000000000002;0.0;-0.5;1.0;0
2.025;-0.0;-0.5;1.0;0
2.028;-0.0;-0.5;1.0;0
2.031;1.0;-0.5;1.0;0
2.0340000000000003;1.0;-0.5;1.0;0
2.037;0.0;-0.5;1.0;0
2.04;0.0;-0.5;1.0;0
2.043;-0.0;-0.5;1.0;0
2.0460000000000003;-0.0;-0.5;0.0;0
2.049;1.0;-0.5;0.0;0
2.052;1.0;-0.5;0.0;0
2.055;0.0;-0.5;0.0;0
2.0580000000000003;0.0;-0.5;0.0;0
2.061;-1.0;0.5;0.0;0
2.064;-0.0;-0.5;0.0;0
2.067;1.0;-0.5;0.0;0
2.0700000000000003;1.0;-0.5;0.0;0
2.073;0.0;-0.5;0.0;0
2.076;0.0;-0.5;0.0;0
2.079;-1.0;0.5;-1.0;0
2.0820000000000003;-1.0;0.5;-1.0;0
2.085;0.0;-0.5;-1.0;0
2.088;1.0;-0.5;-1.0;0
2.091;-0.0;-0.5;-1.0;0
2.0940000000000003;-0.0;-0.5;-1.0;0
2.097;1.0;-0.5;-1.0;0
2.1;1.0;-0.5;-1.0;0
2.103;0.0;-0.5;-1.0;0
2.1060000000000003;0.0;-0.5;-1.0;0
2.109;-0.0;-0.5;-1.0;0
2.112;-0.0;-0.5;0.0;0
2.115;1.0;-0.5;0.0;0
2.118;1.0;-0.5;0.0;0
2.121;0.0;-0.5;0.0;0
2.124;0.0;-0.5;0.0;0
2.1270000000000002;-1.0;0.5;0.0;0
2.13;-1.0;0.5;0.0;0
2.133;0.0;-0.5;0.0;0
2.136;1.0;-0.5;0.0;0
2.1390000000000002;-0.0;-0.5;0.0;0
2.142;-0.0;-0.5;0.0;0
2.145;1.0;-0.5;1.0;0
2.148;1.0;-0.5;1.0;0
2.1510000000000002;0.0;-0.5;1.0;0
2.154;0.0;-0.5;1.0;0
2.157;-0.0;-0.5;1.0;0
2.16;-0.0;-0.5;1.0;0
2.1630000000000003;1.0;-0.5;1.0;0
2.166;1.0;-0.5;1.0;0
2.169;0.0;-0.5;1.0;0
2.172;0.0;-0.5;1.0;0
2.1750000000000003;-1.0;0.5;1.0;0
2.178;-1.0;0.5;0.0;0
2.181;0.0;-0.5;0.0;0
2.184;1.0;-0.5;0.0;0
2.1870000000000003;-0.0;-0.5;0.0;0
2.19;-0.0;-0.5;0.0;0
2.193;1.0;-0.5;0.0;0
2.196;1.0;-0.5;0.0;0
2.1990000000000003;0.0;-0.5;0.0;0
2.202;0.0;-0.5;0.0;0
2.205;-0.0;-0.5;0.0;0
2.208;-0.0;-0.5;0.0;0
2.2110000000000003;0.0;-0.5;0.0;0
2.214;1.0;-0.5;0.0;0
2.217;-0.0;-0.5;0.0;0
2.22;-0.0;-0.5;0.0;0
2.2230000000000003;1.0;-0.5;0.0;0
2.226;1.0;-0.5;0.0;0
2.229;0.0;-0.5;0.0;0
2.232;0.0;-0.5;0.0;0
2.2350000000000003;-0.0;-0.5;0.0;0
2.238;-0.0;-0.5;0.0;0
2.241;1.0;-0.5;0.0;0
2.244;1.0;-0.5;0.0;0
2.247;0.0;-0.5;0.0;0
2.25;-0.0;-0.5;0.0;0
2.253;1.0;-0.5;0.0;0
2.2560000000000002;1.0;-0.5;0.0;0
2.259;0.0;-0.5;0.0;0
2.262;0.0;-0.5;0.0;0
2.265;-0.0;-0.5;0.0;0
2.2680000000000002;-0.0;-0.5;0.0;0
2.271;1.0;-0.5;0.0;0
2.274;1.0;-0.5;0.0;0
2.277;-0.0;-0.5;-1.0;0
2.2800000000000002;-0.0;-0.5;-1.0;0
2.283;1.0;-0.5;-1.0;0
2.286;1.0;-0.5;-1.0;0
2.289;0.0;-0.5;-1.0;0
2.2920000000000003;0.0;-0.5;-1.0;0
2.295;-0.0;-0.5;-1.0;0
2.298;-0.0;-0.5;-1.0;0
2.301;0.0;-0.5;-1.0;0
2.3040000000000003;1.0;-0.5;-1.0;0
2.307;-0.0;-0.5;-1.0;0
2.31;-0.0;-0.5;0.0;0
2.313;1.0;-0.5;0.0;0
2.3160000000000003;1.0;-0.5;0.0;0
2.319;0.0;-0.5;0.0;0
2.322;0.0;-0.5;0.0;0
2.325;-1.0;0.5;0.0;0
2.3280000000000003;-1.0;0.5;0.0;0
2.331;0.0;-0.5;0.0;0
2.334;0.0;-0.5;0.0;0
2.337;-0.0;-0.5;0.0;0
2.3400000000000003;-0.0;-0.5;0.0;0
2.343;1.0;-0.5;1.0;0
2.346;1.0;-0.5;1.0;0
2.349;0.0;-0.5;1.0;0
2.3520000000000003;-0.0;-0.5;1.0;0
2.355;1.0;-0.5;1.0;0
2.358;1.0;-0.5;1.0;0
2.361;0.0;-0.5;1.0;0
2.3640000000000003;0.0;-0.5;1.0;0
2.367;-1.0;0.5;1.0;0
2.37;-1.0;0.5;1.0;0
2.373;0.0;-0.5;1.0;0
2.3760000000000003;1.0;-0.5;1.0;0
2.379;-0.0;-0.5;1.0;0
2.382;-0.0;-0.5;1.0;0
2.3850000000000002;1.0;-0.5;1.0;0
2.388;1.0;-0.5;1.0;0
2.391;0.0;-0.5;1.0;0
2.394;0.0;-0.5;1.0;0
2.3970000000000002;-1.0;0.5;1.0;0
2.4;-1.0;0.5;1.0;0
2.403;0.0;-0.5;1.0;0
2.406;0.0;-0.5;1.0;0
2.4090000000000003;-0.0;-0.5;-0.0;0
2.412;-1.0;0.5;-0.0;0
2.415;0.0;-0.5;-0.0;0
2.418;1.0;-0.5;-0.0;0
2.4210000000000003;-0.0;-0.5;-0.0;0
2.424;-0.0;-0.5;-0.0;0
2.427;1.0;-0.5;-0.0;0
2.43;1.0;-0.5;-0.0;0
2.4330000000000003;0.0;-0.5;-0.0;0
2.436;-0.0;-0.5;-0.0;0
2.439;1.0;-0.5;-0.0;0
2.442;1.0;-0.5;0.0;0
2.4450000000000003;0.0;-0.5;0.0;0
2.448;0.0;-0.5;0.0;0
2.451;-1.0;0.5;0.0;0
2.454;-1.0;0.5;0.0;0
2.4570000000000003;0.0;-0.5;0.0;0
2.46;0.0;-0.5;0.0;0
2.463;-0.0;-0.5;0.0;0
2.466;-0.0;-0.5;0.0;0
2.4690000000000003;1.0;-0.5;0.0;0
2.472;1.0;-0.5;0.0;0
2.475;-0.0;-0.5;-1.0;0
2.478;-0.0;-0.5;-1.0;0
2.4810000000000003;1.0;-0.5;-1.0;0
2.484;1.0;-0.5;-1.0;0
2.487;0.0;-0.5;-1.0;0
2.49;0.0;-0.5;-1.0;0
2.4930000000000003;-1.0;0.5;-1.0;0
2.496;-1.0;0.5;-1.0;0
2.499;0.0;-0.5;-1.0;0
2.5020000000000002;0.0;-0.5;-1.0;0
2.5050000000000003;-1.0;0.5;-1.0;0
2.508;-1.0;0.5;0.0;0
2.511;0.0;-0.5;0.0;0
2.5140000000000002;1.0;-0.5;0.0;0
2.517;-0.0;-0.5;0.0;0
2.52;-0.0;-0.5;0.0;0
2.523;1.0;-0.5;0.0;0
2.5260000000000002;1.0;-0.5;0.0;0
2.529;-0.0;-0.5;0.0;0
2.532;-0.0;-0.5;0.0;0
2.535;1.0;-0.5;0.0;0
2.5380000000000003;1.0;-0.5;0.0;0
2.541;0.0;-0.5;-1.0;0
2.544;0.0;-0.5;-1.0;0
2.547;-1.0;0.5;-1.0;0
2.5500000000000003;-1.0;0.5;-1.0;0
2.553;0.0;-0.5;-1.0;0
2.556;0.0;-0.5;-1.0;0
2.559;-1.0;0.5;-1.0;0
2.5620000000000003;-1.0;0.5;-1.0;0
2.565;0.0;-0.5;-1.0;0
2.568;0.0;-0.5;-1.0;0
2.571;-0.0;-0.5;-1.0;0
2.5740000000000003;-0.0;-0.5;0.0;0
2.577;0.0;-0.5;0.0;0
2.58;1.0;-0.5;0.0;0
2.583;-0.0;-0.5;0.0;0
2.5860000000000003;-0.0;-0.5;0.0;0
2.589;1.0;-0.5;0.0;0
2.592;1.0;-0.5;0.0;0
2.595;0.0;-0.5;0.0;0
2.5980000000000003;-0.0;-0.5;0.0;0
2.601;1.0;-0.5;0.0;0
2.604;1.0;-0.5;0.0;0
2.607;0.0;-0.5;-1.0;0
2.6100000000000003;0.0;-0.5;-1.0;0
2.613;-1.0;0.5;-1.0;0
2.616;-1.0;0.5;-1.0;0
2.619;0.0;-0.5;-1.0;0
2.6220000000000003;0.0;-0.5;-1.0;0
2.625;-1.0;0.5;-1.0;0
2.628;-1.0;0.5;-1.0;0
2.6310000000000002;0.0;-0.5;-1.0;0
2.6340000000000003;0.0;-0.5;-1.0;0
2.637;-0.0;-0.5;-1.0;0
2.64;-0.0;-0.5;0.0;0
2.6430000000000002;0.0;-0.5;0.0;0
2.646;1.0;-0.5;0.0;0
2.649;-0.0;-0.5;0.0;0
2.652;-0.0;-0.5;0.0;0
2.6550000000000002;1.0;-0.5;0.0;0
2.658;1.0;-0.5;0.0;0
2.661;-0.0;-0.5;0.0;0
2.664;-0.0;-0.5;0.0;0
2.6670000000000003;1.0;-0.5;0.0;0
2.67;1.0;-0.5;0.0;0
2.673;0.0;-0.5;-1.0;0
2.676;-0.0;-0.5;-1.0;0
2.6790000000000003;1.0;-0.5;-1.0;0
2.682;1.0;-0.5;-1.0;0
2.685;0.0;-0.5;-1.0;0
2.688;0.0;-0.5;-1.0;0
2.6910000000000003;-1.0;0.5;-1.0;0
2.694;-1.0;0.5;-1.0;0
2.697;0.0;-0.5;-1.0;0
2.7;0.0;-0.5;-1.0;0
2.7030000000000003;-1.0;0.5;-1.0;0
2.706;-1.0;0.5;0.0;0
2.709;0.0;-0.5;0.0;0
2.712;0.0;-0.5;0.0;0
2.7150000000000003;-0.0;-0.5;0.0;0
2.718;-1.0;0.5;0.0;0
2.721;0.0;-0.5;0.0;0
2.724;0.0;-0.5;0.0;0
2.7270000000000003;-0.0;-0.5;0.0;0
2.73;-0.0;-0.5;0.0;0
2.733;0.0;-0.5;0.0;0
2.736;1.0;-0.5;0.0;0
2.7390000000000003;-0.0;-0.5;-1.0;0
2.742;-0.0;-0.5;-1.0;0
2.745;1.0;-0.5;-1.0;0
2.748;1.0;-0.5;-1.0;0
2.7510000000000003;-0.0;-0.5;-1.0;0
2.754;-0.0;-0.5;-1.0;0
2.757;1.0;-0.5;-1.0;0
2.7600000000000002;1.0;-0.5;-1.0;0
2.7630000000000003;-0.0;-0.5;-1.0;0
2.766;-0.0;-0.5;-1.0;0
2.769;1.0;-0.5;-1.0;0
2.7720000000000002;1.0;-0.5;0.0;0
2.775;0.0;-0.5;0.0;0
2.778;-0.0;-0.5;0.0;0
2.781;1.0;-0.5;0.0;0
2.7840000000000003;1.0;-0.5;0.0;0
2.787;0.0;-0.5;0.0;0
2.79;0.0;-0.5;0.0;0
2.793;-1.0;0.5;0.0;0
2.7960000000000003;-1.0;0.5;0.0;0
2.799;-0.0;-0.5;0.0;0
2.802;0.0;-0.5;0.0;0
2.805;-1.0;0.5;-1.0;0
2.8080000000000003;-1.0;0.5;-1.0;0
2.811;0.0;-0.5;-1.0;0
2.814;0.0;-0.5;-1.0;0
2.817;-1.0;0.5;-1.0;0
2.8200000000000003;-1.0;0.5;-1.0;0
2.823;0.0;-0.5;-1.0;0
2.826;0.0;-0.5;-1.0;0
2.829;-1.0;0.5;-1.0;0
2.8320000000000003;-1.0;0.5;-1.0;0
2.835;0.0;-0.5;-1.0;0
2.838;0.0;-0.5;0.0;0
2.841;-1.0;0.5;0.0;0
2.8440000000000003;-1.0;0.5;0.0;0
2.847;0.0;-0.5;0.0;0
2.85;0.0;-0.5;0.0;0
2.853;-0.0;-0.5;0.0;0
2.8560000000000003;-1.0;0.5;0.0;0
2.859;0.0;-0.5;0.0;0
2.862;0.0;-0.5;0.0;0
2.865;-0.0;-0.5;0.0;0
2.8680000000000003;-0.0;-0.5;0.0;0
2.871;0.0;-0.5;0.0;0
2.874;1.0;-0.5;0.0;0
2.8770000000000002;-0.0;-0.5;0.0;0
2.8800000000000003;-0.0;-0.5;0.0;0
2.883;0.0;-0.5;0.0;0
2.886;1.0;-0.5;0.0;0
2.8890000000000002;-0.0;-0.5;0.0;0
2.8920000000000003;-0.0;-0.5;0.0;0
2.895;1.0;-0.5;0.0;0
2.898;1.0;-0.5;0.0;0
2.9010000000000002;-0.0;-0.5;0.0;0
2.9040000000000004;-0.0;-0.5;0.0;0
2.907;1.0;-0.5;0.0;0
2.91;1.0;-0.5;0.0;0
2.9130000000000003;-0.0;-0.5;0.0;0
2.916;-0.0;-0.5;0.0;0
2.919;1.0;-0.5;0.0;0
2.922;1.0;-0.5;0.0;0
2.9250000000000003;-0.0;-0.5;0.0;0
2.928;-0.0;-0.5;0.0;0
2.931;1.0;-0.5;0.0;0
2.934;1.0;-0.5;0.0;0
2.9370000000000003;-0.0;-0.5;-1.0;0
2.94;-0.0;-0.5;-1.0;0
2.943;1.0;-0.5;-1.0;0
2.946;1.0;-0.5;-1.0;0
2.9490000000000003;-0.0;-0.5;-1.0;0
2.952;-0.0;-0.5;-1.0;0
2.955;1.0;-0.5;-1.0;0
2.958;1.0;-0.5;-1.0;0
2.9610000000000003;-0.0;-0.5;-1.0;0
2.964;-0.0;-0.5;-1.0;0
2.967;1.0;-0.5;-1.0;0
2.97;1.0;-0.5;0.0;0
2.9730000000000003;-0.0;-0.5;0.0;0
2.976;-0.0;-0.5;0.0;0
2.979;1.0;-0.5;0.0;0
2.982;1.0;-0.5;0.0;0
2.9850000000000003;-0.0;-0.5;0.0;0
2.988;-0.0;-0.5;0.0;0
2.991;1.0;-0.5;0.0;0
2.994;1.0;-0.5;0.0;0
2.9970000000000003;-0.0;-0.5;0.0;0
3.0;-0.0;-0.5;0.0;0
3.003;1.0;-0.5;1.0;0
3.0060000000000002;1.0;-0.5;1.0;0
3.0090000000000003;-0.0;-0.5;1.0;0
3.012;-0.0;-0.5;1.0;0
3.015;1.0;-0.5;1.0;0
3.0180000000000002;1.0;-0.5;1.0;0
3.0210000000000004;-0.0;-0.5;1.0;0
3.024;-0.0;-0.5;1.0;0
3.027;1.0;-0.5;1.0;0
3.0300000000000002;1.0;-0.5;1.0;0
3.0330000000000004;-0.0;-0.5;1.0;0
3.036;-0.0;-0.5;0.0;0
3.039;1.0;-0.5;0.0;0
3.0420000000000003;1.0;-0.5;0.0;0
3.045;-0.0;-0.5;0.0;0
3.048;-0.0;-0.5;0.0;0
3.051;1.0;-0.5;0.0;0
3.0540000000000003;1.0;-0.5;0.0;0
3.057;-0.0;-0.5;0.0;0
3.06;-0.0;-0.5;0.0;0
3.063;1.0;-0.5;0.0;0
3.0660000000000003;1.0;-0.5;0.0;0
3.069;-0.0;-0.5;-1.0;0
3.072;-0.0;-0.5;-1.0;0
3.075;0.0;-0.5;-1.0;0
3.0780000000000003;1.0;-0.5;-1.0;0
3.081;-0.0;-0.5;-1.0;0
3.084;-0.0;-0.5;-1.0;0
3.087;0.0;-0.5;-1.0;0
3.0900000000000003;1.0;-0.5;-1.0;0
3.093;-0.0;-0.5;-1.0;0
3.096;-0.0;-0.5;-1.0;0
3.099;0.0;-0.5;-1.0;0
3.1020000000000003;1.0;-0.5;1.0;0
3.105;-0.0;-0.5;1.0;0
3.108;-0.0;-0.5;1.0;0
3.111;0.0;-0.5;1.0;0
3.1140000000000003;1.0;-0.5;1.0;0
3.117;-0.0;-0.5;1.0;0
3.12;-0.0;-0.5;1.0;0
3.123;0.0;-0.5;1.0;0
3.1260000000000003;0.0;-0.5;1.0;0
3.129;-0.0;-0.5;1.0;0
3.132;-0.0;-0.5;1.0;0
3.1350000000000002;0.0;-0.5;0.0;0
3.1380000000000003;0.0;-0.5;0.0;0
3.141;-0.0;-0.5;0.0;0
3.144;-0.0;-0.5;0.0;0
3.1470000000000002;0.0;-0.5;0.0;0
3.1500000000000004;0.0;-0.5;0.0;0
3.153;-0.0;-0.5;0.0;0
3.156;-1.0;0.5;0.0;0
3.1590000000000003;0.0;-0.5;0.0;0
3.1620000000000004;0.0;-0.5;0.0;0
3.165;-0.0;-0.5;0.0;0
3.168;-1.0;0.5;-1.0;0
3.1710000000000003;0.0;-0.5;-1.0;0
3.174;0.0;-0.5;-1.0;0
3.177;-0.0;-0.5;-1.0;0
3.18;-1.0;0.5;-1.0;0
3.1830000000000003;0.0;-0.5;-1.0;0
3.186;0.0;-0.5;-1.0;0
3.189;-0.0;-0.5;-1.0;0
3.192;-1.0;0.5;-1.0;0
3.1950000000000003;0.0;-0.5;-1.0;0
3.198;0.0;-0.5;-1.0;0
3.201;-0.0;-0.5;-0.0;0
3.204;-1.0;0.5;-0.0;0
3.2070000000000003;0.0;-0.5;-0.0;0
3.21;0.0;-0.5;-0.0;0
3.213;-0.0;-0.5;-0.0;0
3.216;-1.0;0.5;-0.0;0
3.2190000000000003;0.0;-0.5;-0.0;0
3.222;0.0;-0.5;-0.0;0
3.225;-0.0;-0.5;-0.0;0
3.228;-1.0;0.5;-0.0;0
3.2310000000000003;0.0;-0.5;-0.0;0
3.234;0.0;-0.5;0.0;0
3.237;-0.0;-0.5;0.0;0
3.24;-1.0;0.5;0.0;0
3.2430000000000003;0.0;-0.5;0.0;0
3.246;0.0;-0.5;0.0;0
3.249;-0.0;-0.5;0.0;0
3.2520000000000002;-1.0;0.5;0.0;0
3.2550000000000003;0.0;-0.5;0.0;0
3.258;0.0;-0.5;0.0;0
3.261;-0.0;-0.5;0.0;0
3.2640000000000002;-1.0;0.5;0.0;0
3.2670000000000003;0.0;-0.5;1.0;0
3.27;0.0;-0.5;1.0;0
3.273;-0.0;-0.5;1.0;0
3.2760000000000002;-1.0;0.5;1.0;0
3.2790000000000004;0.0;-0.5;1.0;0
3.282;0.0;-0.5;1.0;0
3.285;-0.0;-0.5;1.0;0
3.2880000000000003;-1.0;0.5;1.0;0
3.2910000000000004;0.0;-0.5;1.0;0
3.294;0.0;-0.5;1.0;0
3.297;-0.0;-0.5;1.0;0
3.3000000000000003;-1.0;0.5;-1.0;0
3.3030000000000004;0.0;-0.5;-1.0;0
3.306;0.0;-0.5;-1.0;0
3.309;-0.0;-0.5;-1.0;0
3.3120000000000003;-1.0;0.5;-1.0;0
3.315;0.0;-0.5;-1.0;0
3.318;0.0;-0.5;-1.0;0
3.321;-0.0;-0.5;-1.0;0
3.3240000000000003;-0.0;-0.5;-1.0;0
3.327;0.0;-0.5;-1.0;0
3.33;0.0;-0.5;-1.0;0
3.333;-0.0;-0.5;-0.0;0
3.3360000000000003;-0.0;-0.5;-0.0;0
3.339;0.0;-0.5;-0.0;0
3.342;0.0;-0.5;-0.0;0
3.345;-0.0;-0.5;-0.0;0
3.3480000000000003;-0.0;-0.5;-0.0;0
3.351;0.0;-0.5;-0.0;0
3.354;0.0;-0.5;-0.0;0
3.357;-0.0;-0.5;-0.0;0
3.3600000000000003;-0.0;-0.5;-0.0;0
3.363;0.0;-0.5;-0.0;0
3.366;0.0;-0.5;0.0;0
3.369;-0.0;-0.5;0.0;0
3.3720000000000003;-0.0;-0.5;0.0;0
3.375;0.0;-0.5;0.0;0
3.378;0.0;-0.5;0.0;0
3.3810000000000002;-0.0;-0.5;0.0;0
3.3840000000000003;-0.0;-0.5;0.0;0
3.387;0.0;-0.5;0.0;0
3.39;0.0;-0.5;0.0;0
3.3930000000000002;-0.0;-0.5;0.0;0
3.3960000000000004;-0.0;-0.5;0.0;0
3.399;0.0;-0.5;0.0;0
3.402;0.0;-0.5;0.0;0
3.4050000000000002;-0.0;-0.5;0.0;0
3.4080000000000004;-0.0;-0.5;0.0;0
3.411;0.0;-0.5;0.0;0
3.414;0.0;-0.5;0.0;0
3.4170000000000003;-0.0;-0.5;0.0;0
3.4200000000000004;-0.0;-0.5;0.0;0
3.423;0.0;-0.5;0.0;0
3.426;1.0;-0.5;0.0;0
3.4290000000000003;-0.0;-0.5;0.0;0
3.4320000000000004;-0.0;-0.5;0.0;0
3.435;0.0;-0.5;0.0;0
3.438;1.0;-0.5;0.0;0
3.4410000000000003;-0.0;-0.5;0.0;0
3.444;-0.0;-0.5;0.0;0
3.447;0.0;-0.5;0.0;0
3.45;1.0;-0.5;0.0;0
3.4530000000000003;-0.0;-0.5;0.0;0
3.456;-0.0;-0.5;0.0;0
3.459;0.0;-0.5;0.0;0
3.462;1.0;-0.5;0.0;0
3.4650000000000003;-0.0;-0.5;-1.0;0
3.468;-0.0;-0.5;-1.0;0
3.471;0.0;-0.5;-1.0;0
3.474;1.0;-0.5;-1.0;0
3.4770000000000003;-0.0;-0.5;-1.0;0
3.48;-0.0;-0.5;-1.0;0
3.483;0.0;-0.5;-1.0;0
3.486;1.0;-0.5;-1.0;0
3.4890000000000003;-0.0;-0.5;-1.0;0
3.492;-0.0;-0.5;-1.0;0
3.495;0.0;-0.5;-1.0;0
3.498;1.0;-0.5;1.0;0
3.5010000000000003;-0.0;-0.5;1.0;0
3.504;-0.0;-0.5;1.0;0
3.507;0.0;-0.5;1.0;0
3.5100000000000002;1.0;-0.5;1.0;0
3.5130000000000003;-0.0;-0.5;1.0;0
3.516;-0.0;-0.5;1.0;0
3.519;0.0;-0.5;1.0;0
3.5220000000000002;1.0;-0.5;1.0;0
3.5250000000000004;-0.0;-0.5;1.0;0
3.528;-0.0;-0.5;1.0;0
3.531;0.0;-0.5;0.0;0
3.5340000000000003;1.0;-0.5;0.0;0
3.5370000000000004;-0.0;-0.5;0.0;0
3.54;-0.0;-0.5;0.0;0
3.543;0.0;-0.5;0.0;0
3.5460000000000003;0.0;-0.5;0.0;0
3.5490000000000004;-0.0;-0.5;0.0;0
3.552;-0.0;-0.5;0.0;0
3.555;0.0;-0.5;0.0;0
3.5580000000000003;0.0;-0.5;0.0;0
3.5610000000000004;-0.0;-0.5;0.0;0
3.564;-0.0;-0.5;0.0;0
3.567;0.0;-0.5;0.0;0
3.5700000000000003;0.0;-0.5;0.0;0
3.573;-0.0;-0.5;0.0;0
3.576;-0.0;-0.5;0.0;0
3.579;0.0;-0.5;0.0;0
3.5820000000000003;0.0;-0.5;0.0;0
3.585;-0.0;-0.5;0.0;0
3.588;-0.0;-0.5;0.0;0
3.591;0.0;-0.5;0.0;0
3.5940000000000003;0.0;-0.5;0.0;0
3.597;-0.0;-0.5;-0.0;0
3.6;-0.0;-0.5;-0.0;0
3.603;0.0;-0.5;-0.0;0
3.6060000000000003;0.0;-0.5;-0.0;0
3.609;-0.0;-0.5;-0.0;0
3.612;-0.0;-0.5;-0.0;0
3.615;0.0;-0.5;-0.0;0
3.6180000000000003;0.0;-0.5;-0.0;0
3.621;-0.0;-0.5;-0.0;0
3.624;-0.0;-0.5;-0.0;0
3.6270000000000002;0.0;-0.5;-0.0;0
3.6300000000000003;0.0;-0.5;0.0;0
3.633;-0.0;-0.5;0.0;0
3.636;-0.0;-0.5;0.0;0
3.6390000000000002;0.0;-0.5;0.0;0
3.6420000000000003;0.0;-0.5;0.0;0
3.645;-0.0;-0.5;0.0;0
3.648;-0.0;-0.5;0.0;0
3.6510000000000002;0.0;-0.5;0.0;0
3.6540000000000004;0.0;-0.5;0.0;0
3.657;-0.0;-0.5;0.0;0
3.66;-1.0;0.5;0.0;0
3.6630000000000003;0.0;-0.5;1.0;0
3.6660000000000004;0.0;-0.5;1.0;0
3.669;-0.0;-0.5;1.0;0
3.672;-1.0;0.5;1.0;0
3.6750000000000003;0.0;-0.5;1.0;0
3.6780000000000004;0.0;-0.5;1.0;0
3.681;-0.0;-0.5;1.0;0
3.684;-1.0;0.5;1.0;0
3.6870000000000003;0.0;-0.5;1.0;0
3.6900000000000004;0.0;-0.5;1.0;0
3.693;-0.0;-0.5;1.0;0
3.696;-1.0;0.5;-1.0;0
3.6990000000000003;0.0;-0.5;-1.0;0
3.702;0.0;-0.5;-1.0;0
3.705;-0.0;-0.5;-1.0;0
3.708;-1.0;0.5;-1.0;0
3.7110000000000003;0.0;-0.5;-1.0;0
3.714;0.0;-0.5;-1.0;0
3.717;-0.0;-0.5;-1.0;0
3.72;-1.0;0.5;-1.0;0
3.7230000000000003;0.0;-0.5;-1.0;0
3.726;0.0;-0.5;-1.0;0
3.729;-0.0;-0.5;-0.0;0
3.732;-1.0;0.5;-0.0;0
3.7350000000000003;0.0;-0.5;-0.0;0
3.738;0.0;-0.5;-0.0;0
3.741;-0.0;-0.5;-0.0;0
3.744;-1.0;0.5;-0.0;0
3.7470000000000003;0.0;-0.5;-0.0;0
3.75;0.0;-0.5;-0.0;0
3.753;-0.0;-0.5;-0.0;0
3.7560000000000002;-1.0;0.5;-0.0;0
3.7590000000000003;0.0;-0.5;-0.0;0
3.762;0.0;-0.5;0.0;0
3.765;-0.0;-0.5;0.0;0
3.7680000000000002;-0.0;-0.5;0.0;0
3.7710000000000004;0.0;-0.5;0.0;0
3.774;0.0;-0.5;0.0;0
3.777;-0.0;-0.5;0.0;0
3.7800000000000002;-0.0;-0.5;0.0;0
3.7830000000000004;0.0;-0.5;0.0;0
3.786;0.0;-0.5;0.0;0
3.789;-0.0;-0.5;0.0;0
3.7920000000000003;-0.0;-0.5;0.0;0
3.7950000000000004;0.0;-0.5;0.0;0
3.798;0.0;-0.5;0.0;0
3.801;-0.0;-0.5;0.0;0
3.8040000000000003;-0.0;-0.5;0.0;0
3.8070000000000004;0.0;-0.5;0.0;0
3.81;0.0;-0.5;0.0;0
3.813;-0.0;-0.5;0.0;0
3.8160000000000003;-0.0;-0.5;0.0;0
3.8190000000000004;0.0;-0.5;0.0;0
3.822;0.0;-0.5;0.0;0
3.825;-0.0;-0.5;0.0;0
3.8280000000000003;-0.0;-0.5;0.0;0
3.8310000000000004;0.0;-0.5;0.0;0
3.834;0.0;-0.5;0.0;0
3.837;-0.0;-0.5;0.0;0
3.8400000000000003;-0.0;-0.5;0.0;0
3.843;0.0;-0.5;0.0;0
3.846;0.0;-0.5;0.0;0
3.849;-0.0;-0.5;0.0;0
3.8520000000000003;-0.0;-0.5;0.0;0
3.855;0.0;-0.5;0.0;0
3.858;0.0;-0.5;0.0;0
3.861;-0.0;-0.5;-0.0;0
3.8640000000000003;-0.0;-0.5;-0.0;0
3.867;0.0;-0.5;-0.0;0
3.87;0.0;-0.5;-0.0;0
3.873;-0.0;-0.5;-0.0;0
3.8760000000000003;-0.0;-0.5;-0.0;0
3.879;0.0;-0.5;-0.0;0
3.882;0.0;-0.5;-0.0;0
3.8850000000000002;-0.0;-0.5;-0.0;0
3.8880000000000003;-0.0;-0.5;-0.0;0
3.891;0.0;-0.5;-0.0;0
3.894;1.0;-0.5;1.0;0
3.8970000000000002;-0.0;-0.5;1.0;0
3.9000000000000004;-0.0;-0.5;1.0;0
3.903;0.0;-0.5;1.0;0
3.906;1.0;-0.5;1.0;0
3.9090000000000003;-0.0;-0.5;1.0;0
3.9120000000000004;-0.0;-0.5;1.0;0
3.915;0.0;-0.5;1.0;0
3.918;1.0;-0.5;1.0;0
3.9210000000000003;-0.0;-0.5;1.0;0
3.9240000000000004;-0.0;-0.5;1.0;0
3.927;0.0;-0.5;0.0;0
3.93;1.0;-0.5;0.0;0
3.9330000000000003;-0.0;-0.5;0.0;0
3.9360000000000004;-0.0;-0.5;0.0;0
3.939;0.0;-0.5;0.0;0
3.942;1.0;-0.5;0.0;0
3.9450000000000003;-0.0;-0.5;0.0;0
3.9480000000000004;-0.0;-0.5;0.0;0
3.951;0.0;-0.5;0.0;0
3.954;1.0;-0.5;0.0;0
3.9570000000000003;-0.0;-0.5;0.0;0
3.9600000000000004;-0.0;-0.5;0.0;0
3.963;0.0;-0.5;0.0;0
3.966;1.0;-0.5;0.0;0
3.9690000000000003;-0.0;-0.5;0.0;0
3.972;-0.0;-0.5;0.0;0
3.975;0.0;-0.5;0.0;0
3.978;1.0;-0.5;0.0;0
3.9810000000000003;-0.0;-0.5;0.0;0
3.984;-0.0;-0.5;0.0;0
3.987;0.0;-0.5;0.0;0
3.99;1.0;-0.5;0.0;0
3.9930000000000003;-0.0;-0.5;-1.0;0
3.996;-0.0;-0.5;-1.0;0
3.999;0.0;-0.5;-1.0;0
4.002;0.0;-0.5;-1.0;0
4.005;-0.0;-0.5;-1.0;0
4.008;-0.0;-0.5;-1.0;0
4.011;0.0;-0.5;-1.0;0
4.014;0.0;-0.5;-1.0;0
4.017;-0.0;-0.5;-1.0;0
4.0200000000000005;-0.0;-0.5;-1.0;0
4.023000000000001;0.0;-0.5;-1.0;0
4.026;0.0;-0.5;0.0;0
4.029;-0.0;-0.5;0.0;0
4.032;-0.0;-0.5;0.0;0
4.035;0.0;-0.5;0.0;0
4.038;0.0;-0.5;0.0;0
4.041;-0.0;-0.5;0.0;0
4.0440000000000005;-0.0;-0.5;0.0;0
4.047000000000001;0.0;-0.5;0.0;0
4.05;0.0;-0.5;0.0;0
4.053;-0.0;-0.5;0.0;0
4.056;-0.0;-0.5;0.0;0
4.059;0.0;-0.5;0.0;0
4.062;0.0;-0.5;0.0;0
4.065;-0.0;-0.5;0.0;0
4.0680000000000005;-0.0;-0.5;0.0;0
4.071000000000001;0.0;-0.5;0.0;0
4.074;0.0;-0.5;0.0;0
4.077;-0.0;-0.5;0.0;0
4.08;-0.0;-0.5;0.0;0
4.083;0.0;-0.5;0.0;0
4.086;0.0;-0.5;0.0;0
4.089;-0.0;-0.5;0.0;0
4.0920000000000005;-0.0;-0.5;0.0;0
4.095000000000001;0.0;-0.5;0.0;0
4.098;0.0;-0.5;0.0;0
4.101;-0.0;-0.5;0.0;0
4.104;-0.0;-0.5;0.0;0
4.107;0.0;-0.5;0.0;0
4.11;0.0;-0.5;0.0;0
4.113;-0.0;-0.5;0.0;0
4.1160000000000005;-0.0;-0.5;0.0;0
4.119;0.0;-0.5;0.0;0
4.122;0.0;-0.5;0.0;0
4.125;-0.0;-0.5;-0.0;0
4.128;-0.0;-0.5;-0.0;0
4.131;0.0;-0.5;-0.0;0
4.134;0.0;-0.5;-0.0;0
4.1370000000000005;-0.0;-0.5;-0.0;0
4.140000000000001;-1.0;0.5;-0.0;0
4.143;0.0;-0.5;-0.0;0
4.146;0.0;-0.5;-0.0;0
4.149;-0.0;-0.5;-0.0;0
4.152;-1.0;0.5;-0.0;0
4.155;0.0;-0.5;-0.0;0
4.158;0.0;-0.5;0.0;0
4.1610000000000005;-0.0;-0.5;0.0;0
4.164000000000001;-1.0;0.5;0.0;0
4.167;0.0;-0.5;0.0;0
4.17;0.0;-0.5;0.0;0
4.173;-0.0;-0.5;0.0;0
4.176;-1.0;0.5;0.0;0
4.179;0.0;-0.5;0.0;0
4.182;0.0;-0.5;0.0;0
4.1850000000000005;-0.0;-0.5;0.0;0
4.188000000000001;-1.0;0.5;0.0;0
4.191;0.0;-0.5;1.0;0
4.194;0.0;-0.5;1.0;0
4.197;-0.0;-0.5;1.0;0
4.2;-1.0;0.5;1.0;0
4.203;0.0;-0.5;1.0;0
4.206;0.0;-0.5;1.0;0
4.2090000000000005;-0.0;-0.5;1.0;0
4.212000000000001;-1.0;0.5;1.0;0
4.215;0.0;-0.5;1.0;0
4.218;0.0;-0.5;1.0;0
4.221;-0.0;-0.5;1.0;0
4.224;-0.0;-0.5;0.0;0
4.227;0.0;-0.5;0.0;0
4.23;0.0;-0.5;0.0;0
4.2330000000000005;-0.0;-0.5;0.0;0
4.236;-0.0;-0.5;0.0;0
4.239;0.0;-0.5;0.0;0
4.242;0.0;-0.5;0.0;0
4.245;-0.0;-0.5;0.0;0
4.248;-0.0;-0.5;0.0;0
4.251;0.0;-0.5;0.0;0
4.2540000000000004;0.0;-0.5;0.0;0
4.257000000000001;-0.0;-0.5;-0.0;0
4.26;-0.0;-0.5;-0.0;0
4.263;0.0;-0.5;-0.0;0
4.266;0.0;-0.5;-0.0;0
4.269;-0.0;-0.5;-0.0;0
4.272;-0.0;-0.5;-0.0;0
4.275;0.0;-0.5;-0.0;0
4.2780000000000005;0.0;-0.5;-0.0;0
4.281000000000001;-0.0;-0.5;-0.0;0
4.284;-0.0;-0.5;-0.0;0
4.287;0.0;-0.5;-0.0;0
4.29;0.0;-0.5;0.0;0
4.293;-0.0;-0.5;0.0;0
4.296;-0.0;-0.5;0.0;0
4.299;0.0;-0.5;0.0;0
4.3020000000000005;0.0;-0.5;0.0;0
4.305000000000001;-0.0;-0.5;0.0;0
4.308;-0.0;-0.5;0.0;0
4.311;0.0;-0.5;0.0;0
4.314;0.0;-0.5;0.0;0
4.317;-0.0;-0.5;0.0;0
4.32;-0.0;-0.5;0.0;0
4.323;0.0;-0.5;0.0;0
4.3260000000000005;0.0;-0.5;0.0;0
4.329000000000001;-0.0;-0.5;0.0;0
4.332;-0.0;-0.5;0.0;0
4.335;0.0;-0.5;0.0;0
4.338;0.0;-0.5;0.0;0
4.341;-0.0;-0.5;0.0;0
4.344;-0.0;-0.5;0.0;0
4.347;0.0;-0.5;0.0;0
4.3500000000000005;0.0;-0.5;0.0;0
4.353000000000001;-0.0;-0.5;0.0;0
4.356;-0.0;-0.5;0.0;0
4.359;0.0;-0.5;0.0;0
4.362;0.0;-0.5;0.0;0
4.365;-0.0;-0.5;0.0;0
4.368;-0.0;-0.5;0.0;0
4.371;0.0;-0.5;0.0;0
4.3740000000000006;1.0;-0.5;0.0;0
4.377;-0.0;-0.5;0.0;0
4.38;-0.0;-0.5;0.0;0
4.383;0.0;-0.5;0.0;0
4.386;1.0;-0.5;0.0;0
4.389;-0.0;-0.5;-1.0;0
4.392;-0.0;-0.5;-1.0;0
4.3950000000000005;0.0;-0.5;-1.0;0
4.398000000000001;1.0;-0.5;-1.0;0
4.401;-0.0;-0.5;-1.0;0
4.404;-0.0;-0.5;-1.0;0
4.407;0.0;-0.5;-1.0;0
4.41;1.0;-0.5;-1.0;0
4.413;-0.0;-0.5;-1.0;0
4.416;-0.0;-0.5;-1.0;0
4.4190000000000005;0.0;-0.5;-1.0;0
4.422000000000001;1.0;-0.5;1.0;0
4.425;-0.0;-0.5;1.0;0
4.428;-0.0;-0.5;1.0;0
4.431;0.0;-0.5;1.0;0
4.434;1.0;-0.5;1.0;0
4.437;-0.0;-0.5;1.0;0
4.44;-0.0;-0.5;1.0;0
4.4430000000000005;0.0;-0.5;1.0;0
4.446000000000001;0.0;-0.5;1.0;0
4.449;-0.0;-0.5;1.0;0
4.452;-0.0;-0.5;1.0;0
4.455;0.0;-0.5;0.0;0
4.458;0.0;-0.5;0.0;0
4.461;-0.0;-0.5;0.0;0
4.464;-0.0;-0.5;0.0;0
4.4670000000000005;0.0;-0.5;0.0;0
4.470000000000001;0.0;-0.5;0.0;0
4.473;-0.0;-0.5;0.0;0
4.476;-0.0;-0.5;0.0;0
4.479;0.0;-0.5;0.0;0
4.482;0.0;-0.5;0.0;0
4.485;-0.0;-0.5;0.0;0
4.488;-0.0;-0.5;0.0;0
4.4910000000000005;0.0;-0.5;0.0;0
4.494;0.0;-0.5;0.0;0
4.497;-0.0;-0.5;0.0;0
4.5;-0.0;-0.5;0.0;0
4.503;0.0;-0.5;0.0;0
4.506;0.0;-0.5;0.0;0
4.509;-0.0;-0.5;0.0;0
4.5120000000000005;-0.0;-0.5;0.0;0
4.515000000000001;0.0;-0.5;0.0;0
4.518;0.0;-0.5;0.0;0
4.521;-0.0;-0.5;-0.0;0
4.524;-0.0;-0.5;-0.0;0
4.527;0.0;-0.5;-0.0;0
4.53;0.0;-0.5;-0.0;0
4.533;-0.0;-0.5;-0.0;0
4.5360000000000005;-0.0;-0.5;-0.0;0
4.539000000000001;0.0;-0.5;-0.0;0
4.542;0.0;-0.5;-0.0;0
4.545;-0.0;-0.5;-0.0;0
4.548;-0.0;-0.5;-0.0;0
4.551;0.0;-0.5;-0.0;0
4.554;0.0;-0.5;0.0;0
4.557;-0.0;-0.5;0.0;0
4.5600000000000005;-0.0;-0.5;0.0;0
4.563000000000001;0.0;-0.5;0.0;0
4.566;0.0;-0.5;0.0;0
4.569;-0.0;-0.5;0.0;0
4.572;-0.0;-0.5;0.0;0
4.575;0.0;-0.5;0.0;0
4.578;0.0;-0.5;0.0;0
4.581;-0.0;-0.5;0.0;0
4.5840000000000005;-0.0;-0.5;0.0;0
4.587000000000001;0.0;-0.5;0.0;0
4.59;0.0;-0.5;0.0;0
4.593;-0.0;-0.5;0.0;0
4.596;-0.0;-0.5;0.0;0
4.599;0.0;-0.5;0.0;0
4.602;0.0;-0.5;0.0;0
4.605;-0.0;-0.5;0.0;0
4.6080000000000005;-1.0;0.5;0.0;0
4.611000000000001;0.0;-0.5;0.0;0
4.614;0.0;-0.5;0.0;0
4.617;-0.0;-0.5;0.0;0
4.62;-1.0;0.5;-1.0;0
4.623;0.0;-0.5;-1.0;0
4.626;0.0;-0.5;-1.0;0
4.6290000000000004;-0.0;-0.5;-1.0;0
4.632000000000001;-1.0;0.5;-1.0;0
4.635;0.0;-0.5;-1.0;0
4.638;0.0;-0.5;-1.0;0
4.641;-0.0;-0.5;-1.0;0
4.644;-1.0;0.5;-1.0;0
4.647;0.0;-0.5;-1.0;0
4.65;0.0;-0.5;-1.0;0
4.6530000000000005;-0.0;-0.5;-0.0;0
4.656000000000001;-1.0;0.5;-0.0;0
4.659;0.0;-0.5;-0.0;0
4.662;0.0;-0.5;-0.0;0
4.665;-0.0;-0.5;-0.0;0
4.668;-1.0;0.5;-0.0;0
4.671;0.0;-0.5;-0.0;0
4.674;0.0;-0.5;-0.0;0
4.6770000000000005;-0.0;-0.5;-0.0;0
4.680000000000001;-0.0;-0.5;-0.0;0
4.683;0.0;-0.5;-0.0;0
4.686;0.0;-0.5;0.0;0
4.689;-0.0;-0.5;0.0;0
4.692;-0.0;-0.5;0.0;0
4.695;0.0;-0.5;0.0;0
4.698;0.0;-0.5;0.0;0
4.7010000000000005;-0.0;-0.5;0.0;0
4.704000000000001;-0.0;-0.5;0.0;0
4.707;0.0;-0.5;0.0;0
4.71;0.0;-0.5;0.0;0
4.713;-0.0;-0.5;0.0;0
4.716;-0.0;-0.5;0.0;0
4.719;0.0;-0.5;0.0;0
4.722;0.0;-0.5;0.0;0
4.7250000000000005;-0.0;-0.5;0.0;0
4.728000000000001;-0.0;-0.5;0.0;0
4.731;0.0;-0.5;0.0;0
4.734;0.0;-0.5;0.0;0
4.737;-0.0;-0.5;0.0;0
4.74;-0.0;-0.5;0.0;0
4.743;0.0;-0.5;0.0;0
4.746;0.0;-0.5;0.0;0
4.7490000000000006;-0.0;-0.5;0.0;0
4.752000000000001;-0.0;-0.5;0.0;0
4.755;0.0;-0.5;0.0;0
4.758;0.0;-0.5;0.0;0
4.761;-0.0;-0.5;0.0;0
4.764;-0.0;-0.5;0.0;0
4.767;0.0;-0.5;0.0;0
4.7700000000000005;0.0;-0.5;0.0;0
4.773000000000001;-0.0;-0.5;0.0;0
4.776;-0.0;-0.5;0.0;0
4.779;0.0;-0.5;0.0;0
4.782;0.0;-0.5;0.0;0
4.785;-0.0;-0.5;-0.0;0
4.788;-0.0;-0.5;-0.0;0
4.791;0.0;-0.5;-0.0;0
4.7940000000000005;0.0;-0.5;-0.0;0
4.797000000000001;-0.0;-0.5;-0.0;0
4.8;-0.0;-0.5;-0.0;0
4.803;0.0;-0.5;-0.0;0
4.806;0.0;-0.5;-0.0;0
4.809;-0.0;-0.5;-0.0;0
4.812;-0.0;-0.5;-0.0;0
4.815;0.0;-0.5;-0.0;0
4.8180000000000005;0.0;-0.5;0.0;0
4.821000000000001;-0.0;-0.5;0.0;0
4.824;-0.0;-0.5;0.0;0
4.827;0.0;-0.5;0.0;0
4.83;0.0;-0.5;0.0;0
4.833;-0.0;-0.5;0.0;0
4.836;-0.0;-0.5;0.0;0
4.839;0.0;-0.5;0.0;0
4.8420000000000005;0.0;-0.5;0.0;0
4.845000000000001;-0.0;-0.5;0.0;0
4.848;-0.0;-0.5;0.0;0
4.851;0.0;-0.5;0.0;0
4.854;1.0;-0.5;0.0;0
4.857;-0.0;-0.5;0.0;0
4.86;-0.0;-0.5;0.0;0
4.863;0.0;-0.5;0.0;0
4.8660000000000005;1.0;-0.5;0.0;0
4.869000000000001;-0.0;-0.5;0.0;0
4.872;-0.0;-0.5;0.0;0
4.875;0.0;-0.5;0.0;0
4.878;1.0;-0.5;0.0;0
4.881;-0.0;-0.5;0.0;0
4.884;-0.0;-0.5;0.0;0
4.8870000000000005;0.0;-0.5;0.0;0
4.890000000000001;0.0;-0.5;0.0;0
4.893;-0.0;-0.5;0.0;0
4.896;-0.0;-0.5;0.0;0
4.899;0.0;-0.5;0.0;0
4.902;0.0;-0.5;0.0;0
4.905;-0.0;-0.5;0.0;0
4.908;-0.0;-0.5;0.0;0
4.9110000000000005;0.0;-0.5;0.0;0
4.914000000000001;0.0;-0.5;0.0;0
4.917;-0.0;-0.5;-0.0;0
4.92;-0.0;-0.5;-0.0;0
4.923;0.0;-0.5;-0.0;0
4.926;0.0;-0.5;-0.0;0
4.929;-0.0;-0.5;-0.0;0
4.932;-0.0;-0.5;-0.0;0
4.9350000000000005;0.0;-0.5;-0.0;0
4.938000000000001;0.0;-0.5;-0.0;0
4.941;-0.0;-0.5;-0.0;0
4.944;-0.0;-0.5;-0.0;0
4.947;0.0;-0.5;-0.0;0
4.95;0.0;-0.5;0.0;0
4.953;-0.0;-0.5;0.0;0
4.956;-0.0;-0.5;0.0;0
4.9590000000000005;0.0;-0.5;0.0;0
4.962000000000001;0.0;-0.5;0.0;0
4.965;-0.0;-0.5;0.0;0
4.968;-0.0;-0.5;0.0;0
4.971;0.0;-0.5;0.0;0
4.974;0.0;-0.5;0.0;0
4.977;-0.0;-0.5;0.0;0
4.98;-0.0;-0.5;0.0;0
4.9830000000000005;0.0;-0.5;0.0;0
4.986000000000001;0.0;-0.5;0.0;0
4.989;-0.0;-0.5;0.0;0
4.992;-0.0;-0.5;0.0;0
4.995;0.0;-0.5;0.0;0
4.998;0.0;-0.5;0.0;0
5.001;-0.0;-0.5;0.0;0
5.0040000000000004;-0.0;-0.5;0.0;0
5.007000000000001;0.0;-0.5;0.0;0
5.010000000000001;0.0;-0.5;0.0;0
5.013;-0.0;-0.5;0.0;0
5.016;-0.0;-0.5;0.0;0
5.019;0.0;-0.5;0.0;0
5.022;0.0;-0.5;0.0;0
5.025;-0.0;-0.5;0.0;0
5.0280000000000005;-0.0;-0.5;0.0;0
5.031000000000001;0.0;-0.5;0.0;0
5.034;0.0;-0.5;0.0;0
5.037;-0.0;-0.5;0.0;0
5.04;-0.0;-0.5;0.0;0
5.043;0.0;-0.5;0.0;0
5.046;0.0;-0.5;0.0;0
5.049;-0.0;-0.5;-0.0;0
5.0520000000000005;-0.0;-0.5;-0.0;0
5.055000000000001;0.0;-0.5;-0.0;0
5.058;0.0;-0.5;-0.0;0
5.061;-0.0;-0.5;-0.0;0
5.064;-0.0;-0.5;-0.0;0
5.067;0.0;-0.5;-0.0;0
5.07;0.0;-0.5;-0.0;0
5.073;-0.0;-0.5;-0.0;0
5.0760000000000005;-0.0;-0.5;-0.0;0
5.079000000000001;0.0;-0.5;-0.0;0
5.082;0.0;-0.5;0.0;0
5.085;-0.0;-0.5;0.0;0
5.088;-0.0;-0.5;0.0;0
5.091;0.0;-0.5;0.0;0
5.094;0.0;-0.5;0.0;0
5.097;-0.0;-0.5;0.0;0
5.1000000000000005;-0.0;-0.5;0.0;0
5.103000000000001;0.0;-0.5;0.0;0
5.106;0.0;-0.5;0.0;0
5.109;-0.0;-0.5;0.0;0
5.112;-0.0;-0.5;0.0;0
5.115;0.0;-0.5;0.0;0
5.118;0.0;-0.5;0.0;0
5.121;-0.0;-0.5;0.0;0
5.1240000000000006;-0.0;-0.5;0.0;0
5.127000000000001;0.0;-0.5;0.0;0
5.13;0.0;-0.5;0.0;0
5.133;-0.0;-0.5;0.0;0
5.136;-0.0;-0.5;0.0;0
5.139;0.0;-0.5;0.0;0
5.142;0.0;-0.5;0.0;0
5.1450000000000005;-0.0;-0.5;0.0;0
5.148000000000001;-0.0;-0.5;0.0;0
5.151000000000001;0.0;-0.5;0.0;0
5.154;0.0;-0.5;0.0;0
5.157;-0.0;-0.5;0.0;0
5.16;-0.0;-0.5;0.0;0
5.163;0.0;-0.5;0.0;0
5.166;0.0;-0.5;0.0;0
5.1690000000000005;-0.0;-0.5;0.0;0
5.172000000000001;-0.0;-0.5;0.0;0
5.175;0.0;-0.5;0.0;0
5.178;0.0;-0.5;0.0;0
5.181;-0.0;-0.5;-0.0;0
