t;e;d;i;set

0.469;0;5000;0;0
0.474;0;5000;0;0
0.479;0;5000;0;0
0.484;0;5000;0;0
0.489;0;5000;0;0
0.494;0;5000;0;0
0.499;0;5000;0;0
0.504;0;5000;0;0
0.509;0;5000;0;0
0.514;0;5000;0;0
0.519;0;5000;0;0
0.524;0;5000;0;0
0.529;0;5000;0;0
0.534;0;5000;0;0
0.539;0;5000;0;0
0.544;0;5000;0;0
0.549;0;5000;0;0
0.554;0;5000;0;0
0.559;0;5000;0;0
0.564;0;5000;0;0
0.569;0;5000;0;0
0.574;0;5000;0;0
0.579;0;5000;0;0
0.584;0;5000;0;0
0.589;0;5000;0;0
0.594;0;5000;0;0
0.599;0;5000;0;0
0.604;0;5000;0;0
0.609;0;5000;0;0
0.614;0;5000;0;0
0.619;0;5000;0;0
0.624;0;5000;0;0
0.629;0;5000;0;0
0.634;0;5000;0;0
0.639;0;5000;0;0
0.644;0;5000;0;0
0.649;0;5000;0;0
0.654;0;5000;0;0
0.659;0;5000;0;0
0.664;0;5000;0;0
0.669;0;5000;0;0
0.674;0;5000;0;0
0.679;0;5000;0;0
0.684;0;5000;0;0
0.689;0;5000;0;0
0.694;0;5000;0;0
0.699;0;5000;0;0
0.704;0;5000;0;0
0.709;0;5000;0;0
0.714;0;5000;0;0
0.719;0;5000;0;0
0.724;0;5000;0;0
0.729;0;5000;0;0
0.734;0;5000;0;0
0.739;0;5000;0;0
0.744;0;5000;0;0
0.749;0;5000;0;0
0.754;0;5000;0;0
0.759;0;5000;0;0
0.764;0;5000;0;0
0.769;0;5000;0;0
0.774;0;5000;0;0
0.779;0;5000;0;0
0.784;0;5000;0;0
0.789;0;5000;0;0
0.794;0;5000;0;0
0.799;0;5000;0;0
0.804;0;5000;0;0
0.809;0;5000;0;0
0.814;0;5000;0;0
0.819;0;5000;0;0
0.824;0;5000;0;0
0.829;0;5000;0;0
0.834;0;5000;0;0
0.839;0;5000;0;0
0.844;0;5000;0;0
0.849;0;5000;0;0
0.854;0;5000;0;0
0.859;7;5000;0;0
0.864;7;5000;0;0
0.869;7;5000;0;0
0.874;7;5000;0;0
0.879;7;5000;0;0
0.884;7;1.4577259475218658;0;0
0.889;15;5000;0;0
0.894;15;5000;0;0
0.899;15;5000;0;0
0.904;15;5000;0;0
0.909;23;5000;0;0
0.914;23;5000;0;0
0.919;23;5000;0;0
0.924;23;5000;0;0
0.929;23;60.97560975609756;0;0
0.934;31;5000;0;0
0.939;31;1.4577259475218658;0;0
0.944;39;55.55555555555556;0;0
0.949;39;5000;0;0
0.954;39;125.0;0;0
0.959;39;5000;0;0
0.964;39;60.97560975609756;0;0
0.969;39;5000;0;0
0.974;39;1.4577259475218658;0;0
0.979;39;5000;0;0
0.984;39;60.97560975609756;0;0
0.989;39;5000;0;0
0.994;39;1.4577259475218658;0;0
0.999;39;55.55555555555556;0;0
1.004;39;5000;0;0
1.009;47;125.0;0;0
1.014;47;5000;0;0
1.019;47;19.23076923076923;0;0
1.024;47;5000;0;0
1.029;47;1.4577259475218658;0;0
1.034;47;5000;0;0
1.039;47;5000;0;0
1.044;47;5000;0;0
1.049;47;1.4577259475218658;0;0
1.054;47;55.55555555555556;0;0
1.059;47;5000;0;0
1.064;47;125.0;0;0
1.069;54;5000;0;0
1.074;54;19.23076923076923;0;0
1.079;54;20.833333333333332;0;0
1.084;54;1.4577259475218658;0;0
1.089;54;5000;0;0
1.094;54;5000;0;0
1.099;54;125.0;0;0
1.104;54;1.4577259475218658;0;0
1.109;54;55.55555555555556;0;0
1.114;54;5000;0;0
1.119;54;125.0;0;0
1.124;54;5000;0;0
1.129;54;19.23076923076923;0;0
1.134;54;20.833333333333332;0;0
1.139;54;1.4577259475218658;0;0
1.144;54;5000;0;0
1.149;54;5000;0;0
1.154;54;125.0;0;0
1.159;54;1.4577259475218658;0;0
1.164;54;55.55555555555556;0;0
1.169;54;5000;0;0
1.174;54;125.0;0;0
1.179;54;5000;0;0
1.184;62;5000;0;0
1.189;62;20.833333333333332;0;0
1.194;62;1.4577259475218658;0;0
1.199;62;5000;0;0
1.204;62;5000;0;0
1.209;62;125.0;0;0
1.214;62;1.4577259475218658;0;0
1.219;62;10.460251046025105;0;0
1.224;62;5000;0;0
1.229;62;125.0;0;0
1.234;62;5000;0;0
1.239;62;5000;0;0
1.244;62;20.833333333333332;0;0
1.249;62;1.4577259475218658;0;0
1.254;62;5000;0;0
1.259;62;5000;0;0
1.264;62;125.0;0;0
1.269;62;1.4577259475218658;0;0
1.274;62;10.460251046025105;0;0
1.279;70;5000;0;0
1.284;70;125.0;0;0
1.289;70;13.812154696132596;0;0
1.294;70;5000;0;0
1.299;70;20.833333333333332;0;0
1.304;70;1.4577259475218658;0;0
1.309;70;10.460251046025105;0;0
1.314;70;5000;0;0
1.319;70;125.0;0;0
1.324;70;1.4577259475218658;0;0
1.329;70;10.460251046025105;0;0
1.334;70;5000;0;0
1.339;70;125.0;0;0
1.344;70;13.812154696132596;0;0
1.349;70;5000;0;0
1.354;70;20.833333333333332;0;0
1.359;70;1.4577259475218658;0;0
1.364;70;10.460251046025105;0;0
1.369;70;5000;0;0
1.374;70;125.0;0;0
1.379;70;1.4577259475218658;0;0
1.384;70;10.460251046025105;0;0
1.389;70;5000;0;0
1.394;70;125.0;0;0
1.399;70;13.812154696132596;0;0
1.404;70;5000;0;0
1.409;70;20.833333333333332;0;0
1.414;70;1.4577259475218658;0;0
1.419;70;10.460251046025105;0;0
1.424;70;5000;0;0
1.429;70;125.0;0;0
1.434;70;1.4577259475218658;0;0
1.439;70;10.460251046025105;0;0
1.444;70;5000;0;0
1.449;70;125.0;0;0
1.454;70;13.812154696132596;0;0
1.459;70;5000;0;0
1.464;70;20.833333333333332;0;0
1.469;70;1.4577259475218658;0;0
1.474;70;10.460251046025105;0;0
1.479;70;5000;0;0
1.484;70;125.0;0;0
1.489;70;1.4577259475218658;0;0
1.494;70;10.460251046025105;0;0
1.499;78;5000;0;0
1.504;78;125.0;0;0
1.509;78;5.681818181818182;0;0
1.514;78;5000;0;0
1.519;78;20.833333333333332;0;0
1.524;78;1.4577259475218658;0;0
1.529;78;10.460251046025105;0;0
1.534;78;5000;0;0
1.539;78;125.0;0;0
1.544;78;1.4577259475218658;0;0
1.549;78;10.460251046025105;0;0
1.554;78;5000;0;0
1.559;78;125.0;0;0
1.564;78;5.681818181818182;0;0
1.569;78;5000;0;0
1.574;78;20.833333333333332;0;0
1.579;78;1.4577259475218658;0;0
1.584;78;10.460251046025105;0;0
1.589;78;5000;0;0
1.594;78;125.0;0;0
1.599;78;1.4577259475218658;0;0
1.604;78;10.460251046025105;0;0
1.609;78;5000;0;0
1.614;78;125.0;0;0
1.619;78;5.681818181818182;0;0
1.624;78;5000;0;0
1.629;78;20.833333333333332;0;0
1.634;78;1.4577259475218658;0;0
1.639;78;10.460251046025105;0;0
1.644;78;5000;0;0
1.649;78;125.0;0;0
1.654;78;1.4577259475218658;0;0
1.659;78;10.460251046025105;0;0
1.664;78;5000;0;0
1.669;86;125.0;0;0
1.674;86;7.288629737609329;0;0
1.679;86;5000;0;0
1.684;86;20.833333333333332;0;0
1.689;86;1.4577259475218658;0;0
1.694;86;10.460251046025105;0;0
1.699;86;5000;0;0
1.704;86;125.0;0;0
1.709;86;1.4577259475218658;0;0
1.714;86;10.460251046025105;0;0
1.719;86;5000;0;0
1.724;86;125.0;0;0
1.729;86;7.288629737609329;0;0
1.734;86;5000;0;0
1.739;86;20.833333333333332;0;0
1.744;86;1.4577259475218658;0;0
1.749;86;10.460251046025105;0;0
1.754;86;5000;0;0
1.759;86;125.0;0;0
1.764;86;1.4577259475218658;0;0
1.769;86;10.460251046025105;0;0
1.774;86;5000;0;0
1.779;86;125.0;0;0
1.784;86;7.288629737609329;0;0
1.789;86;5000;0;0
1.794;86;20.833333333333332;0;0
1.799;86;1.4577259475218658;0;0
1.804;86;10.460251046025105;0;0
1.809;86;5000;0;0
1.814;86;125.0;0;0
1.819;86;1.4577259475218658;0;0
1.824;86;10.460251046025105;0;0
1.829;86;5000;0;0
1.834;86;125.0;0;0
1.839;86;7.288629737609329;0;0
1.844;86;5000;0;0
1.849;86;20.833333333333332;0;0
1.854;86;1.4577259475218658;0;0
1.859;86;10.460251046025105;0;0
1.864;86;5000;0;0
1.869;86;125.0;0;0
1.874;86;1.4577259475218658;0;0
1.879;86;10.460251046025105;0;0
1.884;94;20.833333333333332;0;0
1.889;94;125.0;0;0
1.894;94;7.288629737609329;0;0
1.899;94;5000;0;0
1.904;94;20.833333333333332;0;0
1.909;94;1.4577259475218658;0;0
1.914;94;10.460251046025105;0;0
1.919;94;5.72737686139748;0;0
1.924;94;125.0;0;0
1.929;94;1.4577259475218658;0;0
1.934;94;10.460251046025105;0;0
1.939;94;20.833333333333332;0;0
1.944;94;125.0;0;0
1.949;94;7.288629737609329;0;0
1.954;94;5000;0;0
1.959;94;20.833333333333332;0;0
1.964;94;1.4577259475218658;0;0
1.969;94;10.460251046025105;0;0
1.974;94;5.72737686139748;0;0
1.979;94;125.0;0;0
1.984;94;1.4577259475218658;0;0
1.989;94;10.460251046025105;0;0
1.994;94;20.833333333333332;0;0
1.999;94;125.0;0;0
2.004;94;7.288629737609329;0;0
2.009;94;5000;0;0
2.014;94;20.833333333333332;0;0
2.019;94;1.4577259475218658;0;0
2.024;94;10.460251046025105;0;0
2.029;94;5.72737686139748;0;0
2.034;94;125.0;0;0
2.039;94;1.4577259475218658;0;0
2.044;94;10.460251046025105;0;0
2.049;94;20.833333333333332;0;0
2.054;94;125.0;0;0
2.059;94;7.288629737609329;0;0
2.064;94;5000;0;0
2.069;94;20.833333333333332;0;0
2.074;94;1.4577259475218658;0;0
2.079;94;10.460251046025105;0;0
2.084;94;5.72737686139748;0;0
2.089;94;125.0;0;0
2.094;94;1.4577259475218658;0;0
2.099;94;10.460251046025105;0;0
2.104;94;20.833333333333332;0;0
2.109;94;125.0;0;0
2.114;94;7.288629737609329;0;0
2.119;94;5000;0;0
2.124;94;20.833333333333332;0;0
2.129;94;1.4577259475218658;0;0
2.134;94;10.460251046025105;0;0
2.139;94;5.72737686139748;0;0
2.144;94;125.0;0;0
2.149;101;1.4577259475218658;0;0
2.154;101;10.460251046025105;0;0
2.159;101;4.803073967339097;0;0
2.164;101;125.0;0;0
2.169;101;7.288629737609329;0;0
2.174;101;5000;0;0
2.179;101;125.0;0;0
2.184;101;1.4577259475218658;0;0
2.189;101;10.460251046025105;0;0
2.194;101;5.72737686139748;0;0
2.199;101;125.0;0;0
2.204;101;1.4577259475218658;0;0
2.209;109;10.460251046025105;0;0
2.214;109;4.803073967339097;0;0
2.219;109;125.0;0;0
2.224;109;7.288629737609329;0;0
2.229;109;20.0;0;0
2.234;109;125.0;0;0
2.239;109;1.4577259475218658;0;0
2.244;109;10.460251046025105;0;0
2.249;109;4.803073967339097;0;0
2.254;109;125.0;0;0
2.259;109;1.4577259475218658;0;0
2.264;109;10.460251046025105;0;0
2.269;109;4.803073967339097;0;0
2.274;109;125.0;0;0
2.279;109;7.288629737609329;0;0
2.284;109;20.0;0;0
2.289;109;125.0;0;0
2.294;109;1.4577259475218658;0;0
2.299;109;10.460251046025105;0;0
2.304;109;4.803073967339097;0;0
2.309;109;125.0;0;0
2.314;109;1.4577259475218658;0;0
2.319;109;10.460251046025105;0;0
2.324;109;4.803073967339097;0;0
2.329;109;125.0;0;0
2.334;109;7.288629737609329;0;0
2.339;109;20.0;0;0
2.344;109;125.0;0;0
2.349;109;1.4577259475218658;0;0
2.354;109;10.460251046025105;0;0
2.359;109;4.803073967339097;0;0
2.364;109;125.0;0;0
2.369;109;1.4577259475218658;0;0
2.374;109;10.460251046025105;0;0
2.379;109;4.803073967339097;0;0
2.384;109;125.0;0;0
2.389;109;7.288629737609329;0;0
2.394;109;20.0;0;0
2.399;109;125.0;0;0
2.404;109;1.4577259475218658;0;0
2.409;109;10.460251046025105;0;0
2.414;109;4.803073967339097;0;0
2.419;109;125.0;0;0
2.424;109;1.4577259475218658;0;0
2.429;109;10.460251046025105;0;0
2.434;109;4.803073967339097;0;0
2.439;109;125.0;0;0
2.444;109;7.288629737609329;0;0
2.449;109;20.0;0;0
2.454;109;125.0;0;0
2.459;109;1.4577259475218658;0;0
2.464;109;10.460251046025105;0;0
2.469;109;4.803073967339097;0;0
2.474;109;125.0;0;0
2.479;109;1.4577259475218658;0;0
2.484;109;10.460251046025105;0;0
2.489;109;4.803073967339097;0;0
2.494;109;125.0;0;0
2.499;109;7.288629737609329;0;0
2.504;109;20.0;0;0
2.509;109;125.0;0;0
2.514;109;1.4577259475218658;0;0
2.519;109;10.460251046025105;0;0
2.524;109;4.803073967339097;0;0
2.529;109;125.0;0;0
2.534;109;1.4577259475218658;0;0
2.539;109;10.460251046025105;0;0
2.544;109;4.803073967339097;0;0
2.549;117;125.0;0;0
2.554;117;7.288629737609329;0;0
2.559;117;20.0;0;0
2.564;117;125.0;0;0
2.569;117;3.676470588235294;0;0
2.574;117;10.460251046025105;0;0
2.579;117;4.803073967339097;0;0
2.584;117;125.0;0;0
2.589;125;7.288629737609329;0;0
2.594;125;10.460251046025105;0;0
2.599;125;33.333333333333336;0;0
2.604;125;125.0;0;0
2.609;125;7.288629737609329;0;0
2.614;125;20.0;0;0
2.619;125;125.0;0;0
2.624;125;3.676470588235294;0;0
2.629;125;10.460251046025105;0;0
2.634;125;4.803073967339097;0;0
2.639;133;125.0;0;0
2.644;133;7.288629737609329;0;0
2.649;133;4.803073967339097;0;0
2.654;133;125.0;0;0
2.659;133;3.676470588235294;0;0
2.664;133;10.460251046025105;0;0
2.669;133;4.803073967339097;0;0
2.674;133;125.0;0;0
2.679;133;7.288629737609329;0;0
2.684;133;24.752475247524753;0;0
2.689;133;33.333333333333336;0;0
2.694;133;125.0;0;0
2.699;140;7.288629737609329;0;0
2.704;140;4.803073967339097;0;0
2.709;148;125.0;0;0
2.714;148;3.676470588235294;0;0
2.719;156;4.803073967339097;0;0
2.724;156;102.04081632653062;0;0
2.729;164;125.0;0;0
2.734;164;125.0;0;0
2.739;164;4.803073967339097;0;0
2.744;171;125.0;0;0
2.749;171;7.288629737609329;0;0
2.754;179;4.803073967339097;0;0
2.759;179;102.04081632653062;0;0
2.764;179;125.0;0;0
2.769;179;125.0;0;0
2.774;187;4.803073967339097;0;0
2.779;187;119.04761904761905;0;0
2.784;187;65.78947368421052;0;0
2.789;195;86.20689655172414;0;0
2.794;195;102.04081632653062;0;0
2.799;195;125.0;0;0
2.804;195;125.0;0;0
2.809;195;4.803073967339097;0;0
2.814;195;102.04081632653062;0;0
2.819;202;40.32258064516129;0;0
2.824;202;125.0;0;0
2.829;202;73.52941176470588;0;0
2.834;210;119.04761904761905;0;0
2.839;210;125.0;0;0
2.844;210;86.20689655172414;0;0
2.849;218;102.04081632653062;0;0
2.854;218;125.0;0;0
2.859;225;96.15384615384616;0;0
2.864;225;4.803073967339097;0;0
2.869;233;138.88888888888889;0;0
2.874;241;227.27272727272728;0;0
2.879;241;86.20689655172414;0;0
2.884;248;73.52941176470588;0;0
2.889;256;100.0;0;0
2.894;263;156.25;0;0
2.899;271;250.0;0;0
2.904;278;250.0;0;0
2.909;286;83.33333333333333;0;0
2.914;286;86.20689655172414;0;0
2.919;301;73.52941176470588;0;0
2.924;309;100.0;0;0
2.929;316;277.77777777777777;0;0
2.934;331;416.6666666666667;0;0
2.939;338;357.14285714285717;0;0
2.944;346;277.77777777777777;0;0
2.949;360;416.6666666666667;0;0
2.954;368;416.6666666666667;0;0
2.959;375;277.77777777777777;0;0
2.964;389;277.77777777777777;0;0
2.969;404;416.6666666666667;0;0
2.974;411;227.27272727272728;0;0
2.979;418;277.77777777777777;0;0
2.984;432;500.0;0;0
2.989;439;192.30769230769232;0;0
2.994;446;250.0;0;0
2.999;453;277.77777777777777;0;0
3.004;467;250.0;0;0
3.009;474;227.27272727272728;0;0
3.014;481;312.5;0;0
3.019;488;416.6666666666667;0;0
3.024;502;416.6666666666667;0;0
3.029;509;250.0;0;0
3.034;515;416.6666666666667;0;0
3.039;522;263.1578947368421;0;0
3.044;529;192.30769230769232;0;0
3.049;542;312.5;0;0
3.054;542;357.14285714285717;0;0
3.059;549;250.0;0;0
3.064;555;250.0;0;0
3.069;568;416.6666666666667;0;0
3.074;568;250.0;0;0
3.079;581;250.0;0;0
3.084;587;250.0;0;0
3.089;594;250.0;0;0
3.094;606;250.0;0;0
3.099;619;833.3333333333334;0;0
3.104;631;250.0;0;0
3.109;643;250.0;0;0
3.114;667;1250.0;0;0
3.119;678;250.0;0;0
3.124;690;250.0;0;0
3.129;707;625.0;0;0
3.134;718;416.6666666666667;0;0
3.139;728;312.5;0;0
3.144;744;833.3333333333334;0;0
3.149;755;833.3333333333334;0;0
3.154;765;833.3333333333334;0;0
3.159;775;833.3333333333334;0;0
3.164;785;416.6666666666667;0;0
3.169;785;833.3333333333334;0;0
3.174;790;277.77777777777777;0;0
3.179;790;833.3333333333334;0;0
3.184;785;178.57142857142858;0;0
3.189;780;208.33333333333334;0;0
3.194;775;833.3333333333334;0;0
3.199;775;833.3333333333334;0;0
3.204;775;833.3333333333334;0;0
3.209;785;277.77777777777777;0;0
3.214;785;277.77777777777777;0;0
3.219;790;100.0;0;0
3.224;790;104.16666666666667;0;0
3.229;785;277.77777777777777;0;0
3.234;780;119.04761904761905;0;0
3.239;775;833.3333333333334;0;0
3.244;765;200.0;0;0
3.249;755;833.3333333333334;0;0
3.254;739;833.3333333333334;0;0
3.259;723;1250.0;0;0
3.264;701;625.0;0;0
3.269;684;625.0;0;0
3.274;655;833.3333333333334;0;0
3.279;631;1250.0;0;0
3.284;600;1250.0;0;0
3.289;568;833.3333333333334;0;0
3.294;522;833.3333333333334;0;0
3.299;481;1250.0;0;0
3.304;432;416.6666666666667;0;0
3.309;389;833.3333333333334;0;0
3.314;338;833.3333333333334;0;0
3.319;286;416.6666666666667;0;0
3.324;225;1250.0;0;0
3.329;171;625.0;0;0
3.334;109;833.3333333333334;0;0
3.339;54;833.3333333333334;0;0
3.344;0;500.0;0;0
3.349;-62;500.0;0;0
3.354;-117;416.6666666666667;0;0
3.359;-179;833.3333333333334;0;0
3.364;-233;416.6666666666667;0;0
3.369;-286;208.33333333333334;0;0
3.374;-331;416.6666666666667;0;0
3.379;-382;1250.0;0;0
3.384;-425;1250.0;0;0
3.389;-467;625.0;0;0
3.394;-509;1250.0;0;0
3.399;-542;1250.0;0;0
3.404;-581;416.6666666666667;0;0
3.409;-606;625.0;0;0
3.414;-631;1250.0;0;0
3.419;-661;416.6666666666667;0;0
3.424;-678;1250.0;0;0
3.429;-701;833.3333333333334;0;0
3.434;-718;625.0;0;0
3.439;-728;416.6666666666667;0;0
3.444;-739;500.0;0;0
3.449;-744;625.0;0;0
3.454;-750;416.6666666666667;0;0
3.459;-750;625.0;0;0
3.464;-750;625.0;0;0
3.469;-750;625.0;0;0
3.474;-744;416.6666666666667;0;0
3.479;-739;500.0;0;0
3.484;-728;625.0;0;0
3.489;-718;416.6666666666667;0;0
3.494;-701;1250.0;0;0
3.499;-678;1250.0;0;0
3.504;-661;1250.0;0;0
3.509;-643;833.3333333333334;0;0
3.514;-612;1250.0;0;0
3.519;-581;833.3333333333334;0;0
3.524;-555;1250.0;0;0
3.529;-522;1250.0;0;0
3.534;-481;833.3333333333334;0;0
3.539;-446;1250.0;0;0
3.544;-404;833.3333333333334;0;0
3.549;-360;1250.0;0;0
3.554;-309;833.3333333333334;0;0
3.559;-263;833.3333333333334;0;0
3.564;-218;833.3333333333334;0;0
3.569;-164;833.3333333333334;0;0
3.574;-109;833.3333333333334;0;0
3.579;-54;625.0;0;0
3.584;0;833.3333333333334;0;0
3.589;54;416.6666666666667;0;0
3.594;101;833.3333333333334;0;0
3.599;156;833.3333333333334;0;0
3.604;210;833.3333333333334;0;0
3.609;256;833.3333333333334;0;0
3.614;301;833.3333333333334;0;0
3.619;346;833.3333333333334;0;0
3.624;389;1250.0;0;0
3.629;432;1250.0;0;0
3.634;467;1250.0;0;0
3.639;502;1250.0;0;0
3.644;542;1250.0;0;0
3.649;568;625.0;0;0
3.654;594;1250.0;0;0
3.659;619;833.3333333333334;0;0
3.664;637;1250.0;0;0
3.669;655;1250.0;0;0
3.674;667;555.5555555555555;0;0
3.679;678;833.3333333333334;0;0
3.684;690;1250.0;0;0
3.689;695;833.3333333333334;0;0
3.694;701;416.6666666666667;0;0
3.699;707;1250.0;0;0
3.704;707;312.5;0;0
3.709;701;555.5555555555555;0;0
3.714;695;192.30769230769232;0;0
3.719;690;166.66666666666666;0;0
3.724;684;357.14285714285717;0;0
3.729;667;192.30769230769232;0;0
3.734;655;1250.0;0;0
3.739;643;357.14285714285717;0;0
3.744;619;1250.0;0;0
3.749;594;833.3333333333334;0;0
3.754;568;1250.0;0;0
3.759;542;1250.0;0;0
3.764;515;1250.0;0;0
3.769;481;1250.0;0;0
3.774;446;1250.0;0;0
3.779;404;833.3333333333334;0;0
3.784;360;625.0;0;0
3.789;316;625.0;0;0
3.794;278;1250.0;0;0
3.799;225;625.0;0;0
3.804;179;1250.0;0;0
3.809;133;1250.0;0;0
3.814;78;833.3333333333334;0;0
3.819;31;1250.0;0;0
3.824;-23;625.0;0;0
3.829;-70;625.0;0;0
3.834;-125;833.3333333333334;0;0
3.839;-171;1250.0;0;0
3.844;-210;1250.0;0;0
3.849;-241;833.3333333333334;0;0
3.854;-241;625.0;0;0
3.859;-241;416.6666666666667;0;0
3.864;-233;1250.0;0;0
3.869;-218;833.3333333333334;0;0
3.874;-202;1250.0;0;0
3.879;-179;833.3333333333334;0;0
3.884;-164;833.3333333333334;0;0
3.889;-140;416.6666666666667;0;0
3.894;-125;500.0;0;0
3.899;-101;1250.0;0;0
3.904;-86;416.6666666666667;0;0
3.909;-54;500.0;0;0
3.914;-39;625.0;0;0
3.919;-15;416.6666666666667;0;0
3.924;7;500.0;0;0
3.929;23;625.0;0;0
3.934;47;416.6666666666667;0;0
3.939;70;1250.0;0;0
3.944;86;625.0;0;0
3.949;101;312.5;0;0
3.954;125;625.0;0;0
3.959;140;500.0;0;0
3.964;164;312.5;0;0
3.969;179;625.0;0;0
3.974;195;714.2857142857143;0;0
3.979;210;384.61538461538464;0;0
3.984;218;312.5;0;0
3.989;225;714.2857142857143;0;0
3.994;241;625.0;0;0
3.999;256;312.5;0;0
4.004;256;250.0;0;0
4.009;271;625.0;0;0
4.014;271;384.61538461538464;0;0
4.019;278;238.0952380952381;0;0
4.024;286;714.2857142857143;0;0
4.029;286;238.0952380952381;0;0
4.034;286;250.0;0;0
4.039;286;250.0;0;0
4.044;286;263.1578947368421;0;0
4.049;286;384.61538461538464;0;0
4.054;286;238.0952380952381;0;0
4.059;286;250.0;0;0
4.064;294;625.0;0;0
4.069;301;250.0;0;0
4.074;309;277.77777777777777;0;0
4.079;316;250.0;0;0
4.084;316;238.0952380952381;0;0
4.089;323;357.14285714285717;0;0
4.094;331;250.0;0;0
4.099;338;125.0;0;0
4.104;338;250.0;0;0
4.109;346;277.77777777777777;0;0
4.114;346;250.0;0;0
4.119;346;166.66666666666666;0;0
4.124;346;357.14285714285717;0;0
4.129;346;277.77777777777777;0;0
4.134;346;250.0;0;0
4.139;346;250.0;0;0
4.144;346;357.14285714285717;0;0
4.149;346;250.0;0;0
4.154;346;125.0;0;0
4.159;346;250.0;0;0
4.164;353;277.77777777777777;0;0
4.169;353;22.123893805309734;0;0
4.174;353;166.66666666666666;0;0
4.179;353;357.14285714285717;0;0
4.184;353;277.77777777777777;0;0
4.189;353;125.0;0;0
4.194;353;250.0;0;0
4.199;353;357.14285714285717;0;0
4.204;353;250.0;0;0
4.209;353;125.0;0;0
4.214;360;250.0;0;0
4.219;360;277.77777777777777;0;0
4.224;360;22.123893805309734;0;0
4.229;360;166.66666666666666;0;0
4.234;360;24.50980392156863;0;0
4.239;360;277.77777777777777;0;0
4.244;360;125.0;0;0
4.249;360;250.0;0;0
4.254;360;277.77777777777777;0;0
4.259;360;250.0;0;0
4.264;360;125.0;0;0
4.269;360;250.0;0;0
4.274;360;277.77777777777777;0;0
4.279;360;22.123893805309734;0;0
4.284;360;166.66666666666666;0;0
4.289;360;24.50980392156863;0;0
4.294;360;277.77777777777777;0;0
4.299;360;125.0;0;0
4.304;368;250.0;0;0
4.309;368;277.77777777777777;0;0
4.314;368;250.0;0;0
4.319;368;125.0;0;0
4.324;368;250.0;0;0
4.329;368;277.77777777777777;0;0
4.334;375;22.123893805309734;0;0
4.339;375;250.0;0;0
4.344;375;24.50980392156863;0;0
4.349;375;277.77777777777777;0;0
4.354;375;125.0;0;0
4.359;375;250.0;0;0
4.364;375;277.77777777777777;0;0
4.369;382;250.0;0;0
4.374;389;250.0;0;0
4.379;389;37.878787878787875;0;0
4.384;389;277.77777777777777;0;0
4.389;397;22.123893805309734;0;0
4.394;397;250.0;0;0
4.399;404;277.77777777777777;0;0
4.404;404;277.77777777777777;0;0
4.409;404;166.66666666666666;0;0
4.414;411;250.0;0;0
4.419;418;277.77777777777777;0;0
4.424;418;83.33333333333333;0;0
4.429;418;250.0;0;0
4.434;425;37.878787878787875;0;0
4.439;425;89.28571428571429;0;0
4.444;432;166.66666666666666;0;0
4.449;432;250.0;0;0
4.454;432;147.05882352941177;0;0
4.459;432;83.33333333333333;0;0
4.464;432;166.66666666666666;0;0
4.469;432;250.0;0;0
4.474;439;89.28571428571429;0;0
4.479;439;83.33333333333333;0;0
4.484;439;41.666666666666664;0;0
4.489;446;147.05882352941177;0;0
4.494;446;83.33333333333333;0;0
4.499;446;41.666666666666664;0;0
4.504;446;250.0;0;0
4.509;446;89.28571428571429;0;0
4.514;453;83.33333333333333;0;0
4.519;453;41.666666666666664;0;0
4.524;460;51.02040816326531;0;0
4.529;460;83.33333333333333;0;0
4.534;460;80.64516129032258;0;0
4.539;460;250.0;0;0
4.544;460;89.28571428571429;0;0
4.549;460;83.33333333333333;0;0
4.554;460;41.666666666666664;0;0
4.559;467;250.0;0;0
4.564;467;104.16666666666667;0;0
4.569;467;37.878787878787875;0;0
4.574;467;41.666666666666664;0;0
4.579;474;51.02040816326531;0;0
4.584;474;83.33333333333333;0;0
4.589;474;41.666666666666664;0;0
4.594;474;250.0;0;0
4.599;474;55.55555555555556;0;0
4.604;474;83.33333333333333;0;0
4.609;481;41.666666666666664;0;0
4.614;481;250.0;0;0
4.619;481;45.45454545454545;0;0
4.624;481;37.878787878787875;0;0
4.629;481;41.666666666666664;0;0
4.634;481;51.02040816326531;0;0
4.639;481;83.33333333333333;0;0
4.644;488;41.666666666666664;0;0
4.649;488;250.0;0;0
4.654;488;35.714285714285715;0;0
4.659;488;83.33333333333333;0;0
4.664;488;41.666666666666664;0;0
4.669;488;250.0;0;0
4.674;488;83.33333333333333;0;0
4.679;488;37.878787878787875;0;0
4.684;488;41.666666666666664;0;0
4.689;488;51.02040816326531;0;0
4.694;488;83.33333333333333;0;0
4.699;488;41.666666666666664;0;0
4.704;488;250.0;0;0
4.709;488;35.714285714285715;0;0
4.714;488;83.33333333333333;0;0
4.719;488;41.666666666666664;0;0
4.724;488;250.0;0;0
4.729;488;83.33333333333333;0;0
4.734;488;37.878787878787875;0;0
4.739;495;41.666666666666664;0;0
4.744;495;51.02040816326531;0;0
4.749;495;83.33333333333333;0;0
4.754;495;41.666666666666664;0;0
4.759;495;12.820512820512821;0;0
4.764;495;35.714285714285715;0;0
4.769;495;83.33333333333333;0;0
4.774;495;41.666666666666664;0;0
4.779;495;51.02040816326531;0;0
4.784;495;83.33333333333333;0;0
4.789;495;37.878787878787875;0;0
4.794;502;41.666666666666664;0;0
4.799;502;51.02040816326531;0;0
4.804;502;23.80952380952381;0;0
4.809;502;41.666666666666664;0;0
4.814;502;12.820512820512821;0;0
4.819;502;35.714285714285715;0;0
4.824;502;37.878787878787875;0;0
4.829;502;41.666666666666664;0;0
4.834;502;51.02040816326531;0;0
4.839;502;83.33333333333333;0;0
4.844;502;37.878787878787875;0;0
4.849;502;41.666666666666664;0;0
4.854;502;51.02040816326531;0;0
4.859;509;23.80952380952381;0;0
4.864;509;41.666666666666664;0;0
4.869;509;19.23076923076923;0;0
4.874;509;35.714285714285715;0;0
4.879;509;37.878787878787875;0;0
4.884;509;41.666666666666664;0;0
4.889;509;51.02040816326531;0;0
4.894;509;83.33333333333333;0;0
4.899;509;37.878787878787875;0;0
4.904;509;41.666666666666664;0;0
4.909;509;51.02040816326531;0;0
4.914;509;23.80952380952381;0;0
4.919;509;41.666666666666664;0;0
4.924;509;19.23076923076923;0;0
4.929;509;35.714285714285715;0;0
4.934;509;37.878787878787875;0;0
4.939;509;41.666666666666664;0;0
4.944;509;51.02040816326531;0;0
4.949;515;83.33333333333333;0;0
4.954;515;37.878787878787875;0;0
4.959;515;41.666666666666664;0;0
4.964;515;51.02040816326531;0;0
4.969;515;13.513513513513514;0;0
4.974;515;41.666666666666664;0;0
4.979;515;19.23076923076923;0;0
4.984;515;35.714285714285715;0;0
4.989;515;37.878787878787875;0;0
4.994;515;41.666666666666664;0;0
4.999;515;51.02040816326531;0;0
5.004;515;83.33333333333333;0;0
5.009;515;37.878787878787875;0;0
5.014;515;41.666666666666664;0;0
5.019;515;51.02040816326531;0;0
5.024;515;13.513513513513514;0;0
5.029;515;41.666666666666664;0;0
5.034;515;19.23076923076923;0;0
5.039;515;35.714285714285715;0;0
5.044;515;37.878787878787875;0;0
5.049;515;41.666666666666664;0;0
5.054;515;51.02040816326531;0;0
5.059;515;83.33333333333333;0;0
5.064;515;37.878787878787875;0;0
5.069;515;41.666666666666664;0;0
5.074;515;51.02040816326531;0;0
5.079;515;13.513513513513514;0;0
5.084;515;41.666666666666664;0;0
5.089;515;19.23076923076923;0;0
5.094;515;35.714285714285715;0;0
5.099;515;37.878787878787875;0;0
5.104;515;41.666666666666664;0;0
5.109;515;51.02040816326531;0;0
5.114;522;83.33333333333333;0;0
5.119;522;37.878787878787875;0;0
5.124;522;7.6923076923076925;0;0
5.129;522;51.02040816326531;0;0
5.134;522;13.513513513513514;0;0
5.139;529;41.666666666666664;0;0
5.144;529;51.02040816326531;0;0
5.149;529;35.714285714285715;0;0
5.154;529;37.878787878787875;0;0
5.159;529;41.666666666666664;0;0
5.164;535;51.02040816326531;0;0
5.169;535;83.33333333333333;0;0
5.174;542;96.15384615384616;0;0
5.179;542;7.6923076923076925;0;0
5.184;542;51.02040816326531;0;0
5.189;542;13.513513513513514;0;0
5.194;542;41.666666666666664;0;0
5.199;542;51.02040816326531;0;0
5.204;542;35.714285714285715;0;0
5.209;542;37.878787878787875;0;0
5.214;542;41.666666666666664;0;0
5.219;542;51.02040816326531;0;0
5.224;542;83.33333333333333;0;0
5.229;549;96.15384615384616;0;0
5.234;549;7.6923076923076925;0;0
5.239;549;24.03846153846154;0;0
5.244;549;13.513513513513514;0;0
5.249;549;41.666666666666664;0;0
5.254;549;51.02040816326531;0;0
5.259;549;83.33333333333333;0;0
5.264;549;37.878787878787875;0;0
5.269;549;41.666666666666664;0;0
5.274;549;51.02040816326531;0;0
5.279;549;83.33333333333333;0;0
5.284;549;96.15384615384616;0;0
5.289;549;7.6923076923076925;0;0
5.294;549;24.03846153846154;0;0
5.299;549;13.513513513513514;0;0
5.304;549;41.666666666666664;0;0
5.309;549;51.02040816326531;0;0
5.314;549;83.33333333333333;0;0
5.319;555;37.878787878787875;0;0
5.324;555;7.6923076923076925;0;0
5.329;555;51.02040816326531;0;0
5.334;555;83.33333333333333;0;0
5.339;555;96.15384615384616;0;0
5.344;555;7.6923076923076925;0;0
5.349;555;24.03846153846154;0;0
5.354;555;13.513513513513514;0;0
5.359;555;13.58695652173913;0;0
5.364;555;51.02040816326531;0;0
5.369;555;83.33333333333333;0;0
5.374;555;37.878787878787875;0;0
5.379;555;7.6923076923076925;0;0
5.384;555;51.02040816326531;0;0
5.389;555;83.33333333333333;0;0
5.394;555;96.15384615384616;0;0
5.399;555;7.6923076923076925;0;0
5.404;555;24.03846153846154;0;0
5.409;555;13.513513513513514;0;0
5.414;555;13.58695652173913;0;0
5.419;555;51.02040816326531;0;0
5.424;555;83.33333333333333;0;0
5.429;555;37.878787878787875;0;0
5.434;555;7.6923076923076925;0;0
5.439;555;51.02040816326531;0;0
5.444;555;83.33333333333333;0;0
5.449;555;96.15384615384616;0;0
5.454;555;7.6923076923076925;0;0
5.459;555;24.03846153846154;0;0
5.464;555;13.513513513513514;0;0
5.469;555;13.58695652173913;0;0
5.474;555;51.02040816326531;0;0
5.479;555;83.33333333333333;0;0
5.484;555;37.878787878787875;0;0
5.489;555;7.6923076923076925;0;0
5.494;555;51.02040816326531;0;0
5.499;555;83.33333333333333;0;0
5.504;555;96.15384615384616;0;0
5.509;555;7.6923076923076925;0;0
5.514;555;24.03846153846154;0;0
5.519;555;13.513513513513514;0;0
5.524;555;13.58695652173913;0;0
5.529;555;51.02040816326531;0;0
5.534;555;83.33333333333333;0;0
5.539;555;37.878787878787875;0;0
5.544;555;7.6923076923076925;0;0
5.549;555;51.02040816326531;0;0
5.554;555;83.33333333333333;0;0
5.559;555;96.15384615384616;0;0
5.564;562;51.02040816326531;0;0
5.569;562;24.03846153846154;0;0
5.574;562;13.513513513513514;0;0
5.579;562;13.58695652173913;0;0
5.584;562;51.02040816326531;0;0
5.589;562;83.33333333333333;0;0
5.594;562;37.878787878787875;0;0
5.599;562;5.045408678102926;0;0
5.604;562;51.02040816326531;0;0
5.609;562;83.33333333333333;0;0
5.614;562;96.15384615384616;0;0
5.619;562;51.02040816326531;0;0
5.624;562;24.03846153846154;0;0
5.629;568;37.878787878787875;0;0
5.634;568;13.58695652173913;0;0
5.639;568;51.02040816326531;0;0
5.644;568;83.33333333333333;0;0
5.649;568;37.878787878787875;0;0
5.654;568;5.045408678102926;0;0
5.659;568;51.02040816326531;0;0
5.664;568;19.23076923076923;0;0
5.669;568;96.15384615384616;0;0
5.674;568;51.02040816326531;0;0
5.679;568;24.03846153846154;0;0
5.684;568;37.878787878787875;0;0
5.689;568;13.58695652173913;0;0
5.694;568;51.02040816326531;0;0
5.699;568;83.33333333333333;0;0
5.704;568;37.878787878787875;0;0
5.709;568;5.045408678102926;0;0
5.714;568;51.02040816326531;0;0
5.719;568;19.23076923076923;0;0
5.724;568;96.15384615384616;0;0
5.729;568;51.02040816326531;0;0
5.734;568;24.03846153846154;0;0
5.739;568;37.878787878787875;0;0
5.744;568;13.58695652173913;0;0
5.749;568;51.02040816326531;0;0
5.754;568;83.33333333333333;0;0
5.759;568;37.878787878787875;0;0
5.764;568;5.045408678102926;0;0
5.769;568;51.02040816326531;0;0
5.774;568;19.23076923076923;0;0
5.779;568;96.15384615384616;0;0
5.784;568;51.02040816326531;0;0
5.789;568;24.03846153846154;0;0
5.794;568;37.878787878787875;0;0
5.799;568;13.58695652173913;0;0
5.804;568;51.02040816326531;0;0
5.809;568;83.33333333333333;0;0
5.814;568;37.878787878787875;0;0
5.819;568;5.045408678102926;0;0
5.824;568;51.02040816326531;0;0
5.829;568;19.23076923076923;0;0
5.834;568;96.15384615384616;0;0
5.839;568;51.02040816326531;0;0
5.844;568;24.03846153846154;0;0
5.849;568;37.878787878787875;0;0
5.854;568;13.58695652173913;0;0
5.859;568;51.02040816326531;0;0
5.864;568;83.33333333333333;0;0
5.869;568;37.878787878787875;0;0
5.874;568;5.045408678102926;0;0
5.879;568;51.02040816326531;0;0
5.884;568;19.23076923076923;0;0
5.889;568;96.15384615384616;0;0
5.894;568;51.02040816326531;0;0
5.899;568;24.03846153846154;0;0
5.904;568;37.878787878787875;0;0
5.909;568;13.58695652173913;0;0
5.914;568;51.02040816326531;0;0
5.919;568;83.33333333333333;0;0
5.924;568;37.878787878787875;0;0
5.929;568;5.045408678102926;0;0
5.934;568;51.02040816326531;0;0
5.939;568;19.23076923076923;0;0
5.944;575;96.15384615384616;0;0
5.949;575;51.02040816326531;0;0
5.954;575;4.0290088638195005;0;0
5.959;575;37.878787878787875;0;0
5.964;575;13.58695652173913;0;0
5.969;575;51.02040816326531;0;0
5.974;575;19.23076923076923;0;0
5.979;575;37.878787878787875;0;0
5.984;575;5.045408678102926;0;0
5.989;575;51.02040816326531;0;0
5.994;575;19.23076923076923;0;0
5.999;575;96.15384615384616;0;0
6.004;575;51.02040816326531;0;0
6.009;575;4.0290088638195005;0;0
6.014;581;37.878787878787875;0;0
6.019;581;5.045408678102926;0;0
6.024;581;4.0290088638195005;0;0
6.029;581;37.878787878787875;0;0
6.034;581;13.58695652173913;0;0
6.039;581;17.73049645390071;0;0
6.044;581;19.23076923076923;0;0
6.049;581;37.878787878787875;0;0
6.054;581;5.045408678102926;0;0
6.059;587;4.0290088638195005;0;0
6.064;587;37.878787878787875;0;0
6.069;587;5.045408678102926;0;0
6.074;587;17.73049645390071;0;0
6.079;587;19.23076923076923;0;0
6.084;587;37.878787878787875;0;0
6.089;587;5.045408678102926;0;0
6.094;587;4.0290088638195005;0;0
6.099;587;37.878787878787875;0;0
6.104;587;5.045408678102926;0;0
6.109;594;17.73049645390071;0;0
6.114;594;19.23076923076923;0;0
6.119;594;25.0;0;0
6.124;594;5.045408678102926;0;0
6.129;594;4.0290088638195005;0;0
6.134;594;37.878787878787875;0;0
6.139;594;5.045408678102926;0;0
6.144;594;17.73049645390071;0;0
6.149;594;19.23076923076923;0;0
6.154;594;25.0;0;0
6.159;594;5.045408678102926;0;0
6.164;594;4.0290088638195005;0;0
6.169;594;37.878787878787875;0;0
6.174;594;5.045408678102926;0;0
6.179;594;17.73049645390071;0;0
6.184;594;19.23076923076923;0;0
6.189;594;25.0;0;0
6.194;594;5.045408678102926;0;0
6.199;594;4.0290088638195005;0;0
6.204;594;37.878787878787875;0;0
6.209;594;5.045408678102926;0;0
6.214;594;17.73049645390071;0;0
6.219;594;19.23076923076923;0;0
6.224;594;25.0;0;0
6.229;594;5.045408678102926;0;0
6.234;594;4.0290088638195005;0;0
6.239;594;37.878787878787875;0;0
6.244;594;5.045408678102926;0;0
6.249;594;17.73049645390071;0;0
6.254;594;19.23076923076923;0;0
6.259;594;25.0;0;0
6.264;594;5.045408678102926;0;0
6.269;594;4.0290088638195005;0;0
6.274;594;37.878787878787875;0;0
6.279;594;5.045408678102926;0;0
6.284;594;17.73049645390071;0;0
6.289;594;19.23076923076923;0;0
6.294;594;25.0;0;0
6.299;594;5.045408678102926;0;0
6.304;594;4.0290088638195005;0;0
6.309;594;37.878787878787875;0;0
6.314;594;5.045408678102926;0;0
6.319;594;17.73049645390071;0;0
6.324;594;19.23076923076923;0;0
6.329;594;25.0;0;0
6.334;594;5.045408678102926;0;0
6.339;594;4.0290088638195005;0;0
6.344;594;37.878787878787875;0;0
6.349;594;5.045408678102926;0;0
6.354;594;17.73049645390071;0;0
6.359;594;19.23076923076923;0;0
6.364;594;25.0;0;0
6.369;594;5.045408678102926;0;0
6.374;594;4.0290088638195005;0;0
6.379;594;37.878787878787875;0;0
6.384;594;5.045408678102926;0;0
6.389;594;17.73049645390071;0;0
6.394;594;19.23076923076923;0;0
6.399;594;25.0;0;0
6.404;594;5.045408678102926;0;0
6.409;594;4.0290088638195005;0;0
6.414;594;37.878787878787875;0;0
6.419;594;5.045408678102926;0;0
6.424;594;17.73049645390071;0;0
6.429;594;19.23076923076923;0;0
6.434;594;25.0;0;0
6.439;594;5.045408678102926;0;0