t;e;d;i;set

1.004;0;0;0;0
1.009;0;0;0;0
1.014;0;0;0;0
1.019;0;0;0;0
1.024;0;0;0;0
1.029;0;0;0;0
1.034;0;0;0;0
1.039;0;0;0;0
1.044;0;0;0;0
1.049;0;0;0;0
1.054;0;0;0;0
1.059;0;0;0;0
1.064;0;0;0;0
1.069;0;0;0;0
1.074;0;0;0;0
1.079;0;0;0;0
1.084;0;0;0;0
1.089;0;0;0;0
1.094;0;0;0;0
1.099;0;0;0;0
1.104;0;0;0;0
1.109;0;0;0;0
1.114;0;0;0;0
1.119;0;0;0;0
1.124;0;0;0;0
1.129;0;0;0;0
1.134;0;0;0;0
1.139;0;0;0;0
1.144;0;0;0;0
1.149;7;0;0;0
1.154;23;-5;0;0
1.159;62;3;0;0
1.164;86;-4;0;0
1.169;117;8;0;0
1.174;156;0;0;0
1.179;202;7;0;0
1.184;241;15;0;0
1.189;278;12;0;0
1.194;316;7;0;0
1.199;353;0;0;0
1.204;382;7;0;0
1.209;418;-4;0;0
1.214;446;5;0;0
1.219;474;0;0;0
1.224;502;8;0;0
1.229;522;11;0;0
1.234;549;3;0;0
1.239;562;0;0;0
1.244;575;7;0;0
1.249;587;7;0;0
1.254;600;4;0;0
1.259;600;1;0;0
1.264;606;-1;0;0
1.269;612;-3;0;0
1.274;612;-5;0;0
1.279;606;-6;0;0
1.284;606;-7;0;0
1.289;600;-6;0;0
1.294;594;-6;0;0
1.299;575;-3;0;0
1.304;568;1;0;0
1.309;549;-4;0;0
1.314;529;-8;0;0
1.319;509;-4;0;0
1.324;488;2;0;0
1.329;460;-3;0;0
1.334;432;8;0;0
1.339;397;-2;0;0
1.344;368;6;0;0
1.349;331;-5;0;0
1.354;294;1;0;0
1.359;263;-6;0;0
1.364;218;3;0;0
1.369;179;6;0;0
1.374;140;-2;0;0
1.379;94;4;0;0
1.384;47;5;0;0
1.389;7;-5;0;0
1.394;-39;1;0;0
1.399;-86;4;0;0
1.404;-133;-6;0;0
1.409;-171;2;0;0
1.414;-210;1;0;0
1.419;-248;-7;0;0
1.424;-294;3;0;0
1.429;-323;-7;0;0
1.434;-353;5;0;0
1.439;-389;-3;0;0
1.444;-418;8;0;0
1.449;-446;-5;0;0
1.454;-474;-1;0;0
1.459;-495;-2;0;0
1.464;-515;-8;0;0
1.469;-535;-5;0;0
1.474;-549;6;0;0
1.479;-562;8;0;0
1.484;-575;2;0;0
1.489;-587;-1;0;0
1.494;-594;-1;0;0
1.499;-600;0;0;0
1.504;-600;2;0;0
1.509;-600;3;0;0
1.514;-600;3;0;0
1.519;-594;4;0;0
1.524;-587;3;0;0
1.529;-575;1;0;0
1.534;-568;-1;0;0
1.539;-555;-2;0;0
1.544;-542;5;0;0
1.549;-522;6;0;0
1.554;-495;-2;0;0
1.559;-481;1;0;0
1.564;-453;3;0;0
1.569;-425;-4;0;0
1.574;-404;5;0;0
1.579;-375;-1;0;0
1.584;-338;14;0;0
1.589;-309;6;0;0
1.594;-271;15;0;0
1.599;-233;0;0;0
1.604;-195;8;0;0
1.609;-156;6;0;0
1.614;-117;4;0;0
1.619;-78;9;0;0
1.624;-31;2;0;0
1.629;15;4;0;0
1.634;47;2;0;0
1.639;94;-6;0;0
1.644;133;5;0;0
1.649;171;-5;0;0
1.654;202;-2;0;0
1.659;233;1;0;0
1.664;278;1;0;0
1.669;316;-2;0;0
1.674;346;-6;0;0
1.679;368;-7;0;0
1.684;397;-2;0;0
1.689;418;-9;0;0
1.694;439;-5;0;0
1.699;467;-2;0;0
1.704;488;-12;0;0
1.709;495;2;0;0
1.714;509;6;0;0
1.719;522;6;0;0
1.724;535;4;0;0
1.729;542;1;0;0
1.734;549;-4;0;0
1.739;549;-8;0;0
1.744;549;-11;0;0
1.749;549;-13;0;0
1.754;542;-13;0;0
1.759;535;-12;0;0
1.764;522;-10;0;0
1.769;515;-8;0;0
1.774;502;-2;0;0
1.779;488;-2;0;0
1.784;467;-6;0;0
1.789;446;-2;0;0
1.794;425;1;0;0
1.799;404;-6;0;0
1.804;382;-1;0;0
1.809;353;-9;0;0
1.814;323;-8;0;0
1.819;294;-11;0;0
1.824;256;-11;0;0
1.829;218;-6;0;0
1.834;187;-5;0;0
1.839;148;-9;0;0
1.844;109;-2;0;0
1.849;70;-9;0;0
1.854;31;0;0;0
1.859;-7;-5;0;0
1.864;-47;-1;0;0
1.869;-78;0;0;0
1.874;-125;-10;0;0
1.879;-164;4;0;0
1.884;-195;-5;0;0
1.889;-233;2;0;0
1.894;-263;-4;0;0
1.899;-294;11;0;0
1.904;-323;3;0;0
1.909;-353;12;0;0
1.914;-382;3;0;0
1.919;-411;5;0;0
1.924;-425;15;0;0
1.929;-446;4;0;0
1.934;-467;5;0;0
1.939;-481;10;0;0
1.944;-495;5;0;0
1.949;-509;0;0;0
1.954;-522;-3;0;0
1.959;-529;-3;0;0
1.964;-535;-1;0;0
1.969;-535;0;0;0
1.974;-542;2;0;0
1.979;-542;3;0;0
1.984;-535;4;0;0
1.989;-529;5;0;0
1.994;-522;4;0;0
1.999;-515;3;0;0
2.004;-502;0;0;0
2.009;-488;-6;0;0
2.014;-474;0;0;0
2.019;-460;0;0;0
2.024;-439;-5;0;0
2.029;-418;-1;0;0
2.034;-397;3;0;0
2.039;-375;-2;0;0
2.044;-353;5;0;0
2.049;-323;5;0;0
2.054;-294;1;0;0
2.059;-263;6;0;0
2.064;-233;-8;0;0
2.069;-202;-1;0;0
2.074;-156;-6;0;0
2.079;-125;-2;0;0
2.084;-94;-10;0;0
2.089;-47;-10;0;0
2.094;-15;1;0;0
2.099;15;-3;0;0
2.104;54;3;0;0
2.109;94;-9;0;0
2.114;133;1;0;0
2.119;156;-8;0;0
2.124;195;2;0;0
2.129;225;-7;0;0
2.134;256;4;0;0
2.139;278;0;0;0
2.144;309;-5;0;0
2.149;331;-1;0;0
2.154;353;-10;0;0
2.159;375;-4;0;0
2.164;397;-2;0;0
2.169;411;-8;0;0
2.174;432;-9;0;0
2.179;446;-2;0;0
2.184;460;0;0;0
2.189;467;0;0;0
2.194;467;-2;0;0
2.199;481;-4;0;0
2.204;481;-6;0;0
2.209;481;-7;0;0
2.214;481;-8;0;0
2.219;474;-9;0;0
2.224;467;-9;0;0
2.229;467;-8;0;0
2.234;453;-7;0;0
2.239;446;-4;0;0
2.244;432;1;0;0
2.249;418;-4;0;0
2.254;404;-7;0;0
2.259;382;-4;0;0
2.264;360;4;0;0
2.269;338;-4;0;0
2.274;316;0;0;0
2.279;294;-3;0;0
2.284;263;-7;0;0
2.289;233;4;0;0
2.294;202;-4;0;0
2.299;187;-2;0;0
2.304;171;11;0;0
2.309;171;20;0;0
2.314;171;25;0;0
2.319;179;26;0;0
2.324;195;23;0;0
2.329;210;17;0;0
2.334;233;13;0;0
2.339;248;18;0;0
2.344;263;17;0;0
2.349;278;10;0;0
2.354;294;-2;0;0
2.359;309;3;0;0
2.364;323;5;0;0
2.369;331;5;0;0
2.374;338;3;0;0
2.379;346;1;0;0
2.384;346;0;0;0
2.389;353;-7;0;0
2.394;353;-12;0;0
2.399;353;-15;0;0
2.404;353;-17;0;0
2.409;353;-18;0;0
2.414;346;-20;0;0
2.419;338;-18;0;0
2.424;331;-15;0;0
2.429;323;-12;0;0
2.434;309;-8;0;0
2.439;294;-7;0;0
2.444;286;-12;0;0
2.449;278;-14;0;0
2.454;271;-14;0;0
2.459;271;-13;0;0
2.464;271;-12;0;0
2.469;278;-12;0;0
2.474;278;-12;0;0
2.479;286;-12;0;0
2.484;294;-11;0;0
2.489;294;-11;0;0
2.494;294;-11;0;0
2.499;294;-11;0;0
2.504;294;-11;0;0
2.509;294;-11;0;0
2.514;294;-11;0;0
2.519;294;-11;0;0
2.524;294;-10;0;0
2.529;294;-10;0;0
2.534;294;-10;0;0
2.539;286;-10;0;0
2.544;286;-11;0;0
2.549;286;-11;0;0
2.554;286;-11;0;0
2.559;286;-11;0;0
2.564;286;-11;0;0
2.569;286;-10;0;0
2.574;294;-10;0;0
2.579;294;-10;0;0
2.584;294;-9;0;0
2.589;294;-9;0;0
2.594;294;-9;0;0
2.599;294;-9;0;0
2.604;294;-8;0;0
2.609;294;-8;0;0
2.614;294;-8;0;0
2.619;294;-8;0;0
2.624;294;-8;0;0
2.629;294;-7;0;0
2.634;294;-7;0;0
2.639;294;-7;0;0
2.644;294;-7;0;0
2.649;294;-7;0;0
2.654;294;-6;0;0
2.659;294;-6;0;0
2.664;294;-6;0;0
2.669;294;-6;0;0
2.674;294;-6;0;0
2.679;294;-6;0;0
2.684;294;-6;0;0
2.689;294;-6;0;0
2.694;294;-5;0;0
2.699;294;-5;0;0
2.704;294;-5;0;0
2.709;294;-5;0;0
2.714;294;-5;0;0
2.719;294;-5;0;0
2.724;294;-5;0;0
2.729;294;-5;0;0
2.734;294;-5;0;0
2.739;294;-5;0;0
2.744;294;-4;0;0
2.749;294;-4;0;0
2.754;294;-4;0;0
2.759;294;-4;0;0
2.764;294;-4;0;0
2.769;294;-4;0;0
2.774;294;-4;0;0
2.779;294;-4;0;0
2.784;294;-4;0;0
2.789;294;-4;0;0
2.794;294;-4;0;0
2.799;294;-4;0;0
2.804;294;-4;0;0
2.809;294;-4;0;0
2.814;294;-4;0;0
2.819;294;-4;0;0
2.824;294;-3;0;0
2.829;294;-3;0;0
2.834;278;-3;0;0
2.839;278;-2;0;0
2.844;271;-1;0;0
2.849;263;-1;0;0
2.854;248;0;0;0
2.859;241;2;0;0
2.864;233;7;0;0
2.869;218;3;0;0
2.874;202;0;0;0
2.879;187;0;0;0
2.884;171;5;0;0
2.889;156;0;0;0
2.894;140;-3;0;0
2.899;117;-1;0;0
2.904;101;6;0;0
2.909;78;-1;0;0
2.914;62;-2;0;0
2.919;47;4;0;0
2.924;15;-3;0;0
2.929;0;-5;0;0
2.934;-15;0;0;0
2.939;-47;2;0;0
2.944;-62;-3;0;0
2.949;-78;0;0;0
2.954;-101;0;0;0
2.959;-125;-6;0;0
2.964;-140;-4;0;0
2.969;-156;1;0;0
2.974;-171;-1;0;0
2.979;-187;-5;0;0
2.984;-202;-3;0;0
2.989;-218;2;0;0
2.994;-233;1;0;0
2.999;-241;-4;0;0
3.004;-256;-5;0;0
3.009;-263;-4;0;0
3.014;-271;-2;0;0
3.019;-286;0;0;0
3.024;-286;4;0;0
3.029;-294;7;0;0
3.034;-294;10;0;0
3.039;-301;7;0;0
3.044;-301;3;0;0
3.049;-301;0;0;0
3.054;-301;-2;0;0
3.059;-294;0;0;0
3.064;-294;3;0;0
3.069;-286;4;0;0
3.074;-278;5;0;0
3.079;-271;5;0;0
3.084;-263;4;0;0
3.089;-256;4;0;0
3.094;-248;1;0;0
3.099;-233;-3;0;0
3.104;-225;-1;0;0
3.109;-210;5;0;0
3.114;-195;6;0;0
3.119;-171;-3;0;0
3.124;-164;-2;0;0
3.129;-148;8;0;0
3.134;-133;8;0;0
3.139;-109;2;0;0
3.144;-94;0;0;0
3.149;-70;5;0;0
3.154;-54;0;0;0
3.159;-39;-11;0;0
3.164;-15;-2;0;0
3.169;0;0;0;0
3.174;15;-5;0;0
3.179;39;-5;0;0
3.184;54;1;0;0
3.189;78;0;0;0
3.194;86;-5;0;0
3.199;109;0;0;0
3.204;125;4;0;0
3.209;140;2;0;0
3.214;148;0;0;0
3.219;164;-14;0;0
3.224;171;-4;0;0
3.229;187;-1;0;0
3.234;202;-2;0;0
3.239;210;-3;0;0
3.244;218;-5;0;0
3.249;225;-8;0;0
3.254;233;-3;0;0
3.259;233;1;0;0
3.264;233;5;0;0
3.269;241;7;0;0
3.274;241;7;0;0
3.279;241;8;0;0
3.284;241;8;0;0
3.289;233;9;0;0
3.294;233;9;0;0
3.299;233;10;0;0
3.304;225;8;0;0
3.309;218;6;0;0
3.314;210;4;0;0
3.319;202;2;0;0
3.324;195;2;0;0
3.329;179;3;0;0
3.334;171;9;0;0
3.339;156;3;0;0
3.344;140;0;0;0
3.349;125;-1;0;0
3.354;109;1;0;0
3.359;101;8;0;0
3.364;86;1;0;0
3.369;70;-2;0;0
3.374;47;1;0;0
3.379;31;6;0;0
3.384;15;-1;0;0
3.389;0;-3;0;0
3.394;-15;4;0;0
3.399;-31;11;0;0
3.404;-47;3;0;0
3.409;-70;1;0;0
3.414;-86;5;0;0
3.419;-101;5;0;0
3.424;-117;-1;0;0
3.429;-133;-2;0;0
3.434;-140;0;0;0
3.439;-164;5;0;0
3.444;-171;5;0;0
3.449;-179;0;0;0
3.454;-195;-1;0;0
3.459;-202;0;0;0
3.464;-218;6;0;0
3.469;-225;10;0;0
3.474;-233;8;0;0
3.479;-233;3;0;0
3.484;-241;0;0;0
3.489;-241;-2;0;0
3.494;-248;-3;0;0
3.499;-248;-4;0;0
3.504;-248;-4;0;0
3.509;-248;-4;0;0
3.514;-248;-5;0;0
3.519;-241;-5;0;0
3.524;-233;-5;0;0
3.529;-233;-6;0;0
3.534;-225;-4;0;0
3.539;-218;-2;0;0
3.544;-210;0;0;0
3.549;-202;0;0;0
3.554;-187;0;0;0
3.559;-179;-3;0;0
3.564;-171;-8;0;0
3.569;-156;-1;0;0
3.574;-140;1;0;0
3.579;-133;2;0;0
3.584;-117;-2;0;0
3.589;-101;-8;0;0
3.594;-86;5;0;0
3.599;-70;8;0;0
3.604;-54;5;0;0
3.609;-47;-1;0;0
3.614;-23;2;0;0
3.619;-15;10;0;0
3.624;0;10;0;0
3.629;15;4;0;0
3.634;31;-2;0;0
3.639;47;3;0;0
3.644;62;5;0;0
3.649;78;2;0;0
3.654;86;-1;0;0
3.659;101;-3;0;0
3.664;109;2;0;0
3.669;125;5;0;0
3.674;133;4;0;0
3.679;140;1;0;0
3.684;148;0;0;0
3.689;156;-4;0;0
3.694;171;-4;0;0
3.699;171;0;0;0
3.704;171;4;0;0
3.709;179;5;0;0
3.714;187;6;0;0
3.719;187;5;0;0
3.724;187;5;0;0
3.729;187;5;0;0
3.734;187;5;0;0
3.739;187;5;0;0
3.744;187;5;0;0
3.749;179;4;0;0
3.754;179;5;0;0
3.759;171;5;0;0
3.764;171;5;0;0
3.769;164;3;0;0
3.774;156;0;0;0
3.779;140;-2;0;0
3.784;140;-4;0;0
3.789;125;-3;0;0
3.794;117;0;0;0
3.799;109;3;0;0
3.804;94;9;0;0
3.809;78;3;0;0
3.814;70;0;0;0
3.819;54;1;0;0
3.824;47;6;0;0
3.829;31;6;0;0
3.834;15;0;0;0
3.839;0;-1;0;0
3.844;-15;0;0;0
3.849;-23;4;0;0
3.854;-39;6;0;0
3.859;-47;0;0;0
3.864;-62;-3;0;0
3.869;-78;0;0;0
3.874;-86;4;0;0
3.879;-101;4;0;0
3.884;-109;-1;0;0
3.889;-109;-5;0;0
3.894;-109;-8;0;0
3.899;-109;-10;0;0
3.904;-101;-11;0;0
3.909;-94;-8;0;0
3.914;-86;-5;0;0
3.919;-78;-2;0;0
3.924;-70;-1;0;0
3.929;-54;-2;0;0
3.934;-47;-5;0;0
3.939;-47;-7;0;0
3.944;-31;-8;0;0
3.949;-23;-3;0;0
3.954;-15;0;0;0
3.959;-15;2;0;0
3.964;0;2;0;0
3.969;7;1;0;0
3.974;15;0;0;0
3.979;23;-3;0;0
3.984;31;-6;0;0
3.989;39;-3;0;0
3.994;47;2;0;0
3.999;54;7;0;0
4.004;62;7;0;0
4.009;62;7;0;0
4.014;70;5;0;0
4.019;78;3;0;0
4.024;78;1;0;0
4.029;78;0;0;0
4.034;86;-1;0;0
4.039;86;-2;0;0
4.044;94;-3;0;0
4.049;94;-4;0;0
4.054;94;-5;0;0
4.059;94;-6;0;0
4.064;94;-7;0;0
4.069;94;-7;0;0
4.074;94;-7;0;0
4.079;94;-8;0;0
4.084;94;-8;0;0
4.089;86;-8;0;0
4.094;86;-7;0;0
4.099;78;-7;0;0
4.104;78;-6;0;0
4.109;78;-5;0;0
4.114;78;-5;0;0
4.119;70;-4;0;0
4.124;62;-3;0;0
4.129;54;-2;0;0
4.134;47;0;0;0
4.139;47;1;0;0
4.144;39;3;0;0
4.149;31;1;0;0
4.154;23;-1;0;0
4.159;15;-3;0;0
4.164;15;-5;0;0
4.169;0;-5;0;0
4.174;0;-4;0;0
4.179;-15;-3;0;0
4.184;-15;0;0;0
4.189;-23;2;0;0
4.194;-31;5;0;0
4.199;-39;2;0;0
4.204;-47;0;0;0
4.209;-47;-2;0;0
4.214;-54;-5;0;0
4.219;-62;-5;0;0
4.224;-70;-4;0;0
4.229;-78;-2;0;0
4.234;-78;-1;0;0
4.239;-78;0;0;0
4.244;-86;1;0;0
4.249;-86;3;0;0
4.254;-86;4;0;0
4.259;-78;6;0;0
4.264;-78;7;0;0
4.269;-78;8;0;0
4.274;-70;8;0;0
4.279;-70;7;0;0
4.284;-62;6;0;0
4.289;-62;4;0;0
4.294;-54;2;0;0
4.299;-47;0;0;0
4.304;-47;-1;0;0
4.309;-47;-2;0;0
4.314;-39;-3;0;0
4.319;-31;-2;0;0
4.324;-31;0;0;0
4.329;-23;1;0;0
4.334;-15;2;0;0
4.339;-15;3;0;0
4.344;-15;4;0;0
4.349;-7;4;0;0
4.354;-7;4;0;0
4.359;0;3;0;0
4.364;0;3;0;0
4.369;7;1;0;0
4.374;15;0;0;0
4.379;15;0;0;0
4.384;15;-2;0;0
4.389;15;-2;0;0
4.394;23;-3;0;0
4.399;23;-4;0;0
4.404;31;-5;0;0
4.409;31;-6;0;0
4.414;31;-6;0;0
4.419;31;-7;0;0
4.424;39;-5;0;0
4.429;39;-3;0;0
4.434;39;-1;0;0
4.439;39;0;0;0
4.444;39;0;0;0
4.449;39;1;0;0
4.454;39;2;0;0
4.459;39;2;0;0
4.464;39;3;0;0
4.469;31;2;0;0
4.474;31;0;0;0
4.479;31;0;0;0
4.484;31;-1;0;0
4.489;23;-1;0;0
4.494;23;-1;0;0
4.499;23;-2;0;0
4.504;15;-2;0;0
4.509;15;-2;0;0
4.514;15;-2;0;0
4.519;15;-2;0;0
4.524;7;-2;0;0
4.529;7;-2;0;0
4.534;0;-2;0;0
4.539;0;-1;0;0
4.544;0;-1;0;0
4.549;-7;0;0;0
4.554;-15;0;0;0
4.559;-15;1;0;0
4.564;-15;3;0;0
4.569;-15;4;0;0
4.574;-23;5;0;0
4.579;-23;5;0;0
4.584;-31;6;0;0
4.589;-31;6;0;0
4.594;-31;7;0;0
4.599;-39;5;0;0
4.604;-39;3;0;0
4.609;-47;1;0;0
4.614;-47;0;0;0
4.619;-47;0;0;0
4.624;-47;-1;0;0
4.629;-47;-2;0;0
4.634;-47;-2;0;0
4.639;-47;-3;0;0
4.644;-47;-3;0;0
4.649;-47;-3;0;0
4.654;-47;-3;0;0
4.659;-47;-4;0;0
4.664;-47;-4;0;0
4.669;-47;-4;0;0
4.674;-47;-4;0;0
4.679;-47;-4;0;0
4.684;-47;-4;0;0
4.689;-47;-4;0;0
4.694;-47;-4;0;0
4.699;-47;-4;0;0
4.704;-47;-4;0;0
4.709;-47;-4;0;0
4.714;-47;-4;0;0
4.719;-47;-4;0;0
4.724;-47;-4;0;0
4.729;-39;-3;0;0
4.734;-39;-3;0;0
4.739;-39;-3;0;0
4.744;-39;-3;0;0
4.749;-31;-3;0;0
4.754;-31;-2;0;0
4.759;-31;-1;0;0
4.764;-31;-1;0;0
4.769;-31;0;0;0
4.774;-31;0;0;0
4.779;-23;0;0;0
4.784;-23;0;0;0
4.789;-23;0;0;0
4.794;-15;1;0;0
4.799;-15;1;0;0
4.804;-15;1;0;0
4.809;-15;1;0;0
4.814;-15;2;0;0
4.819;-15;2;0;0
4.824;-15;2;0;0
4.829;-15;2;0;0
4.834;-15;2;0;0
4.839;-7;2;0;0
4.844;-7;2;0;0
4.849;-7;2;0;0
4.854;-7;1;0;0
4.859;-7;1;0;0
4.864;-7;1;0;0
4.869;-7;1;0;0
4.874;0;1;0;0
4.879;0;1;0;0
4.884;0;0;0;0
4.889;0;0;0;0
4.894;0;0;0;0
4.899;0;0;0;0
4.904;0;0;0;0
4.909;0;0;0;0
4.914;0;0;0;0
4.919;0;0;0;0
4.924;0;0;0;0
4.929;0;0;0;0
4.934;0;0;0;0
4.939;0;0;0;0
4.944;0;0;0;0
4.949;0;0;0;0
4.954;-7;0;0;0
4.959;-7;0;0;0
4.964;-7;0;0;0
4.969;-7;0;0;0
4.974;-7;0;0;0
4.979;-7;0;0;0
4.984;-7;0;0;0
4.989;-7;0;0;0
4.994;-7;0;0;0
4.999;-15;0;0;0
5.004;-15;0;0;0
5.009;-15;0;0;0
5.014;-15;0;0;0
5.019;-15;0;0;0
5.024;-15;0;0;0
5.029;-15;0;0;0
5.034;-15;1;0;0
5.039;-15;1;0;0
5.044;-15;1;0;0
5.049;-15;1;0;0
5.054;-15;1;0;0
5.059;-15;1;0;0
5.064;-15;1;0;0
5.069;-15;1;0;0
5.074;-15;1;0;0
5.079;-15;1;0;0
5.084;-15;1;0;0
5.089;-15;1;0;0
5.094;-23;1;0;0
5.099;-23;1;0;0
5.104;-23;1;0;0
5.109;-23;1;0;0
5.114;-23;1;0;0
5.119;-23;1;0;0
5.124;-23;1;0;0
5.129;-23;1;0;0
5.134;-15;1;0;0
5.139;-15;1;0;0
5.144;-15;1;0;0
5.149;-15;1;0;0
5.154;-15;1;0;0
5.159;-15;1;0;0
5.164;-15;1;0;0
5.169;-15;1;0;0
5.174;-15;1;0;0
5.179;-15;1;0;0
5.184;-15;1;0;0
5.189;-15;1;0;0
5.194;-15;1;0;0
5.199;-15;1;0;0
5.204;-15;1;0;0
5.209;-15;1;0;0
5.214;-15;1;0;0
5.219;-15;1;0;0
5.224;-15;1;0;0
5.229;-15;1;0;0
5.234;-7;1;0;0
5.239;-7;1;0;0
5.244;-7;1;0;0
5.249;-7;0;0;0
5.254;-7;0;0;0
5.259;-7;0;0;0
5.264;-7;0;0;0
5.269;-7;0;0;0
5.274;-7;0;0;0
5.279;-7;0;0;0
5.284;-7;0;0;0
5.289;-7;0;0;0
5.294;0;0;0;0
5.299;0;0;0;0
5.304;0;0;0;0
5.309;0;0;0;0
5.314;0;0;0;0
5.319;0;0;0;0
5.324;0;0;0;0
5.329;0;0;0;0
5.334;0;0;0;0
5.339;0;0;0;0
5.344;0;0;0;0
5.349;0;0;0;0
5.354;0;0;0;0
5.359;0;0;0;0
5.364;7;0;0;0
5.369;7;0;0;0
5.374;7;0;0;0
5.379;7;0;0;0
5.384;7;0;0;0
5.389;7;0;0;0
5.394;7;0;0;0
5.399;7;0;0;0
5.404;7;0;0;0
5.409;7;0;0;0
5.414;7;0;0;0
5.419;7;0;0;0
5.424;7;0;0;0
5.429;7;0;0;0
5.434;7;0;0;0
5.439;7;0;0;0
5.444;7;0;0;0
5.449;7;0;0;0
5.454;7;0;0;0
5.459;7;0;0;0
5.464;7;0;0;0
5.469;7;0;0;0
5.474;7;0;0;0
5.479;7;0;0;0
5.484;7;0;0;0
5.489;7;0;0;0
5.494;7;0;0;0
5.499;7;0;0;0
5.504;7;0;0;0
5.509;7;0;0;0
5.514;7;0;0;0
5.519;7;0;0;0
5.524;7;0;0;0
5.529;7;0;0;0
5.534;15;0;0;0
5.539;15;0;0;0
5.544;15;0;0;0
5.549;15;0;0;0
5.554;15;0;0;0
5.559;15;0;0;0
5.564;15;0;0;0
5.569;15;0;0;0
5.574;23;0;0;0
5.579;23;1;0;0
5.584;23;1;0;0
5.589;31;0;0;0
5.594;31;0;0;0
5.599;31;0;0;0
5.604;31;0;0;0
5.609;39;0;0;0
5.614;39;1;0;0
5.619;39;1;0;0
5.624;47;2;0;0
5.629;47;2;0;0
5.634;47;3;0;0
5.639;47;3;0;0
5.644;47;3;0;0
5.649;47;3;0;0
5.654;47;3;0;0
5.659;47;3;0;0
5.664;39;4;0;0
5.669;39;4;0;0
5.674;39;4;0;0
5.679;39;5;0;0
5.684;39;5;0;0
5.689;39;5;0;0
5.694;31;4;0;0
5.699;31;3;0;0
5.704;31;2;0;0
5.709;31;1;0;0
5.714;23;0;0;0
5.719;23;0;0;0
5.724;15;0;0;0
5.729;15;-1;0;0
5.734;15;-1;0;0
5.739;7;-1;0;0
5.744;7;-1;0;0
5.749;0;-1;0;0
5.754;-7;-1;0;0
5.759;-15;0;0;0
5.764;-15;1;0;0
5.769;-15;2;0;0
5.774;-23;3;0;0
5.779;-23;4;0;0
5.784;-31;6;0;0
5.789;-31;7;0;0
5.794;-39;4;0;0
5.799;-47;2;0;0
5.804;-47;0;0;0
5.809;-47;0;0;0
5.814;-47;-1;0;0
5.819;-47;-2;0;0
5.824;-54;-3;0;0
5.829;-54;-3;0;0
5.834;-54;-3;0;0
5.839;-54;-3;0;0
5.844;-54;-3;0;0
5.849;-54;-3;0;0
5.854;-54;-3;0;0
5.859;-54;-3;0;0
5.864;-54;-3;0;0
5.869;-54;-3;0;0
5.874;-54;-3;0;0
5.879;-54;-3;0;0
5.884;-47;-3;0;0
5.889;-47;-3;0;0
5.894;-47;-3;0;0
5.899;-47;-3;0;0
5.904;-47;-4;0;0
5.909;-47;-4;0;0
5.914;-47;-4;0;0
5.919;-47;-4;0;0
5.924;-47;-4;0;0
5.929;-47;-4;0;0
5.934;-47;-4;0;0
5.939;-47;-3;0;0
5.944;-47;-3;0;0
5.949;-47;-3;0;0
5.954;-47;-3;0;0
5.959;-47;-3;0;0
5.964;-47;-3;0;0
5.969;-47;-3;0;0
5.974;-47;-3;0;0
5.979;-47;-3;0;0
5.984;-47;-3;0;0
5.989;-47;-3;0;0
5.994;-47;-3;0;0
5.999;-54;-4;0;0
6.004;-54;-5;0;0
6.009;-54;-5;0;0
6.014;-62;-6;0;0
6.019;-62;-5;0;0
6.024;-62;-4;0;0
6.029;-62;-3;0;0
6.034;-62;-3;0;0
6.039;-70;-2;0;0
6.044;-70;-2;0;0
6.049;-70;-1;0;0
6.054;-70;-1;0;0
6.059;-78;0;0;0
6.064;-78;0;0;0
6.069;-78;0;0;0
6.074;-78;1;0;0
6.079;-78;1;0;0
6.084;-78;2;0;0
6.089;-78;2;0;0
6.094;-78;2;0;0
6.099;-78;2;0;0
6.104;-78;2;0;0
6.109;-78;2;0;0
6.114;-78;3;0;0
6.119;-78;3;0;0
6.124;-78;3;0;0
6.129;-78;3;0;0
6.134;-78;3;0;0
6.139;-78;3;0;0
6.144;-78;3;0;0
6.149;-78;3;0;0
6.154;-70;2;0;0
6.159;-70;2;0;0
6.164;-70;2;0;0
6.169;-70;2;0;0
6.174;-70;1;0;0
6.179;-62;1;0;0
6.184;-62;1;0;0
6.189;-62;0;0;0
6.194;-54;0;0;0
6.199;-54;0;0;0
6.204;-54;-1;0;0
6.209;-47;-1;0;0
6.214;-47;-2;0;0
6.219;-47;-2;0;0
6.224;-47;-2;0;0
6.229;-47;-3;0;0
6.234;-47;-3;0;0
6.239;-39;-3;0;0
6.244;-39;-3;0;0
6.249;-39;-4;0;0
6.254;-31;-2;0;0
6.259;-31;-1;0;0
6.264;-31;0;0;0
6.269;-23;0;0;0
6.274;-23;1;0;0
6.279;-23;2;0;0
6.284;-15;3;0;0
6.289;-15;4;0;0
6.294;-15;4;0;0
6.299;-15;5;0;0
6.304;-15;5;0;0
6.309;-7;5;0;0
6.314;-7;5;0;0
6.319;-7;4;0;0
6.324;-7;4;0;0
6.329;-7;4;0;0
6.334;-7;3;0;0
6.339;-7;3;0;0
6.344;-7;3;0;0
6.349;-7;3;0;0
6.354;-7;3;0;0
6.359;-7;2;0;0
6.364;-15;2;0;0
6.369;-15;2;0;0
6.374;-15;2;0;0
6.379;-15;2;0;0
6.384;-15;3;0;0
6.389;-15;3;0;0
6.394;-23;2;0;0
6.399;-23;2;0;0
6.404;-31;2;0;0
6.409;-31;3;0;0
6.414;-31;3;0;0
6.419;-39;3;0;0
6.424;-39;1;0;0
6.429;-39;0;0;0
6.434;-47;0;0;0
6.439;-47;-1;0;0
6.444;-47;-2;0;0
6.449;-47;-2;0;0
6.454;-47;-3;0;0
6.459;-47;-3;0;0
6.464;-47;-3;0;0
6.469;-54;-3;0;0
6.474;-54;-3;0;0
6.479;-54;-3;0;0
6.484;-54;-3;0;0
6.489;-54;-3;0;0
6.494;-54;-3;0;0
6.499;-54;-3;0;0
6.504;-54;-3;0;0
6.509;-54;-2;0;0
6.514;-54;-2;0;0
6.519;-54;-2;0;0
6.524;-54;-2;0;0
6.529;-54;-2;0;0
6.534;-54;-2;0;0
6.539;-54;-2;0;0
6.544;-54;-2;0;0
6.549;-62;-2;0;0
6.554;-62;-2;0;0
6.559;-62;-1;0;0
6.564;-62;-1;0;0
6.569;-54;-1;0;0
6.574;-54;-1;0;0
6.579;-54;-1;0;0
6.584;-47;-1;0;0
6.589;-47;-1;0;0
6.594;-47;-2;0;0
6.599;-47;-2;0;0
6.604;-39;-2;0;0
6.609;-39;-2;0;0
6.614;-31;-1;0;0
6.619;-31;0;0;0
6.624;-23;1;0;0
6.629;-23;2;0;0
6.634;-15;3;0;0
6.639;-15;4;0;0
6.644;-7;4;0;0
6.649;-7;4;0;0
6.654;0;3;0;0
6.659;7;2;0;0
6.664;7;1;0;0
6.669;15;0;0;0
6.674;15;-1;0;0
6.679;15;-2;0;0
6.684;15;-3;0;0
6.689;23;-4;0;0
6.694;23;-4;0;0
6.699;23;-5;0;0
6.704;31;-5;0;0
6.709;31;-6;0;0
6.714;31;-6;0;0
6.719;31;-6;0;0
6.724;31;-7;0;0
6.729;31;-7;0;0
6.734;23;-7;0;0
6.739;23;-7;0;0
6.744;15;-7;0;0
6.749;15;-6;0;0
6.754;15;-6;0;0
6.759;15;-5;0;0
6.764;15;-5;0;0
6.769;15;-4;0;0
6.774;7;-4;0;0
6.779;7;-4;0;0
6.784;7;-3;0;0
6.789;7;-3;0;0
6.794;0;-3;0;0
6.799;0;-2;0;0
6.804;0;-2;0;0
6.809;0;-1;0;0
6.814;0;-1;0;0
6.819;0;-1;0;0
6.824;-7;-1;0;0
6.829;-7;0;0;0
6.834;-7;0;0;0
6.839;-7;0;0;0
6.844;-15;0;0;0
6.849;-15;0;0;0
6.854;-15;1;0;0
6.859;-15;1;0;0
6.864;-15;1;0;0
6.869;-15;1;0;0
6.874;-15;1;0;0
6.879;-15;1;0;0
6.884;-23;3;0;0
6.889;-23;3;0;0
6.894;-23;4;0;0
6.899;-23;5;0;0
6.904;-23;5;0;0
6.909;-23;6;0;0
6.914;-23;6;0;0
6.919;-31;6;0;0
6.924;-31;6;0;0
6.929;-31;6;0;0
6.934;-31;6;0;0
6.939;-23;6;0;0
6.944;-23;7;0;0
6.949;-23;7;0;0
6.954;-23;8;0;0
6.959;-23;8;0;0
6.964;-23;8;0;0
6.969;-23;8;0;0
6.974;-23;8;0;0
6.979;-15;8;0;0
6.984;-15;7;0;0
6.989;-15;6;0;0
6.994;-15;5;0;0
6.999;-15;5;0;0
7.004;-15;4;0;0
7.009;-15;4;0;0
7.014;-15;4;0;0
7.019;-7;3;0;0
7.024;-7;3;0;0
7.029;0;2;0;0
7.034;0;2;0;0
7.039;7;1;0;0
7.044;7;1;0;0
7.049;15;0;0;0
7.054;7;-1;0;0
7.059;15;-2;0;0
7.064;15;-3;0;0
7.069;23;-4;0;0
7.074;31;-5;0;0
7.079;39;-6;0;0
7.084;47;-2;0;0
7.089;47;0;0;0
7.094;54;1;0;0
7.099;62;2;0;0
7.104;70;1;0;0
7.109;78;0;0;0
7.114;78;0;0;0
7.119;78;-2;0;0
7.124;86;-3;0;0
7.129;86;-4;0;0
7.134;94;-7;0;0
7.139;94;-10;0;0
7.144;101;-5;0;0
7.149;101;-1;0;0
7.154;101;2;0;0
7.159;101;4;0;0
7.164;101;6;0;0
7.169;101;8;0;0
7.174;94;7;0;0
7.179;94;4;0;0
7.184;94;2;0;0
7.189;86;0;0;0
7.194;86;0;0;0
7.199;78;0;0;0
7.204;78;0;0;0
7.209;78;-1;0;0
7.214;70;-1;0;0
7.219;62;-1;0;0
7.224;62;0;0;0
7.229;47;0;0;0
7.234;47;2;0;0
7.239;39;4;0;0
7.244;31;2;0;0
7.249;23;0;0;0
7.254;15;-2;0;0
7.259;15;-4;0;0
7.264;0;-4;0;0
7.269;-7;-3;0;0
7.274;-15;-1;0;0
7.279;-15;0;0;0
7.284;-31;7;0;0
7.289;-31;12;0;0
7.294;-39;4;0;0
7.299;-47;0;0;0
7.304;-47;-3;0;0
7.309;-62;-4;0;0
7.314;-62;-4;0;0
7.319;-70;-2;0;0
7.324;-78;0;0;0
7.329;-78;2;0;0
7.334;-86;7;0;0
7.339;-94;10;0;0
7.344;-94;13;0;0
7.349;-101;6;0;0
7.354;-109;0;0;0
7.359;-109;-2;0;0
7.364;-109;-4;0;0
7.369;-109;-6;0;0
7.374;-109;-7;0;0
7.379;-109;-8;0;0
7.384;-117;-8;0;0
7.389;-117;-8;0;0
7.394;-117;-7;0;0
7.399;-117;-7;0;0
7.404;-117;-6;0;0
7.409;-117;-6;0;0
7.414;-109;-6;0;0
7.419;-109;-7;0;0
7.424;-109;-7;0;0
7.429;-109;-7;0;0
7.434;-109;-7;0;0
7.439;-109;-7;0;0
7.444;-101;-7;0;0
7.449;-101;-6;0;0
7.454;-94;-5;0;0
7.459;-94;-3;0;0
7.464;-86;-2;0;0
7.469;-78;0;0;0
7.474;-78;0;0;0
7.479;-70;1;0;0
7.484;-70;1;0;0
7.489;-62;0;0;0
7.494;-54;-1;0;0
7.499;-47;-3;0;0
7.504;-47;-4;0;0
7.509;-39;-6;0;0
7.514;-31;-3;0;0
7.519;-23;0;0;0
7.524;-15;2;0;0
7.529;-15;4;0;0
7.534;0;4;0;0
7.539;0;3;0;0
7.544;7;2;0;0
7.549;15;0;0;0
7.554;15;-1;0;0
7.559;15;-2;0;0
7.564;23;-3;0;0
7.569;23;-4;0;0
7.574;31;-5;0;0
7.579;31;-6;0;0
7.584;39;-6;0;0
7.589;39;-3;0;0
7.594;47;-1;0;0
7.599;47;0;0;0
7.604;47;1;0;0
7.609;54;2;0;0
7.614;54;2;0;0
7.619;62;2;0;0
7.624;62;2;0;0
7.629;62;2;0;0
7.634;62;2;0;0
7.639;70;1;0;0
7.644;70;1;0;0
7.649;70;0;0;0
7.654;62;0;0;0
7.659;62;0;0;0
7.664;62;0;0;0
7.669;54;1;0;0
7.674;47;1;0;0
7.679;47;2;0;0
7.684;47;2;0;0
7.689;39;3;0;0
7.694;39;4;0;0
7.699;31;1;0;0
7.704;31;0;0;0
7.709;23;-3;0;0
7.714;15;-5;0;0
7.719;15;-6;0;0
7.724;15;-7;0;0
7.729;15;-7;0;0
7.734;7;-7;0;0
7.739;7;-6;0;0
7.744;0;-5;0;0
7.749;0;-4;0;0
7.754;-7;-3;0;0
7.759;-15;-2;0;0
7.764;-15;-1;0;0
7.769;-23;0;0;0
7.774;-31;2;0;0
7.779;-31;5;0;0
7.784;-39;0;0;0
7.789;-47;-4;0;0
7.794;-47;-6;0;0
7.799;-54;-7;0;0
7.804;-62;-7;0;0
7.809;-62;-6;0;0
7.814;-62;-5;0;0
7.819;-70;-4;0;0
7.824;-70;-3;0;0
7.829;-70;-2;0;0
7.834;-70;-1;0;0
7.839;-70;-1;0;0
7.844;-70;0;0;0
7.849;-70;0;0;0
7.854;-70;0;0;0
7.859;-70;0;0;0
7.864;-70;0;0;0
7.869;-70;0;0;0
7.874;-70;0;0;0
7.879;-70;0;0;0
7.884;-70;0;0;0
7.889;-70;0;0;0
7.894;-70;1;0;0
7.899;-70;1;0;0
7.904;-70;1;0;0
7.909;-70;1;0;0
7.914;-70;1;0;0
7.919;-70;1;0;0
7.924;-62;0;0;0
7.929;-62;0;0;0
7.934;-54;0;0;0
7.939;-47;0;0;0
7.944;-47;0;0;0
7.949;-47;0;0;0
7.954;-39;-1;0;0
7.959;-31;0;0;0
7.964;-31;1;0;0
7.969;-23;3;0;0
7.974;-23;4;0;0
7.979;-15;5;0;0
7.984;-15;5;0;0
7.989;-15;6;0;0
7.994;-15;6;0;0
7.999;-7;5;0;0
8.004;-7;5;0;0
8.009;0;4;0;0
8.014;0;4;0;0
8.019;0;3;0;0
8.024;0;2;0;0
8.029;0;2;0;0
8.034;7;1;0;0
8.039;7;1;0;0
8.044;15;0;0;0
8.049;15;0;0;0
8.054;15;0;0;0
8.059;15;-1;0;0
8.064;23;-1;0;0
8.069;23;-2;0;0
8.074;23;-2;0;0
8.079;31;-5;0;0
8.084;31;-7;0;0
8.089;31;-8;0;0
8.094;31;-9;0;0
8.099;39;-6;0;0
8.104;39;-3;0;0
8.109;47;-1;0;0
8.114;47;0;0;0
8.119;47;0;0;0
8.124;47;1;0;0
8.129;47;1;0;0
8.134;47;2;0;0
8.139;47;2;0;0
8.144;47;2;0;0
8.149;47;3;0;0
8.154;47;3;0;0
8.159;47;3;0;0
8.164;47;3;0;0
8.169;47;3;0;0
8.174;47;3;0;0
8.179;47;3;0;0
8.184;47;3;0;0
8.189;47;3;0;0
8.194;39;3;0;0
8.199;39;3;0;0
8.204;31;2;0;0
8.209;31;1;0;0
8.214;23;1;0;0
8.219;23;0;0;0
8.224;15;0;0;0
8.229;15;-1;0;0
8.234;15;-1;0;0
8.239;15;-2;0;0
8.244;7;-2;0;0
8.249;7;-2;0;0
8.254;0;-2;0;0
8.259;0;-1;0;0
8.264;-7;0;0;0
8.269;-15;0;0;0
8.274;-15;2;0;0
8.279;-15;3;0;0
8.284;-15;4;0;0
8.289;-23;5;0;0
8.294;-31;6;0;0
8.299;-31;7;0;0
8.304;-31;7;0;0
8.309;-39;5;0;0
8.314;-39;3;0;0
8.319;-47;1;0;0
8.324;-47;0;0;0
8.329;-47;0;0;0
8.334;-47;-1;0;0
8.339;-47;-2;0;0
8.344;-47;-2;0;0
8.349;-47;-3;0;0
8.354;-54;-3;0;0
8.359;-54;-3;0;0
8.364;-54;-3;0;0
8.369;-54;-3;0;0
8.374;-54;-3;0;0
8.379;-54;-3;0;0
8.384;-54;-3;0;0
8.389;-54;-3;0;0
8.394;-54;-3;0;0
8.399;-47;-3;0;0
8.404;-47;-3;0;0
8.409;-47;-3;0;0
8.414;-47;-3;0;0
8.419;-47;-3;0;0
8.424;-47;-4;0;0
8.429;-47;-4;0;0
8.434;-47;-4;0;0
8.439;-47;-4;0;0
8.444;-47;-4;0;0
8.449;-47;-4;0;0
8.454;-39;-4;0;0
8.459;-39;-3;0;0
8.464;-39;-3;0;0
8.469;-39;-3;0;0
8.474;-31;-2;0;0
8.479;-31;-2;0;0
8.484;-31;-1;0;0
8.489;-31;0;0;0
8.494;-31;0;0;0
8.499;-23;0;0;0
8.504;-23;0;0;0
8.509;-23;1;0;0
8.514;-23;1;0;0
8.519;-15;1;0;0
8.524;-15;2;0;0
8.529;-15;2;0;0
8.534;-15;2;0;0
8.539;-15;2;0;0
8.544;-15;2;0;0
8.549;-15;2;0;0
8.554;-15;2;0;0
8.559;-15;2;0;0
8.564;-15;2;0;0
8.569;-7;2;0;0
8.574;-7;2;0;0
8.579;-7;2;0;0
8.584;-7;1;0;0
8.589;-7;1;0;0
8.594;-7;1;0;0
8.599;-7;1;0;0
8.604;-7;1;0;0
8.609;-7;1;0;0
8.614;-7;1;0;0
8.619;0;1;0;0
8.624;0;0;0;0
8.629;0;0;0;0
8.634;0;0;0;0
8.639;0;0;0;0
8.644;0;0;0;0
8.649;0;0;0;0
8.654;0;0;0;0
8.659;0;0;0;0
8.664;0;0;0;0
8.669;0;0;0;0
8.674;0;0;0;0
8.679;0;0;0;0
8.684;-7;0;0;0
8.689;-7;0;0;0
8.694;-7;0;0;0
8.699;-7;0;0;0
8.704;-7;0;0;0
8.709;-7;0;0;0
8.714;-7;0;0;0
8.719;-7;0;0;0
8.724;-7;0;0;0
8.729;-15;0;0;0
8.734;-15;0;0;0
8.739;-15;0;0;0
8.744;-15;0;0;0
8.749;-15;0;0;0
8.754;-15;1;0;0
8.759;-15;1;0;0
8.764;-15;1;0;0
8.769;-15;1;0;0
8.774;-15;1;0;0
8.779;-15;1;0;0
8.784;-23;1;0;0
8.789;-23;1;0;0
8.794;-23;1;0;0
8.799;-23;1;0;0
8.804;-23;2;0;0
8.809;-23;2;0;0
8.814;-23;2;0;0
8.819;-31;2;0;0
8.824;-31;2;0;0
8.829;-31;3;0;0
8.834;-31;3;0;0
8.839;-31;3;0;0
8.844;-31;4;0;0
8.849;-31;4;0;0
8.854;-31;4;0;0
8.859;-31;4;0;0
8.864;-31;4;0;0
8.869;-31;4;0;0
8.874;-31;4;0;0
8.879;-31;4;0;0
8.884;-31;4;0;0
8.889;-31;4;0;0
8.894;-31;4;0;0
8.899;-23;4;0;0
8.904;-23;4;0;0
8.909;-23;4;0;0
8.914;-23;4;0;0
8.919;-23;4;0;0
8.924;-23;3;0;0
8.929;-23;3;0;0
8.934;-23;3;0;0
8.939;-23;3;0;0
8.944;-23;3;0;0
8.949;-23;3;0;0
8.954;-23;3;0;0
8.959;-23;3;0;0
8.964;-23;3;0;0
8.969;-23;3;0;0
8.974;-23;3;0;0
8.979;-23;3;0;0
8.984;-23;3;0;0
8.989;-23;3;0;0
8.994;-23;3;0;0
8.999;-23;2;0;0
9.004;-23;2;0;0
9.009;-23;2;0;0
9.014;-23;2;0;0
9.019;-23;2;0;0
9.024;-23;2;0;0
9.029;-23;2;0;0
9.034;-23;2;0;0
9.039;-23;2;0;0
9.044;-23;2;0;0
9.049;-23;2;0;0
9.054;-23;2;0;0
9.059;-23;2;0;0
9.064;-23;2;0;0
9.069;-23;2;0;0
9.074;-23;2;0;0
9.079;-23;2;0;0
9.084;-23;2;0;0
9.089;-23;2;0;0
9.094;-23;2;0;0
9.099;-23;2;0;0
9.104;-23;2;0;0
9.109;-23;2;0;0
9.114;-23;2;0;0
9.119;-23;2;0;0
9.124;-23;2;0;0
9.129;-23;2;0;0
9.134;-23;2;0;0
9.139;-23;2;0;0
9.144;-23;2;0;0
9.149;-23;2;0;0
9.154;-23;2;0;0
9.159;-23;2;0;0
9.164;-23;2;0;0
9.169;-23;2;0;0
9.174;-23;2;0;0
9.179;-23;2;0;0
9.184;-23;2;0;0
9.189;-23;2;0;0
9.194;-23;2;0;0
9.199;-23;2;0;0
9.204;-23;2;0;0
9.209;-23;2;0;0
9.214;-23;2;0;0
9.219;-23;2;0;0
9.224;-23;2;0;0
9.229;-23;2;0;0
9.234;-23;2;0;0
9.239;-23;2;0;0
9.244;-23;2;0;0
9.249;-23;2;0;0
9.254;-23;2;0;0
9.259;-23;2;0;0
9.264;-23;2;0;0
9.269;-23;2;0;0
9.274;-23;2;0;0
9.279;-23;2;0;0
9.284;-23;2;0;0
9.289;-23;2;0;0
9.294;-23;2;0;0
9.299;-23;2;0;0
9.304;-23;2;0;0
9.309;-23;2;0;0
9.314;-23;2;0;0
9.319;-23;2;0;0
9.324;-23;2;0;0
9.329;-23;2;0;0
9.334;-23;2;0;0
9.339;-23;2;0;0
9.344;-23;2;0;0
9.349;-23;2;0;0
9.354;-23;2;0;0
9.359;-23;2;0;0
9.364;-23;2;0;0
9.369;-23;2;0;0
9.374;-23;2;0;0
9.379;-23;2;0;0
9.384;-23;2;0;0
9.389;-23;2;0;0
9.394;-23;2;0;0
9.399;-23;2;0;0
9.404;-23;2;0;0
9.409;-23;2;0;0
9.414;-23;2;0;0
9.419;-23;2;0;0
9.424;-23;2;0;0
9.429;-23;2;0;0
9.434;-23;2;0;0
9.439;-23;2;0;0
9.444;-23;2;0;0
9.449;-23;2;0;0
9.454;-23;2;0;0
9.459;-23;2;0;0
9.464;-23;2;0;0
9.469;-23;2;0;0
9.474;-23;2;0;0
9.479;-23;2;0;0
9.484;-23;2;0;0
9.489;-23;2;0;0
9.494;-23;2;0;0
9.499;-23;2;0;0
9.504;-23;2;0;0
9.509;-23;2;0;0
9.514;-23;2;0;0
9.519;-23;2;0;0
9.524;-23;2;0;0
9.529;-23;2;0;0
9.534;-23;2;0;0
9.539;-23;2;0;0
9.544;-23;2;0;0
9.549;-23;2;0;0
9.554;-23;2;0;0
9.559;-23;2;0;0
9.564;-23;2;0;0
9.569;-23;2;0;0
9.574;-23;2;0;0
9.579;-23;2;0;0
9.584;-23;2;0;0
9.589;-23;2;0;0
9.594;-23;2;0;0
9.599;-23;2;0;0
9.604;-23;2;0;0
9.609;-23;2;0;0
9.614;-23;2;0;0
9.619;-23;2;0;0
9.624;-23;2;0;0
9.629;-23;2;0;0
9.634;-23;2;0;0
9.639;-23;2;0;0
9.644;-23;2;0;0
9.649;-23;2;0;0
9.654;-23;2;0;0
9.659;-23;2;0;0
9.664;-23;2;0;0
9.669;-23;2;0;0
9.674;-23;2;0;0
9.679;-23;2;0;0
9.684;-23;2;0;0
9.689;-23;2;0;0
9.694;-23;2;0;0
9.699;-23;2;0;0
9.704;-23;2;0;0
9.709;-23;2;0;0
9.714;-23;2;0;0
9.719;-23;2;0;0
9.724;-23;2;0;0
9.729;-23;2;0;0
9.734;-23;2;0;0
9.739;-23;2;0;0
9.744;-23;2;0;0
9.749;-23;2;0;0
9.754;-23;2;0;0
9.759;-23;2;0;0
9.764;-23;2;0;0
9.769;-23;2;0;0
9.774;-23;2;0;0
9.779;-23;2;0;0
9.784;-23;2;0;0
9.789;-23;2;0;0
9.794;-23;2;0;0
9.799;-23;2;0;0
9.804;-23;2;0;0
9.809;-23;2;0;0
9.814;-23;2;0;0
9.819;-23;2;0;0
9.824;-23;2;0;0
9.829;-23;2;0;0
9.834;-23;2;0;0
9.839;-23;2;0;0
9.844;-23;2;0;0
9.849;-23;2;0;0
9.854;-23;2;0;0
9.859;-23;2;0;0
9.864;-23;2;0;0
9.869;-23;2;0;0
9.874;-23;2;0;0
9.879;-23;2;0;0
9.884;-23;2;0;0
9.889;-23;2;0;0
9.894;-23;2;0;0
9.899;-23;2;0;0
9.904;-23;2;0;0
9.909;-23;2;0;0
9.914;-23;2;0;0
9.919;-23;2;0;0
9.924;-23;2;0;0
9.929;-23;2;0;0
9.934;-23;2;0;0
9.939;-23;2;0;0
9.944;-23;2;0;0
9.949;-23;2;0;0
9.954;-23;2;0;0
9.959;-23;2;0;0
9.964;-23;2;0;0
9.969;-23;2;0;0
9.974;-23;2;0;0
9.979;-23;2;0;0
9.984;-23;2;0;0
9.989;-23;2;0;0
9.994;-23;2;0;0
9.999;-23;2;0;0
10.004;-23;2;0;0
10.009;-23;2;0;0
10.014;-23;2;0;0
10.019;-23;2;0;0
10.024;-23;2;0;0
10.029;-23;2;0;0