t;e;d;i;set

0.759;0;5000;0;0
0.764;0;5000;0;0
0.769;0;5000;0;0
0.774;0;5000;0;0
0.779;0;5000;0;0
0.784;0;5000;0;0
0.789;0;5000;0;0
0.794;0;5000;0;0
0.799;0;5000;0;0
0.804;0;5000;0;0
0.809;0;5000;0;0
0.814;0;5000;0;0
0.819;0;5000;0;0
0.824;0;5000;0;0
0.829;0;5000;0;0
0.834;7;5000;0;0
0.839;7;5000;0;0
0.844;7;5000;0;0
0.849;7;5000;0;0
0.854;7;5000;0;0
0.859;7;5000;0;0
0.864;15;1.4952153110047848;0;0
0.869;15;1.4952153110047848;0;0
0.874;23;48.07692307692308;0;0
0.879;23;48.07692307692308;0;0
0.884;31;131.57894736842104;0;0
0.889;39;125.0;0;0
0.894;39;125.0;0;0
0.899;39;125.0;0;0
0.904;47;192.30769230769232;0;0
0.909;54;92.5925925925926;0;0
0.914;54;92.5925925925926;0;0
0.919;62;178.57142857142858;0;0
0.924;70;125.0;0;0
0.929;70;125.0;0;0
0.934;70;125.0;0;0
0.939;78;250.0;0;0
0.944;86;96.15384615384616;0;0
0.949;86;96.15384615384616;0;0
0.954;94;250.0;0;0
0.959;101;113.63636363636364;0;0
0.964;101;113.63636363636364;0;0
0.969;101;113.63636363636364;0;0
0.974;101;113.63636363636364;0;0
0.979;109;178.57142857142858;0;0
0.984;117;73.52941176470588;0;0
0.989;117;73.52941176470588;0;0
0.994;117;73.52941176470588;0;0
0.999;125;192.30769230769232;0;0
1.004;133;92.5925925925926;0;0
1.009;133;92.5925925925926;0;0
1.014;133;92.5925925925926;0;0
1.019;133;92.5925925925926;0;0
1.024;140;166.66666666666666;0;0
1.029;140;166.66666666666666;0;0
1.034;148;67.56756756756756;0;0
1.039;156;138.88888888888889;0;0
1.044;164;156.25;0;0
1.049;164;156.25;0;0
1.054;171;250.0;0;0
1.059;187;250.0;0;0
1.064;195;263.1578947368421;0;0
1.069;202;454.54545454545456;0;0
1.074;210;227.27272727272728;0;0
1.079;218;357.14285714285717;0;0
1.084;225;277.77777777777777;0;0
1.089;233;312.5;0;0
1.094;241;208.33333333333334;0;0
1.099;248;312.5;0;0
1.104;256;227.27272727272728;0;0
1.109;256;227.27272727272728;0;0
1.114;256;227.27272727272728;0;0
1.119;263;227.27272727272728;0;0
1.124;263;227.27272727272728;0;0
1.129;263;227.27272727272728;0;0
1.134;263;227.27272727272728;0;0
1.139;263;227.27272727272728;0;0
1.144;263;227.27272727272728;0;0
1.149;263;227.27272727272728;0;0
1.154;263;227.27272727272728;0;0
1.159;263;227.27272727272728;0;0
1.164;263;227.27272727272728;0;0
1.169;256;89.28571428571429;0;0
1.174;256;89.28571428571429;0;0
1.179;256;89.28571428571429;0;0
1.184;256;89.28571428571429;0;0
1.189;256;89.28571428571429;0;0
1.194;256;89.28571428571429;0;0
1.199;256;89.28571428571429;0;0
1.204;256;89.28571428571429;0;0
1.209;256;89.28571428571429;0;0
1.214;256;89.28571428571429;0;0
1.219;256;89.28571428571429;0;0
1.224;256;89.28571428571429;0;0
1.229;256;89.28571428571429;0;0
1.234;256;89.28571428571429;0;0
1.239;256;89.28571428571429;0;0
1.244;256;89.28571428571429;0;0
1.249;256;89.28571428571429;0;0
1.254;256;89.28571428571429;0;0
1.259;256;89.28571428571429;0;0
1.264;256;89.28571428571429;0;0
1.269;256;89.28571428571429;0;0
1.274;256;89.28571428571429;0;0
1.279;256;89.28571428571429;0;0
1.284;256;89.28571428571429;0;0
1.289;256;89.28571428571429;0;0
1.294;256;89.28571428571429;0;0
1.299;256;89.28571428571429;0;0
1.304;256;89.28571428571429;0;0
1.309;256;89.28571428571429;0;0
1.314;256;89.28571428571429;0;0
1.319;256;89.28571428571429;0;0
1.324;256;89.28571428571429;0;0
1.329;256;89.28571428571429;0;0
1.334;256;89.28571428571429;0;0
1.339;256;89.28571428571429;0;0
1.344;256;89.28571428571429;0;0
1.349;256;89.28571428571429;0;0
1.354;256;89.28571428571429;0;0
1.359;256;89.28571428571429;0;0
1.364;256;89.28571428571429;0;0
1.369;256;89.28571428571429;0;0
1.374;256;89.28571428571429;0;0
1.379;256;89.28571428571429;0;0
1.384;256;89.28571428571429;0;0
1.389;256;89.28571428571429;0;0
1.394;256;89.28571428571429;0;0
1.399;256;89.28571428571429;0;0
1.404;256;89.28571428571429;0;0
1.409;256;89.28571428571429;0;0
1.414;263;24.50980392156863;0;0
1.419;263;24.50980392156863;0;0
1.424;263;24.50980392156863;0;0
1.429;263;24.50980392156863;0;0
1.434;263;24.50980392156863;0;0
1.439;263;24.50980392156863;0;0
1.444;263;24.50980392156863;0;0
1.449;263;24.50980392156863;0;0
1.454;263;24.50980392156863;0;0
1.459;263;24.50980392156863;0;0
1.464;263;24.50980392156863;0;0
1.469;263;24.50980392156863;0;0
1.474;263;24.50980392156863;0;0
1.479;263;24.50980392156863;0;0
1.484;263;24.50980392156863;0;0
1.489;271;5.122950819672131;0;0
1.494;271;5.122950819672131;0;0
1.499;271;5.122950819672131;0;0
1.504;271;5.122950819672131;0;0
1.509;271;5.122950819672131;0;0
1.514;271;5.122950819672131;0;0
1.519;271;5.122950819672131;0;0
1.524;271;5.122950819672131;0;0
1.529;271;5.122950819672131;0;0
1.534;271;5.122950819672131;0;0
1.539;271;5.122950819672131;0;0
1.544;278;15.67398119122257;0;0
1.549;278;15.67398119122257;0;0
1.554;278;15.67398119122257;0;0
1.559;278;15.67398119122257;0;0
1.564;278;15.67398119122257;0;0
1.569;278;15.67398119122257;0;0
1.574;278;15.67398119122257;0;0
1.579;278;15.67398119122257;0;0
1.584;286;23.923444976076556;0;0
1.589;286;23.923444976076556;0;0
1.594;286;23.923444976076556;0;0
1.599;286;23.923444976076556;0;0
1.604;286;23.923444976076556;0;0
1.609;286;23.923444976076556;0;0
1.614;286;23.923444976076556;0;0
1.619;286;23.923444976076556;0;0
1.624;286;23.923444976076556;0;0
1.629;286;23.923444976076556;0;0
1.634;286;23.923444976076556;0;0
1.639;286;23.923444976076556;0;0
1.644;286;23.923444976076556;0;0
1.649;286;23.923444976076556;0;0
1.654;286;23.923444976076556;0;0
1.659;286;23.923444976076556;0;0
1.664;286;23.923444976076556;0;0
1.669;286;23.923444976076556;0;0
1.674;286;23.923444976076556;0;0
1.679;286;23.923444976076556;0;0
1.684;286;23.923444976076556;0;0
1.689;286;23.923444976076556;0;0
1.694;286;23.923444976076556;0;0
1.699;286;23.923444976076556;0;0
1.704;286;23.923444976076556;0;0
1.709;286;23.923444976076556;0;0
1.714;286;23.923444976076556;0;0
1.719;286;23.923444976076556;0;0
1.724;286;23.923444976076556;0;0
1.729;286;23.923444976076556;0;0
1.734;286;23.923444976076556;0;0
1.739;286;23.923444976076556;0;0
1.744;286;23.923444976076556;0;0
1.749;294;32.89473684210526;0;0
1.754;294;32.89473684210526;0;0
1.759;294;32.89473684210526;0;0
1.764;294;32.89473684210526;0;0
1.769;294;32.89473684210526;0;0
1.774;294;32.89473684210526;0;0
1.779;294;32.89473684210526;0;0
1.784;294;32.89473684210526;0;0
1.789;294;32.89473684210526;0;0
1.794;294;32.89473684210526;0;0
1.799;294;32.89473684210526;0;0
1.804;294;32.89473684210526;0;0
1.809;294;32.89473684210526;0;0
1.814;294;32.89473684210526;0;0
1.819;294;32.89473684210526;0;0
1.824;294;32.89473684210526;0;0
1.829;294;32.89473684210526;0;0
1.834;294;32.89473684210526;0;0
1.839;294;32.89473684210526;0;0
1.844;294;32.89473684210526;0;0
1.849;294;32.89473684210526;0;0
1.854;294;32.89473684210526;0;0
1.859;294;32.89473684210526;0;0
1.864;294;32.89473684210526;0;0
1.869;294;32.89473684210526;0;0
1.874;294;32.89473684210526;0;0
1.879;294;32.89473684210526;0;0
1.884;294;32.89473684210526;0;0
1.889;294;32.89473684210526;0;0
1.894;294;32.89473684210526;0;0
1.899;294;32.89473684210526;0;0
1.904;294;32.89473684210526;0;0
1.909;294;32.89473684210526;0;0
1.914;294;32.89473684210526;0;0
1.919;294;32.89473684210526;0;0
1.924;294;32.89473684210526;0;0
1.929;294;32.89473684210526;0;0
1.934;294;32.89473684210526;0;0
1.939;294;32.89473684210526;0;0
1.944;294;32.89473684210526;0;0
1.949;294;32.89473684210526;0;0
1.954;294;32.89473684210526;0;0
1.959;294;32.89473684210526;0;0
1.964;294;32.89473684210526;0;0
1.969;294;32.89473684210526;0;0
1.974;301;7.363770250368188;0;0
1.979;301;7.363770250368188;0;0
1.984;301;7.363770250368188;0;0
1.989;301;7.363770250368188;0;0
1.994;301;7.363770250368188;0;0
1.999;301;7.363770250368188;0;0
2.004;301;7.363770250368188;0;0
2.009;301;7.363770250368188;0;0
2.014;301;7.363770250368188;0;0
2.019;301;7.363770250368188;0;0
2.024;301;7.363770250368188;0;0
2.029;301;7.363770250368188;0;0
2.034;301;7.363770250368188;0;0
2.039;301;7.363770250368188;0;0
2.044;301;7.363770250368188;0;0
2.049;301;7.363770250368188;0;0
2.054;301;7.363770250368188;0;0
2.059;301;7.363770250368188;0;0
2.064;301;7.363770250368188;0;0
2.069;301;7.363770250368188;0;0
2.074;301;7.363770250368188;0;0
2.079;301;7.363770250368188;0;0
2.084;301;7.363770250368188;0;0
2.089;301;7.363770250368188;0;0
2.094;301;7.363770250368188;0;0
2.099;301;7.363770250368188;0;0
2.104;301;7.363770250368188;0;0
2.109;301;7.363770250368188;0;0
2.114;301;7.363770250368188;0;0
2.119;301;7.363770250368188;0;0
2.124;301;7.363770250368188;0;0
2.129;301;7.363770250368188;0;0
2.134;301;7.363770250368188;0;0
2.139;301;7.363770250368188;0;0
2.144;301;7.363770250368188;0;0
2.149;301;7.363770250368188;0;0
2.154;301;7.363770250368188;0;0
2.159;301;7.363770250368188;0;0
2.164;301;7.363770250368188;0;0
2.169;301;7.363770250368188;0;0
2.174;301;7.363770250368188;0;0
2.179;301;7.363770250368188;0;0
2.184;309;5.62429696287964;0;0
2.189;309;5.62429696287964;0;0
2.194;309;5.62429696287964;0;0
2.199;309;5.62429696287964;0;0
2.204;309;5.62429696287964;0;0
2.209;309;5.62429696287964;0;0
2.214;309;5.62429696287964;0;0
2.219;309;5.62429696287964;0;0
2.224;309;5.62429696287964;0;0
2.229;309;5.62429696287964;0;0
2.234;309;5.62429696287964;0;0
2.239;309;5.62429696287964;0;0
2.244;309;5.62429696287964;0;0
2.249;309;5.62429696287964;0;0
2.254;309;5.62429696287964;0;0
2.259;309;5.62429696287964;0;0
2.264;309;5.62429696287964;0;0
2.269;309;5.62429696287964;0;0
2.274;309;5.62429696287964;0;0
2.279;309;5.62429696287964;0;0
2.284;309;5.62429696287964;0;0
2.289;309;5.62429696287964;0;0
2.294;309;5.62429696287964;0;0
2.299;309;5.62429696287964;0;0
2.304;309;5.62429696287964;0;0
2.309;309;5.62429696287964;0;0
2.314;309;5.62429696287964;0;0
2.319;309;5.62429696287964;0;0
2.324;316;5.938242280285036;0;0
2.329;316;5.938242280285036;0;0
2.334;316;5.938242280285036;0;0
2.339;316;5.938242280285036;0;0
2.344;316;5.938242280285036;0;0
2.349;316;5.938242280285036;0;0
2.354;316;5.938242280285036;0;0
2.359;316;5.938242280285036;0;0
2.364;316;5.938242280285036;0;0
2.369;316;5.938242280285036;0;0
2.374;316;5.938242280285036;0;0
2.379;316;5.938242280285036;0;0
2.384;316;5.938242280285036;0;0
2.389;316;5.938242280285036;0;0
2.394;316;5.938242280285036;0;0
2.399;316;5.938242280285036;0;0
2.404;316;5.938242280285036;0;0
2.409;316;5.938242280285036;0;0
2.414;316;5.938242280285036;0;0
2.419;316;5.938242280285036;0;0
2.424;316;5.938242280285036;0;0
2.429;316;5.938242280285036;0;0
2.434;316;5.938242280285036;0;0
2.439;316;5.938242280285036;0;0
2.444;316;5.938242280285036;0;0
2.449;316;5.938242280285036;0;0
2.454;316;5.938242280285036;0;0
2.459;316;5.938242280285036;0;0
2.464;316;5.938242280285036;0;0
2.469;316;5.938242280285036;0;0
2.474;316;5.938242280285036;0;0
2.479;316;5.938242280285036;0;0
2.484;316;5.938242280285036;0;0
2.489;316;5.938242280285036;0;0
2.494;316;5.938242280285036;0;0
2.499;316;5.938242280285036;0;0
2.504;316;5.938242280285036;0;0
2.509;316;5.938242280285036;0;0
2.514;316;5.938242280285036;0;0
2.519;316;5.938242280285036;0;0
2.524;316;5.938242280285036;0;0
2.529;316;5.938242280285036;0;0
2.534;316;5.938242280285036;0;0
2.539;316;5.938242280285036;0;0
2.544;316;5.938242280285036;0;0
2.549;316;5.938242280285036;0;0
2.554;316;5.938242280285036;0;0
2.559;316;5.938242280285036;0;0
2.564;316;5.938242280285036;0;0
2.569;316;5.938242280285036;0;0
2.574;316;5.938242280285036;0;0
2.579;316;5.938242280285036;0;0
2.584;316;5.938242280285036;0;0
2.589;316;5.938242280285036;0;0
2.594;316;5.938242280285036;0;0
2.599;316;5.938242280285036;0;0
2.604;316;5.938242280285036;0;0
2.609;316;5.938242280285036;0;0
2.614;316;5.938242280285036;0;0
2.619;323;9.057971014492754;0;0
2.624;323;9.057971014492754;0;0
2.629;323;9.057971014492754;0;0
2.634;323;9.057971014492754;0;0
2.639;323;9.057971014492754;0;0
2.644;323;9.057971014492754;0;0
2.649;323;9.057971014492754;0;0
2.654;323;9.057971014492754;0;0
2.659;323;9.057971014492754;0;0
2.664;323;9.057971014492754;0;0
2.669;323;9.057971014492754;0;0
2.674;323;9.057971014492754;0;0
2.679;323;9.057971014492754;0;0
2.684;323;9.057971014492754;0;0
2.689;323;9.057971014492754;0;0
2.694;323;9.057971014492754;0;0
2.699;323;9.057971014492754;0;0
2.704;323;9.057971014492754;0;0
2.709;323;9.057971014492754;0;0
2.714;323;9.057971014492754;0;0
2.719;331;4.201680672268908;0;0
2.724;331;4.201680672268908;0;0
2.729;331;4.201680672268908;0;0
2.734;331;4.201680672268908;0;0
2.739;331;4.201680672268908;0;0
2.744;331;4.201680672268908;0;0
2.749;331;4.201680672268908;0;0
2.754;331;4.201680672268908;0;0
2.759;331;4.201680672268908;0;0
2.764;331;4.201680672268908;0;0
2.769;331;4.201680672268908;0;0
2.774;331;4.201680672268908;0;0
2.779;331;4.201680672268908;0;0
2.784;331;4.201680672268908;0;0
2.789;331;4.201680672268908;0;0
2.794;331;4.201680672268908;0;0
2.799;331;4.201680672268908;0;0
2.804;331;4.201680672268908;0;0
2.809;331;4.201680672268908;0;0
2.814;331;4.201680672268908;0;0
2.819;331;4.201680672268908;0;0
2.824;331;4.201680672268908;0;0
2.829;331;4.201680672268908;0;0
2.834;331;4.201680672268908;0;0
2.839;331;4.201680672268908;0;0
2.844;331;4.201680672268908;0;0
2.849;331;4.201680672268908;0;0
2.854;331;4.201680672268908;0;0
2.859;331;4.201680672268908;0;0
2.864;331;4.201680672268908;0;0
2.869;331;4.201680672268908;0;0
2.874;331;4.201680672268908;0;0
2.879;331;4.201680672268908;0;0
2.884;331;4.201680672268908;0;0
2.889;338;12.626262626262626;0;0
2.894;338;12.626262626262626;0;0
2.899;338;12.626262626262626;0;0
2.904;338;12.626262626262626;0;0
2.909;338;12.626262626262626;0;0
2.914;338;12.626262626262626;0;0
2.919;338;12.626262626262626;0;0
2.924;338;12.626262626262626;0;0
2.929;338;12.626262626262626;0;0
2.934;338;12.626262626262626;0;0
2.939;338;12.626262626262626;0;0
2.944;338;12.626262626262626;0;0
2.949;338;12.626262626262626;0;0
2.954;338;12.626262626262626;0;0
2.959;338;12.626262626262626;0;0
2.964;338;12.626262626262626;0;0
2.969;338;12.626262626262626;0;0
2.974;338;12.626262626262626;0;0
2.979;338;12.626262626262626;0;0
2.984;338;12.626262626262626;0;0
2.989;338;12.626262626262626;0;0
2.994;338;12.626262626262626;0;0
2.999;338;12.626262626262626;0;0
3.004;338;12.626262626262626;0;0
3.009;338;12.626262626262626;0;0
3.014;338;12.626262626262626;0;0
3.019;338;12.626262626262626;0;0
3.024;346;7.309941520467836;0;0
3.029;346;7.309941520467836;0;0
3.034;346;7.309941520467836;0;0
3.039;346;7.309941520467836;0;0
3.044;346;7.309941520467836;0;0
3.049;346;7.309941520467836;0;0
3.054;346;7.309941520467836;0;0
3.059;346;7.309941520467836;0;0
3.064;346;7.309941520467836;0;0
3.069;346;7.309941520467836;0;0
3.074;346;7.309941520467836;0;0
3.079;346;7.309941520467836;0;0
3.084;346;7.309941520467836;0;0
3.089;346;7.309941520467836;0;0
3.094;346;7.309941520467836;0;0
3.099;346;7.309941520467836;0;0
3.104;346;7.309941520467836;0;0
3.109;346;7.309941520467836;0;0
3.114;346;7.309941520467836;0;0
3.119;346;7.309941520467836;0;0
3.124;346;7.309941520467836;0;0
3.129;346;7.309941520467836;0;0
3.134;346;7.309941520467836;0;0
3.139;346;7.309941520467836;0;0
3.144;346;7.309941520467836;0;0
3.149;346;7.309941520467836;0;0
3.154;346;7.309941520467836;0;0
3.159;346;7.309941520467836;0;0
3.164;346;7.309941520467836;0;0
3.169;346;7.309941520467836;0;0
3.174;346;7.309941520467836;0;0
3.179;346;7.309941520467836;0;0
3.184;346;7.309941520467836;0;0
3.189;346;7.309941520467836;0;0
3.194;346;7.309941520467836;0;0
3.199;346;7.309941520467836;0;0
3.204;346;7.309941520467836;0;0
3.209;346;7.309941520467836;0;0
3.214;346;7.309941520467836;0;0
3.219;346;7.309941520467836;0;0
3.224;346;7.309941520467836;0;0
3.229;346;7.309941520467836;0;0
3.234;346;7.309941520467836;0;0
3.239;346;7.309941520467836;0;0
3.244;346;7.309941520467836;0;0
3.249;346;7.309941520467836;0;0
3.254;346;7.309941520467836;0;0
3.259;346;7.309941520467836;0;0
3.264;346;7.309941520467836;0;0
3.269;346;7.309941520467836;0;0
3.274;346;7.309941520467836;0;0
3.279;346;7.309941520467836;0;0
3.284;346;7.309941520467836;0;0
3.289;346;7.309941520467836;0;0
3.294;346;7.309941520467836;0;0
3.299;346;7.309941520467836;0;0
3.304;346;7.309941520467836;0;0
3.309;346;7.309941520467836;0;0
3.314;346;7.309941520467836;0;0
3.319;346;7.309941520467836;0;0
3.324;346;7.309941520467836;0;0
3.329;346;7.309941520467836;0;0
3.334;346;7.309941520467836;0;0
3.339;346;7.309941520467836;0;0
3.344;346;7.309941520467836;0;0
3.349;346;7.309941520467836;0;0
3.354;346;7.309941520467836;0;0
3.359;346;7.309941520467836;0;0