t;e;d;i;set

0.809;0;7.8125;0;0
0.814;0;7.8125;0;0
0.819;0;7.8125;0;0
0.824;0;7.8125;0;0
0.829;0;7.8125;0;0
0.834;0;7.8125;0;0
0.839;0;7.8125;0;0
0.844;0;7.8125;0;0
0.849;0;7.8125;0;0
0.854;0;7.8125;0;0
0.859;0;7.8125;0;0
0.864;0;7.8125;0;0
0.869;0;7.8125;0;0
0.874;0;7.8125;0;0
0.879;0;7.8125;0;0
0.884;0;7.8125;0;0
0.889;0;7.8125;0;0
0.894;0;7.8125;0;0
0.899;0;7.8125;0;0
0.904;0;7.8125;0;0
0.909;0;7.8125;0;0
0.914;0;7.8125;0;0
0.919;0;7.8125;0;0
0.924;0;7.8125;0;0
0.929;0;7.8125;0;0
0.934;0;7.8125;0;0
0.939;0;7.8125;0;0
0.944;0;7.8125;0;0
0.949;0;7.8125;0;0
0.954;0;7.8125;0;0
0.959;0;7.8125;0;0
0.964;0;7.8125;0;0
0.969;0;7.8125;0;0
0.974;0;7.8125;0;0
0.979;0;7.8125;0;0
0.984;0;7.8125;0;0
0.989;0;7.8125;0;0
0.994;0;7.8125;0;0
0.999;0;7.8125;0;0
1.004;0;7.8125;0;0
1.009;0;7.8125;0;0
1.014;0;7.8125;0;0
1.019;0;7.8125;0;0
1.024;0;7.8125;0;0
1.029;0;7.8125;0;0
1.034;0;7.8125;0;0
1.039;0;7.8125;0;0
1.044;0;7.8125;0;0
1.049;0;7.8125;0;0
1.054;0;7.8125;0;0
1.059;0;7.8125;0;0
1.064;0;7.8125;0;0
1.069;0;7.8125;0;0
1.074;0;7.8125;0;0
1.079;0;7.8125;0;0
1.084;0;7.8125;0;0
1.089;0;7.8125;0;0
1.094;0;7.8125;0;0
1.099;0;7.8125;0;0
1.104;0;7.8125;0;0
1.109;0;7.8125;0;0
1.114;0;7.8125;0;0
1.119;0;7.8125;0;0
1.124;0;7.8125;0;0
1.129;0;7.8125;0;0
1.134;0;7.8125;0;0
1.139;0;7.8125;0;0
1.144;0;7.8125;0;0
1.149;0;7.8125;0;0
1.154;0;7.8125;0;0
1.159;0;7.8125;0;0
1.164;0;7.8125;0;0
1.169;0;7.8125;0;0
1.174;0;7.8125;0;0
1.179;0;7.8125;0;0
1.184;0;7.8125;0;0
1.189;0;7.8125;0;0
1.194;0;7.8125;0;0
1.199;0;7.8125;0;0
1.204;0;7.8125;0;0
1.209;0;7.8125;0;0
1.214;0;7.8125;0;0
1.219;0;7.8125;0;0
1.224;0;7.8125;0;0
1.229;0;7.8125;0;0
1.234;0;7.8125;0;0
1.239;0;7.8125;0;0
1.244;0;7.8125;0;0
1.249;0;7.8125;0;0
1.254;0;7.8125;0;0
1.259;0;7.8125;0;0
1.264;0;7.8125;0;0
1.269;0;7.8125;0;0
1.274;0;7.8125;0;0
1.279;0;7.8125;0;0
1.284;0;7.8125;0;0
1.289;0;7.8125;0;0
1.294;0;7.8125;0;0
1.299;0;7.8125;0;0
1.304;0;7.8125;0;0
1.309;0;7.8125;0;0
1.314;0;7.8125;0;0
1.319;0;7.8125;0;0
1.324;0;7.8125;0;0
1.329;0;7.8125;0;0
1.334;0;7.8125;0;0
1.339;0;7.8125;0;0
1.344;0;7.8125;0;0
1.349;0;7.8125;0;0
1.354;0;7.8125;0;0
1.359;0;7.8125;0;0
1.364;0;7.8125;0;0
1.369;0;7.8125;0;0
1.374;0;7.8125;0;0
1.379;0;7.8125;0;0
1.384;0;7.8125;0;0
1.389;0;7.8125;0;0
1.394;0;7.8125;0;0
1.399;0;7.8125;0;0
1.404;0;7.8125;0;0
1.409;0;7.8125;0;0
1.414;0;7.8125;0;0
1.419;0;7.8125;0;0
1.424;0;7.8125;0;0
1.429;0;7.8125;0;0
1.434;0;7.8125;0;0
1.439;0;7.8125;0;0
1.444;0;7.8125;0;0
1.449;0;7.8125;0;0
1.454;0;7.8125;0;0
1.459;0;7.8125;0;0
1.464;0;7.8125;0;0
1.469;0;7.8125;0;0
1.474;0;7.8125;0;0
1.479;0;7.8125;0;0
1.484;0;7.8125;0;0
1.489;0;7.8125;0;0
1.494;0;7.8125;0;0
1.499;0;7.8125;0;0
1.504;0;7.8125;0;0
1.509;0;7.8125;0;0
1.514;0;7.8125;0;0
1.519;0;7.8125;0;0
1.524;0;7.8125;0;0
1.529;0;7.8125;0;0
1.534;-7;3.819709702062643;0;0
1.539;-54;10.395010395010395;0;0
1.544;-148;-40.65040650406504;0;0
1.549;-225;-56.17977528089887;0;0
1.554;-309;-56.17977528089887;0;0
1.559;-389;-55.55555555555556;0;0
1.564;-474;-55.55555555555556;0;0
1.569;-542;-58.13953488372093;0;0
1.574;-606;-51.02040816326531;0;0
1.579;-667;-49.01960784313726;0;0
1.584;-723;-49.504950495049506;0;0
1.589;-765;-46.2962962962963;0;0
1.594;-804;-40.32258064516129;0;0
1.599;-840;-39.37007874015748;0;0
1.604;-872;-39.0625;0;0
1.609;-894;-31.25;0;0
1.614;-914;-28.089887640449437;0;0
1.619;-935;-30.864197530864196;0;0
1.624;-948;-29.069767441860463;0;0
1.629;-958;-23.364485981308412;0;0
1.634;-966;-17.6678445229682;0;0
1.639;-974;-17.421602787456447;0;0
1.644;-977;-15.625;0;0
1.649;-980;-11.961722488038278;0;0
1.654;-983;-8.960573476702509;0;0
1.659;-985;-6.793478260869565;0;0
1.664;-985;-6.361323155216285;0;0
1.669;-985;-5.813953488372093;0;0
1.674;-983;3.0120481927710845;0;0
1.679;-980;3.57653791130186;0;0
1.684;-977;3.869969040247678;0;0
1.689;-974;7.961783439490445;0;0
1.694;-968;11.600928074245939;0;0
1.699;-960;14.880952380952381;0;0
1.704;-951;17.18213058419244;0;0
1.709;-938;19.841269841269842;0;0
1.714;-923;25.77319587628866;0;0
1.719;-901;30.864197530864196;0;0
1.724;-883;29.069767441860463;0;0
1.729;-856;34.24657534246575;0;0
1.734;-822;35.97122302158273;0;0
1.739;-785;37.878787878787875;0;0
1.744;-739;44.24778761061947;0;0
1.749;-690;45.87155963302752;0;0
1.754;-637;45.45454545454545;0;0
1.759;-581;45.87155963302752;0;0
1.764;-509;50.0;0;0
1.769;-446;48.54368932038835;0;0
1.774;-368;50.505050505050505;0;0
1.779;-294;52.63157894736842;0;0
1.784;-210;52.63157894736842;0;0
1.789;-125;55.55555555555556;0;0
1.794;-39;56.81818181818182;0;0
1.799;39;54.34782608695652;0;0
1.804;133;54.34782608695652;0;0
1.809;210;54.94505494505494;0;0
1.814;294;54.34782608695652;0;0
1.819;368;51.02040816326531;0;0
1.824;439;51.02040816326531;0;0
1.829;509;49.504950495049506;0;0
1.834;575;50.0;0;0
1.839;631;46.728971962616825;0;0
1.844;684;42.73504273504273;0;0
1.849;728;39.682539682539684;0;0
1.854;770;39.0625;0;0
1.859;809;39.682539682539684;0;0
1.864;835;33.78378378378378;0;0
1.869;860;29.41176470588235;0;0
1.874;883;28.24858757062147;0;0
1.879;904;29.41176470588235;0;0
1.884;920;26.455026455026456;0;0
1.889;932;23.04147465437788;0;0
1.894;943;17.73049645390071;0;0
1.899;948;14.204545454545455;0;0
1.904;955;13.477088948787062;0;0
1.909;962;12.254901960784315;0;0
1.914;962;11.441647597254004;0;0
1.919;964;7.680491551459293;0;0
1.924;964;5.617977528089888;0;0
1.929;964;5.05050505050505;0;0
1.934;962;4.344048653344918;0;0
1.939;960;-3.0693677102516883;0;0
1.944;953;-3.2051282051282053;0;0
1.949;948;-9.124087591240876;0;0
1.954;938;-13.550135501355014;0;0
1.959;929;-17.064846416382252;0;0
1.964;914;-19.37984496124031;0;0
1.969;901;-23.474178403755868;0;0
1.974;880;-24.03846153846154;0;0
1.979;856;-28.24858757062147;0;0
1.984;827;-30.48780487804878;0;0
1.989;794;-34.24657534246575;0;0
1.994;760;-34.01360544217687;0;0
1.999;723;-34.24657534246575;0;0
2.004;673;-39.0625;0;0
2.009;619;-44.642857142857146;0;0
2.014;562;-45.45454545454545;0;0
2.019;502;-43.85964912280702;0;0
2.024;439;-45.04504504504504;0;0
2.029;368;-51.54639175257732;0;0
2.034;286;-54.34782608695652;0;0
2.039;210;-51.02040816326531;0;0
2.044;133;-51.54639175257732;0;0
2.049;54;-51.54639175257732;0;0
2.054;-31;-56.17977528089887;0;0
2.059;-109;-50.0;0;0
2.064;-195;-51.02040816326531;0;0
2.069;-271;-53.191489361702125;0;0
2.074;-338;-46.728971962616825;0;0
2.079;-411;-47.16981132075472;0;0
2.084;-474;-49.01960784313726;0;0
2.089;-535;-44.642857142857146;0;0
2.094;-594;-43.10344827586207;0;0
2.099;-649;-41.666666666666664;0;0
2.104;-701;-47.61904761904762;0;0
2.109;-744;-41.666666666666664;0;0
2.114;-775;-33.78378378378378;0;0
2.119;-804;-32.05128205128205;0;0
2.124;-840;-37.878787878787875;0;0
2.129;-860;-32.467532467532465;0;0
2.134;-880;-23.474178403755868;0;0
2.139;-894;-20.32520325203252;0;0
2.144;-911;-21.645021645021647;0;0
2.149;-920;-19.607843137254903;0;0
2.154;-926;-14.285714285714286;0;0
2.159;-935;-11.013215859030836;0;0
2.164;-940;-11.574074074074074;0;0
2.169;-946;-9.652509652509652;0;0
2.174;-946;-8.169934640522875;0;0
2.179;-946;6.321112515802781;0;0
2.184;-946;2.8702640642939152;0;0
2.189;-943;5.47645125958379;0;0
2.194;-938;4.743833017077799;0;0
2.199;-929;7.267441860465116;0;0
2.204;-923;11.135857461024498;0;0
2.209;-914;13.58695652173913;0;0
2.214;-901;15.384615384615385;0;0
2.219;-883;19.607843137254903;0;0
2.224;-864;27.17391304347826;0;0
2.229;-848;21.367521367521366;0;0
2.234;-822;23.474178403755868;0;0
2.239;-785;34.48275862068966;0;0
2.244;-755;35.2112676056338;0;0
2.249;-718;30.120481927710845;0;0
2.254;-673;38.16793893129771;0;0
2.259;-619;42.3728813559322;0;0
2.264;-575;40.0;0;0
2.269;-515;42.3728813559322;0;0
2.274;-453;43.10344827586207;0;0
2.279;-389;45.87155963302752;0;0
2.284;-323;45.04504504504504;0;0
2.289;-248;46.728971962616825;0;0
2.294;-179;49.504950495049506;0;0
2.299;-101;46.728971962616825;0;0
2.304;-23;50.0;0;0
2.309;54;52.083333333333336;0;0
2.314;133;47.16981132075472;0;0
2.319;195;45.87155963302752;0;0
2.324;271;47.16981132075472;0;0
2.329;346;47.16981132075472;0;0
2.334;411;46.2962962962963;0;0
2.339;467;43.85964912280702;0;0
2.344;529;44.24778761061947;0;0
2.349;587;43.85964912280702;0;0
2.354;637;40.32258064516129;0;0
2.359;678;35.97122302158273;0;0
2.364;712;34.01360544217687;0;0
2.369;750;31.446540880503143;0;0
2.374;785;31.446540880503143;0;0
2.379;813;31.055900621118013;0;0
2.384;831;24.154589371980677;0;0
2.389;848;21.008403361344538;0;0
2.394;864;20.92050209205021;0;0
2.399;880;20.74688796680498;0;0
2.404;894;17.985611510791365;0;0
2.409;901;13.850415512465373;0;0
2.414;908;11.737089201877934;0;0
2.419;911;9.469696969696969;0;0
2.424;914;6.839945280437757;0;0
2.429;914;5.9171597633136095;0;0
2.434;914;5.291005291005291;0;0
2.439;914;4.784688995215311;0;0
2.444;908;7.440476190476191;0;0
2.449;901;-2.6852846401718584;0;0
2.454;894;-7.042253521126761;0;0
2.459;880;-12.254901960784315;0;0
2.464;868;-14.836795252225519;0;0
2.469;852;-17.36111111111111;0;0
2.474;831;-20.0;0;0
2.479;813;-22.52252252252252;0;0
2.484;785;-25.510204081632654;0;0
2.489;755;-26.455026455026456;0;0
2.494;723;-28.24858757062147;0;0
2.499;690;-33.11258278145695;0;0
2.504;643;-36.231884057971016;0;0
2.509;594;-37.3134328358209;0;0
2.514;549;-34.96503496503497;0;0
2.519;495;-35.714285714285715;0;0
2.524;432;-41.32231404958678;0;0
2.529;368;-46.2962962962963;0;0
2.534;301;-45.45454545454545;0;0
2.539;225;-43.10344827586207;0;0
2.544;164;-42.3728813559322;0;0
2.549;86;-43.47826086956522;0;0
2.554;15;-46.728971962616825;0;0
2.559;-54;-48.54368932038835;0;0
2.564;-133;-45.45454545454545;0;0
2.569;-202;-46.728971962616825;0;0
2.574;-271;-48.07692307692308;0;0
2.579;-331;-41.666666666666664;0;0
2.584;-397;-41.666666666666664;0;0
2.589;-460;-43.10344827586207;0;0
2.594;-515;-37.3134328358209;0;0
2.599;-568;-37.878787878787875;0;0
2.604;-606;-35.97122302158273;0;0
2.609;-655;-34.96503496503497;0;0
2.614;-695;-34.01360544217687;0;0
2.619;-734;-31.446540880503143;0;0
2.624;-760;-28.40909090909091;0;0
2.629;-785;-24.154589371980677;0;0
2.634;-809;-25.380710659898476;0;0
2.639;-831;-24.154589371980677;0;0
2.644;-848;-19.083969465648856;0;0
2.649;-860;-17.985611510791365;0;0
2.654;-872;-15.060240963855422;0;0
2.659;-880;-11.574074074074074;0;0
2.664;-887;-9.746588693957115;0;0
2.669;-887;-8.818342151675486;0;0
2.674;-891;-7.072135785007072;0;0
2.679;-891;-6.031363088057901;0;0
2.684;-887;8.130081300813009;0;0
2.689;-887;2.7624309392265194;0;0
2.694;-880;2.9940119760479043;0;0
2.699;-872;4.329004329004329;0;0
2.704;-864;8.976660682226212;0;0
2.709;-852;15.527950310559007;0;0
2.714;-840;18.315018315018314;0;0
2.719;-818;19.53125;0;0
2.724;-794;23.696682464454977;0;0
2.729;-770;22.52252252252252;0;0
2.734;-744;24.875621890547265;0;0
2.739;-712;29.940119760479043;0;0
2.744;-678;29.069767441860463;0;0
2.749;-631;34.96503496503497;0;0
2.754;-587;34.48275862068966;0;0
2.759;-542;34.96503496503497;0;0
2.764;-495;36.496350364963504;0;0
2.769;-432;40.0;0;0
2.774;-375;41.32231404958678;0;0
2.779;-323;38.46153846153846;0;0
2.784;-256;41.666666666666664;0;0
2.789;-187;43.85964912280702;0;0
2.794;-125;40.98360655737705;0;0
2.799;-54;43.47826086956522;0;0
2.804;23;47.61904761904762;0;0
2.809;86;43.47826086956522;0;0
2.814;148;40.32258064516129;0;0
2.819;225;45.45454545454545;0;0
2.824;286;43.85964912280702;0;0
2.829;346;37.878787878787875;0;0
2.834;404;39.0625;0;0
2.839;460;44.24778761061947;0;0
2.844;515;42.016806722689076;0;0
2.849;562;34.72222222222222;0;0
2.854;600;30.67484662576687;0;0
2.859;643;31.25;0;0
2.864;673;29.41176470588235;0;0
2.869;707;29.585798816568047;0;0
2.874;739;26.881720430107528;0;0
2.879;765;25.906735751295336;0;0
2.884;785;21.83406113537118;0;0
2.889;799;18.248175182481752;0;0
2.894;813;16.556291390728475;0;0
2.899;827;13.227513227513228;0;0
2.904;835;11.764705882352942;0;0
2.909;848;10.893246187363834;0;0
2.914;848;10.224948875255624;0;0
2.919;852;7.342143906020558;0;0
2.924;852;5.7537399309551205;0;0
2.929;852;5.159958720330238;0;0
2.934;848;3.3444816053511706;0;0
2.939;844;-2.955082742316785;0;0
2.944;835;-2.579979360165119;0;0
2.949;827;-5.091649694501018;0;0
2.954;813;-10.869565217391305;0;0
2.959;799;-13.88888888888889;0;0
2.964;785;-14.836795252225519;0;0
2.969;765;-16.501650165016503;0;0
2.974;739;-19.305019305019304;0;0
2.979;712;-22.624434389140273;0;0
2.984;678;-26.881720430107528;0;0
2.989;643;-28.24858757062147;0;0
2.994;606;-29.069767441860463;0;0
2.999;568;-28.90173410404624;0;0
3.004;522;-31.25;0;0
3.009;474;-32.6797385620915;0;0
3.014;418;-34.72222222222222;0;0
3.019;360;-37.59398496240601;0;0
3.024;294;-39.37007874015748;0;0
3.029;233;-39.37007874015748;0;0
3.034;171;-39.37007874015748;0;0
3.039;109;-39.682539682539684;0;0
3.044;39;-40.32258064516129;0;0
3.049;-23;-42.73504273504273;0;0
3.054;-86;-39.682539682539684;0;0
3.059;-148;-40.32258064516129;0;0
3.064;-218;-43.85964912280702;0;0
3.069;-278;-40.0;0;0
3.074;-331;-36.76470588235294;0;0
3.079;-389;-37.03703703703704;0;0
3.084;-446;-38.16793893129771;0;0
3.089;-488;-33.78378378378378;0;0
3.094;-535;-31.645569620253166;0;0
3.099;-581;-31.645569620253166;0;0
3.104;-619;-28.571428571428573;0;0
3.109;-655;-31.84713375796178;0;0
3.114;-678;-27.027027027027028;0;0
3.119;-712;-23.696682464454977;0;0
3.124;-734;-22.93577981651376;0;0
3.129;-760;-20.92050209205021;0;0
3.134;-775;-16.722408026755854;0;0
3.139;-790;-16.556291390728475;0;0
3.144;-804;-16.39344262295082;0;0
3.149;-813;-12.285012285012286;0;0
3.154;-822;-8.787346221441124;0;0
3.159;-827;-7.352941176470588;0;0
3.164;-827;-6.720430107526882;0;0
3.169;-831;-5.005005005005005;0;0
3.174;-827;3.7285607755406414;0;0
3.179;-822;4.393673110720562;0;0
3.184;-818;3.5945363048166787;0;0
3.189;-809;4.401408450704225;0;0
3.194;-799;7.6923076923076925;0;0
3.199;-785;10.548523206751055;0;0
3.204;-765;13.66120218579235;0;0
3.209;-744;19.9203187250996;0;0
3.214;-723;21.27659574468085;0;0
3.219;-701;19.37984496124031;0;0
3.224;-667;23.58490566037736;0;0
3.229;-631;28.735632183908045;0;0
3.234;-606;24.752475247524753;0;0
3.239;-555;32.467532467532465;0;0
3.244;-522;29.940119760479043;0;0
3.249;-474;31.446540880503143;0;0
3.254;-425;34.48275862068966;0;0
3.259;-382;31.84713375796178;0;0
3.264;-323;35.46099290780142;0;0
3.269;-271;38.46153846153846;0;0
3.274;-210;37.59398496240601;0;0
3.279;-148;43.47826086956522;0;0
3.284;-86;42.73504273504273;0;0
3.289;-31;37.59398496240601;0;0
3.294;31;35.97122302158273;0;0
3.299;101;39.37007874015748;0;0
3.304;156;38.46153846153846;0;0
3.309;218;36.496350364963504;0;0
3.314;271;34.72222222222222;0;0
3.319;316;34.48275862068966;0;0
3.324;375;34.72222222222222;0;0
3.329;425;35.714285714285715;0;0
3.334;474;34.72222222222222;0;0
3.339;522;34.24657534246575;0;0
3.344;562;30.864197530864196;0;0
3.349;594;26.17801047120419;0;0
3.354;625;24.752475247524753;0;0
3.359;649;23.696682464454977;0;0
3.364;678;22.727272727272727;0;0
3.369;707;21.92982456140351;0;0
3.374;723;19.607843137254903;0;0
3.379;744;17.064846416382252;0;0
3.384;755;15.337423312883436;0;0
3.389;770;11.737089201877934;0;0
3.394;775;9.803921568627452;0;0
3.399;780;7.961783439490445;0;0
3.404;790;6.605019815059445;0;0
3.409;790;5.574136008918618;0;0
3.414;790;4.8732943469785575;0;0
3.419;785;2.46669955599408;0;0
3.424;780;19.841269841269842;0;0
3.429;775;-2.837684449489217;0;0
3.434;765;-4.452359750667854;0;0
3.439;755;-8.403361344537815;0;0
3.444;734;-11.160714285714286;0;0
3.449;718;-13.58695652173913;0;0
3.454;701;-15.625;0;0
3.459;673;-18.315018315018314;0;0
3.464;643;-20.833333333333332;0;0
3.469;619;-22.321428571428573;0;0
3.474;587;-24.63054187192118;0;0
3.479;549;-26.17801047120419;0;0
3.484;515;-27.17391304347826;0;0
3.489;474;-29.41176470588235;0;0
3.494;425;-29.585798816568047;0;0
3.499;375;-34.96503496503497;0;0
3.504;316;-36.496350364963504;0;0
3.509;263;-35.2112676056338;0;0
3.514;210;-33.78378378378378;0;0
3.519;156;-35.714285714285715;0;0
3.524;101;-36.76470588235294;0;0
3.529;39;-37.59398496240601;0;0
3.534;-23;-37.59398496240601;0;0
3.539;-78;-34.24657534246575;0;0
3.544;-140;-35.46099290780142;0;0
3.549;-195;-37.3134328358209;0;0
3.554;-248;-34.72222222222222;0;0
3.559;-301;-35.46099290780142;0;0
3.564;-353;-33.557046979865774;0;0
3.569;-397;-31.446540880503143;0;0
3.574;-446;-31.055900621118013;0;0
3.579;-481;-30.48780487804878;0;0
3.584;-522;-28.40909090909091;0;0
3.589;-555;-25.12562814070352;0;0
3.594;-594;-26.041666666666668;0;0
3.599;-619;-23.474178403755868;0;0
3.604;-649;-22.123893805309734;0;0
3.609;-673;-19.37984496124031;0;0
3.614;-690;-15.723270440251572;0;0
3.619;-712;-16.501650165016503;0;0
3.624;-728;-22.321428571428573;0;0
3.629;-734;-13.054830287206267;0;0
3.634;-744;-8.94454382826476;0;0
3.639;-750;-8.19672131147541;0;0
3.644;-755;-6.561679790026247;0;0
3.649;-760;-8.474576271186441;0;0
3.654;-760;-10.0;0;0
3.659;-755;3.3288948069241013;0;0
3.664;-750;6.097560975609756;0;0
3.669;-744;4.230118443316413;0;0
3.674;-734;5.882352941176471;0;0
3.679;-723;8.064516129032258;0;0
3.684;-707;10.309278350515465;0;0
3.689;-684;12.953367875647668;0;0
3.694;-661;17.921146953405017;0;0
3.699;-643;17.36111111111111;0;0
3.704;-619;16.33986928104575;0;0
3.709;-581;22.123893805309734;0;0
3.714;-555;24.875621890547265;0;0
3.719;-522;23.14814814814815;0;0
3.724;-481;26.737967914438503;0;0
3.729;-439;26.595744680851062;0;0
3.734;-397;29.41176470588235;0;0
3.739;-360;28.089887640449437;0;0
3.744;-309;31.446540880503143;0;0
3.749;-256;32.467532467532465;0;0
3.754;-210;32.467532467532465;0;0
3.759;-148;34.48275862068966;0;0
3.764;-94;35.97122302158273;0;0
3.769;-39;32.6797385620915;0;0
3.774;7;34.96503496503497;0;0
3.779;70;36.496350364963504;0;0
3.784;125;35.46099290780142;0;0
3.789;179;32.467532467532465;0;0
3.794;225;33.557046979865774;0;0
3.799;271;31.84713375796178;0;0
3.804;323;30.48780487804878;0;0
3.809;368;30.864197530864196;0;0
3.814;411;29.940119760479043;0;0
3.819;460;31.645569620253166;0;0
3.824;495;29.41176470588235;0;0
3.829;529;27.3224043715847;0;0
3.834;562;22.42152466367713;0;0
3.839;587;19.76284584980237;0;0
3.844;612;18.38235294117647;0;0
3.849;637;17.73049645390071;0;0
3.854;655;16.611295681063122;0;0
3.859;673;15.576323987538942;0;0
3.864;690;13.157894736842104;0;0
3.869;701;11.185682326621924;0;0
3.874;712;9.191176470588236;0;0
3.879;712;8.8339222614841;0;0
3.884;723;6.983240223463687;0;0
3.889;723;5.561735261401557;0;0
3.894;723;4.975124378109452;0;0
3.899;723;4.524886877828054;0;0
3.904;712;5.0761421319796955;0;0
3.909;707;-2.579979360165119;0;0
3.914;695;-4.1017227235438884;0;0
3.919;684;-7.8125;0;0
3.924;667;-9.980039920159681;0;0
3.929;655;-12.077294685990339;0;0
3.934;631;-13.698630136986301;0;0
3.939;612;-16.39344262295082;0;0
3.944;587;-18.726591760299627;0;0
3.949;555;-20.66115702479339;0;0
3.954;529;-21.551724137931036;0;0
3.959;488;-22.624434389140273;0;0
3.964;453;-24.63054187192118;0;0
3.969;418;-27.17391304347826;0;0
3.974;375;-27.932960893854748;0;0
3.979;323;-30.303030303030305;0;0
3.984;278;-29.761904761904763;0;0
3.989;225;-31.645569620253166;0;0
3.994;179;-32.6797385620915;0;0
3.999;133;-29.940119760479043;0;0
4.004;78;-31.84713375796178;0;0
4.009;23;-32.25806451612903;0;0
4.014;-31;-34.24657534246575;0;0
4.019;-78;-30.48780487804878;0;0
4.024;-133;-32.25806451612903;0;0
4.029;-179;-31.25;0;0
4.034;-225;-29.069767441860463;0;0
4.039;-278;-29.069767441860463;0;0
4.044;-323;-32.25806451612903;0;0
4.049;-368;-28.089887640449437;0;0
4.054;-404;-26.881720430107528;0;0
4.059;-446;-25.510204081632654;0;0
4.064;-474;-22.831050228310502;0;0
4.069;-509;-24.875621890547265;0;0
4.074;-542;-22.321428571428573;0;0
4.079;-568;-20.0;0;0
4.084;-587;-19.37984496124031;0;0
4.089;-606;-17.36111111111111;0;0
4.094;-631;-16.33986928104575;0;0
4.099;-649;-19.76284584980237;0;0
4.104;-655;-12.72264631043257;0;0
4.109;-667;-13.227513227513228;0;0
4.114;-678;-10.91703056768559;0;0
4.119;-678;-8.680555555555555;0;0
4.124;-690;-6.605019815059445;0;0
4.129;-690;-4.370629370629371;0;0
4.134;-684;11.363636363636363;0;0
4.139;-678;2.3191094619666046;0;0
4.144;-678;3.3967391304347827;0;0
4.149;-667;3.417634996582365;0;0
4.154;-655;5.841121495327103;0;0
4.159;-643;8.896797153024911;0;0
4.164;-631;10.183299389002036;0;0
4.169;-606;13.192612137203167;0;0
4.174;-581;17.857142857142858;0;0
4.179;-562;16.666666666666668;0;0
4.184;-535;16.129032258064516;0;0
4.189;-509;18.587360594795538;0;0
4.194;-474;19.841269841269842;0;0
4.199;-439;24.154589371980677;0;0
4.204;-411;23.474178403755868;0;0
4.209;-368;23.80952380952381;0;0
4.214;-331;25.906735751295336;0;0
4.219;-286;27.624309392265193;0;0
4.224;-241;28.571428571428573;0;0
4.229;-195;28.735632183908045;0;0
4.234;-148;30.67484662576687;0;0
4.239;-101;32.467532467532465;0;0
4.244;-54;28.24858757062147;0;0
4.249;0;30.67484662576687;0;0
4.254;47;29.761904761904763;0;0
4.259;94;30.864197530864196;0;0
4.264;140;28.90173410404624;0;0
4.269;195;31.25;0;0
4.274;233;30.303030303030305;0;0
4.279;278;29.069767441860463;0;0
4.284;316;25.12562814070352;0;0
4.289;353;24.875621890547265;0;0
4.294;397;25.641025641025642;0;0
4.299;432;26.17801047120419;0;0
4.304;467;26.31578947368421;0;0
4.309;495;24.271844660194176;0;0
4.314;522;20.491803278688526;0;0
4.319;542;17.54385964912281;0;0
4.324;568;15.527950310559007;0;0
4.329;587;14.204545454545455;0;0
4.334;600;19.157088122605366;0;0
4.339;619;15.92356687898089;0;0
4.344;631;11.337868480725623;0;0
4.349;637;8.210180623973727;0;0
4.354;643;7.598784194528875;0;0
4.359;649;6.180469715698393;0;0
4.364;649;4.9603174603174605;0;0
4.369;649;4.512635379061372;0;0
4.374;649;4.139072847682119;0;0
4.379;643;3.313452617627568;0;0
4.384;643;-2.6469031233456857;0;0
4.389;631;-2.358490566037736;0;0
4.394;619;-4.291845493562231;0;0
4.399;600;-8.849557522123893;0;0
4.404;587;-10.75268817204301;0;0
4.409;568;-12.953367875647668;0;0
4.414;542;-14.409221902017292;0;0
4.419;522;-20.32520325203252;0;0
4.424;495;-18.38235294117647;0;0
4.429;460;-18.939393939393938;0;0
4.434;432;-21.551724137931036;0;0
4.439;397;-23.364485981308412;0;0
4.444;360;-25.12562814070352;0;0
4.449;323;-24.50980392156863;0;0
4.454;286;-24.03846153846154;0;0
4.459;241;-26.31578947368421;0;0
4.464;195;-26.881720430107528;0;0
4.469;156;-26.737967914438503;0;0
4.474;101;-32.89473684210526;0;0
4.479;62;-29.761904761904763;0;0
4.484;15;-28.40909090909091;0;0
4.489;-31;-27.77777777777778;0;0
4.494;-78;-28.571428571428573;0;0
4.499;-125;-28.24858757062147;0;0
4.504;-171;-29.761904761904763;0;0
4.509;-210;-25.380710659898476;0;0
4.514;-256;-26.17801047120419;0;0
4.519;-294;-26.881720430107528;0;0
4.524;-331;-24.752475247524753;0;0
4.529;-368;-23.923444976076556;0;0
4.534;-404;-23.364485981308412;0;0
4.539;-432;-21.551724137931036;0;0
4.544;-460;-18.796992481203006;0;0
4.549;-488;-18.796992481203006;0;0
4.554;-509;-21.92982456140351;0;0
4.559;-529;-17.857142857142858;0;0
4.564;-555;-15.24390243902439;0;0
4.569;-568;-12.953367875647668;0;0
4.574;-581;-11.933174224343675;0;0
4.579;-594;-9.900990099009901;0;0
4.584;-606;-8.576329331046312;0;0
4.589;-606;-8.305647840531561;0;0
4.594;-612;-11.82033096926714;0;0
4.599;-619;-9.22509225092251;0;0
4.604;-619;-6.605019815059445;0;0
4.609;-612;6.053268765133172;0;0
4.614;-606;2.21141088014153;0;0
4.619;-606;2.753303964757709;0;0
4.624;-594;3.561253561253561;0;0
4.629;-581;6.605019815059445;0;0
4.634;-568;8.223684210526315;0;0
4.639;-555;9.920634920634921;0;0
4.644;-529;11.441647597254004;0;0
4.649;-515;12.787723785166241;0;0
4.654;-495;14.326647564469914;0;0
4.659;-467;17.36111111111111;0;0
4.664;-439;18.248175182481752;0;0
4.669;-411;18.867924528301888;0;0
4.674;-382;19.53125;0;0
4.679;-346;21.83406113537118;0;0
4.684;-309;22.42152466367713;0;0
4.689;-271;22.52252252252252;0;0
4.694;-233;24.875621890547265;0;0
4.699;-195;24.875621890547265;0;0
4.704;-148;26.041666666666668;0;0
4.709;-109;28.24858757062147;0;0
4.714;-70;26.881720430107528;0;0
4.719;-23;25.0;0;0
4.724;15;27.77777777777778;0;0
4.729;62;26.17801047120419;0;0
4.734;101;25.380710659898476;0;0
4.739;140;26.737967914438503;0;0
4.744;187;26.17801047120419;0;0
4.749;225;25.641025641025642;0;0
4.754;263;25.380710659898476;0;0
4.759;301;23.80952380952381;0;0
4.764;331;21.27659574468085;0;0
4.769;360;20.32520325203252;0;0
4.774;397;20.5761316872428;0;0
4.779;425;21.008403361344538;0;0
4.784;453;19.305019305019304;0;0
4.789;481;17.482517482517483;0;0
4.794;495;15.290519877675841;0;0
4.799;515;13.550135501355014;0;0
4.804;529;11.79245283018868;0;0
4.809;542;11.904761904761905;0;0
4.814;562;10.775862068965518;0;0
4.819;568;10.526315789473685;0;0
4.824;575;7.633587786259542;0;0
4.829;581;8.726003490401396;0;0
4.834;581;9.560229445506693;0;0
4.839;581;8.025682182985554;0;0
4.844;581;6.915629322268327;0;0
4.849;581;6.075334143377885;0;0
4.854;568;7.8125;0;0
4.859;568;-1.8315018315018314;0;0
4.864;555;-2.596053997923157;0;0
4.869;542;-6.666666666666667;0;0
4.874;529;-8.445945945945946;0;0
4.879;515;-13.123359580052494;0;0
4.884;488;-14.880952380952381;0;0
4.889;467;-14.204545454545455;0;0
4.894;446;-14.925373134328359;0;0
4.899;418;-16.39344262295082;0;0
4.904;389;-17.857142857142858;0;0
4.909;360;-19.083969465648856;0;0
4.914;323;-19.9203187250996;0;0
4.919;294;-20.491803278688526;0;0
4.924;256;-21.459227467811157;0;0
4.929;218;-23.364485981308412;0;0
4.934;179;-24.271844660194176;0;0
4.939;140;-25.641025641025642;0;0
4.944;101;-24.154589371980677;0;0
4.949;62;-25.906735751295336;0;0
4.954;23;-25.77319587628866;0;0
4.959;-23;-24.752475247524753;0;0
4.964;-54;-27.17391304347826;0;0
4.969;-101;-25.77319587628866;0;0
4.974;-148;-26.737967914438503;0;0
4.979;-179;-22.22222222222222;0;0
4.984;-210;-21.92982456140351;0;0
4.989;-256;-24.752475247524753;0;0
4.994;-286;-22.52252252252252;0;0
4.999;-316;-19.76284584980237;0;0
5.004;-346;-19.841269841269842;0;0
5.009;-382;-19.68503937007874;0;0
5.014;-404;-17.921146953405017;0;0
5.019;-425;-16.666666666666668;0;0
5.024;-446;-21.459227467811157;0;0
5.029;-467;-16.33986928104575;0;0
5.034;-488;-13.192612137203167;0;0
5.039;-502;-16.89189189189189;0;0
5.044;-515;-19.68503937007874;0;0
5.049;-529;-10.822510822510823;0;0
5.054;-529;-7.82472613458529;0;0
5.059;-542;-6.211180124223603;0;0
5.064;-542;-4.955401387512389;0;0
5.069;-542;-4.484304932735426;0;0
5.074;-542;4.664179104477612;0;0
5.079;-542;8.9126559714795;0;0
5.084;-535;6.273525721455458;0;0
5.089;-529;3.073140749846343;0;0
5.094;-522;2.651113467656416;0;0
5.099;-509;4.366812227074236;0;0
5.104;-502;7.052186177715091;0;0
5.109;-481;8.80281690140845;0;0
5.114;-467;11.061946902654867;0;0
5.119;-446;12.195121951219512;0;0
5.124;-425;12.626262626262626;0;0
5.129;-404;13.297872340425531;0;0
5.134;-382;15.576323987538942;0;0
5.139;-353;17.421602787456447;0;0
5.144;-323;18.587360594795538;0;0
5.149;-294;20.74688796680498;0;0
5.154;-263;20.833333333333332;0;0
5.159;-233;20.080321285140563;0;0
5.164;-195;20.74688796680498;0;0
5.169;-156;22.831050228310502;0;0
5.174;-117;23.14814814814815;0;0
5.179;-86;21.459227467811157;0;0
5.184;-47;23.25581395348837;0;0
5.189;-7;25.906735751295336;0;0
5.194;23;20.74688796680498;0;0
5.199;70;21.73913043478261;0;0
5.204;101;25.510204081632654;0;0
5.209;140;24.154589371980677;0;0
5.214;171;21.27659574468085;0;0
5.219;210;21.92982456140351;0;0
5.224;241;21.83406113537118;0;0
5.229;271;19.76284584980237;0;0
5.234;301;17.73049645390071;0;0
5.239;323;17.006802721088434;0;0
5.244;353;17.24137931034483;0;0
5.249;375;16.949152542372882;0;0
5.254;404;17.36111111111111;0;0
5.259;425;16.556291390728475;0;0
5.264;446;14.164305949008499;0;0
5.269;460;12.658227848101266;0;0
5.274;474;10.121457489878543;0;0
5.279;488;8.771929824561404;0;0
5.284;495;8.665511265164644;0;0
5.289;502;10.548523206751055;0;0
5.294;515;10.615711252653927;0;0
5.299;515;6.944444444444445;0;0
5.304;515;5.787037037037037;0;0
5.309;515;5.186721991701245;0;0
5.314;515;4.6992481203007515;0;0
5.319;509;2.834467120181406;0;0
5.324;502;-6.410256410256411;0;0
5.329;488;-2.696871628910464;0;0
5.334;481;-6.839945280437757;0;0
5.339;467;-7.204610951008646;0;0
5.344;453;-8.865248226950355;0;0
5.349;432;-9.746588693957115;0;0
5.354;418;-11.26126126126126;0;0
5.359;397;-13.26259946949602;0;0
5.364;375;-15.19756838905775;0;0
5.369;346;-16.44736842105263;0;0
5.374;323;-16.181229773462782;0;0
5.379;294;-15.772870662460567;0;0
5.384;263;-16.666666666666668;0;0
5.389;233;-18.248175182481752;0;0
5.394;202;-19.455252918287936;0;0
5.399;171;-19.23076923076923;0;0
5.404;133;-19.305019305019304;0;0
5.409;101;-21.367521367521366;0;0
5.414;70;-23.14814814814815;0;0
5.419;31;-21.73913043478261;0;0
5.424;0;-21.83406113537118;0;0
5.429;-39;-22.624434389140273;0;0
5.434;-70;-20.242914979757085;0;0
5.439;-117;-21.645021645021647;0;0
5.444;-148;-22.22222222222222;0;0
5.449;-171;-17.36111111111111;0;0
5.454;-210;-18.65671641791045;0;0
5.459;-241;-21.645021645021647;0;0
5.464;-271;-17.793594306049823;0;0
5.469;-294;-15.92356687898089;0;0
5.474;-323;-16.835016835016834;0;0
5.479;-346;-16.611295681063122;0;0
5.484;-368;-15.527950310559007;0;0
5.489;-389;-14.245014245014245;0;0
5.494;-404;-19.37984496124031;0;0
5.499;-418;-14.534883720930232;0;0
5.504;-432;-9.920634920634921;0;0
5.509;-446;-8.771929824561404;0;0
5.514;-460;-8.278145695364238;0;0
5.519;-467;-7.012622720897616;0;0
5.524;-474;-6.28140703517588;0;0
5.529;-474;-5.417118093174431;0;0
5.534;-474;-4.887585532746823;0;0
5.539;-474;-4.452359750667854;0;0
5.544;-474;-4.084967320261438;0;0
5.549;-474;-3.7792894935752077;0;0
5.554;-467;4.177109440267335;0;0
5.559;-460;1.2260912211868562;0;0
5.564;-446;2.346316283435007;0;0
5.569;-439;5.347593582887701;0;0
5.574;-425;9.578544061302683;0;0
5.579;-411;16.129032258064516;0;0
5.584;-397;11.013215859030836;0;0
5.589;-375;10.548523206751055;0;0
5.594;-360;12.626262626262626;0;0
5.599;-331;13.440860215053764;0;0
5.604;-309;14.326647564469914;0;0
5.609;-286;15.060240963855422;0;0
5.614;-256;15.92356687898089;0;0
5.619;-233;17.123287671232877;0;0
5.624;-210;16.778523489932887;0;0
5.629;-171;20.408163265306122;0;0
5.634;-140;21.92982456140351;0;0
5.639;-109;19.305019305019304;0;0
5.644;-78;18.38235294117647;0;0
5.649;-39;23.474178403755868;0;0
5.654;-7;20.66115702479339;0;0
5.659;15;17.73049645390071;0;0
5.664;54;21.008403361344538;0;0
5.669;86;21.645021645021647;0;0
5.674;117;18.315018315018314;0;0
5.679;148;17.006802721088434;0;0
5.684;179;18.796992481203006;0;0
5.689;210;20.74688796680498;0;0
5.694;241;18.51851851851852;0;0
5.699;256;15.723270440251572;0;0
5.704;278;12.468827930174564;0;0
5.709;301;13.192612137203167;0;0
5.714;331;15.625;0;0
5.719;346;15.723270440251572;0;0
5.724;368;12.690355329949238;0;0
5.729;382;11.363636363636363;0;0
5.734;397;8.960573476702509;0;0
5.739;404;9.074410163339383;0;0
5.744;418;8.223684210526315;0;0
5.749;432;8.210180623973727;0;0
5.754;439;8.143322475570033;0;0
5.759;446;6.016847172081829;0;0
5.764;446;4.955401387512389;0;0
5.769;446;4.464285714285714;0;0
5.774;446;4.098360655737705;0;0
5.779;446;3.787878787878788;0;0
5.784;439;3.0902348578491967;0;0
5.789;432;-2.154243860404998;0;0
5.794;425;-1.8301610541727673;0;0
5.799;418;-3.1847133757961785;0;0
5.804;404;-5.938242280285036;0;0
5.809;389;-7.680491551459293;0;0
5.814;375;-8.928571428571429;0;0
5.819;360;-9.70873786407767;0;0
5.824;346;-10.309278350515465;0;0
5.829;323;-10.460251046025105;0;0
5.834;301;-11.737089201877934;0;0
5.839;278;-13.623978201634877;0;0
5.844;256;-15.479876160990711;0;0
5.849;225;-17.006802721088434;0;0
5.854;195;-16.611295681063122;0;0
5.859;171;-15.67398119122257;0;0
5.864;148;-15.151515151515152;0;0
5.869;117;-16.44736842105263;0;0
5.874;78;-18.45018450184502;0;0
5.879;54;-17.857142857142858;0;0
5.884;23;-17.006802721088434;0;0
5.889;-7;-18.51851851851852;0;0
5.894;-39;-19.607843137254903;0;0
5.899;-62;-17.54385964912281;0;0
5.904;-101;-19.607843137254903;0;0
5.909;-125;-21.367521367521366;0;0
5.914;-148;-16.181229773462782;0;0
5.919;-179;-16.077170418006432;0;0
5.924;-210;-18.115942028985508;0;0
5.929;-233;-17.24137931034483;0;0
5.934;-256;-13.88888888888889;0;0
5.939;-271;-13.192612137203167;0;0
5.944;-301;-14.084507042253522;0;0
5.949;-316;-13.58695652173913;0;0
5.954;-331;-11.210762331838565;0;0
5.959;-353;-10.121457489878543;0;0
5.964;-368;-10.26694045174538;0;0
5.969;-375;-9.090909090909092;0;0
5.974;-389;-8.090614886731391;0;0
5.979;-397;-7.163323782234957;0;0
5.984;-404;-6.038647342995169;0;0
5.989;-411;-8.291873963515755;0;0
5.994;-418;-9.523809523809524;0;0
5.999;-418;-6.3938618925831205;0;0
6.004;-418;-5.319148936170213;0;0
6.009;-418;-4.8076923076923075;0;0
6.014;-411;2.8058361391694726;0;0
6.019;-404;2.8885037550548818;0;0
6.024;-397;2.100840336134454;0;0
6.029;-389;2.5826446280991737;0;0
6.034;-382;4.646840148698884;0;0
6.039;-368;7.874015748031496;0;0
6.044;-360;9.505703422053232;0;0
6.049;-338;8.19672131147541;0;0
6.054;-323;9.9601593625498;0;0
6.059;-301;10.91703056768559;0;0
6.064;-286;11.037527593818984;0;0
6.069;-263;17.123287671232877;0;0
6.074;-241;15.151515151515152;0;0
6.079;-218;12.077294685990339;0;0
6.084;-195;14.084507042253522;0;0
6.089;-171;16.501650165016503;0;0
6.094;-148;17.857142857142858;0;0
6.099;-117;15.97444089456869;0;0
6.104;-94;14.124293785310735;0;0
6.109;-54;16.949152542372882;0;0
6.114;-31;18.115942028985508;0;0
6.119;-7;15.015015015015015;0;0
6.124;23;15.625;0;0
6.129;47;18.45018450184502;0;0
6.134;78;19.23076923076923;0;0
6.139;101;17.301038062283737;0;0
6.144;133;15.384615384615385;0;0
6.149;156;14.880952380952381;0;0
6.154;179;15.822784810126583;0;0
6.159;210;16.501650165016503;0;0
6.164;225;15.625;0;0
6.169;248;12.56281407035176;0;0
6.174;263;11.363636363636363;0;0
6.179;286;10.799136069114471;0;0
6.184;301;11.389521640091116;0;0
6.189;316;11.682242990654206;0;0
6.194;331;10.869565217391305;0;0
6.199;346;9.9601593625498;0;0
6.204;353;8.347245409015025;0;0
6.209;368;6.451612903225806;0;0
6.214;375;5.995203836930456;0;0
6.219;375;5.973715651135006;0;0
6.224;375;5.422993492407809;0;0
6.229;382;3.9682539682539684;0;0
6.234;382;3.259452411994785;0;0
6.239;382;3.0599755201958385;0;0
6.244;375;1.8254837531945967;0;0
6.249;375;13.157894736842104;0;0
6.254;375;-2.5;0;0
6.259;360;-2.1186440677966103;0;0
6.264;353;-2.300966405890474;0;0
6.269;346;-4.621072088724584;0;0
6.274;331;-6.038647342995169;0;0
6.279;316;-6.720430107526882;0;0
6.284;301;-8.605851979345955;0;0
6.289;286;-10.482180293501049;0;0
6.294;263;-15.625;0;0
6.299;248;-13.368983957219251;0;0
6.304;225;-11.79245283018868;0;0
6.309;210;-11.682242990654206;0;0
6.314;195;-11.848341232227488;0;0
6.319;164;-13.477088948787062;0;0
6.324;133;-15.97444089456869;0;0
6.329;109;-15.723270440251572;0;0
6.334;86;-15.015015015015015;0;0
6.339;62;-14.970059880239521;0;0
6.344;39;-14.880952380952381;0;0
6.349;7;-19.305019305019304;0;0
6.354;-23;-17.421602787456447;0;0
6.359;-39;-15.432098765432098;0;0
6.364;-62;-13.88888888888889;0;0
6.369;-94;-17.421602787456447;0;0
6.374;-117;-17.6678445229682;0;0
6.379;-140;-17.921146953405017;0;0
6.384;-164;-14.044943820224718;0;0
6.389;-179;-13.123359580052494;0;0
6.394;-210;-13.368983957219251;0;0
6.399;-233;-14.367816091954023;0;0
6.404;-241;-12.165450121654501;0;0
6.409;-263;-9.784735812133073;0;0
6.414;-278;-10.141987829614605;0;0
6.419;-294;-9.920634920634921;0;0
6.424;-309;-9.578544061302683;0;0
6.429;-316;-8.0;0;0
6.434;-331;-7.440476190476191;0;0
6.439;-338;-7.062146892655368;0;0
6.444;-346;-5.966587112171838;0;0
6.449;-353;-5.296610169491525;0;0
6.454;-360;-5.040322580645161;0;0
6.459;-360;-4.262574595055414;0;0
6.464;-360;-3.819709702062643;0;0
6.469;-360;-3.5486160397444997;0;0
6.474;-360;-3.313452617627568;0;0
6.479;-353;4.940711462450593;0;0
6.484;-346;1.419244961680386;0;0
6.489;-338;1.9364833462432223;0;0
6.494;-331;2.4390243902439024;0;0
6.499;-323;4.3140638481449525;0;0
6.504;-309;5.387931034482759;0;0
6.509;-301;6.747638326585695;0;0
6.514;-286;7.299270072992701;0;0
6.519;-271;8.80281690140845;0;0
6.524;-256;9.615384615384615;0;0
6.529;-241;9.328358208955224;0;0
6.534;-225;10.0;0;0
6.539;-202;11.337868480725623;0;0
6.544;-179;13.227513227513228;0;0
6.549;-156;14.409221902017292;0;0
6.554;-140;17.921146953405017;0;0
6.559;-117;14.880952380952381;0;0
6.564;-94;13.404825737265416;0;0
6.569;-70;13.812154696132596;0;0
6.574;-39;15.97444089456869;0;0
6.579;-23;14.836795252225519;0;0
6.584;0;12.5;0;0
6.589;23;12.953367875647668;0;0
6.594;54;14.836795252225519;0;0
6.599;70;16.39344262295082;0;0
6.604;101;13.850415512465373;0;0
6.609;117;12.31527093596059;0;0
6.614;133;13.404825737265416;0;0
6.619;164;13.123359580052494;0;0
6.624;179;12.690355329949238;0;0
6.629;195;17.921146953405017;0;0
6.634;218;13.440860215053764;0;0
6.639;233;11.235955056179776;0;0
6.644;248;9.057971014492754;0;0
6.649;256;8.59106529209622;0;0
6.654;271;7.716049382716049;0;0
6.659;286;7.776049766718507;0;0
6.664;294;7.836990595611285;0;0
6.669;301;10.02004008016032;0;0
6.674;316;10.060362173038229;0;0
6.679;316;6.485084306095979;0;0
6.684;323;5.202913631633715;0;0
6.689;323;3.9001560062402496;0;0
6.694;323;3.4153005464480874;0;0
6.699;323;3.1969309462915603;0;0
6.704;323;3.0048076923076925;0;0
6.709;323;2.8785261945883707;0;0
6.714;316;5.889281507656066;0;0
6.719;316;-2.0964360587002098;0;0
6.724;301;-1.8946570670708602;0;0
6.729;294;-2.1958717610891525;0;0
6.734;286;-3.971405877680699;0;0
6.739;271;-5.707762557077626;0;0
6.744;263;-6.385696040868455;0;0
6.749;248;-7.656967840735069;0;0
6.754;233;-7.82472613458529;0;0
6.759;225;-8.741258741258742;0;0
6.764;202;-8.116883116883116;0;0
6.769;195;-8.80281690140845;0;0
6.774;164;-10.37344398340249;0;0
6.779;148;-12.594458438287154;0;0
6.784;125;-12.626262626262626;0;0
6.789;101;-12.135922330097088;0;0
6.794;86;-12.106537530266344;0;0
6.799;70;-12.755102040816327;0;0
6.804;39;-12.345679012345679;0;0
6.809;23;-12.437810945273633;0;0
6.814;0;-13.58695652173913;0;0
6.819;-23;-15.015015015015015;0;0
6.824;-39;-18.65671641791045;0;0
6.829;-62;-13.736263736263735;0;0
6.834;-86;-14.245014245014245;0;0
6.839;-109;-17.54385964912281;0;0
6.844;-133;-14.124293785310735;0;0
6.849;-148;-12.468827930174564;0;0
6.854;-164;-10.799136069114471;0;0
6.859;-179;-10.460251046025105;0;0
6.864;-202;-10.395010395010395;0;0
6.869;-218;-10.59322033898305;0;0
6.874;-233;-9.293680297397769;0;0
6.879;-241;-8.680555555555555;0;0
6.884;-248;-12.437810945273633;0;0
6.889;-263;-9.82318271119843;0;0
6.894;-271;-7.122507122507122;0;0
6.899;-278;-6.451612903225806;0;0
6.904;-286;-5.005005005005005;0;0
6.909;-294;-6.459948320413437;0;0
6.914;-301;-7.94912559618442;0;0
6.919;-301;-6.747638326585695;0;0
6.924;-301;-5.945303210463734;0;0
6.929;-301;-5.313496280552604;0;0
6.934;-301;-4.803073967339097;0;0
6.939;-301;-4.409171075837743;0;0
6.944;-294;7.763975155279503;0;0
6.949;-294;1.7793594306049823;0;0
6.954;-278;1.8005041411595246;0;0
6.959;-271;2.063557573256294;0;0
6.964;-271;3.57653791130186;0;0
6.969;-256;4.5167118337850045;0;0
6.974;-248;4.940711462450593;0;0
6.979;-241;6.226650062266501;0;0
6.984;-225;6.613756613756614;0;0
6.989;-210;7.633587786259542;0;0
6.994;-195;8.389261744966444;0;0
6.999;-179;10.638297872340425;0;0
7.004;-156;10.504201680672269;0;0
7.009;-148;10.183299389002036;0;0
7.014;-125;9.861932938856016;0;0
7.019;-109;10.2880658436214;0;0
7.024;-86;10.570824524312897;0;0
7.029;-62;12.72264631043257;0;0
7.034;-47;13.850415512465373;0;0
7.039;-23;11.52073732718894;0;0
7.044;-7;11.46788990825688;0;0
7.049;7;11.061946902654867;0;0
7.054;31;10.989010989010989;0;0
7.059;54;12.345679012345679;0;0
7.064;70;13.227513227513228;0;0
7.069;86;11.11111111111111;0;0
7.074;101;10.37344398340249;0;0
7.079;117;10.330578512396695;0;0
7.084;133;10.70663811563169;0;0
7.089;156;9.900990099009901;0;0
7.094;171;10.183299389002036;0;0
7.099;187;9.541984732824428;0;0
7.104;195;9.671179883945841;0;0
7.109;210;8.333333333333334;0;0
7.114;225;7.861635220125786;0;0
7.119;233;8.077544426494345;0;0
7.124;241;5.9171597633136095;0;0
7.129;248;4.868549172346641;0;0
7.134;256;4.621072088724584;0;0
7.139;256;4.743833017077799;0;0
7.144;263;4.219409282700422;0;0
7.149;263;3.455425017277125;0;0
7.154;263;3.146633102580239;0;0
7.159;271;2.8216704288939054;0;0
7.164;263;1.5629884338855893;0;0
7.169;263;4.2408821034775235;0;0
7.174;263;-3.7037037037037037;0;0
7.179;256;-2.5380710659898478;0;0
7.184;256;-2.0815986677768525;0;0
7.189;248;-2.6014568158168574;0;0
7.194;241;-4.317789291882556;0;0
7.199;225;-4.638218923933209;0;0
7.204;225;-4.646840148698884;0;0
7.209;210;-7.112375533428165;0;0
7.214;202;-7.22543352601156;0;0
7.219;187;-6.3938618925831205;0;0
7.224;171;-7.552870090634441;0;0
7.229;156;-9.293680297397769;0;0
7.234;140;-8.431703204047217;0;0
7.239;133;-8.94454382826476;0;0
7.244;109;-8.992805755395683;0;0
7.249;94;-10.37344398340249;0;0
7.254;70;-10.204081632653061;0;0
7.259;62;-10.183299389002036;0;0
7.264;39;-10.080645161290322;0;0
7.269;23;-10.75268817204301;0;0
7.274;7;-11.655011655011656;0;0
7.279;-15;-10.940919037199125;0;0
7.284;-23;-10.75268817204301;0;0
7.289;-47;-8.80281690140845;0;0
7.294;-62;-9.31098696461825;0;0
7.299;-86;-10.799136069114471;0;0
7.304;-101;-10.91703056768559;0;0
7.309;-117;-11.52073732718894;0;0
7.314;-133;-10.799136069114471;0;0
7.319;-148;-8.576329331046312;0;0
7.324;-156;-8.503401360544217;0;0
7.329;-171;-7.8125;0;0
7.334;-179;-7.849293563579278;0;0
7.339;-195;-7.246376811594203;0;0
7.344;-202;-9.652509652509652;0;0
7.349;-210;-12.106537530266344;0;0
7.354;-225;-7.473841554559043;0;0
7.359;-225;-5.122950819672131;0;0
7.364;-233;-4.775549188156638;0;0
7.369;-241;-4.370629370629371;0;0
7.374;-241;-3.885003885003885;0;0
7.379;-241;-3.604902667627974;0;0
7.384;-248;-3.1847133757961785;0;0
7.389;-248;-2.905287623474724;0;0
7.394;-248;-2.745744096650192;0;0
7.399;-241;185.1851851851852;0;0
7.404;-241;2.239140170174653;0;0
7.409;-241;3.0469226081657528;0;0
7.414;-233;2.506265664160401;0;0
7.419;-225;1.8355359765051396;0;0
7.424;-218;1.8875047187617968;0;0
7.429;-210;2.6838432635534084;0;0
7.434;-210;4.122011541632316;0;0
7.439;-195;4.748338081671415;0;0
7.444;-179;5.931198102016608;0;0
7.449;-171;6.944444444444445;0;0
7.454;-156;6.5359477124183005;0;0
7.459;-148;7.552870090634441;0;0
7.464;-133;7.267441860465116;0;0
7.469;-117;7.246376811594203;0;0
7.474;-109;8.077544426494345;0;0
7.479;-94;7.6923076923076925;0;0
7.484;-70;9.276437847866418;0;0
7.489;-54;10.989010989010989;0;0
7.494;-39;9.881422924901186;0;0
7.499;-23;9.22509225092251;0;0
7.504;-15;9.980039920159681;0;0
7.509;0;11.737089201877934;0;0
7.514;15;10.869565217391305;0;0
7.519;39;9.45179584120983;0;0
7.524;47;10.224948875255624;0;0
7.529;70;9.363295880149813;0;0
7.534;78;9.560229445506693;0;0
7.539;94;7.987220447284345;0;0
7.544;101;11.337868480725623;0;0
7.549;117;10.16260162601626;0;0
7.554;133;7.936507936507937;0;0
7.559;140;8.025682182985554;0;0
7.564;148;6.418485237483954;0;0
7.569;164;7.062146892655368;0;0
7.574;171;7.173601147776184;0;0
7.579;179;6.053268765133172;0;0
7.584;195;5.5005500550055;0;0
7.589;195;5.359056806002144;0;0
7.594;202;4.868549172346641;0;0
7.599;210;3.9154267815191854;0;0
7.604;210;3.4364261168384878;0;0
7.609;210;3.198976327575176;0;0
7.614;218;2.840909090909091;0;0
7.619;218;2.4630541871921183;0;0
7.624;218;2.347417840375587;0;0
7.629;210;1.4384349827387801;0;0
7.634;210;7.173601147776184;0;0
7.639;210;-2.218278615794144;0;0
7.644;202;-2.1043771043771042;0;0
7.649;195;-1.9592476489028212;0;0
7.654;195;-1.8601190476190477;0;0
7.659;187;-2.192982456140351;0;0
7.664;179;-3.1725888324873095;0;0
7.669;164;-5.2854122621564485;0;0
7.674;164;-8.726003490401396;0;0
7.679;148;-6.0606060606060606;0;0
7.684;133;-7.788161993769471;0;0
7.689;133;-10.91703056768559;0;0
7.694;117;-7.132667617689016;0;0
7.699;101;-7.173601147776184;0;0
7.704;86;-7.704160246533128;0;0
7.709;70;-7.5075075075075075;0;0
7.714;70;-8.038585209003216;0;0
7.719;54;-6.896551724137931;0;0
7.724;39;-7.6452599388379205;0;0
7.729;23;-8.264462809917354;0;0
7.734;7;-9.090909090909092;0;0
7.739;-7;-8.849557522123893;0;0
7.744;-23;-11.600928074245939;0;0
7.749;-31;-12.224938875305623;0;0
7.754;-47;-6.97350069735007;0;0
7.759;-54;-7.267441860465116;0;0
7.764;-70;-7.621951219512195;0;0
7.769;-86;-8.169934640522875;0;0
7.774;-101;-12.987012987012987;0;0
7.779;-117;-15.290519877675841;0;0
7.784;-117;-13.192612137203167;0;0
7.789;-133;-7.342143906020558;0;0
7.794;-140;-5.470459518599562;0;0
7.799;-148;-5.9523809523809526;0;0
7.804;-156;-5.636978579481398;0;0
7.809;-164;-4.761904761904762;0;0
7.814;-171;-4.332755632582322;0;0
7.819;-179;-4.566210045662101;0;0
7.824;-179;-4.277159965782721;0;0
7.829;-187;-3.927729772191673;0;0
7.834;-187;-3.566333808844508;0;0
7.839;-187;-3.3003300330033003;0;0
7.844;-195;-2.5;0;0
7.849;-195;-2.1231422505307855;0;0
7.854;-195;-2.0366598778004072;0;0
7.859;-187;-312.5;0;0
7.864;-187;1.6046213093709885;0;0
7.869;-187;2.0885547201336676;0;0
7.874;-179;2.0056157240272765;0;0
7.879;-179;1.9054878048780488;0;0
7.884;-171;1.7755681818181819;0;0
7.889;-164;1.7076502732240437;0;0
7.894;-156;2.1570319240724762;0;0
7.899;-148;2.9205607476635516;0;0
7.904;-148;3.9808917197452227;0;0
7.909;-140;3.9968025579536373;0;0
7.914;-125;4.061738424045491;0;0
7.919;-117;5.08130081300813;0;0
7.924;-109;5.807200929152149;0;0
7.929;-101;5.219206680584551;0;0
7.934;-86;6.25;0;0
7.939;-70;7.564296520423601;0;0
7.944;-62;7.288629737609329;0;0
7.949;-54;7.598784194528875;0;0
7.954;-39;6.8493150684931505;0;0
7.959;-23;7.042253521126761;0;0
7.964;-23;7.598784194528875;0;0
7.969;-7;6.20347394540943;0;0
7.974;7;6.561679790026247;0;0
7.979;15;7.485029940119761;0;0
7.984;31;6.684491978609626;0;0
7.989;39;8.012820512820513;0;0
7.994;54;7.4183976261127595;0;0
7.999;70;6.8119891008174385;0;0
8.004;70;7.112375533428165;0;0
8.009;86;5.9880239520958085;0;0
8.014;94;5.382131324004305;0;0
8.019;101;6.142506142506143;0;0
8.024;109;5.767012687427912;0;0
8.029;117;4.752851711026616;0;0
8.034;125;4.508566275924256;0;0
8.039;133;4.887585532746823;0;0
8.044;133;4.859086491739553;0;0
8.049;140;3.977724741447892;0;0
8.054;148;3.4364261168384878;0;0
8.059;156;3.287310979618672;0;0
8.064;156;3.15059861373661;0;0
8.069;164;4.887585532746823;0;0
8.074;164;6.775067750677507;0;0
8.079;164;5.966587112171838;0;0
8.084;164;5.330490405117271;0;0
8.089;164;4.8169556840077075;0;0
8.094;164;4.393673110720562;0;0
8.099;156;3.0998140111593306;0;0
8.104;156;-7.836990595611285;0;0
8.109;148;-1.6661112962345885;0;0
8.114;148;-1.4400921658986174;0;0
8.119;140;-1.7295053614666205;0;0
8.124;133;-2.4177949709864603;0;0
8.129;133;-2.6624068157614484;0;0
8.134;117;-4.166666666666667;0;0
8.139;117;-6.329113924050633;0;0
8.144;101;-5.197505197505198;0;0
8.149;101;-4.8732943469785575;0;0
8.154;86;-4.748338081671415;0;0
8.159;78;-4.651162790697675;0;0
8.164;70;-5.580357142857143;0;0
8.169;62;-5.524861878453039;0;0
8.174;54;-4.897159647404505;0;0
8.179;39;-5.574136008918618;0;0
8.184;31;-6.570302233902759;0;0
8.189;15;-6.112469437652812;0;0
8.194;7;-6.775067750677507;0;0
8.199;0;-6.934812760055478;0;0
8.204;-15;-5.767012687427912;0;0
8.209;-23;-6.3938618925831205;0;0
8.214;-31;-6.702412868632708;0;0
8.219;-39;-5.307855626326964;0;0
8.224;-54;-5.107252298263535;0;0
8.229;-54;-5.793742757821553;0;0
8.234;-70;-5.688282138794084;0;0
8.239;-78;-5.359056806002144;0;0
8.244;-86;-6.134969325153374;0;0
8.249;-94;-5.780346820809249;0;0
8.254;-101;-5.030181086519114;0;0
8.259;-109;-5.070993914807302;0;0
8.264;-117;-4.970178926441352;0;0
8.269;-117;-4.444444444444445;0;0
8.274;-125;-4.019292604501608;0;0
8.279;-125;-3.536067892503536;0;0
8.284;-133;-2.710027100271003;0;0
8.289;-133;-2.332089552238806;0;0
8.294;-140;-3.4223134839151266;0;0
8.299;-140;-4.484304932735426;0;0
8.304;-140;-4.11522633744856;0;0
8.309;-140;-3.802281368821293;0;0
8.314;-140;-3.5335689045936394;0;0
8.319;-140;-3.3003300330033003;0;0
8.324;-140;-3.1055900621118013;0;0
8.329;-140;-3.0358227079538556;0;0
8.334;-133;2.1654395842356;0;0
8.339;-133;1.827485380116959;0;0
8.344;-125;1.7135023989033584;0;0
8.349;-125;1.4727540500736378;0;0
8.354;-117;1.669449081803005;0;0
8.359;-117;1.8268176835951773;0;0
8.364;-109;1.9387359441644048;0;0
8.369;-101;2.4533856722276743;0;0
8.374;-94;2.840909090909091;0;0
8.379;-86;4.078303425774878;0;0
8.384;-78;4.659832246039143;0;0
8.389;-70;4.512635379061372;0;0
8.394;-62;4.591368227731864;0;0
8.399;-54;5.2854122621564485;0;0
8.404;-47;5.1440329218107;0;0
8.409;-39;4.47227191413238;0;0
8.414;-31;4.528985507246377;0;0
8.419;-23;5.159958720330238;0;0
8.424;-15;5.05050505050505;0;0
8.429;-7;4.191114836546522;0;0
8.434;0;4.152823920265781;0;0
8.439;7;7.032348804500703;0;0
8.444;15;8.8339222614841;0;0
8.449;23;5.2246603970741905;0;0
8.454;39;5.091649694501018;0;0
8.459;39;6.127450980392157;0;0
8.464;47;5.0864699898270604;0;0
8.469;54;4.32152117545376;0;0
8.474;70;4.336513443191674;0;0
8.479;70;4.8076923076923075;0;0
8.484;70;4.716981132075472;0;0
8.489;78;3.7481259370314843;0;0
8.494;86;4.708097928436912;0;0
8.499;94;5.85480093676815;0;0
8.504;94;5.48847420417124;0;0
8.509;101;3.875968992248062;0;0
8.514;101;3.2175032175032174;0;0
8.519;101;3.022974607013301;0;0
8.524;101;2.8506271379703536;0;0
8.529;101;2.696871628910464;0;0
8.534;109;2.3245002324500232;0;0
8.539;109;1.7717930545712262;0;0
8.544;109;1.6750418760469012;0;0
8.549;109;1.6750418760469012;0;0
8.554;101;1.8096272167933405;0;0
8.559;101;-7.704160246533128;0;0
8.564;101;-2.1026072329688814;0;0
8.569;101;-2.1026072329688814;0;0
8.574;101;-2.1026072329688814;0;0
8.579;101;-2.1026072329688814;0;0
8.584;94;-1.9592476489028212;0;0
8.589;86;-1.6129032258064515;0;0
8.594;86;-1.4560279557367501;0;0
8.599;78;-2.1616947686986596;0;0
8.604;70;-4.32152117545376;0;0
8.609;70;-5.241090146750524;0;0
8.614;62;-4.019292604501608;0;0
8.619;54;-2.935995302407516;0;0
8.624;47;-2.836074872376631;0;0
8.629;39;-3.5842293906810037;0;0
8.634;39;-4.198152812762385;0;0
8.639;31;-4.1806020066889635;0;0
8.644;23;-3.861003861003861;0;0
8.649;15;-4.081632653061225;0;0
8.654;7;-4.480286738351254;0;0
8.659;0;-4.325259515570934;0;0
8.664;-7;-4.025764895330113;0;0
8.669;-15;-4.088307440719542;0;0
8.674;-23;-4.789272030651341;0;0
8.679;-23;-4.512635379061372;0;0
8.684;-31;-4.132231404958677;0;0
8.689;-39;-3.43878954607978;0;0
8.694;-47;-2.9291154071470418;0;0
8.699;-54;-3.2743942370661427;0;0
8.704;-54;-3.61794500723589;0;0
8.709;-54;-3.4891835310537336;0;0
8.714;-62;-3.3467202141900936;0;0
8.719;-70;-2.9815146094215863;0;0
8.724;-70;-2.5012506253126565;0;0
8.729;-78;-2.4485798237022527;0;0
8.734;-78;-2.6246719160104988;0;0
8.739;-86;-2.586652871184687;0;0
8.744;-86;-2.430724355858046;0;0
8.749;-86;-2.3180343069077423;0;0
8.754;-86;-2.2153300841825434;0;0
8.759;-86;-2.1213406873143827;0;0
8.764;-86;-2.058460271716756;0;0
8.769;-86;-2.044989775051125;0;0
8.774;-86;-2.044989775051125;0;0
8.779;-86;-2.044989775051125;0;0
8.784;-86;-2.044989775051125;0;0
8.789;-86;-2.044989775051125;0;0
8.794;-86;-2.044989775051125;0;0
8.799;-86;-2.044989775051125;0;0
8.804;-86;-2.044989775051125;0;0
8.809;-78;2.281021897810219;0;0
8.814;-78;1.6181229773462784;0;0
8.819;-70;1.5625;0;0
8.824;-70;1.4979029358897544;0;0
8.829;-62;1.516990291262136;0;0
8.834;-62;1.599488163787588;0;0
8.839;-54;1.9179133103183736;0;0
8.844;-54;2.116850127011008;0;0
8.849;-54;2.0308692120227456;0;0
8.854;-47;1.9646365422396856;0;0
8.859;-47;1.8532246108228316;0;0
8.864;-39;1.9215987701767872;0;0
8.869;-31;1.9944156362185879;0;0
8.874;-31;2.1654395842356;0;0
8.879;-23;3.7369207772795217;0;0
8.884;-23;5.62429696287964;0;0
8.889;-23;5.055611729019211;0;0
8.894;-15;3.965107057890563;0;0
8.899;-7;2.972651605231867;0;0
8.904;-7;2.271694684234439;0;0
8.909;0;2.3573785950023574;0;0
8.914;7;2.774694783573807;0;0
8.919;7;3.257328990228013;0;0
8.924;7;3.058103975535168;0;0
8.929;15;2.6925148088314486;0;0
8.934;23;2.4813895781637716;0;0
8.939;23;2.4342745861733204;0;0
8.944;31;2.5641025641025643;0;0
8.949;39;2.9120559114735003;0;0
8.954;39;3.2743942370661427;0;0
8.959;39;3.073140749846343;0;0
8.964;39;2.895193977996526;0;0
8.969;47;2.311604253351826;0;0
8.974;47;1.9920318725099602;0;0
8.979;54;1.864975755315181;0;0
8.984;54;1.7599436818021823;0;0
8.989;54;1.7001020061203673;0;0
8.994;54;1.644195988161789;0;0
8.999;54;1.591849729385546;0;0
9.004;54;1.54273372415921;0;0
9.009;54;1.4974543276430068;0;0
9.014;54;1.4766686355581808;0;0
9.019;54;1.475361463558572;0;0
9.024;54;1.475361463558572;0;0
9.029;54;1.475361463558572;0;0
9.034;54;1.475361463558572;0;0
9.039;54;1.475361463558572;0;0
9.044;54;1.475361463558572;0;0
9.049;47;1.473187978786093;0;0
9.054;47;-7.668711656441718;0;0
9.059;47;-1.6452780519907864;0;0
9.064;39;-1.5051173991571343;0;0
9.069;39;-1.4021312394840157;0;0
9.074;39;-1.363884342607747;0;0
9.079;39;-1.327668613913967;0;0
9.084;31;-1.4310246136233544;0;0
9.089;31;-1.5202189115232594;0;0
9.094;23;-1.5206812652068127;0;0
9.099;23;-1.4889815366289458;0;0
9.104;15;-1.6622340425531914;0;0
9.109;15;-1.9470404984423677;0;0
9.114;7;-2.1141649048625792;0;0
9.119;7;-2.1570319240724762;0;0
9.124;7;-2.0678246484698097;0;0
9.129;0;-2.1468441391155;0;0
9.134;-7;-2.1422450728363325;0;0
9.139;-7;-1.9786307874950535;0;0
9.144;-15;-1.9171779141104295;0;0
9.149;-15;-2.1853146853146854;0;0
9.154;-23;-2.36630383341221;0;0
9.159;-23;-2.413127413127413;0;0
9.164;-23;-2.2851919561243146;0;0
9.169;-23;-2.1853146853146854;0;0
9.174;-23;-2.0938023450586263;0;0
9.179;-31;-2.011263073209976;0;0
9.184;-31;-1.920860545524395;0;0
9.189;-31;-1.846381093057607;0;0
9.194;-39;-1.7618040873854828;0;0
9.199;-39;-1.4903129657228018;0;0
9.204;-39;-1.3646288209606987;0;0
9.209;-39;-1.328374070138151;0;0
9.214;-39;-1.3058239749281797;0;0
9.219;-39;-1.3020833333333333;0;0
9.224;-39;-1.3020833333333333;0;0
9.229;-39;-1.3020833333333333;0;0
9.234;-39;-1.3020833333333333;0;0
9.239;-39;-1.3020833333333333;0;0
9.244;-31;-7.8125;0;0
9.249;-31;1.177301624676242;0;0
9.254;-31;1.3020833333333333;0;0
9.259;-31;1.3020833333333333;0;0
9.264;-23;1.362769146906514;0;0
9.269;-23;1.5051173991571343;0;0
9.274;-23;1.4863258026159334;0;0
9.279;-23;1.443418013856813;0;0
9.284;-23;1.4029180695847363;0;0
9.289;-23;1.3646288209606987;0;0
9.294;-23;1.328374070138151;0;0
9.299;-15;1.3058239749281797;0;0
9.304;-15;1.3020833333333333;0;0
9.309;-7;1.342281879194631;0;0
9.314;-7;1.4836795252225519;0;0
9.319;-7;1.4916467780429594;0;0
9.324;-7;1.4484356894553883;0;0
9.329;0;1.467997651203758;0;0
9.334;0;1.4400921658986174;0;0
9.339;7;2.2675736961451247;0;0
9.344;7;3.278688524590164;0;0
9.349;7;3.076923076923077;0;0
9.354;7;2.898550724637681;0;0
9.359;7;2.73972602739726;0;0
9.364;7;2.598752598752599;0;0
9.369;15;2.4248302618816684;0;0
9.374;15;2.233139794551139;0;0
9.379;15;2.232142857142857;0;0
9.384;23;1.9968051118210863;0;0
9.389;23;1.575299306868305;0;0
9.394;23;1.4876524843796488;0;0
9.399;23;1.444669170759896;0;0
9.404;23;1.4040999719180005;0;0
9.409;23;1.3657470636438132;0;0
9.414;23;1.329433661260303;0;0
9.419;23;1.3061650992685476;0;0
9.424;23;1.3020833333333333;0;0
9.429;23;1.3020833333333333;0;0
9.434;23;1.3020833333333333;0;0
9.439;23;1.3020833333333333;0;0
9.444;23;1.3020833333333333;0;0
9.449;23;1.3020833333333333;0;0
9.454;23;1.3020833333333333;0;0
9.459;23;1.3020833333333333;0;0
9.464;23;1.3020833333333333;0;0
9.469;23;1.3020833333333333;0;0
9.474;23;1.3020833333333333;0;0
9.479;15;2.557544757033248;0;0
9.484;15;-2.9239766081871346;0;0
9.489;15;-2.7624309392265194;0;0
9.494;15;-2.6178010471204187;0;0
9.499;7;-2.487562189054726;0;0
9.504;7;-2.3696682464454977;0;0
9.509;7;-2.268602540834846;0;0
9.514;7;-2.232142857142857;0;0
9.519;7;-2.232142857142857;0;0
9.524;7;-2.232142857142857;0;0
9.529;7;-2.232142857142857;0;0
9.534;7;-2.232142857142857;0;0
9.539;0;-2.6824034334763946;0;0
9.544;0;-2.9069767441860463;0;0
9.549;0;-2.7472527472527473;0;0
9.554;-7;-2.6041666666666665;0;0
9.559;-7;-2.4752475247524752;0;0
9.564;-7;-2.358490566037736;0;0
9.569;-7;-2.2593764121102575;0;0
9.574;-7;-2.2251891410769917;0;0
9.579;-15;-2.1431633090441493;0;0
9.584;-15;-1.6722408026755853;0;0
9.589;-15;-1.4934289127837514;0;0
9.594;-15;-1.4501160092807424;0;0
9.599;-15;-1.4092446448703495;0;0
9.604;-15;-1.3706140350877194;0;0
9.609;-23;-1.3340448239060831;0;0
9.614;-23;-1.3078733978550876;0;0
9.619;-23;-1.3020833333333333;0;0
9.624;-23;-1.3020833333333333;0;0
9.629;-23;-1.3020833333333333;0;0
9.634;-23;-1.3020833333333333;0;0
9.639;-23;-1.3020833333333333;0;0
9.644;-23;-1.3020833333333333;0;0
9.649;-23;-1.3020833333333333;0;0
9.654;-23;-1.3020833333333333;0;0
9.659;-23;-1.3020833333333333;0;0
9.664;-23;-1.3020833333333333;0;0
9.669;-23;-1.3020833333333333;0;0
9.674;-23;-1.3020833333333333;0;0
9.679;-23;-1.3020833333333333;0;0
9.684;-23;-1.3020833333333333;0;0
9.689;-23;-1.3020833333333333;0;0
9.694;-23;-1.3020833333333333;0;0
9.699;-15;2.323420074349442;0;0
9.704;-15;1.3020833333333333;0;0
9.709;-15;1.3020833333333333;0;0
9.714;-15;1.3020833333333333;0;0
9.719;-15;1.3020833333333333;0;0
9.724;-15;1.3020833333333333;0;0
9.729;-15;1.3020833333333333;0;0
9.734;-15;1.3020833333333333;0;0
9.739;-7;1.342281879194631;0;0
9.744;-7;1.4823599169878448;0;0
9.749;-7;1.4898688915375446;0;0
9.754;-7;1.4467592592592593;0;0
9.759;-7;1.40607424071991;0;0
9.764;-7;1.3676148796498906;0;0
9.769;-7;1.3312034078807242;0;0
9.774;-7;1.3068478829064296;0;0
9.779;-7;1.3020833333333333;0;0
9.784;-7;1.3020833333333333;0;0
9.789;0;1.3020833333333333;0;0
9.794;0;1.3020833333333333;0;0
9.799;0;1.3020833333333333;0;0
9.804;0;1.3020833333333333;0;0
9.809;0;1.3020833333333333;0;0
9.814;0;1.3020833333333333;0;0
9.819;0;1.3020833333333333;0;0
9.824;0;1.3020833333333333;0;0
9.829;0;1.3020833333333333;0;0
9.834;0;1.3020833333333333;0;0
9.839;0;1.3020833333333333;0;0
9.844;7;2.044153720359771;0;0
9.849;7;2.9036004645760745;0;0
9.854;7;2.74423710208562;0;0
9.859;7;2.6014568158168574;0;0
9.864;7;2.472799208704253;0;0
9.869;7;2.35626767200754;0;0
9.874;7;2.2603978300180834;0;0
9.879;7;2.232142857142857;0;0
9.884;7;2.232142857142857;0;0
9.889;7;2.232142857142857;0;0
9.894;7;2.232142857142857;0;0
9.899;7;2.232142857142857;0;0
9.904;7;2.232142857142857;0;0
9.909;7;2.232142857142857;0;0
9.914;0;2.5523226135783563;0;0
9.919;0;-2.9239766081871346;0;0
9.924;0;-2.7609055770292654;0;0
9.929;0;-2.6164311878597593;0;0
9.934;0;-2.486325211337643;0;0
9.939;0;-2.3685457129322596;0;0
9.944;0;-2.261420171867933;0;0
9.949;0;-2.209456473707468;0;0
9.954;0;-2.2055580061755626;0;0
9.959;0;-2.2055580061755626;0;0
9.964;0;-2.2055580061755626;0;0
9.969;0;-2.2055580061755626;0;0
9.974;0;-2.2055580061755626;0;0
9.979;0;-2.2055580061755626;0;0
9.984;0;-2.2055580061755626;0;0
9.989;0;-2.2055580061755626;0;0
9.994;0;-2.2055580061755626;0;0
9.999;0;-2.2055580061755626;0;0
10.004;0;-2.2055580061755626;0;0
10.009;0;-2.2055580061755626;0;0
10.014;0;-2.2055580061755626;0;0
10.019;0;-2.2055580061755626;0;0
10.024;0;-2.2055580061755626;0;0
10.029;0;-2.2055580061755626;0;0
10.034;0;-2.2055580061755626;0;0
10.039;-7;-2.2055580061755626;0;0
10.044;-7;-2.2055580061755626;0;0
10.049;-7;-2.2055580061755626;0;0
10.054;-7;-2.2055580061755626;0;0
10.059;-7;-2.2055580061755626;0;0
10.064;-7;-2.2055580061755626;0;0
10.069;-7;-2.2055580061755626;0;0
10.074;-7;-2.2055580061755626;0;0
10.079;-7;-2.2055580061755626;0;0
10.084;-7;-2.2055580061755626;0;0
10.089;-7;-2.2055580061755626;0;0
10.094;-7;-2.2055580061755626;0;0
10.099;-7;-2.2055580061755626;0;0
10.104;-7;-2.2055580061755626;0;0
10.109;-7;-2.2055580061755626;0;0
10.114;-7;-2.2055580061755626;0;0
10.119;-7;-2.2055580061755626;0;0
10.124;-7;-2.2055580061755626;0;0
10.129;-7;-2.2055580061755626;0;0
10.134;-7;-2.2055580061755626;0;0
10.139;-7;-2.2055580061755626;0;0
10.144;-7;-2.2055580061755626;0;0
10.149;-7;-2.2055580061755626;0;0
10.154;-7;-2.2055580061755626;0;0
10.159;-7;-2.2055580061755626;0;0
10.164;-7;-2.2055580061755626;0;0
10.169;-7;-2.2055580061755626;0;0
10.174;-7;-2.2055580061755626;0;0
10.179;-7;-2.2055580061755626;0;0
10.184;-7;-2.2055580061755626;0;0
10.189;-7;-2.2055580061755626;0;0
10.194;-7;-2.2055580061755626;0;0
10.199;-7;-2.2055580061755626;0;0
10.204;-7;-2.2055580061755626;0;0
10.209;-7;-2.2055580061755626;0;0
10.214;-7;-2.2055580061755626;0;0
10.219;-7;-2.2055580061755626;0;0
10.224;-7;-2.2055580061755626;0;0
10.229;-7;-2.2055580061755626;0;0
10.234;-7;-2.2055580061755626;0;0
10.239;-7;-2.2055580061755626;0;0
10.244;-7;-2.2055580061755626;0;0
10.249;-7;-2.2055580061755626;0;0
10.254;-7;-2.2055580061755626;0;0
10.259;-7;-2.2055580061755626;0;0
10.264;-7;-2.2055580061755626;0;0
10.269;-7;-2.2055580061755626;0;0
10.274;-7;-2.2055580061755626;0;0
10.279;-7;-2.2055580061755626;0;0
10.284;-7;-2.2055580061755626;0;0
10.289;-7;-2.2055580061755626;0;0
10.294;-7;-2.2055580061755626;0;0
10.299;-7;-2.2055580061755626;0;0
10.304;-7;-2.2055580061755626;0;0
10.309;-7;-2.2055580061755626;0;0
10.314;-7;-2.2055580061755626;0;0
10.319;-7;-2.2055580061755626;0;0
10.324;-7;-2.2055580061755626;0;0
10.329;-7;-2.2055580061755626;0;0
10.334;-7;-2.2055580061755626;0;0
10.339;-7;-2.2055580061755626;0;0
10.344;-7;-2.2055580061755626;0;0
10.349;-7;-2.2055580061755626;0;0
10.354;-7;-2.2055580061755626;0;0
10.359;-7;-2.2055580061755626;0;0
10.364;-7;-2.2055580061755626;0;0
10.369;-7;-2.2055580061755626;0;0
10.374;-7;-2.2055580061755626;0;0
10.379;-7;-2.2055580061755626;0;0
10.384;-7;-2.2055580061755626;0;0
10.389;-7;-2.2055580061755626;0;0
10.394;-7;-2.2055580061755626;0;0
10.399;-7;-2.2055580061755626;0;0
10.404;-7;-2.2055580061755626;0;0
10.409;-7;-2.2055580061755626;0;0
10.414;-7;-2.2055580061755626;0;0
10.419;-7;-2.2055580061755626;0;0
10.424;-7;-2.2055580061755626;0;0
10.429;-7;-2.2055580061755626;0;0
10.434;-7;-2.2055580061755626;0;0
10.439;-7;-2.2055580061755626;0;0
10.444;-7;-2.2055580061755626;0;0
10.449;-7;-2.2055580061755626;0;0
10.454;-7;-2.2055580061755626;0;0
10.459;-7;-2.2055580061755626;0;0
10.464;-7;-2.2055580061755626;0;0
10.469;-7;-2.2055580061755626;0;0
10.474;-7;-2.2055580061755626;0;0
10.479;-7;-2.2055580061755626;0;0
10.484;-7;-2.2055580061755626;0;0
10.489;-7;-2.2055580061755626;0;0
10.494;-7;-2.2055580061755626;0;0
10.499;-7;-2.2055580061755626;0;0
10.504;-7;-2.2055580061755626;0;0
10.509;-7;-2.2055580061755626;0;0
10.514;-7;-2.2055580061755626;0;0
10.519;-7;-2.2055580061755626;0;0
10.524;-7;-2.2055580061755626;0;0
10.529;-7;-2.2055580061755626;0;0
10.534;-7;-2.2055580061755626;0;0
10.539;-7;-2.2055580061755626;0;0
10.544;-7;-2.2055580061755626;0;0
10.549;-7;-2.2055580061755626;0;0
10.554;-7;-2.2055580061755626;0;0
10.559;-7;-2.2055580061755626;0;0
10.564;-7;-2.2055580061755626;0;0
10.569;-7;-2.2055580061755626;0;0
10.574;-7;-2.2055580061755626;0;0
10.579;-7;-2.2055580061755626;0;0
10.584;-7;-2.2055580061755626;0;0
10.589;-7;-2.2055580061755626;0;0
10.594;-7;-2.2055580061755626;0;0
10.599;-7;-2.2055580061755626;0;0
10.604;-7;-2.2055580061755626;0;0
10.609;-7;-2.2055580061755626;0;0
10.614;-7;-2.2055580061755626;0;0
10.619;-7;-2.2055580061755626;0;0
10.624;-7;-2.2055580061755626;0;0
10.629;-7;-2.2055580061755626;0;0
10.634;-7;-2.2055580061755626;0;0
10.639;-7;-2.2055580061755626;0;0
10.644;-7;-2.2055580061755626;0;0
10.649;-7;-2.2055580061755626;0;0
10.654;-7;-2.2055580061755626;0;0
10.659;-7;-2.2055580061755626;0;0
10.664;-7;-2.2055580061755626;0;0
10.669;-7;-2.2055580061755626;0;0
10.674;-7;-2.2055580061755626;0;0
10.679;-7;-2.2055580061755626;0;0
10.684;-7;-2.2055580061755626;0;0
10.689;-7;-2.2055580061755626;0;0
10.694;-7;-2.2055580061755626;0;0
10.699;-7;-2.2055580061755626;0;0
10.704;-7;-2.2055580061755626;0;0
10.709;-7;-2.2055580061755626;0;0
10.714;-7;-2.2055580061755626;0;0
10.719;-7;-2.2055580061755626;0;0
10.724;-7;-2.2055580061755626;0;0
10.729;-7;-2.2055580061755626;0;0
10.734;-7;-2.2055580061755626;0;0
10.739;-7;-2.2055580061755626;0;0
10.744;-7;-2.2055580061755626;0;0
10.749;-7;-2.2055580061755626;0;0
10.754;-7;-2.2055580061755626;0;0
10.759;-7;-2.2055580061755626;0;0
10.764;-7;-2.2055580061755626;0;0
10.769;-7;-2.2055580061755626;0;0
10.774;-7;-2.2055580061755626;0;0
10.779;-7;-2.2055580061755626;0;0
10.784;-7;-2.2055580061755626;0;0
10.789;-7;-2.2055580061755626;0;0
10.794;-7;-2.2055580061755626;0;0
10.799;-7;-2.2055580061755626;0;0
10.804;-7;-2.2055580061755626;0;0
10.809;-7;-2.2055580061755626;0;0
10.814;-7;-2.2055580061755626;0;0
10.819;-7;-2.2055580061755626;0;0
10.824;-7;-2.2055580061755626;0;0
10.829;-7;-2.2055580061755626;0;0
10.834;-7;-2.2055580061755626;0;0
10.839;-7;-2.2055580061755626;0;0
10.844;-7;-2.2055580061755626;0;0
10.849;0;-25.77319587628866;0;0
10.854;0;1.858045336306206;0;0
10.859;0;2.2055580061755626;0;0
10.864;0;2.2055580061755626;0;0
10.869;0;2.2055580061755626;0;0
10.874;0;2.2055580061755626;0;0
10.879;0;2.2055580061755626;0;0
10.884;0;2.2055580061755626;0;0
10.889;0;2.2055580061755626;0;0
10.894;0;2.2055580061755626;0;0
10.899;0;2.2055580061755626;0;0
10.904;0;2.2055580061755626;0;0
10.909;0;2.2055580061755626;0;0
10.914;0;2.2055580061755626;0;0
10.919;0;2.2055580061755626;0;0
10.924;0;2.2055580061755626;0;0
10.929;0;2.2055580061755626;0;0
10.934;0;2.2055580061755626;0;0
10.939;0;2.2055580061755626;0;0
10.944;0;2.2055580061755626;0;0
10.949;0;2.2055580061755626;0;0
10.954;0;2.2055580061755626;0;0
10.959;0;2.2055580061755626;0;0
10.964;0;2.2055580061755626;0;0
10.969;0;2.2055580061755626;0;0
10.974;0;2.2055580061755626;0;0
10.979;0;2.2055580061755626;0;0
10.984;0;2.2055580061755626;0;0
10.989;0;2.2055580061755626;0;0
10.994;0;2.2055580061755626;0;0
10.999;0;2.2055580061755626;0;0
11.004;0;2.2055580061755626;0;0
11.009;0;2.2055580061755626;0;0
11.014;0;2.2055580061755626;0;0
11.019;0;2.2055580061755626;0;0
11.024;0;2.2055580061755626;0;0
11.029;0;2.2055580061755626;0;0
11.034;0;2.2055580061755626;0;0
11.039;0;2.2055580061755626;0;0
11.044;0;2.2055580061755626;0;0
11.049;0;2.2055580061755626;0;0
11.054;0;2.2055580061755626;0;0
11.059;0;2.2055580061755626;0;0
11.064;0;2.2055580061755626;0;0
11.069;0;2.2055580061755626;0;0
11.074;0;2.2055580061755626;0;0
11.079;0;2.2055580061755626;0;0
11.084;0;2.2055580061755626;0;0
11.089;0;2.2055580061755626;0;0
11.094;0;2.2055580061755626;0;0
11.099;0;2.2055580061755626;0;0
11.104;0;2.2055580061755626;0;0
11.109;0;2.2055580061755626;0;0
11.114;0;2.2055580061755626;0;0
11.119;0;2.2055580061755626;0;0
11.124;0;2.2055580061755626;0;0
11.129;0;2.2055580061755626;0;0
11.134;0;2.2055580061755626;0;0
11.139;0;2.2055580061755626;0;0
11.144;0;2.2055580061755626;0;0
11.149;0;2.2055580061755626;0;0
11.154;0;2.2055580061755626;0;0
11.159;0;2.2055580061755626;0;0
11.164;0;2.2055580061755626;0;0
11.169;0;2.2055580061755626;0;0
11.174;0;2.2055580061755626;0;0
11.179;0;2.2055580061755626;0;0
11.184;0;2.2055580061755626;0;0
11.189;0;2.2055580061755626;0;0
11.194;0;2.2055580061755626;0;0
11.199;0;2.2055580061755626;0;0
11.204;0;2.2055580061755626;0;0
11.209;0;2.2055580061755626;0;0
11.214;0;2.2055580061755626;0;0
11.219;0;2.2055580061755626;0;0
11.224;0;2.2055580061755626;0;0
11.229;0;2.2055580061755626;0;0
11.234;0;2.2055580061755626;0;0
11.239;0;2.2055580061755626;0;0
11.244;0;2.2055580061755626;0;0
11.249;0;2.2055580061755626;0;0
11.254;0;2.2055580061755626;0;0
11.259;0;2.2055580061755626;0;0
11.264;0;2.2055580061755626;0;0
11.269;0;2.2055580061755626;0;0
11.274;0;2.2055580061755626;0;0
11.279;0;2.2055580061755626;0;0
11.284;0;2.2055580061755626;0;0
11.289;0;2.2055580061755626;0;0
11.294;0;2.2055580061755626;0;0
11.299;0;2.2055580061755626;0;0
11.304;0;2.2055580061755626;0;0
11.309;0;2.2055580061755626;0;0
11.314;0;2.2055580061755626;0;0
11.319;0;2.2055580061755626;0;0
11.324;0;2.2055580061755626;0;0
11.329;0;2.2055580061755626;0;0
11.334;0;2.2055580061755626;0;0
11.339;0;2.2055580061755626;0;0
11.344;0;2.2055580061755626;0;0
11.349;0;2.2055580061755626;0;0
11.354;0;2.2055580061755626;0;0
11.359;0;2.2055580061755626;0;0
11.364;0;2.2055580061755626;0;0
11.369;0;2.2055580061755626;0;0
11.374;0;2.2055580061755626;0;0
11.379;0;2.2055580061755626;0;0
11.384;0;2.2055580061755626;0;0
11.389;0;2.2055580061755626;0;0
11.394;0;2.2055580061755626;0;0
11.399;0;2.2055580061755626;0;0
11.404;0;2.2055580061755626;0;0
11.409;0;2.2055580061755626;0;0
11.414;0;2.2055580061755626;0;0
11.419;0;2.2055580061755626;0;0
11.424;0;2.2055580061755626;0;0
11.429;0;2.2055580061755626;0;0
11.434;0;2.2055580061755626;0;0
11.439;0;2.2055580061755626;0;0
11.444;0;2.2055580061755626;0;0
11.449;0;2.2055580061755626;0;0
11.454;0;2.2055580061755626;0;0
11.459;0;2.2055580061755626;0;0
11.464;0;2.2055580061755626;0;0
11.469;0;2.2055580061755626;0;0
11.474;0;2.2055580061755626;0;0
11.479;0;2.2055580061755626;0;0
11.484;0;2.2055580061755626;0;0
11.489;0;2.2055580061755626;0;0
11.494;0;2.2055580061755626;0;0
11.499;0;2.2055580061755626;0;0
11.504;0;2.2055580061755626;0;0
11.509;0;2.2055580061755626;0;0
11.514;0;2.2055580061755626;0;0
11.519;0;2.2055580061755626;0;0
11.524;0;2.2055580061755626;0;0
11.529;0;2.2055580061755626;0;0
11.534;0;2.2055580061755626;0;0
11.539;0;2.2055580061755626;0;0
11.544;0;2.2055580061755626;0;0
11.549;0;2.2055580061755626;0;0
11.554;0;2.2055580061755626;0;0
11.559;0;2.2055580061755626;0;0
11.564;0;2.2055580061755626;0;0
11.569;0;2.2055580061755626;0;0
11.574;0;2.2055580061755626;0;0
11.579;0;2.2055580061755626;0;0
11.584;0;2.2055580061755626;0;0
11.589;0;2.2055580061755626;0;0
11.594;0;2.2055580061755626;0;0
11.599;0;2.2055580061755626;0;0
11.604;0;2.2055580061755626;0;0
11.609;0;2.2055580061755626;0;0
11.614;0;2.2055580061755626;0;0
11.619;0;2.2055580061755626;0;0
11.624;0;2.2055580061755626;0;0
11.629;0;2.2055580061755626;0;0
11.634;0;2.2055580061755626;0;0
11.639;0;2.2055580061755626;0;0
11.644;0;2.2055580061755626;0;0
11.649;0;2.2055580061755626;0;0
11.654;0;2.2055580061755626;0;0
11.659;0;2.2055580061755626;0;0
11.664;0;2.2055580061755626;0;0
11.669;0;2.2055580061755626;0;0
11.674;0;2.2055580061755626;0;0
11.679;0;2.2055580061755626;0;0
11.684;0;2.2055580061755626;0;0
11.689;0;2.2055580061755626;0;0
11.694;0;2.2055580061755626;0;0
11.699;0;2.2055580061755626;0;0
11.704;0;2.2055580061755626;0;0
11.709;0;2.2055580061755626;0;0
11.714;0;2.2055580061755626;0;0
11.719;0;2.2055580061755626;0;0
11.724;0;2.2055580061755626;0;0
11.729;0;2.2055580061755626;0;0
11.734;0;2.2055580061755626;0;0
11.739;0;2.2055580061755626;0;0
11.744;0;2.2055580061755626;0;0
11.749;0;2.2055580061755626;0;0
11.754;0;2.2055580061755626;0;0
11.759;0;2.2055580061755626;0;0
11.764;0;2.2055580061755626;0;0
11.769;0;2.2055580061755626;0;0
11.774;0;2.2055580061755626;0;0
11.779;0;2.2055580061755626;0;0
11.784;0;2.2055580061755626;0;0
11.789;0;2.2055580061755626;0;0
11.794;0;2.2055580061755626;0;0
11.799;0;2.2055580061755626;0;0
11.804;0;2.2055580061755626;0;0
11.809;0;2.2055580061755626;0;0
11.814;0;2.2055580061755626;0;0
11.819;0;2.2055580061755626;0;0
11.824;0;2.2055580061755626;0;0
11.829;0;2.2055580061755626;0;0
11.834;0;2.2055580061755626;0;0
11.839;0;2.2055580061755626;0;0
11.844;0;2.2055580061755626;0;0
11.849;0;2.2055580061755626;0;0
11.854;0;2.2055580061755626;0;0
11.859;0;2.2055580061755626;0;0
11.864;0;2.2055580061755626;0;0
11.869;0;2.2055580061755626;0;0
11.874;0;2.2055580061755626;0;0
11.879;0;2.2055580061755626;0;0
11.884;0;2.2055580061755626;0;0
11.889;0;2.2055580061755626;0;0
11.894;0;2.2055580061755626;0;0
11.899;0;2.2055580061755626;0;0
11.904;0;2.2055580061755626;0;0
11.909;0;2.2055580061755626;0;0
11.914;0;2.2055580061755626;0;0
11.919;0;2.2055580061755626;0;0
11.924;0;2.2055580061755626;0;0
11.929;0;2.2055580061755626;0;0
11.934;0;2.2055580061755626;0;0
11.939;0;2.2055580061755626;0;0
11.944;0;2.2055580061755626;0;0
11.949;0;2.2055580061755626;0;0
11.954;0;2.2055580061755626;0;0
11.959;0;2.2055580061755626;0;0
11.964;0;2.2055580061755626;0;0
11.969;0;2.2055580061755626;0;0
11.974;0;2.2055580061755626;0;0
11.979;0;2.2055580061755626;0;0
11.984;0;2.2055580061755626;0;0
11.989;0;2.2055580061755626;0;0
11.994;0;2.2055580061755626;0;0
11.999;0;2.2055580061755626;0;0
12.004;0;2.2055580061755626;0;0
12.009;0;2.2055580061755626;0;0
12.014;0;2.2055580061755626;0;0
12.019;0;2.2055580061755626;0;0
12.024;0;2.2055580061755626;0;0
12.029;0;2.2055580061755626;0;0
12.034;0;2.2055580061755626;0;0
12.039;0;2.2055580061755626;0;0
12.044;0;2.2055580061755626;0;0
12.049;0;2.2055580061755626;0;0
12.054;0;2.2055580061755626;0;0
12.059;0;2.2055580061755626;0;0
12.064;0;2.2055580061755626;0;0
12.069;0;2.2055580061755626;0;0
12.074;0;2.2055580061755626;0;0
12.079;0;2.2055580061755626;0;0
12.084;0;2.2055580061755626;0;0
12.089;0;2.2055580061755626;0;0
12.094;0;2.2055580061755626;0;0
12.099;0;2.2055580061755626;0;0
12.104;0;2.2055580061755626;0;0
12.109;0;2.2055580061755626;0;0
12.114;0;2.2055580061755626;0;0
12.119;0;2.2055580061755626;0;0
12.124;0;2.2055580061755626;0;0
12.129;0;2.2055580061755626;0;0
12.134;0;2.2055580061755626;0;0
12.139;0;2.2055580061755626;0;0
12.144;0;2.2055580061755626;0;0
12.149;0;2.2055580061755626;0;0
12.154;0;2.2055580061755626;0;0
12.159;0;2.2055580061755626;0;0
12.164;0;2.2055580061755626;0;0
12.169;0;2.2055580061755626;0;0
12.174;0;2.2055580061755626;0;0
12.179;0;2.2055580061755626;0;0
12.184;0;2.2055580061755626;0;0
12.189;0;2.2055580061755626;0;0
12.194;0;2.2055580061755626;0;0
12.199;0;2.2055580061755626;0;0
12.204;0;2.2055580061755626;0;0
12.209;0;2.2055580061755626;0;0
12.214;0;2.2055580061755626;0;0
12.219;0;2.2055580061755626;0;0
12.224;0;2.2055580061755626;0;0
12.229;0;2.2055580061755626;0;0
12.234;0;2.2055580061755626;0;0
12.239;0;2.2055580061755626;0;0
12.244;0;2.2055580061755626;0;0
12.249;0;2.2055580061755626;0;0
12.254;0;2.2055580061755626;0;0
12.259;0;2.2055580061755626;0;0
12.264;0;2.2055580061755626;0;0
12.269;0;2.2055580061755626;0;0
12.274;0;2.2055580061755626;0;0