t;e;d;i;set

8.175;-7;0;0;0
8.178;-7;0;0;0
8.181;-7;0;0;0
8.184;-7;0;0;0
8.187;-7;0;0;0
8.19;-7;0;0;0
8.193;-7;0;0;0
8.196;-7;0;0;0
8.199;-7;0;0;0
8.202;-7;0;0;0
8.205;-7;0;0;0
8.208;-7;0;0;0
8.211;-7;0;0;0
8.214;-7;0;0;0
8.217;-7;0;0;0
8.22;-7;0;0;0
8.223;-7;0;0;0
8.226;-7;0;0;0
8.229;-7;0;0;0
8.232;-7;0;0;0
8.235;-7;0;0;0
8.238;-7;0;0;0
8.241;-7;0;0;0
8.244;-7;0;0;0
8.247;-7;0;0;0
8.25;-7;0;0;0
8.253;-7;0;0;0
8.256;-7;0;0;0
8.259;-7;0;0;0
8.262;-7;0;0;0
8.265;-7;0;0;0
8.268;-7;0;0;0
8.271;-7;0;0;0
8.274;-7;0;0;0
8.277;-7;0;0;0
8.28;-7;0;0;0
8.283;-7;0;0;0
8.286;-7;0;0;0
8.289;-7;0;0;0
8.292;-7;0;0;0
8.295;-7;0;0;0
8.298;-7;0;0;0
8.301;-7;0;0;0
8.304;-7;0;0;0
8.307;-7;0;0;0
8.31;-7;0;0;0
8.313;-7;0;0;0
8.316;-7;0;0;0
8.319;-7;0;0;0
8.322;-7;0;0;0
8.325;-7;0;0;0
8.328;-7;0;0;0
8.331;-7;0;0;0
8.334;-7;0;0;0
8.337;-7;0;0;0
8.34;-7;0;0;0
8.343;-7;0;0;0
8.346;-7;0;0;0
8.349;-7;0;0;0
8.352;-7;0;0;0
8.355;-7;0;0;0
8.358;-7;0;0;0
8.361;-7;0;0;0
8.364;-7;0;0;0
8.367;-7;0;0;0
8.37;-7;0;0;0
8.373;-7;0;0;0
8.376;-7;0;0;0
8.379;-7;0;0;0
8.382;-7;0;0;0
8.385;-7;0;0;0
8.388;-7;0;0;0
8.391;-7;0;0;0
8.394;-7;0;0;0
8.397;-7;0;0;0
8.4;-7;0;0;0
8.403;-7;0;0;0
8.406;-7;0;0;0
8.409;-7;0;0;0
8.412;-7;0;0;0
8.415;-7;0;0;0
8.418;-7;0;0;0
8.421;-7;0;0;0
8.424;-7;0;0;0
8.427;-7;0;0;0
8.43;-7;0;0;0
8.433;-7;0;0;0
8.436;-7;0;0;0
8.439;-7;0;0;0
8.442;-7;0;0;0
8.445;-7;0;0;0
8.448;-7;0;0;0
8.451;-7;0;0;0
8.454;-7;0;0;0
8.457;-7;0;0;0
8.46;-7;0;0;0
8.463;-7;0;0;0
8.466;-7;0;0;0
8.469;-7;0;0;0
8.472;-7;0;0;0
8.475;-7;0;0;0
8.478;-7;0;0;0
8.481;-7;0;0;0
8.484;-7;0;0;0
8.487;-7;0;0;0
8.49;-7;0;0;0
8.493;-7;0;0;0
8.496;-7;0;0;0
8.499;-7;0;0;0
8.502;-7;0;0;0
8.505;-7;0;0;0
8.508;-7;0;0;0
8.511;-7;0;0;0
8.514;-7;0;0;0
8.517;-7;0;0;0
8.52;-7;0;0;0
8.523;-7;0;0;0
8.526;-7;0;0;0
8.529;-7;0;0;0
8.532;-7;0;0;0
8.535;-7;0;0;0
8.538;-7;0;0;0
8.541;-7;0;0;0
8.544;-7;0;0;0
8.547;-7;0;0;0
8.55;-7;0;0;0
8.553;-7;0;0;0
8.556;-7;0;0;0
8.559;-7;0;0;0
8.562;-7;0;0;0
8.565;-7;0;0;0
8.568;-7;0;0;0
8.571;-7;0;0;0
8.574;-7;0;0;0
8.577;-7;0;0;0
8.58;-7;0;0;0
8.583;-7;0;0;0
8.586;-7;0;0;0
8.589;-7;0;0;0
8.592;-7;0;0;0
8.595;-7;0;0;0
8.598;-7;0;0;0
8.601;-7;0;0;0
8.604;-7;0;0;0
8.607;-7;0;0;0
8.61;-7;0;0;0
8.613;-7;0;0;0
8.616;-7;0;0;0
8.619;-7;0;0;0
8.622;-7;0;0;0
8.625;-7;0;0;0
8.628;-7;0;0;0
8.631;-7;0;0;0
8.634;-7;0;0;0
8.637;-7;0;0;0
8.64;-7;0;0;0
8.643;-7;0;0;0
8.646;-7;0;0;0
8.649;-7;0;0;0
8.652;-7;0;0;0
8.655;-7;0;0;0
8.658;-7;0;0;0
8.661;-7;0;0;0
8.664;-7;0;0;0
8.667;-7;0;0;0
8.67;-7;0;0;0
8.673;-7;0;0;0
8.676;-7;0;0;0
8.679;-7;0;0;0
8.682;-7;0;0;0
8.685;-7;0;0;0
8.688;-7;0;0;0
8.691;-7;0;0;0
8.694;-7;0;0;0
8.697;-7;0;0;0
8.7;-7;0;0;0
8.703;-7;0;0;0
8.706;-7;0;0;0
8.709;-7;0;0;0
8.712;-7;0;0;0
8.715;-7;0;0;0
8.718;-7;0;0;0
8.721;-7;0;0;0
8.724;-7;0;0;0
8.727;-7;0;0;0
8.73;-7;0;0;0
8.733;-7;0;0;0
8.736;-7;0;0;0
8.739;-7;0;0;0
8.742;-7;0;0;0
8.745;-7;0;0;0
8.748;-7;0;0;0
8.751;-7;0;0;0
8.754;-7;0;0;0
8.757;-7;0;0;0
8.76;-7;0;0;0
8.763;-7;0;0;0
8.766;-7;0;0;0
8.769;-7;0;0;0
8.772;-7;0;0;0
8.775;-7;0;0;0
8.778;-7;0;0;0
8.781;-7;0;0;0
8.784;-7;0;0;0
8.787;-7;0;0;0
8.79;-7;0;0;0
8.793;-7;0;0;0
8.796;-7;0;0;0
8.799;-7;0;0;0
8.802;-7;0;0;0
8.805;-7;0;0;0
8.808;-7;0;0;0
8.811;-7;0;0;0
8.814;-7;0;0;0
8.817;-7;0;0;0
8.82;-7;0;0;0
8.823;-7;0;0;0
8.826;-7;0;0;0
8.829;-7;0;0;0
8.832;-7;0;0;0
8.835;-7;0;0;0
8.838;-7;0;0;0
8.841;-7;0;0;0
8.844;-7;0;0;0
8.847;-7;0;0;0
8.85;-7;0;0;0
8.853;-7;0;0;0
8.856;-7;0;0;0
8.859;-7;0;0;0
8.862;-7;0;0;0
8.865;-7;0;0;0
8.868;-7;0;0;0
8.871;-7;0;0;0
8.874;-7;0;0;0
8.877;-7;0;0;0
8.88;-7;0;0;0
8.883;-7;0;0;0
8.886;-7;0;0;0
8.889;-7;0;0;0
8.892;-7;0;0;0
8.895;-7;0;0;0
8.898;-7;0;0;0
8.901;-7;0;0;0
8.904;-7;0;0;0
8.907;-7;0;0;0
8.91;-7;0;0;0
8.913;-7;0;0;0
8.916;-7;0;0;0
8.919;-7;0;0;0
8.922;-7;0;0;0
8.925;-7;0;0;0
8.928;-7;0;0;0
8.931;-7;0;0;0
8.934;-7;0;0;0
8.937;-7;0;0;0
8.94;-7;0;0;0
8.943;-7;0;0;0
8.946;-7;0;0;0
8.949;-7;0;0;0
8.952;-7;0;0;0
8.955;-7;0;0;0
8.958;-7;0;0;0
8.961;-7;0;0;0
8.964;-7;0;0;0
8.967;-7;0;0;0
8.97;-7;0;0;0
8.973;-7;0;0;0
8.976;-7;0;0;0
8.979;-7;0;0;0
8.982;-7;0;0;0
8.985;-7;0;0;0
8.988;-7;0;0;0
8.991;-7;0;0;0
8.994;-7;0;0;0
8.997;-7;0;0;0
9.0;-7;0;0;0
9.003;-7;0;0;0
9.006;-7;0;0;0
9.009;-7;0;0;0
9.012;-7;0;0;0
9.015;-7;0;0;0
9.018;-7;0;0;0
9.021;-7;0;0;0
9.024;-7;0;0;0
9.027;-7;0;0;0
9.03;-7;0;0;0
9.033;-7;0;0;0
9.036;-7;0;0;0
9.039;-7;0;0;0
9.042;-7;0;0;0
9.045;-7;0;0;0
9.048;-7;0;0;0
9.051;-7;0;0;0
9.054;-7;0;0;0
9.057;-7;0;0;0
9.06;-7;0;0;0
9.063;-7;0;0;0
9.066;-7;0;0;0
9.069;-7;0;0;0
9.072;-7;0;0;0
9.075;-7;0;0;0
9.078;-7;0;0;0
9.081;-7;0;0;0
9.084;-7;0;0;0
9.087;-7;0;0;0
9.09;-7;0;0;0
9.093;-7;0;0;0
9.096;-7;0;0;0
9.099;-7;0;0;0
9.102;-7;0;0;0
9.105;-7;0;0;0
9.108;-7;0;0;0
9.111;-7;0;0;0
9.114;-7;0;0;0
9.117;-7;0;0;0
9.12;0;-6;0;0
9.123;0;0;0;0
9.126;0;0;0;0
9.129;0;0;0;0
9.132;0;0;0;0
9.135;0;0;0;0
9.138;0;0;0;0
9.141;0;0;0;0
9.144;0;0;0;0
9.147;7;-6;0;0
9.15;7;0;0;0
9.153;7;0;0;0
9.156;7;0;0;0
9.159;7;0;0;0
9.162;7;0;0;0
9.165;7;0;0;0
9.168;7;0;0;0
9.171;7;0;0;0
9.174;7;0;0;0
9.177;7;0;0;0
9.18;7;0;0;0
9.183;7;0;0;0
9.186;7;0;0;0
9.189;7;0;0;0
9.192;15;-6;0;0
9.195;15;0;0;0
9.198;15;0;0;0
9.201;15;0;0;0
9.204;23;-6;0;0
9.207;23;0;0;0
9.21;23;0;0;0
9.213;23;0;0;0
9.216;23;0;0;0
9.219;23;0;0;0
9.222;31;-6;0;0
9.225;31;0;0;0
9.228;39;-6;0;0
9.234;39;0;0;0
9.237;39;0;0;0
9.24;39;0;0;0
9.243;39;0;0;0
9.246;39;0;0;0
9.249;47;-6;0;0
9.252;47;0;0;0
9.255;54;-6;0;0
9.261;54;0;0;0
9.264;54;0;0;0
9.267;62;-6;0;0
9.27;62;0;0;0
9.273;70;-6;0;0
9.279;70;0;0;0
9.282;70;0;0;0
9.285;70;0;0;0
9.288;78;-6;0;0
9.291;78;0;0;0
9.294;86;-6;0;0
9.3;86;0;0;0
9.303;86;0;0;0
9.306;94;0;0;0
9.309;101;-6;0;0
9.315;101;0;0;0
9.318;101;0;0;0
9.321;109;-6;0;0
9.327;117;-10;0;0
9.333;117;0;0;0
9.336;125;-5;0;0
9.342;133;0;0;0
9.345;133;0;0;0
9.348;133;0;0;0
9.351;140;-6;0;0
9.357;148;0;0;0
9.36;148;0;0;0
9.363;156;-6;0;0
9.369;164;0;0;0
9.372;164;0;0;0
9.375;171;-6;0;0
9.381;179;0;0;0
9.384;187;-5;0;0
9.39;195;-10;0;0
9.396;195;0;0;0
9.399;202;-5;0;0
9.405;210;0;0;0
9.408;218;-5;0;0
9.414;225;0;0;0
9.417;225;0;0;0
9.42;233;-6;0;0
9.426;241;0;0;0
9.429;248;-5;0;0
9.435;256;0;0;0
9.438;263;-5;0;0
9.444;271;0;0;0
9.447;278;-5;0;0
9.453;286;0;0;0
9.456;294;-5;0;0
9.462;301;-10;0;0
9.468;309;0;0;0
9.471;316;-5;0;0
9.477;323;-10;0;0
9.483;331;0;0;0
9.486;338;-5;0;0
9.492;346;0;0;0
9.495;353;-5;0;0
9.501;360;0;0;0
9.504;368;-5;0;0
9.51;375;0;0;0
9.513;375;0;0;0
9.516;382;-6;0;0
9.522;397;-10;0;0
9.528;404;0;0;0
9.531;411;-5;0;0
9.537;418;0;0;0
9.54;425;-5;0;0
9.546;432;0;0;0
9.549;432;0;0;0
9.552;439;-6;0;0
9.558;446;0;0;0
9.561;453;-5;0;0
9.567;460;0;0;0
9.57;467;-5;0;0
9.576;481;-10;0;0
9.582;488;0;0;0
9.585;488;0;0;0
9.588;495;-6;0;0
9.594;502;0;0;0
9.597;509;-5;0;0
9.603;515;0;0;0
9.606;515;0;0;0
9.609;522;-6;0;0
9.615;529;0;0;0
9.618;535;-5;0;0
9.624;542;-10;0;0
9.63;542;0;0;0
9.633;549;-5;0;0
9.639;555;0;0;0
9.642;562;-5;0;0
9.648;568;0;0;0
9.651;568;0;0;0
9.654;575;-6;0;0
9.66;581;-10;0;0
9.666;587;-10;0;0
9.672;594;0;0;0
9.675;594;0;0;0
9.678;594;0;0;0
9.681;600;-6;0;0
9.687;600;0;0;0
9.69;606;-5;0;0
9.696;612;-10;0;0
9.702;619;-10;0;0
9.708;619;0;0;0
9.711;619;0;0;0
9.714;619;0;0;0
9.717;625;-6;0;0
9.723;625;0;0;0
9.726;631;-5;0;0
9.732;631;0;0;0
9.735;637;-5;0;0
9.741;637;0;0;0
9.744;643;-5;0;0
9.75;643;0;0;0
9.753;643;0;0;0
9.756;643;0;0;0
9.759;643;0;0;0
9.762;643;0;0;0
9.765;649;-6;0;0
9.771;649;0;0;0
9.774;649;0;0;0
9.777;649;0;0;0
9.78;649;0;0;0
9.783;655;-6;0;0
9.789;655;0;0;0
9.792;655;0;0;0
9.795;655;0;0;0
9.798;655;0;0;0
9.801;649;6;0;0
9.804;649;0;0;0
9.807;649;0;0;0
9.81;649;0;0;0
9.813;649;0;0;0
9.816;643;6;0;0
9.822;643;0;0;0
9.825;643;0;0;0
9.828;643;0;0;0
9.831;637;6;0;0
9.834;637;0;0;0
9.837;637;0;0;0
9.84;631;6;0;0
9.846;631;0;0;0
9.849;625;5;0;0
9.852;625;0;0;0
9.855;619;6;0;0
9.861;619;0;0;0
9.864;612;5;0;0
9.867;606;6;0;0
9.873;600;10;0;0
9.879;594;0;0;0
9.882;587;5;0;0
9.885;581;6;0;0
9.891;575;0;0;0
9.894;568;5;0;0
9.897;562;6;0;0
9.903;555;0;0;0
9.906;542;10;0;0
9.912;535;10;0;0
9.918;522;10;0;0
9.924;515;0;0;0
9.927;502;10;0;0
9.933;488;10;0;0
9.939;481;10;0;0
9.945;460;10;0;0
9.951;446;10;0;0
9.957;432;10;0;0
9.963;418;10;0;0
9.969;404;0;0;0
9.972;389;10;0;0
9.978;375;10;0;0
9.984;360;0;0;0
9.987;346;10;0;0
9.993;331;10;0;0
9.999;316;0;0;0
10.002;301;10;0;0
10.008;286;0;0;0
10.011;271;10;0;0
10.017;256;0;0;0
10.02;233;15;0;0
10.026;218;10;0;0
10.032;195;10;0;0
10.038;164;20;0;0
10.044;140;10;0;0
10.05;117;10;0;0
10.056;94;10;0;0
10.062;70;10;0;0
10.068;47;10;0;0
10.074;23;20;0;0
10.08;7;0;0;0
10.083;-15;16;0;0
10.089;-31;10;0;0
10.095;-54;10;0;0
10.101;-70;10;0;0
10.107;-101;20;0;0
10.113;-133;21;0;0
10.119;-156;10;0;0
10.125;-171;10;0;0
10.131;-187;10;0;0
10.137;-202;10;0;0
10.143;-218;10;0;0
10.149;-241;0;0;0
10.152;-256;10;0;0
10.158;-271;0;0;0
10.161;-286;10;0;0
10.167;-301;0;0;0
10.17;-309;5;0;0
10.176;-323;0;0;0
10.179;-331;5;0;0
10.185;-346;0;0;0
10.188;-360;10;0;0
10.194;-368;11;0;0
10.2;-389;10;0;0
10.206;-397;0;0;0
10.209;-411;10;0;0
10.215;-418;0;0;0
10.218;-425;5;0;0
10.224;-432;0;0;0
10.227;-439;5;0;0
10.233;-446;0;0;0
10.236;-446;0;0;0
10.242;-453;0;0;0
10.245;-460;5;0;0
10.251;-467;10;0;0
10.257;-474;0;0;0
10.26;-474;0;0;0
10.263;-474;0;0;0
10.269;-481;0;0;0
10.272;-481;0;0;0
10.275;-481;0;0;0
10.281;-481;0;0;0
10.284;-474;-5;0;0
10.29;-474;0;0;0
10.293;-474;0;0;0
10.296;-474;0;0;0
10.302;-474;0;0;0
10.305;-474;0;0;0
10.308;-474;0;0;0
10.314;-474;0;0;0
10.317;-467;-5;0;0
10.323;-467;0;0;0
10.326;-460;-5;0;0
10.332;-453;-11;0;0
10.338;-446;0;0;0
10.341;-446;0;0;0
10.344;-439;-6;0;0
10.35;-432;0;0;0
10.353;-425;-5;0;0
10.359;-418;0;0;0
10.362;-418;0;0;0
10.365;-411;-6;0;0
10.371;-404;0;0;0
10.374;-389;-10;0;0
10.38;-389;0;0;0
10.383;-375;-10;0;0
10.389;-368;0;0;0
10.392;-360;-5;0;0
10.398;-346;-11;0;0
10.404;-331;-10;0;0
10.41;-323;0;0;0
10.413;-309;-10;0;0
10.419;-301;0;0;0
10.422;-294;-5;0;0
10.428;-278;-11;0;0
10.434;-263;-10;0;0
10.44;-248;-10;0;0
10.446;-233;-10;0;0
10.452;-210;-10;0;0
10.458;-202;-10;0;0
10.464;-179;-10;0;0
10.47;-164;-10;0;0
10.476;-148;0;0;0
10.479;-133;-10;0;0
10.485;-117;0;0;0
10.488;-109;-5;0;0
10.494;-94;-11;0;0
10.5;-78;-10;0;0
10.506;-54;0;0;0
10.509;-39;-10;0;0
10.515;-23;0;0;0
10.518;-7;-10;0;0
10.524;7;0;0;0
10.527;15;-5;0;0
10.533;31;-10;0;0
10.539;47;-10;0;0
10.545;70;-20;0;0
10.551;86;-10;0;0
10.557;101;0;0;0
10.56;117;-10;0;0
10.566;133;-10;0;0
10.572;148;-10;0;0
10.578;164;-10;0;0
10.584;179;-10;0;0
10.59;195;-10;0;0
10.596;210;-10;0;0
10.602;225;-10;0;0
10.608;241;-10;0;0
10.614;256;-10;0;0
10.62;263;-10;0;0
10.626;271;0;0;0
10.629;286;-10;0;0
10.635;286;0;0;0
10.638;301;-10;0;0
10.644;309;-11;0;0
10.65;316;0;0;0
10.653;323;-5;0;0
10.659;331;0;0;0
10.662;338;-5;0;0
10.668;346;0;0;0
10.671;346;0;0;0
10.674;353;-6;0;0
10.68;360;0;0;0
10.683;368;-5;0;0
10.689;375;-10;0;0
10.695;375;0;0;0
10.698;375;0;0;0
10.701;375;0;0;0
10.704;382;-6;0;0
10.71;382;0;0;0
10.713;389;-5;0;0
10.719;389;0;0;0
10.722;389;0;0;0
10.725;389;0;0;0
10.728;389;0;0;0
10.731;389;0;0;0
10.734;389;0;0;0
10.737;389;0;0;0
10.743;389;0;0;0
10.746;389;0;0;0
10.749;389;0;0;0
10.752;389;0;0;0
10.755;389;0;0;0
10.758;389;0;0;0
10.764;389;0;0;0
10.767;389;0;0;0
10.77;389;0;0;0
10.773;389;0;0;0
10.776;382;6;0;0
10.782;382;0;0;0
10.785;375;5;0;0
10.791;375;0;0;0
10.794;375;0;0;0
10.797;368;6;0;0
10.803;360;10;0;0
10.809;360;0;0;0
10.812;353;5;0;0
10.818;346;0;0;0
10.821;346;0;0;0
10.824;338;6;0;0
10.83;331;0;0;0
10.833;323;5;0;0
10.839;316;0;0;0
10.842;316;0;0;0
10.845;309;6;0;0
10.851;301;0;0;0
10.854;294;5;0;0
10.86;286;0;0;0
10.863;271;10;0;0
10.869;263;10;0;0
10.875;256;0;0;0
10.878;241;10;0;0
10.884;233;0;0;0
10.887;225;5;0;0
10.893;210;10;0;0
10.899;202;0;0;0
10.902;195;5;0;0
10.908;179;10;0;0
10.914;164;10;0;0
10.92;148;10;0;0
10.926;133;10;0;0
10.932;117;10;0;0
10.938;101;10;0;0
10.944;86;10;0;0
10.95;78;0;0;0
10.953;70;5;0;0
10.956;62;6;0;0
10.962;54;0;0;0
10.965;39;10;0;0
10.971;23;10;0;0
10.977;7;10;0;0
10.98;0;5;0;0
10.983;-7;6;0;0
10.989;-23;10;0;0
10.995;-31;0;0;0
10.998;-39;5;0;0
11.004;-54;0;0;0
11.007;-62;5;0;0
11.013;-78;10;0;0
11.019;-86;0;0;0
11.022;-101;10;0;0
11.028;-117;10;0;0
11.034;-125;0;0;0
11.037;-140;10;0;0
11.043;-148;0;0;0
11.046;-148;0;0;0
11.049;-156;6;0;0
11.055;-164;0;0;0
11.058;-171;5;0;0
11.064;-179;0;0;0
11.067;-187;5;0;0
11.073;-202;11;0;0
11.079;-210;0;0;0
11.082;-218;5;0;0
11.088;-225;0;0;0
11.091;-233;5;0;0
11.097;-241;10;0;0
11.103;-241;0;0;0
11.106;-248;5;0;0
11.112;-256;0;0;0
11.115;-263;5;0;0
11.121;-271;11;0;0
11.127;-271;0;0;0
11.13;-271;0;0;0
11.133;-278;6;0;0
11.139;-278;0;0;0
11.142;-286;5;0;0
11.148;-286;0;0;0
11.151;-294;5;0;0
11.157;-294;0;0;0
11.16;-294;0;0;0
11.163;-301;6;0;0
11.169;-301;0;0;0
11.172;-301;0;0;0
11.175;-301;0;0;0
11.181;-301;0;0;0
11.184;-301;0;0;0
11.187;-301;0;0;0
11.193;-301;0;0;0
11.196;-301;0;0;0
11.199;-301;0;0;0
11.205;-301;0;0;0
11.208;-301;0;0;0
11.211;-294;-6;0;0
11.217;-294;0;0;0
11.22;-294;0;0;0
11.223;-294;0;0;0
11.229;-286;0;0;0
11.232;-286;0;0;0
11.235;-286;0;0;0
11.241;-278;0;0;0
11.244;-278;0;0;0
11.247;-271;-6;0;0
11.253;-271;0;0;0
11.256;-271;0;0;0
11.259;-271;0;0;0
11.265;-263;0;0;0
11.268;-256;-5;0;0
11.274;-256;0;0;0
11.277;-248;-5;0;0
11.283;-241;0;0;0
11.286;-241;0;0;0
11.289;-233;-6;0;0
11.295;-225;0;0;0
11.298;-218;-5;0;0
11.304;-210;0;0;0
11.307;-210;0;0;0
11.31;-202;-6;0;0
11.316;-195;-11;0;0
11.322;-187;0;0;0
11.325;-179;0;0;0
11.328;-171;-6;0;0
11.334;-164;0;0;0
11.337;-156;-5;0;0
11.343;-148;0;0;0
11.346;-148;0;0;0
11.349;-140;-6;0;0
11.355;-133;0;0;0
11.358;-125;-5;0;0
11.364;-117;0;0;0
11.367;-109;-5;0;0
11.373;-101;0;0;0
11.376;-86;-10;0;0
11.382;-86;0;0;0
11.385;-70;-10;0;0
11.391;-62;-10;0;0
11.397;-54;0;0;0
11.4;-47;-5;0;0
11.406;-39;0;0;0
11.409;-23;-10;0;0
11.415;-23;0;0;0
11.418;-15;-5;0;0
11.424;-7;0;0;0
11.427;0;-5;0;0
11.43;7;-6;0;0
11.433;7;0;0;0
11.436;15;-6;0;0
11.442;23;0;0;0
11.445;31;-5;0;0
11.451;39;0;0;0
11.454;47;-5;0;0
11.46;54;0;0;0
11.463;62;-5;0;0
11.469;70;0;0;0
11.472;78;-5;0;0
11.478;86;-10;0;0
11.484;94;-10;0;0
11.49;101;0;0;0
11.493;101;0;0;0
11.496;109;-6;0;0
11.502;117;0;0;0
11.505;125;-5;0;0
11.511;133;0;0;0
11.514;133;0;0;0
11.517;133;0;0;0
11.52;140;-6;0;0
11.526;148;-10;0;0
11.532;148;0;0;0
11.535;156;-5;0;0
11.541;164;0;0;0
11.544;164;0;0;0
11.547;164;0;0;0
11.55;171;-6;0;0
11.556;171;0;0;0
11.559;179;-5;0;0
11.565;179;0;0;0
11.568;187;-5;0;0
11.574;187;0;0;0
11.577;187;0;0;0
11.58;195;-6;0;0
11.586;195;0;0;0
11.589;195;0;0;0
11.592;195;0;0;0
11.595;195;0;0;0
11.598;195;0;0;0
11.601;195;0;0;0
11.604;195;0;0;0
11.607;195;0;0;0
11.61;195;0;0;0
11.616;202;-10;0;0
11.622;202;0;0;0
11.625;202;0;0;0
11.628;202;0;0;0
11.631;202;0;0;0
11.634;195;6;0;0
11.64;195;0;0;0
11.643;195;0;0;0
11.646;195;0;0;0
11.649;195;0;0;0
11.652;195;0;0;0
11.655;195;0;0;0
11.658;195;0;0;0
11.661;195;0;0;0
11.664;195;0;0;0
11.67;195;0;0;0
11.673;187;5;0;0
11.679;187;0;0;0
11.682;187;0;0;0
11.685;187;0;0;0
11.688;179;6;0;0
11.694;179;0;0;0
11.697;179;0;0;0
11.7;179;0;0;0
11.703;171;6;0;0
11.709;171;0;0;0
11.712;164;5;0;0
11.718;164;0;0;0
11.721;164;0;0;0
11.724;156;6;0;0
11.73;148;10;0;0
11.736;148;0;0;0
11.739;140;5;0;0
11.745;140;0;0;0
11.748;133;5;0;0
11.754;133;0;0;0
11.757;125;5;0;0
11.763;117;10;0;0
11.769;117;0;0;0
11.772;109;5;0;0
11.778;101;0;0;0
11.781;101;0;0;0
11.784;101;0;0;0
11.787;94;6;0;0
11.793;86;0;0;0
11.796;86;0;0;0
11.799;78;6;0;0
11.802;78;0;0;0
11.805;70;6;0;0
11.811;70;0;0;0
11.814;70;0;0;0
11.817;62;6;0;0
11.82;62;0;0;0
11.823;54;6;0;0
11.829;54;0;0;0
11.832;47;5;0;0
11.835;39;6;0;0
11.841;39;0;0;0
11.844;39;0;0;0
11.847;31;6;0;0
11.85;23;6;0;0
11.856;23;0;0;0
11.859;15;5;0;0
11.862;7;6;0;0
11.868;7;0;0;0
11.871;7;0;0;0
11.874;7;0;0;0
11.877;0;6;0;0
11.88;0;0;0;0
11.883;0;0;0;0
11.886;-7;6;0;0
11.889;-7;0;0;0
11.892;-7;0;0;0
11.895;-7;0;0;0
11.898;-15;6;0;0
11.904;-15;0;0;0
11.907;-23;5;0;0
11.913;-23;0;0;0
11.916;-23;0;0;0
11.919;-23;0;0;0
11.922;-23;0;0;0
11.925;-23;0;0;0
11.928;-23;0;0;0
11.934;-31;0;0;0
11.937;-31;0;0;0
11.94;-31;0;0;0
11.943;-31;0;0;0
11.946;-31;0;0;0
11.952;-31;0;0;0
11.955;-31;0;0;0
11.958;-31;0;0;0
11.961;-31;0;0;0
11.964;-31;0;0;0
11.967;-31;0;0;0
11.973;-31;0;0;0
11.976;-31;0;0;0
11.979;-31;0;0;0
11.982;-31;0;0;0
11.985;-31;0;0;0
11.988;-31;0;0;0
11.994;-31;0;0;0
11.997;-31;0;0;0
12.0;-31;0;0;0
12.006;-23;0;0;0
12.009;-23;0;0;0
12.012;-23;0;0;0
12.015;-23;0;0;0
12.018;-23;0;0;0
12.021;-23;0;0;0
12.027;-23;0;0;0
12.03;-23;0;0;0
12.033;-23;0;0;0
12.036;-23;0;0;0
12.039;-23;0;0;0
12.042;-23;0;0;0
12.048;-15;0;0;0
12.051;-15;0;0;0
12.054;-15;0;0;0
12.057;-15;0;0;0
12.06;-7;-6;0;0
12.066;-7;0;0;0
12.069;-7;0;0;0
12.072;-7;0;0;0
12.075;-7;0;0;0
12.078;-7;0;0;0
12.081;-7;0;0;0
12.084;0;-6;0;0
12.087;0;0;0;0
12.09;0;0;0;0
12.093;0;0;0;0
12.096;0;0;0;0
12.099;0;0;0;0
12.102;7;-6;0;0
12.105;7;0;0;0
12.108;7;0;0;0
12.111;7;0;0;0
12.114;7;0;0;0
12.117;7;0;0;0
12.12;7;0;0;0
12.123;7;0;0;0
12.126;7;0;0;0
12.129;7;0;0;0
12.132;7;0;0;0
12.135;7;0;0;0
12.138;7;0;0;0
12.141;7;0;0;0
12.144;15;-6;0;0
12.15;15;0;0;0
12.153;15;0;0;0
12.156;15;0;0;0
12.159;15;0;0;0
12.162;15;0;0;0
12.165;23;-6;0;0
12.171;23;0;0;0
12.174;23;0;0;0
12.177;23;0;0;0
12.18;23;0;0;0
12.183;23;0;0;0
12.186;23;0;0;0
12.189;23;0;0;0
12.192;31;-6;0;0
12.198;31;0;0;0
12.201;31;0;0;0
12.204;31;0;0;0
12.207;39;-6;0;0
12.213;39;0;0;0
12.216;39;0;0;0
12.219;39;0;0;0
12.222;39;0;0;0
12.225;39;0;0;0
12.228;39;0;0;0
12.231;39;0;0;0
12.234;39;0;0;0
12.237;39;0;0;0
12.24;39;0;0;0
12.243;39;0;0;0
12.246;39;0;0;0
12.249;39;0;0;0
12.252;39;0;0;0
12.255;39;0;0;0
12.258;39;0;0;0
12.261;39;0;0;0
12.264;39;0;0;0
12.267;39;0;0;0
12.27;39;0;0;0
12.273;39;0;0;0
12.276;39;0;0;0
12.279;39;0;0;0
12.282;39;0;0;0
12.285;39;0;0;0
12.288;39;0;0;0
12.291;39;0;0;0
12.294;39;0;0;0
12.297;39;0;0;0
12.3;39;0;0;0
12.303;39;0;0;0
12.306;39;0;0;0
12.309;39;0;0;0
12.312;39;0;0;0
12.315;39;0;0;0
12.318;39;0;0;0
12.321;39;0;0;0
12.324;39;0;0;0
12.327;39;0;0;0
12.33;39;0;0;0
12.333;39;0;0;0
12.336;39;0;0;0
12.339;39;0;0;0
12.342;39;0;0;0
12.345;39;0;0;0
12.348;39;0;0;0
12.351;39;0;0;0
12.354;39;0;0;0
12.357;31;6;0;0
12.36;31;0;0;0
12.363;31;0;0;0
12.366;31;0;0;0
12.369;31;0;0;0
12.372;31;0;0;0
12.375;31;0;0;0
12.378;31;0;0;0
12.381;31;0;0;0
12.384;23;6;0;0
12.387;23;0;0;0
12.39;23;0;0;0
12.393;23;0;0;0
12.396;23;0;0;0
12.399;23;0;0;0
12.402;23;0;0;0
12.405;23;0;0;0
12.408;23;0;0;0
12.411;23;0;0;0
12.414;23;0;0;0
12.417;15;6;0;0
12.42;15;0;0;0
12.423;15;0;0;0
12.426;15;0;0;0
12.429;15;0;0;0
12.432;15;0;0;0
12.435;15;0;0;0
12.438;15;0;0;0
12.441;15;0;0;0
12.444;7;6;0;0
12.447;7;0;0;0
12.45;7;0;0;0
12.453;7;0;0;0
12.456;7;0;0;0
12.459;7;0;0;0
12.462;7;0;0;0
12.465;7;0;0;0
12.468;7;0;0;0
12.471;7;0;0;0
12.474;7;0;0;0
12.477;7;0;0;0
12.48;7;0;0;0
12.483;7;0;0;0
12.486;7;0;0;0
12.489;7;0;0;0
12.492;7;0;0;0
12.495;7;0;0;0
12.498;7;0;0;0
12.501;7;0;0;0
12.504;7;0;0;0
12.507;7;0;0;0
12.51;7;0;0;0
12.513;7;0;0;0
12.516;7;0;0;0
12.519;7;0;0;0
12.522;7;0;0;0
12.525;7;0;0;0
12.528;7;0;0;0
12.531;7;0;0;0
12.534;7;0;0;0
12.537;0;6;0;0
12.54;0;0;0;0
12.543;0;0;0;0
12.546;0;0;0;0
12.549;0;0;0;0
12.552;0;0;0;0
12.555;0;0;0;0
12.558;0;0;0;0
12.561;0;0;0;0
12.564;0;0;0;0
12.567;0;0;0;0
12.57;0;0;0;0
12.573;0;0;0;0
12.576;0;0;0;0
12.579;0;0;0;0
12.582;0;0;0;0
12.585;7;-6;0;0
12.588;7;0;0;0
12.591;7;0;0;0
12.594;7;0;0;0
12.597;7;0;0;0
12.6;7;0;0;0
12.603;7;0;0;0
12.606;7;0;0;0
12.609;7;0;0;0
12.612;7;0;0;0
12.615;7;0;0;0
12.618;7;0;0;0
12.621;7;0;0;0
12.624;7;0;0;0
12.627;7;0;0;0
12.63;7;0;0;0
12.633;7;0;0;0
12.636;7;0;0;0
12.639;7;0;0;0
12.642;7;0;0;0
12.645;7;0;0;0
12.648;7;0;0;0
12.651;7;0;0;0
12.654;7;0;0;0
12.657;7;0;0;0
12.66;7;0;0;0
12.663;7;0;0;0
12.666;7;0;0;0
12.669;7;0;0;0
12.672;7;0;0;0
12.675;7;0;0;0
12.678;7;0;0;0
12.681;7;0;0;0
12.684;7;0;0;0
12.687;7;0;0;0
12.69;7;0;0;0
12.693;7;0;0;0
12.696;7;0;0;0
12.699;7;0;0;0
12.702;7;0;0;0
12.705;7;0;0;0
12.708;7;0;0;0
12.711;7;0;0;0
12.714;7;0;0;0
12.717;7;0;0;0
12.72;7;0;0;0
12.723;7;0;0;0
12.726;7;0;0;0
12.729;7;0;0;0
12.732;7;0;0;0
12.735;7;0;0;0
12.738;7;0;0;0
12.741;7;0;0;0
12.744;7;0;0;0
12.747;7;0;0;0
12.75;7;0;0;0
12.753;7;0;0;0
12.756;7;0;0;0
12.759;7;0;0;0
12.762;7;0;0;0
12.765;7;0;0;0
12.768;7;0;0;0
12.771;7;0;0;0
12.774;7;0;0;0
12.777;7;0;0;0
12.78;7;0;0;0
12.783;7;0;0;0
12.786;7;0;0;0
12.789;7;0;0;0
12.792;7;0;0;0
12.795;7;0;0;0
12.798;7;0;0;0
12.801;7;0;0;0
12.804;7;0;0;0
12.807;7;0;0;0
12.81;7;0;0;0
12.813;7;0;0;0
12.816;7;0;0;0
12.819;7;0;0;0
12.822;7;0;0;0
12.825;7;0;0;0
12.828;7;0;0;0
12.831;7;0;0;0
12.834;7;0;0;0
12.837;7;0;0;0
12.84;7;0;0;0
12.843;7;0;0;0
12.846;7;0;0;0
12.849;7;0;0;0
12.852;7;0;0;0
12.855;7;0;0;0
12.858;7;0;0;0
12.861;7;0;0;0
12.864;7;0;0;0
12.867;7;0;0;0
12.87;7;0;0;0
12.873;7;0;0;0
12.876;7;0;0;0
12.879;7;0;0;0
12.882;7;0;0;0
12.885;7;0;0;0
12.888;7;0;0;0
12.891;7;0;0;0
12.894;7;0;0;0
12.897;7;0;0;0
12.9;7;0;0;0
12.903;7;0;0;0
12.906;7;0;0;0
12.909;7;0;0;0
12.912;7;0;0;0
12.915;7;0;0;0
12.918;7;0;0;0
12.921;7;0;0;0
12.924;7;0;0;0
12.927;7;0;0;0
12.93;7;0;0;0
12.933;7;0;0;0
12.936;7;0;0;0
12.939;7;0;0;0
12.942;7;0;0;0
12.945;7;0;0;0
12.948;7;0;0;0
12.951;7;0;0;0
12.954;7;0;0;0
12.957;7;0;0;0
12.96;7;0;0;0
12.963;7;0;0;0
12.966;7;0;0;0
12.969;7;0;0;0
12.972;7;0;0;0
12.975;7;0;0;0
12.978;7;0;0;0
12.981;7;0;0;0
12.984;7;0;0;0
12.987;7;0;0;0
12.99;7;0;0;0
12.993;7;0;0;0
12.996;7;0;0;0
12.999;7;0;0;0
13.002;7;0;0;0
13.005;7;0;0;0
13.008;7;0;0;0
13.011;7;0;0;0
13.014;7;0;0;0
13.017;7;0;0;0
13.02;7;0;0;0
13.023;7;0;0;0
13.026;7;0;0;0
13.029;7;0;0;0
13.032;7;0;0;0
13.035;7;0;0;0
13.038;7;0;0;0
13.041;7;0;0;0
13.044;7;0;0;0
13.047;7;0;0;0
13.05;7;0;0;0
13.053;7;0;0;0
13.056;7;0;0;0
13.059;7;0;0;0
13.062;7;0;0;0
13.065;7;0;0;0
13.068;7;0;0;0
13.071;7;0;0;0
13.074;7;0;0;0
13.077;7;0;0;0
13.08;7;0;0;0
13.083;7;0;0;0
13.086;7;0;0;0
13.089;7;0;0;0
13.092;7;0;0;0
13.095;7;0;0;0
13.098;7;0;0;0
13.101;7;0;0;0
13.104;7;0;0;0
13.107;7;0;0;0
13.11;7;0;0;0
13.113;7;0;0;0
13.116;7;0;0;0
13.119;7;0;0;0
13.122;7;0;0;0
13.125;7;0;0;0
13.128;7;0;0;0
13.131;7;0;0;0
13.134;7;0;0;0
13.137;7;0;0;0
13.14;7;0;0;0
13.143;7;0;0;0
13.146;7;0;0;0
13.149;7;0;0;0
13.152;7;0;0;0
13.155;7;0;0;0
13.158;7;0;0;0
13.161;7;0;0;0
13.164;7;0;0;0
13.167;7;0;0;0
13.17;7;0;0;0
13.173;7;0;0;0
13.176;7;0;0;0
13.179;7;0;0;0
13.182;7;0;0;0
13.185;7;0;0;0
13.188;7;0;0;0
13.191;7;0;0;0
13.194;7;0;0;0
13.197;7;0;0;0
13.2;7;0;0;0
13.203;7;0;0;0
13.206;7;0;0;0
13.209;7;0;0;0
13.212;7;0;0;0
13.215;7;0;0;0
13.218;7;0;0;0
13.221;7;0;0;0
13.224;7;0;0;0
13.227;7;0;0;0
13.23;7;0;0;0
13.233;7;0;0;0
13.236;7;0;0;0
13.239;7;0;0;0
13.242;7;0;0;0
13.245;7;0;0;0
13.248;7;0;0;0
13.251;7;0;0;0
13.254;7;0;0;0
13.257;7;0;0;0
13.26;7;0;0;0
13.263;7;0;0;0
13.266;7;0;0;0
13.269;7;0;0;0
13.272;7;0;0;0
13.275;7;0;0;0
13.278;7;0;0;0
13.281;7;0;0;0
13.284;7;0;0;0
13.287;7;0;0;0
13.29;7;0;0;0
13.293;7;0;0;0
13.296;7;0;0;0
13.299;7;0;0;0
13.302;7;0;0;0
13.305;7;0;0;0
13.308;7;0;0;0
13.311;7;0;0;0
13.314;7;0;0;0
13.317;7;0;0;0
13.32;7;0;0;0
13.323;7;0;0;0
13.326;7;0;0;0
13.329;7;0;0;0
13.332;7;0;0;0
13.335;7;0;0;0
13.338;7;0;0;0
13.341;7;0;0;0
13.344;7;0;0;0
13.347;7;0;0;0
13.35;7;0;0;0
13.353;7;0;0;0
13.356;7;0;0;0
13.359;7;0;0;0
13.362;7;0;0;0
13.365;7;0;0;0
13.368;7;0;0;0
13.371;7;0;0;0
13.374;7;0;0;0
13.377;7;0;0;0
13.38;7;0;0;0
13.383;7;0;0;0
13.386;7;0;0;0
13.389;7;0;0;0
13.392;7;0;0;0
13.395;7;0;0;0
13.398;7;0;0;0
13.401;7;0;0;0
13.404;7;0;0;0
13.407;7;0;0;0
13.41;7;0;0;0
13.413;7;0;0;0
13.416;7;0;0;0
13.419;7;0;0;0
13.422;7;0;0;0
13.425;7;0;0;0
13.428;7;0;0;0
13.431;7;0;0;0
13.434;7;0;0;0
13.437;15;-6;0;0
13.443;15;0;0;0
13.446;15;0;0;0
13.449;15;0;0;0
13.452;15;0;0;0
13.455;15;0;0;0
13.458;23;-6;0;0
13.461;23;0;0;0
13.464;23;0;0;0
13.467;23;0;0;0
13.47;23;0;0;0
13.473;31;-6;0;0
13.479;39;-10;0;0
13.485;39;0;0;0
13.488;39;0;0;0
13.491;39;0;0;0
13.494;47;-6;0;0
13.5;47;0;0;0
13.503;54;-5;0;0
13.509;54;0;0;0
13.512;62;-5;0;0
13.518;70;0;0;0
13.521;70;0;0;0
13.524;78;-6;0;0
13.53;86;-10;0;0
13.536;94;0;0;0
13.539;101;-5;0;0
13.545;109;-10;0;0
13.551;117;0;0;0
13.554;125;-5;0;0
13.56;133;0;0;0
13.563;140;-5;0;0
13.569;156;-10;0;0
13.575;164;0;0;0
13.578;179;-10;0;0
13.584;187;0;0;0
13.587;195;-5;0;0
13.593;210;-10;0;0
13.599;225;-10;0;0
13.605;233;0;0;0
13.608;248;-10;0;0
13.614;263;-10;0;0
13.62;286;-21;0;0
13.626;301;-10;0;0
13.632;316;-10;0;0
13.638;331;-10;0;0
13.644;346;0;0;0
13.647;360;-10;0;0
13.653;375;-10;0;0
13.659;389;-10;0;0
13.665;404;0;0;0
13.668;418;-10;0;0
13.674;432;0;0;0
13.677;439;-5;0;0
13.683;460;-10;0;0
13.689;481;-10;0;0
13.695;502;-10;0;0
13.701;515;0;0;0
13.704;529;-10;0;0
13.71;542;-11;0;0
13.716;549;-10;0;0
13.722;568;-10;0;0
13.728;587;-10;0;0
13.734;600;-10;0;0
13.74;619;-10;0;0
13.746;631;0;0;0
13.749;643;-10;0;0
13.755;655;0;0;0
13.758;667;-10;0;0
13.764;684;-11;0;0
13.77;701;-10;0;0
13.776;712;0;0;0
13.779;718;-5;0;0
13.785;734;-10;0;0
13.791;744;0;0;0
13.794;755;-10;0;0
13.8;765;0;0;0
13.803;775;-10;0;0
13.809;785;-10;0;0
13.815;794;0;0;0
13.818;804;-10;0;0
13.824;813;-11;0;0
13.83;818;-10;0;0
13.836;827;0;0;0
13.839;831;-5;0;0
13.845;840;-10;0;0
13.851;848;-10;0;0
13.857;852;-10;0;0
13.863;856;0;0;0
13.866;864;-10;0;0
13.872;864;0;0;0
13.875;868;-5;0;0
13.881;872;-10;0;0
13.887;876;-10;0;0
13.893;880;-10;0;0
13.899;880;0;0;0
13.902;880;0;0;0
13.905;880;0;0;0
13.908;880;0;0;0
13.911;880;0;0;0
13.914;880;0;0;0
13.917;880;0;0;0
13.923;876;10;0;0
13.929;872;10;0;0
13.935;872;0;0;0
13.938;868;5;0;0
13.944;868;0;0;0
13.947;868;0;0;0
13.95;868;0;0;0
13.953;868;0;0;0
13.956;864;6;0;0
13.962;864;0;0;0
13.965;856;10;0;0
13.971;848;10;0;0
13.977;844;10;0;0
13.983;840;0;0;0
13.986;835;5;0;0
13.992;831;0;0;0
13.995;827;5;0;0
14.001;818;10;0;0
14.007;809;10;0;0
14.013;799;10;0;0
14.019;794;0;0;0
14.022;785;10;0;0
14.028;775;10;0;0
14.034;765;10;0;0
14.04;755;10;0;0
14.046;744;10;0;0
14.052;734;0;0;0
14.055;723;10;0;0
14.061;712;0;0;0
14.064;701;10;0;0
14.07;690;10;0;0
14.076;678;10;0;0
14.082;667;0;0;0
14.085;655;10;0;0
14.091;637;10;0;0
14.097;619;10;0;0
14.103;600;10;0;0
14.109;587;10;0;0
14.115;568;10;0;0
14.121;555;10;0;0
14.127;542;0;0;0
14.13;529;10;0;0
14.136;515;10;0;0
14.142;502;10;0;0
14.148;488;10;0;0
14.154;481;10;0;0
14.16;467;10;0;0
14.166;460;0;0;0
14.169;453;5;0;0
14.175;446;0;0;0
14.178;439;5;0;0
14.184;439;0;0;0
14.187;439;0;0;0
14.19;439;0;0;0
14.193;439;0;0;0
14.196;439;0;0;0
14.199;439;0;0;0
14.205;439;0;0;0
14.208;446;-5;0;0
14.214;453;0;0;0
14.217;460;-5;0;0
14.223;474;-10;0;0
14.229;488;-10;0;0
14.235;495;-10;0;0
14.241;515;-10;0;0
14.247;529;-10;0;0
14.253;542;0;0;0
14.256;555;-10;0;0
14.262;568;0;0;0
14.265;587;-15;0;0
14.271;606;-22;0;0
14.277;631;-21;0;0
14.283;649;-10;0;0
14.289;673;-10;0;0
14.295;695;-10;0;0
14.301;718;-10;0;0
14.307;739;-10;0;0
14.313;760;-10;0;0
14.319;780;-10;0;0
14.325;804;-21;0;0
14.331;822;-21;0;0
14.337;840;-21;0;0
14.343;856;-10;0;0
14.349;876;-21;0;0
14.355;891;-21;0;0
14.361;908;-21;0;0
14.367;920;-21;0;0
14.373;932;-10;0;0
14.379;943;0;0;0
14.382;953;-20;0;0
14.388;960;-11;0;0
14.394;970;-21;0;0
14.4;977;-21;0;0
14.406;983;-10;0;0
14.412;988;-10;0;0
14.418;993;-10;0;0
14.424;996;-10;0;0
14.43;998;-10;0;0
14.436;999;-10;0;0
14.442;999;-10;0;0
14.448;999;-10;0;0
14.454;997;0;0;0
14.457;995;-15;0;0
14.463;993;-11;0;0
14.469;988;-21;0;0
14.475;985;-10;0;0
14.481;977;-21;0;0
14.487;970;-21;0;0
14.493;964;-10;0;0
14.499;958;-10;0;0
14.505;948;-21;0;0
14.511;940;-10;0;0
14.517;929;-10;0;0
14.523;920;-10;0;0
14.529;908;-21;0;0
14.535;898;-10;0;0
14.541;887;-10;0;0
14.547;876;-10;0;0
14.553;864;-10;0;0
14.559;848;-21;0;0
14.565;835;-10;0;0
14.571;822;0;0;0
14.574;813;-10;0;0
14.58;804;0;0;0
14.583;794;-10;0;0
14.589;785;0;0;0
14.592;770;-15;0;0
14.598;760;-11;0;0
14.604;744;-10;0;0
14.61;734;0;0;0
14.613;723;-10;0;0
14.619;712;-11;0;0
14.625;701;0;0;0
14.628;690;-10;0;0
14.634;678;-10;0;0
14.64;667;-10;0;0
14.646;655;-10;0;0
14.652;643;-10;0;0
14.658;631;0;0;0
14.661;619;-10;0;0
14.667;612;-11;0;0
14.673;606;0;0;0
14.676;594;-10;0;0
14.682;587;-11;0;0
14.688;581;0;0;0
14.691;581;0;0;0
14.694;575;-6;0;0
14.7;568;0;0;0
14.703;562;-5;0;0
14.709;555;0;0;0
14.712;549;-5;0;0
14.718;542;-10;0;0
14.724;535;-10;0;0
14.73;529;-10;0;0
14.736;529;0;0;0
14.739;529;0;0;0
14.742;529;0;0;0
14.745;522;-6;0;0
14.751;522;0;0;0
14.754;515;-5;0;0
14.76;515;0;0;0
14.763;515;0;0;0
14.766;515;0;0;0
14.769;515;0;0;0
14.772;515;0;0;0
14.778;515;0;0;0
14.781;515;0;0;0
14.784;515;0;0;0
14.787;515;0;0;0
14.79;515;0;0;0
14.796;515;0;0;0
14.799;515;0;0;0
14.802;515;0;0;0
14.805;522;6;0;0
14.811;522;0;0;0
14.814;529;5;0;0
14.82;529;0;0;0
14.823;529;0;0;0
14.826;529;0;0;0
14.829;535;6;0;0
14.835;542;10;0;0
14.841;542;0;0;0
14.844;549;5;0;0
14.85;555;10;0;0
14.856;555;0;0;0
14.859;562;5;0;0
14.865;568;0;0;0
14.868;575;5;0;0
14.874;581;10;0;0
14.88;581;0;0;0
14.883;587;5;0;0
14.889;594;0;0;0
14.892;600;5;0;0
14.898;606;0;0;0
14.901;606;0;0;0
14.904;619;13;0;0
14.91;625;11;0;0
14.916;631;0;0;0
14.919;637;5;0;0
14.925;643;0;0;0
14.928;655;10;0;0
14.934;655;0;0;0
14.937;667;10;0;0
14.943;673;0;0;0
14.946;678;5;0;0
14.952;684;10;0;0
14.958;690;0;0;0
14.961;701;10;0;0
14.967;701;0;0;0
14.97;707;5;0;0
14.976;718;10;0;0
14.982;723;0;0;0
14.985;728;5;0;0
14.991;734;0;0;0
14.994;739;5;0;0
15.0;744;0;0;0
15.003;755;10;0;0
15.009;755;0;0;0
15.012;760;5;0;0
15.018;765;0;0;0
15.021;770;5;0;0
15.027;775;10;0;0
15.033;780;0;0;0
15.036;785;5;0;0
15.042;790;10;0;0
15.048;794;10;0;0
15.054;799;10;0;0
15.06;804;0;0;0
15.063;804;0;0;0
15.066;804;0;0;0
15.069;809;6;0;0
15.075;809;0;0;0
15.078;813;5;0;0
15.084;813;0;0;0
15.087;813;0;0;0
15.09;818;6;0;0
15.096;818;0;0;0
15.099;818;0;0;0
15.102;818;0;0;0
15.105;818;0;0;0
15.108;818;0;0;0
15.114;818;0;0;0
15.117;818;0;0;0
15.12;818;0;0;0
15.123;818;0;0;0
15.126;818;0;0;0
15.132;818;0;0;0
15.135;813;-5;0;0
15.141;813;0;0;0
15.144;809;-5;0;0
15.15;809;0;0;0
15.153;804;-5;0;0
15.159;804;0;0;0
15.162;804;0;0;0
15.165;799;-6;0;0
15.171;794;0;0;0
15.174;790;-5;0;0
15.18;785;-10;0;0
15.186;785;0;0;0
15.189;780;-5;0;0
15.195;775;0;0;0
15.198;770;-5;0;0
15.204;765;0;0;0
15.207;765;0;0;0
15.21;760;-6;0;0
15.216;755;0;0;0
15.219;744;-10;0;0
15.225;744;0;0;0
15.228;739;-5;0;0
15.234;728;-10;0;0
15.24;723;0;0;0
15.243;718;-5;0;0
15.249;712;0;0;0
15.252;707;-5;0;0
15.258;701;0;0;0
15.261;695;-5;0;0
15.267;690;0;0;0
15.27;684;-5;0;0
15.276;678;0;0;0
15.279;673;-5;0;0
15.285;667;0;0;0
15.288;661;-5;0;0
15.294;655;0;0;0
15.297;643;-10;0;0
15.303;637;-11;0;0
15.309;631;0;0;0
15.312;625;-5;0;0
15.318;619;0;0;0
15.321;606;-10;0;0
15.327;606;0;0;0
15.33;600;-5;0;0
15.336;594;0;0;0
15.339;581;-10;0;0
15.345;581;0;0;0
15.348;575;-5;0;0
15.354;568;0;0;0
15.357;562;-5;0;0
15.363;555;0;0;0
15.366;555;0;0;0
15.369;549;-6;0;0
15.375;535;-11;0;0
15.381;529;0;0;0
15.384;529;0;0;0
15.387;522;-6;0;0
15.393;515;0;0;0
15.396;509;-5;0;0
15.402;502;-10;0;0
15.408;502;0;0;0
15.411;495;-5;0;0
15.417;488;0;0;0
15.42;488;0;0;0
15.423;481;-6;0;0
15.429;474;0;0;0
15.432;474;0;0;0
15.435;474;0;0;0
15.438;467;-6;0;0
15.444;467;0;0;0
15.447;460;-5;0;0
15.453;460;0;0;0
15.456;453;-5;0;0
15.462;453;0;0;0
15.465;446;-5;0;0
15.471;446;0;0;0
15.474;446;0;0;0
15.477;446;0;0;0
15.48;446;0;0;0
15.483;446;0;0;0
15.489;446;0;0;0
15.492;446;0;0;0
15.495;446;0;0;0
15.498;446;0;0;0
15.501;446;0;0;0
15.507;446;0;0;0
15.51;446;0;0;0
15.513;446;0;0;0
15.516;446;0;0;0
15.519;446;0;0;0
15.525;446;0;0;0
15.528;446;0;0;0
15.531;446;0;0;0
15.534;446;0;0;0
15.537;446;0;0;0
15.543;446;0;0;0
15.546;446;0;0;0
15.549;446;0;0;0
15.552;446;0;0;0
15.555;446;0;0;0
15.561;453;10;0;0
15.567;453;0;0;0
15.57;453;0;0;0
15.573;453;0;0;0
15.576;453;0;0;0
15.582;460;0;0;0
15.585;460;0;0;0
15.588;460;0;0;0
15.591;460;0;0;0
15.594;460;0;0;0
15.6;467;0;0;0
15.603;467;0;0;0
15.606;467;0;0;0
15.609;467;0;0;0
15.612;474;6;0;0
15.618;474;0;0;0
15.621;474;0;0;0
15.624;474;0;0;0
15.627;474;0;0;0
15.63;474;0;0;0
15.636;474;0;0;0
15.639;481;5;0;0
15.645;481;0;0;0
15.648;481;0;0;0
15.651;481;0;0;0
15.654;488;6;0;0
15.66;488;0;0;0
15.663;488;0;0;0
15.666;488;0;0;0
15.669;488;0;0;0
15.675;495;0;0;0
15.678;495;0;0;0
15.681;495;0;0;0
15.684;495;0;0;0
15.687;502;6;0;0
15.693;502;0;0;0
15.696;502;0;0;0
15.699;502;0;0;0
15.702;502;0;0;0
15.705;502;0;0;0
15.711;502;0;0;0
15.714;502;0;0;0
15.717;502;0;0;0
15.72;502;0;0;0
15.726;502;0;0;0
15.729;502;0;0;0
15.732;502;0;0;0
15.735;502;0;0;0
15.741;502;0;0;0
15.744;502;0;0;0
15.747;502;0;0;0
15.75;502;0;0;0
15.753;502;0;0;0
15.759;502;0;0;0
15.762;502;0;0;0
15.765;502;0;0;0
15.768;502;0;0;0
15.771;502;0;0;0
15.777;502;0;0;0
15.78;502;0;0;0
15.783;502;0;0;0
15.786;502;0;0;0
15.789;502;0;0;0
15.795;502;0;0;0
15.798;502;0;0;0
15.801;502;0;0;0
15.804;502;0;0;0
15.807;502;0;0;0
15.813;502;0;0;0
15.816;502;0;0;0
15.819;502;0;0;0
15.822;502;0;0;0
15.825;502;0;0;0
15.831;502;0;0;0
15.834;495;-5;0;0
15.84;495;0;0;0
15.843;495;0;0;0
15.846;495;0;0;0
15.849;495;0;0;0
15.852;495;0;0;0
15.858;495;0;0;0
15.861;495;0;0;0
15.864;495;0;0;0
15.867;495;0;0;0
15.87;495;0;0;0
15.876;495;0;0;0
15.879;488;-5;0;0
15.885;488;0;0;0
15.888;488;0;0;0
15.891;488;0;0;0
15.894;488;0;0;0
15.897;488;0;0;0
15.903;488;0;0;0
15.906;488;0;0;0
15.909;488;0;0;0
15.912;488;0;0;0
15.915;488;0;0;0
15.921;488;0;0;0
15.924;488;0;0;0
15.927;488;0;0;0
15.93;488;0;0;0
15.933;488;0;0;0
15.939;488;0;0;0
15.942;488;0;0;0
15.945;488;0;0;0
15.948;488;0;0;0
15.951;488;0;0;0
15.957;488;0;0;0
15.96;488;0;0;0
15.963;488;0;0;0
15.966;488;0;0;0
15.969;488;0;0;0
15.975;488;0;0;0
15.978;488;0;0;0
15.981;495;6;0;0
15.987;495;0;0;0
15.99;495;0;0;0
15.993;495;0;0;0
15.996;495;0;0;0
16.002;495;0;0;0
16.005;495;0;0;0
16.008;502;6;0;0
16.014;502;0;0;0
16.017;502;0;0;0
16.02;502;0;0;0
16.023;502;0;0;0
16.026;502;0;0;0
16.032;502;0;0;0
16.035;502;0;0;0
16.038;502;0;0;0
16.041;509;6;0;0
16.047;509;0;0;0
16.05;509;0;0;0
16.053;515;6;0;0
16.059;515;0;0;0
16.062;515;0;0;0
16.065;522;6;0;0
16.071;529;10;0;0
16.077;529;0;0;0
16.08;529;0;0;0
16.083;535;6;0;0
16.089;542;0;0;0
16.092;549;5;0;0
16.098;555;0;0;0
16.101;555;0;0;0
16.104;562;6;0;0
16.11;568;0;0;0
16.113;575;5;0;0
16.119;581;0;0;0
16.122;594;10;0;0
16.128;600;0;0;0
16.131;606;5;0;0
16.137;619;0;0;0
16.14;631;10;0;0
16.146;643;21;0;0
16.152;655;10;0;0
16.158;673;10;0;0
16.164;684;10;0;0
16.17;701;0;0;0
16.173;712;10;0;0
16.179;728;10;0;0
16.185;744;10;0;0
16.191;765;10;0;0
16.197;780;10;0;0
16.203;799;20;0;0
16.209;813;10;0;0
16.215;831;10;0;0
16.221;848;21;0;0
16.227;860;10;0;0
16.233;880;21;0;0
16.239;898;10;0;0
16.245;914;10;0;0
16.251;929;10;0;0
16.257;943;10;0;0
16.263;958;21;0;0
16.269;968;21;0;0
16.275;979;21;0;0
16.281;988;21;0;0
16.287;994;21;0;0
16.293;998;21;0;0
16.299;999;21;0;0
16.305;998;21;0;0
16.311;993;21;0;0
16.317;986;21;0;0
16.323;974;21;0;0
16.329;958;31;0;0
16.335;938;31;0;0
16.341;914;21;0;0
16.347;883;31;0;0
16.353;852;31;0;0
16.359;813;31;0;0
16.365;775;31;0;0
16.371;728;31;0;0
16.377;678;31;0;0
16.383;619;42;0;0
16.389;562;31;0;0
16.395;495;31;0;0
16.401;432;31;0;0
16.407;360;31;0;0
16.413;286;42;0;0
16.419;218;31;0;0
16.425;140;31;0;0
16.431;70;21;0;0
16.437;-7;30;0;0
16.443;-86;40;0;0
16.449;-164;31;0;0
16.455;-241;43;0;0
16.461;-309;21;0;0
16.467;-382;32;0;0
16.473;-446;32;0;0
16.479;-502;32;0;0
16.485;-555;21;0;0
16.491;-619;32;0;0
16.497;-678;43;0;0
16.503;-723;21;0;0
16.509;-775;32;0;0
16.515;-818;32;0;0
16.521;-852;32;0;0
16.527;-880;21;0;0
16.533;-908;21;0;0
16.539;-929;21;0;0
16.545;-948;21;0;0
16.551;-964;21;0;0
16.557;-977;21;0;0
16.563;-986;10;0;0
16.569;-993;21;0;0
16.575;-998;21;0;0
16.581;-999;21;0;0
16.587;-999;10;0;0
16.593;-998;10;0;0
16.599;-994;10;0;0
16.605;-990;10;0;0
16.611;-983;21;0;0
16.617;-977;10;0;0
16.623;-970;10;0;0
16.629;-962;0;0;0
16.632;-953;20;0;0
16.638;-946;22;0;0
16.644;-938;10;0;0
16.65;-926;10;0;0
16.656;-917;10;0;0
16.662;-908;0;0;0
16.665;-901;10;0;0
16.671;-891;11;0;0
16.677;-880;10;0;0
16.683;-872;10;0;0
16.689;-864;0;0;0
16.692;-860;5;0;0
16.698;-856;0;0;0
16.701;-852;5;0;0
16.707;-848;0;0;0
16.71;-848;0;0;0
16.713;-844;6;0;0
16.719;-840;0;0;0
16.722;-840;0;0;0
16.725;-835;6;0;0
16.731;-831;0;0;0
16.734;-831;0;0;0
16.737;-831;0;0;0
16.743;-831;0;0;0
16.746;-827;5;0;0
16.752;-827;0;0;0
16.755;-827;0;0;0
16.758;-827;0;0;0
16.764;-831;0;0;0
16.767;-831;0;0;0
16.77;-831;0;0;0
16.776;-831;0;0;0
16.779;-831;0;0;0
16.782;-835;-6;0;0
16.788;-840;0;0;0
16.791;-844;-5;0;0
16.797;-848;0;0;0
16.8;-852;-5;0;0
16.806;-860;-11;0;0
16.812;-864;0;0;0
16.815;-872;-10;0;0
16.821;-880;-11;0;0
16.827;-883;-10;0;0
16.833;-894;-10;0;0
16.839;-901;-10;0;0
16.845;-914;-21;0;0
16.851;-923;-11;0;0
16.857;-932;-10;0;0
16.863;-943;-11;0;0
16.869;-951;-11;0;0
16.875;-958;-10;0;0
16.881;-966;-11;0;0
16.887;-974;-11;0;0
16.893;-982;-21;0;0
16.899;-987;-11;0;0
16.905;-993;-22;0;0
16.911;-996;-11;0;0
16.917;-999;-22;0;0
16.923;-1000;-11;0;0
16.929;-999;-11;0;0
16.935;-996;-22;0;0
16.941;-991;-22;0;0
16.947;-985;-11;0;0
16.953;-974;-22;0;0
16.959;-962;-22;0;0
16.965;-948;-11;0;0
16.971;-929;-22;0;0
16.977;-908;-22;0;0
16.983;-883;-22;0;0
16.989;-852;-22;0;0
16.995;-818;-22;0;0
17.001;-785;-22;0;0
17.007;-744;-22;0;0
17.013;-701;-22;0;0
17.019;-649;-33;0;0
17.025;-594;-33;0;0
17.031;-535;-33;0;0
17.037;-474;-43;0;0
17.043;-425;-22;0;0
17.049;-368;-22;0;0
17.055;-301;-33;0;0
17.061;-233;-33;0;0
17.067;-164;-33;0;0
17.073;-101;-22;0;0
17.079;-39;-22;0;0
17.085;31;-32;0;0
17.091;101;-21;0;0
17.097;179;-32;0;0
17.103;241;-21;0;0
17.109;309;-32;0;0
17.115;360;-21;0;0
17.121;418;-21;0;0
17.127;474;-21;0;0
17.133;529;-21;0;0
17.139;587;-32;0;0
17.145;637;-32;0;0
17.151;684;-32;0;0
17.157;723;-21;0;0
17.163;760;-21;0;0
17.169;794;-32;0;0
17.175;818;-10;0;0
17.181;848;-21;0;0
17.187;880;-32;0;0
17.193;901;-21;0;0
17.199;920;-21;0;0
17.205;938;-21;0;0
17.211;953;-21;0;0
17.217;962;-10;0;0
17.223;972;-10;0;0
17.229;980;-21;0;0
17.235;986;-10;0;0
17.241;992;-10;0;0
17.247;996;-21;0;0
17.253;998;-21;0;0
17.259;999;-21;0;0
17.265;1000;-10;0;0
17.271;999;-10;0;0
17.277;998;-10;0;0
17.283;997;0;0;0
17.286;996;-10;0;0
17.292;994;-11;0;0
17.298;993;-10;0;0
17.304;991;-10;0;0
17.31;990;-10;0;0
17.316;987;-10;0;0
17.322;986;0;0;0
17.325;985;-5;0;0
17.331;983;0;0;0
17.334;983;0;0;0
17.337;983;0;0;0
17.34;983;0;0;0
17.343;982;-6;0;0
17.349;982;0;0;0
17.352;982;0;0;0
17.355;982;0;0;0
17.358;982;0;0;0
17.361;982;0;0;0
17.367;983;0;0;0
17.37;983;0;0;0
17.373;983;0;0;0
17.376;985;6;0;0
17.382;986;0;0;0
17.385;986;0;0;0
17.388;987;6;0;0
17.394;988;0;0;0
17.397;991;10;0;0
17.403;992;10;0;0
17.409;993;0;0;0
17.412;994;10;0;0
17.418;996;21;0;0
17.424;997;0;0;0
17.427;998;10;0;0
17.433;999;0;0;0
17.436;999;10;0;0
17.442;1000;10;0;0
17.448;999;0;0;0
17.451;998;15;0;0
17.457;997;10;0;0
17.463;994;20;0;0
17.469;991;10;0;0
17.475;986;10;0;0
17.481;979;20;0;0
17.487;972;10;0;0
17.493;962;21;0;0
17.499;951;10;0;0
17.505;938;21;0;0
17.511;920;21;0;0
17.517;901;21;0;0
17.523;880;21;0;0
17.529;860;10;0;0
17.535;835;21;0;0
17.541;809;21;0;0
17.547;775;31;0;0
17.553;744;21;0;0
17.559;707;21;0;0
17.565;667;31;0;0
17.571;631;21;0;0
17.577;587;21;0;0
17.583;542;21;0;0
17.589;488;31;0;0
17.595;439;31;0;0
17.601;382;31;0;0
17.607;331;21;0;0
17.613;271;21;0;0
17.619;225;21;0;0
17.625;164;21;0;0
17.631;101;31;0;0
17.637;47;31;0;0
17.643;-15;30;0;0
17.649;-70;21;0;0
17.655;-125;21;0;0
17.661;-179;10;0;0
17.667;-241;21;0;0
17.673;-294;32;0;0
17.679;-338;10;0;0
17.685;-389;21;0;0
17.691;-439;32;0;0
17.697;-481;21;0;0
17.703;-529;21;0;0
17.709;-568;21;0;0
17.715;-606;21;0;0
17.721;-643;21;0;0
17.727;-678;21;0;0
17.733;-712;21;0;0
17.739;-739;21;0;0
17.745;-765;10;0;0
17.751;-794;21;0;0
17.757;-818;21;0;0
17.763;-831;10;0;0
17.769;-848;10;0;0
17.775;-868;21;0;0
17.781;-883;10;0;0
17.787;-898;10;0;0
17.793;-908;10;0;0
17.799;-917;10;0;0
17.805;-926;10;0;0
17.811;-932;10;0;0
17.817;-938;0;0;0
17.82;-943;10;0;0
17.826;-948;11;0;0
17.832;-951;0;0;0
17.835;-953;5;0;0
17.841;-955;0;0;0
17.844;-958;5;0;0
17.85;-958;0;0;0
17.853;-958;0;0;0
17.856;-960;6;0;0
17.862;-960;0;0;0
17.865;-960;0;0;0
17.868;-960;0;0;0
17.874;-960;0;0;0
17.877;-960;0;0;0
17.883;-958;0;0;0
17.886;-958;0;0;0
17.889;-958;0;0;0
17.895;-955;0;0;0
17.898;-953;-5;0;0
17.904;-951;0;0;0
17.907;-948;-5;0;0
17.913;-946;0;0;0
17.916;-943;-5;0;0
17.922;-938;0;0;0
17.925;-932;-10;0;0
17.931;-926;-11;0;0
17.937;-920;-10;0;0
17.943;-914;0;0;0
17.946;-908;-10;0;0
17.952;-901;-11;0;0
17.958;-891;-11;0;0
17.964;-872;-21;0;0
17.97;-856;-21;0;0
17.976;-844;-10;0;0
17.982;-827;-10;0;0
17.988;-813;-10;0;0
17.994;-794;-10;0;0
18.0;-775;-11;0;0
18.006;-750;-11;0;0
18.012;-723;-11;0;0
18.018;-695;-11;0;0
18.024;-667;-21;0;0
18.03;-637;-21;0;0
18.036;-606;-22;0;0
18.042;-575;-22;0;0
18.048;-542;-11;0;0
18.054;-502;-22;0;0
18.06;-474;-11;0;0
18.066;-439;-11;0;0
18.072;-397;-22;0;0
18.078;-360;-11;0;0
18.084;-316;-22;0;0
18.09;-278;-21;0;0
18.096;-241;-21;0;0
18.102;-202;-11;0;0
18.108;-156;-21;0;0
18.114;-117;-11;0;0
18.12;-70;-21;0;0
18.126;-31;-21;0;0
18.132;15;-21;0;0
18.138;54;-20;0;0
18.144;94;-10;0;0
18.15;133;-10;0;0
18.156;171;-10;0;0
18.162;210;-21;0;0
18.168;248;-10;0;0
18.174;286;-21;0;0
18.18;316;-10;0;0
18.186;353;-10;0;0
18.192;389;-21;0;0
18.198;418;-21;0;0
18.204;446;-21;0;0
18.21;474;-21;0;0
18.216;502;-21;0;0
18.222;529;-21;0;0
18.228;555;-21;0;0
18.234;575;-10;0;0
18.24;594;0;0;0
18.243;606;-10;0;0
18.249;619;0;0;0
18.252;631;-10;0;0
18.258;643;0;0;0
18.261;655;-10;0;0
18.267;667;0;0;0
18.27;673;-5;0;0
18.276;690;-10;0;0
18.282;695;-10;0;0
18.288;707;-10;0;0
18.294;712;0;0;0
18.297;718;-5;0;0
18.303;723;-10;0;0
18.309;728;0;0;0
18.312;734;-5;0;0
18.318;734;0;0;0
18.321;734;0;0;0
18.324;734;0;0;0
18.327;734;0;0;0
18.33;734;0;0;0
18.333;734;0;0;0
18.336;734;0;0;0
18.342;734;0;0;0
18.345;734;0;0;0
18.348;734;0;0;0
18.351;734;0;0;0
18.354;728;6;0;0
18.36;723;10;0;0
18.366;723;0;0;0
18.369;718;5;0;0
18.375;712;0;0;0
18.378;707;5;0;0
18.384;701;0;0;0
18.387;690;10;0;0
18.393;690;0;0;0
18.396;678;10;0;0
18.402;673;0;0;0
18.405;667;5;0;0
18.411;655;10;0;0
18.417;643;10;0;0
18.423;631;10;0;0
18.429;619;0;0;0
18.432;606;10;0;0
18.438;594;0;0;0
18.441;581;10;0;0
18.447;562;10;0;0
18.453;542;10;0;0
18.459;515;21;0;0
18.465;495;10;0;0
18.471;474;20;0;0
18.477;453;10;0;0
18.483;432;10;0;0
18.489;404;21;0;0
18.495;382;10;0;0
18.501;353;10;0;0
18.507;331;10;0;0
18.513;301;10;0;0
18.519;278;10;0;0
18.525;256;0;0;0
18.528;233;15;0;0
18.534;210;10;0;0
18.54;179;10;0;0
18.546;156;10;0;0
18.552;125;10;0;0
18.558;101;0;0;0
18.561;86;10;0;0
18.567;62;10;0;0
18.573;39;0;0;0
18.576;7;21;0;0
18.579;0;6;0;0
18.582;-15;13;0;0
18.588;-31;11;0;0
18.594;-54;10;0;0
18.6;-86;10;0;0
18.606;-117;10;0;0
18.612;-140;10;0;0
18.618;-148;0;0;0
18.621;-164;10;0;0
18.627;-179;0;0;0
18.63;-202;15;0;0
18.636;-225;11;0;0
18.642;-241;0;0;0
18.645;-248;5;0;0
18.651;-263;11;0;0
18.657;-278;10;0;0
18.663;-301;10;0;0
18.669;-316;10;0;0
18.675;-331;10;0;0
18.681;-338;10;0;0
18.687;-353;10;0;0
18.693;-360;0;0;0
18.696;-368;5;0;0
18.702;-375;0;0;0
18.705;-382;5;0;0
18.711;-389;0;0;0
18.714;-389;0;0;0
18.72;-397;0;0;0
18.723;-404;5;0;0
18.729;-404;0;0;0
18.732;-411;5;0;0
18.738;-411;0;0;0
18.741;-411;0;0;0
18.744;-411;0;0;0
18.75;-411;0;0;0
18.753;-411;0;0;0
18.756;-411;0;0;0
18.762;-411;0;0;0
18.765;-411;0;0;0
18.768;-411;0;0;0
18.774;-404;0;0;0
18.777;-404;0;0;0
18.78;-404;0;0;0
18.786;-397;0;0;0
18.789;-389;-5;0;0
18.795;-389;0;0;0
18.798;-382;-5;0;0
18.804;-375;-11;0;0
18.81;-368;0;0;0
18.813;-360;-5;0;0
18.819;-353;-11;0;0
18.825;-346;0;0;0
18.828;-338;-5;0;0
18.834;-331;0;0;0
18.837;-323;-5;0;0
18.843;-316;0;0;0
18.846;-309;-5;0;0
18.852;-301;0;0;0
18.855;-294;-5;0;0
18.861;-286;0;0;0
18.864;-278;-5;0;0
18.87;-271;0;0;0
18.873;-256;-10;0;0
18.879;-241;-11;0;0
18.885;-225;-10;0;0
18.891;-210;-10;0;0
18.897;-202;-10;0;0
18.903;-187;0;0;0
18.906;-179;-5;0;0
18.912;-164;0;0;0
18.915;-148;-10;0;0
18.921;-140;-11;0;0
18.927;-125;-10;0;0
18.933;-117;0;0;0
18.936;-101;-10;0;0
18.942;-86;-11;0;0
18.948;-78;-10;0;0
18.954;-62;-10;0;0
18.96;-54;0;0;0
18.963;-39;-10;0;0
18.969;-31;-10;0;0
18.975;-23;0;0;0
18.978;-7;-10;0;0
18.984;0;-10;0;0
18.987;7;-5;0;0
18.99;7;0;0;0
18.993;15;-6;0;0
18.999;23;-10;0;0
19.005;31;0;0;0
19.008;39;-5;0;0
19.014;39;0;0;0
19.017;47;-5;0;0
19.023;54;0;0;0
19.026;54;0;0;0
19.029;62;-6;0;0
19.032;62;0;0;0
19.038;70;0;0;0
19.041;70;0;0;0
19.044;70;0;0;0
19.047;70;0;0;0
19.05;70;0;0;0
19.053;70;0;0;0
19.056;70;0;0;0
19.059;78;-6;0;0
19.065;78;0;0;0
19.068;78;0;0;0
19.071;78;0;0;0
19.074;78;0;0;0
19.077;78;0;0;0
19.08;78;0;0;0
19.083;78;0;0;0
19.086;70;6;0;0
19.089;70;0;0;0
19.092;70;0;0;0
19.095;70;0;0;0
19.098;70;0;0;0
19.101;70;0;0;0
19.104;70;0;0;0
19.107;70;0;0;0
19.11;70;0;0;0
19.113;62;6;0;0
19.116;62;0;0;0
19.119;54;6;0;0
19.125;54;0;0;0
19.128;54;0;0;0
19.131;47;6;0;0
19.134;39;6;0;0
19.14;39;0;0;0
19.143;39;0;0;0
19.146;31;6;0;0
19.149;31;0;0;0
19.152;23;6;0;0
19.158;15;10;0;0
19.164;7;10;0;0
19.167;7;0;0;0
19.17;7;0;0;0
19.173;0;6;0;0
19.176;0;0;0;0
19.179;-7;7;0;0
19.182;-7;0;0;0
19.185;-15;6;0;0
19.191;-15;0;0;0
19.194;-15;0;0;0
19.197;-15;0;0;0
19.2;-23;6;0;0
19.206;-23;0;0;0
19.209;-23;0;0;0
19.212;-31;6;0;0
19.218;-39;0;0;0
19.221;-47;5;0;0
19.227;-47;0;0;0
19.23;-54;5;0;0
19.236;-54;0;0;0
19.239;-62;5;0;0
19.245;-70;10;0;0
19.251;-70;0;0;0
19.254;-78;5;0;0
19.26;-86;10;0;0
19.266;-86;0;0;0
19.269;-94;5;0;0
19.275;-101;0;0;0
19.278;-109;5;0;0
19.284;-109;0;0;0
19.287;-109;0;0;0
19.29;-109;0;0;0
19.296;-109;0;0;0
19.299;-109;0;0;0
19.302;-109;0;0;0
19.308;-109;0;0;0
19.311;-117;5;0;0
19.317;-117;0;0;0
19.32;-117;0;0;0
19.323;-117;0;0;0
19.329;-117;0;0;0
19.332;-117;0;0;0
19.335;-117;0;0;0
19.341;-117;0;0;0
19.344;-117;0;0;0
19.347;-125;6;0;0
19.353;-125;0;0;0
19.356;-125;0;0;0
19.359;-125;0;0;0
19.365;-125;0;0;0
19.368;-125;0;0;0
19.371;-125;0;0;0
19.377;-125;0;0;0
19.38;-125;0;0;0
19.383;-125;0;0;0
19.389;-117;0;0;0
19.392;-117;0;0;0
19.395;-117;0;0;0
19.401;-117;0;0;0
19.404;-117;0;0;0
19.407;-117;0;0;0
19.413;-117;0;0;0
19.416;-117;0;0;0
19.419;-117;0;0;0
19.425;-117;0;0;0
19.428;-117;0;0;0
19.431;-117;0;0;0
19.437;-117;0;0;0
19.44;-117;0;0;0
19.443;-117;0;0;0
19.449;-117;0;0;0
19.452;-109;-5;0;0
19.458;-109;0;0;0
19.461;-109;0;0;0
19.464;-109;0;0;0
19.47;-101;0;0;0
19.473;-101;0;0;0
19.476;-101;0;0;0
19.482;-94;-10;0;0
19.488;-94;0;0;0
19.491;-94;0;0;0
19.494;-86;-6;0;0
19.5;-86;0;0;0
19.503;-86;0;0;0
19.506;-86;0;0;0
19.509;-86;0;0;0
19.512;-86;0;0;0
19.515;-86;0;0;0
19.521;-86;0;0;0
19.524;-86;0;0;0
19.527;-86;0;0;0
19.53;-86;0;0;0
19.533;-86;0;0;0
19.536;-78;-6;0;0
19.542;-78;0;0;0
19.545;-78;0;0;0
19.548;-78;0;0;0
19.551;-78;0;0;0
19.554;-78;0;0;0
19.557;-78;0;0;0
19.563;-78;0;0;0
19.566;-78;0;0;0
19.569;-78;0;0;0
19.572;-78;0;0;0
19.575;-78;0;0;0
19.581;-78;0;0;0
19.584;-78;0;0;0
19.587;-78;0;0;0
19.59;-78;0;0;0
19.593;-78;0;0;0
19.596;-78;0;0;0
19.602;-78;0;0;0
19.605;-78;0;0;0
19.608;-86;6;0;0
19.614;-86;0;0;0
19.617;-86;0;0;0
19.62;-86;0;0;0
19.623;-86;0;0;0
19.626;-86;0;0;0
19.629;-86;0;0;0
19.635;-86;0;0;0
19.638;-86;0;0;0
19.641;-86;0;0;0
19.644;-86;0;0;0
19.647;-86;0;0;0
19.653;-86;0;0;0
19.656;-86;0;0;0
19.659;-86;0;0;0
19.662;-86;0;0;0
19.665;-86;0;0;0
19.668;-86;0;0;0
19.674;-86;0;0;0
19.677;-86;0;0;0
19.68;-86;0;0;0
19.683;-86;0;0;0
19.686;-86;0;0;0
19.689;-86;0;0;0
19.695;-86;0;0;0
19.698;-86;0;0;0
19.701;-86;0;0;0
19.704;-86;0;0;0
19.707;-94;6;0;0
19.713;-94;0;0;0
19.716;-94;0;0;0
19.719;-94;0;0;0
19.722;-94;0;0;0
19.725;-94;0;0;0
19.728;-94;0;0;0
19.734;-94;0;0;0
19.737;-94;0;0;0
19.74;-94;0;0;0
19.743;-94;0;0;0
19.746;-94;0;0;0
19.749;-94;0;0;0
19.755;-94;0;0;0
19.758;-94;0;0;0
19.761;-101;6;0;0
19.767;-101;0;0;0
19.77;-101;0;0;0
19.773;-101;0;0;0
19.779;-94;0;0;0
19.782;-94;0;0;0
19.785;-94;0;0;0
19.788;-94;0;0;0
19.791;-101;6;0;0
19.797;-101;0;0;0
19.8;-101;0;0;0
19.803;-101;0;0;0
19.809;-101;0;0;0
19.812;-101;0;0;0
19.815;-101;0;0;0
19.821;-101;0;0;0
19.824;-101;0;0;0
19.827;-101;0;0;0
19.833;-101;0;0;0
19.836;-101;0;0;0
19.839;-94;-6;0;0
19.845;-94;0;0;0
19.848;-94;0;0;0
19.851;-94;0;0;0
19.854;-94;0;0;0
19.857;-94;0;0;0
19.863;-94;0;0;0
19.866;-94;0;0;0
19.869;-94;0;0;0
19.872;-94;0;0;0
19.875;-94;0;0;0
19.878;-94;0;0;0
19.884;-94;0;0;0
19.887;-94;0;0;0
19.89;-94;0;0;0
19.893;-94;0;0;0
19.896;-94;0;0;0
19.899;-94;0;0;0
19.905;-94;0;0;0
19.908;-94;0;0;0
19.911;-94;0;0;0
19.914;-94;0;0;0
19.917;-94;0;0;0
19.92;-94;0;0;0
19.926;-94;0;0;0
19.929;-94;0;0;0
19.932;-94;0;0;0
19.935;-94;0;0;0
19.938;-94;0;0;0
19.944;-94;0;0;0
19.947;-94;0;0;0
19.95;-94;0;0;0
19.953;-94;0;0;0
19.956;-94;0;0;0
19.959;-94;0;0;0
19.965;-94;0;0;0
19.968;-94;0;0;0
19.971;-94;0;0;0
19.974;-94;0;0;0
19.977;-94;0;0;0
19.983;-94;0;0;0
19.986;-94;0;0;0
19.989;-94;0;0;0
19.992;-94;0;0;0
19.995;-94;0;0;0
19.998;-94;0;0;0
20.004;-94;0;0;0
20.007;-94;0;0;0
20.01;-94;0;0;0
20.013;-94;0;0;0
20.016;-94;0;0;0
20.019;-94;0;0;0
20.025;-94;0;0;0
20.028;-94;0;0;0
20.031;-94;0;0;0
20.034;-94;0;0;0
20.037;-94;0;0;0
20.04;-94;0;0;0
20.046;-94;0;0;0
20.049;-94;0;0;0
20.052;-94;0;0;0
20.055;-94;0;0;0
20.058;-94;0;0;0
20.061;-94;0;0;0
20.067;-94;0;0;0
20.07;-94;0;0;0
20.073;-94;0;0;0
20.076;-94;0;0;0
20.079;-94;0;0;0
20.082;-94;0;0;0
20.088;-94;0;0;0
20.091;-94;0;0;0
20.094;-94;0;0;0
20.097;-94;0;0;0
20.1;-94;0;0;0
20.103;-94;0;0;0
20.109;-94;0;0;0
20.112;-94;0;0;0
20.115;-94;0;0;0
20.118;-94;0;0;0
20.121;-94;0;0;0
20.124;-94;0;0;0
20.13;-94;0;0;0
20.133;-94;0;0;0
20.136;-94;0;0;0
20.139;-94;0;0;0
20.142;-94;0;0;0
20.145;-94;0;0;0
20.151;-94;0;0;0
20.154;-94;0;0;0
20.157;-94;0;0;0
20.16;-94;0;0;0
20.163;-94;0;0;0
20.166;-94;0;0;0
20.172;-94;0;0;0
20.175;-94;0;0;0
20.178;-94;0;0;0
20.181;-94;0;0;0
20.184;-94;0;0;0
20.187;-94;0;0;0
20.193;-94;0;0;0
20.196;-94;0;0;0
20.199;-94;0;0;0
20.202;-94;0;0;0
20.205;-94;0;0;0
20.208;-94;0;0;0
20.214;-94;0;0;0
20.217;-94;0;0;0
20.22;-94;0;0;0
20.223;-94;0;0;0
20.226;-94;0;0;0
20.229;-94;0;0;0
20.235;-94;0;0;0
20.238;-94;0;0;0
20.241;-94;0;0;0
20.244;-94;0;0;0
20.247;-94;0;0;0
20.25;-94;0;0;0
20.256;-94;0;0;0
20.259;-94;0;0;0
20.262;-94;0;0;0
20.268;-94;0;0;0
20.274;-86;0;0;0
20.28;-86;0;0;0
20.286;-86;0;0;0
20.292;-86;0;0;0
20.298;-86;0;0;0
20.304;-86;0;0;0
20.31;-86;0;0;0
20.316;-86;0;0;0
20.322;-86;0;0;0
20.325;-86;0;0;0
20.328;-86;0;0;0
20.331;-86;0;0;0
20.334;-86;0;0;0
20.34;-86;0;0;0
20.343;-86;0;0;0
20.346;-86;0;0;0
20.349;-86;0;0;0
20.352;-86;0;0;0
20.355;-86;0;0;0
20.361;-86;0;0;0
20.364;-86;0;0;0
20.367;-86;0;0;0
20.37;-86;0;0;0
20.373;-86;0;0;0
20.376;-86;0;0;0
20.382;-86;0;0;0
20.385;-86;0;0;0
20.388;-86;0;0;0
20.391;-86;0;0;0
20.394;-86;0;0;0
20.397;-86;0;0;0
20.403;-86;0;0;0
20.406;-86;0;0;0
20.409;-86;0;0;0
20.412;-86;0;0;0
20.415;-86;0;0;0
20.418;-86;0;0;0
20.424;-86;0;0;0
20.427;-86;0;0;0
20.43;-86;0;0;0
20.433;-86;0;0;0
20.436;-86;0;0;0
20.439;-86;0;0;0
20.445;-86;0;0;0
20.448;-86;0;0;0
20.451;-86;0;0;0
20.454;-86;0;0;0
20.457;-86;0;0;0
20.46;-86;0;0;0
20.466;-86;0;0;0
20.469;-86;0;0;0
20.472;-86;0;0;0
20.475;-86;0;0;0
20.478;-86;0;0;0
20.481;-86;0;0;0
20.487;-86;0;0;0
20.49;-86;0;0;0
20.493;-86;0;0;0
20.496;-86;0;0;0
20.499;-86;0;0;0
20.502;-86;0;0;0
20.508;-86;0;0;0
20.511;-86;0;0;0
20.514;-86;0;0;0
20.517;-86;0;0;0
20.52;-86;0;0;0
20.523;-78;-6;0;0
20.529;-78;0;0;0
20.532;-78;0;0;0
20.535;-78;0;0;0
20.538;-78;0;0;0
20.541;-78;0;0;0
20.544;-78;0;0;0
20.55;-78;0;0;0
20.553;-78;0;0;0
20.556;-78;0;0;0
20.559;-78;0;0;0
20.562;-78;0;0;0
20.568;-78;0;0;0
20.571;-78;0;0;0
20.574;-78;0;0;0
20.577;-78;0;0;0
20.58;-78;0;0;0
20.586;-78;0;0;0
20.589;-78;0;0;0
20.592;-78;0;0;0
20.595;-78;0;0;0
20.598;-78;0;0;0
20.601;-78;0;0;0
20.607;-78;0;0;0
20.61;-78;0;0;0
20.613;-78;0;0;0
20.616;-78;0;0;0
20.619;-78;0;0;0
20.625;-78;0;0;0
20.628;-78;0;0;0
20.631;-78;0;0;0
20.634;-78;0;0;0
20.637;-78;0;0;0
20.643;-78;0;0;0
20.646;-78;0;0;0
20.649;-78;0;0;0
20.652;-78;0;0;0
20.655;-78;0;0;0
20.658;-78;0;0;0
20.664;-78;0;0;0
20.667;-78;0;0;0
20.67;-78;0;0;0
20.673;-78;0;0;0
20.676;-78;0;0;0
20.679;-78;0;0;0
20.685;-78;0;0;0
20.688;-78;0;0;0
20.691;-78;0;0;0
20.694;-78;0;0;0
20.697;-78;0;0;0
20.7;-78;0;0;0
20.706;-78;0;0;0
20.709;-78;0;0;0
20.712;-78;0;0;0
20.715;-78;0;0;0
20.718;-78;0;0;0
20.721;-78;0;0;0
20.727;-78;0;0;0
20.73;-78;0;0;0
20.733;-78;0;0;0
20.736;-78;0;0;0
20.739;-78;0;0;0
20.745;-78;0;0;0
20.748;-78;0;0;0
20.751;-78;0;0;0
20.754;-78;0;0;0
20.757;-78;0;0;0
20.763;-78;0;0;0
20.766;-78;0;0;0
20.769;-78;0;0;0
20.772;-78;0;0;0
20.775;-78;0;0;0
20.781;-78;0;0;0
20.784;-78;0;0;0
20.787;-78;0;0;0
20.79;-78;0;0;0
20.793;-78;0;0;0
20.796;-78;0;0;0
20.802;-78;0;0;0
20.805;-78;0;0;0
20.808;-78;0;0;0
20.811;-78;0;0;0
20.814;-78;0;0;0
20.817;-78;0;0;0
20.823;-78;0;0;0
20.826;-78;0;0;0
20.829;-78;0;0;0
20.832;-78;0;0;0
20.835;-78;0;0;0
20.838;-78;0;0;0
20.844;-78;0;0;0
20.847;-78;0;0;0
20.85;-78;0;0;0
20.853;-78;0;0;0
20.856;-78;0;0;0
20.859;-78;0;0;0
20.865;-78;0;0;0
20.868;-78;0;0;0
20.871;-78;0;0;0
20.874;-78;0;0;0
20.877;-78;0;0;0
20.883;-78;0;0;0
20.886;-78;0;0;0
20.889;-78;0;0;0
20.892;-78;0;0;0
20.895;-78;0;0;0
20.898;-78;0;0;0
20.904;-78;0;0;0
20.907;-78;0;0;0
20.91;-78;0;0;0
20.913;-78;0;0;0
20.916;-78;0;0;0
20.919;-78;0;0;0
20.925;-78;0;0;0
20.928;-78;0;0;0
20.931;-78;0;0;0
20.934;-78;0;0;0
20.937;-78;0;0;0
20.94;-78;0;0;0
20.946;-78;0;0;0
20.949;-78;0;0;0
20.952;-78;0;0;0
20.955;-78;0;0;0
20.958;-78;0;0;0
20.961;-78;0;0;0
20.967;-78;0;0;0
20.97;-78;0;0;0
20.973;-78;0;0;0
20.976;-78;0;0;0
20.979;-78;0;0;0
20.985;-78;0;0;0
20.988;-78;0;0;0
20.991;-78;0;0;0
20.994;-78;0;0;0
20.997;-78;0;0;0
21.003;-78;0;0;0
21.006;-78;0;0;0
21.009;-78;0;0;0
21.012;-78;0;0;0
21.015;-78;0;0;0
21.018;-78;0;0;0
21.024;-78;0;0;0
21.027;-78;0;0;0
21.03;-78;0;0;0
21.033;-78;0;0;0
21.036;-78;0;0;0
21.039;-78;0;0;0
21.045;-78;0;0;0
21.048;-78;0;0;0
21.051;-78;0;0;0
21.054;-78;0;0;0
21.057;-78;0;0;0
21.063;-78;0;0;0
21.066;-78;0;0;0
21.069;-78;0;0;0
21.072;-78;0;0;0
21.075;-78;0;0;0
21.078;-78;0;0;0
21.084;-78;0;0;0
21.087;-78;0;0;0
21.09;-78;0;0;0
21.093;-78;0;0;0
21.096;-78;0;0;0
21.099;-78;0;0;0
21.105;-78;0;0;0
21.108;-78;0;0;0
21.111;-78;0;0;0
21.114;-78;0;0;0
21.117;-78;0;0;0
21.123;-78;0;0;0
21.126;-78;0;0;0
21.129;-78;0;0;0
21.132;-78;0;0;0
21.135;-78;0;0;0
21.138;-78;0;0;0
21.144;-78;0;0;0
21.147;-78;0;0;0
21.15;-78;0;0;0
21.153;-78;0;0;0
21.156;-78;0;0;0
21.162;-78;0;0;0
21.165;-78;0;0;0
21.168;-78;0;0;0
21.171;-78;0;0;0
21.174;-78;0;0;0
21.177;-78;0;0;0
21.183;-78;0;0;0
21.186;-78;0;0;0
21.189;-78;0;0;0
21.192;-78;0;0;0
21.195;-78;0;0;0
21.201;-78;0;0;0
21.204;-78;0;0;0
21.207;-78;0;0;0
21.21;-78;0;0;0
21.213;-78;0;0;0
21.216;-78;0;0;0
21.222;-70;0;0;0
21.225;-70;0;0;0
21.228;-70;0;0;0
21.231;-70;0;0;0
21.234;-70;0;0;0
21.237;-70;0;0;0
21.243;-70;0;0;0
21.246;-70;0;0;0
21.249;-70;0;0;0
21.252;-62;-6;0;0
21.258;-62;0;0;0
21.261;-54;-5;0;0
21.267;-54;0;0;0
21.27;-54;0;0;0
21.273;-54;0;0;0
21.276;-47;-6;0;0
21.282;-47;0;0;0
21.285;-47;0;0;0
21.288;-47;0;0;0
21.291;-47;0;0;0
21.294;-47;0;0;0
21.297;-39;-6;0;0
21.303;-39;0;0;0
21.306;-39;0;0;0
21.309;-39;0;0;0
21.312;-31;-6;0;0
21.318;-31;0;0;0
21.321;-23;-5;0;0
21.327;-23;0;0;0
21.33;-23;0;0;0
21.333;-23;0;0;0
21.336;-23;0;0;0
21.339;-23;0;0;0
21.342;-15;-6;0;0
21.348;-15;0;0;0
21.351;-15;0;0;0
21.354;-7;-6;0;0
21.36;-7;0;0;0
21.363;-7;0;0;0
21.366;0;-6;0;0
21.369;0;0;0;0
21.372;0;0;0;0
21.375;0;0;0;0
21.378;7;-6;0;0
21.381;7;0;0;0
21.384;7;0;0;0
21.387;7;0;0;0
21.39;7;0;0;0
21.393;7;0;0;0
21.396;15;-6;0;0
21.399;15;0;0;0
21.402;15;0;0;0
21.405;15;0;0;0
21.408;23;-6;0;0
21.414;23;0;0;0
21.417;23;0;0;0
21.42;23;0;0;0
21.423;23;0;0;0
21.426;23;0;0;0
21.429;31;-6;0;0
21.435;31;0;0;0
21.438;31;0;0;0
21.441;39;-6;0;0
21.447;39;0;0;0
21.45;39;0;0;0
21.453;39;0;0;0
21.456;39;0;0;0
21.459;47;-6;0;0
21.465;47;0;0;0
21.468;54;-5;0;0
21.474;54;0;0;0
21.477;54;0;0;0
21.48;54;0;0;0
21.483;54;0;0;0
21.486;54;0;0;0
21.489;62;-6;0;0
21.495;62;0;0;0
21.498;62;0;0;0
21.501;62;0;0;0
21.504;70;-6;0;0
21.51;70;0;0;0
21.513;70;0;0;0
21.516;70;0;0;0
21.519;70;0;0;0
21.522;70;0;0;0
21.525;70;0;0;0
21.528;70;0;0;0
21.531;70;0;0;0
21.534;70;0;0;0
21.537;70;0;0;0
21.54;78;-6;0;0
21.546;78;0;0;0
21.549;78;0;0;0
21.552;78;0;0;0
21.555;78;0;0;0
21.558;78;0;0;0
21.561;86;-6;0;0
21.567;86;0;0;0
21.57;86;0;0;0
21.573;86;0;0;0
21.576;86;0;0;0
21.579;86;0;0;0
21.582;86;0;0;0
21.585;86;0;0;0
21.588;86;0;0;0
21.591;86;0;0;0
21.594;86;0;0;0
21.597;86;0;0;0
21.6;86;0;0;0
21.603;86;0;0;0
21.606;86;0;0;0
21.609;86;0;0;0
21.612;86;0;0;0
21.615;86;0;0;0
21.618;86;0;0;0
21.621;86;0;0;0
21.624;86;0;0;0
21.627;86;0;0;0
21.63;86;0;0;0
21.633;86;0;0;0
21.636;86;0;0;0
21.639;86;0;0;0
21.642;86;0;0;0
21.645;86;0;0;0
21.648;86;0;0;0
21.651;86;0;0;0
21.654;86;0;0;0
21.657;86;0;0;0
21.66;78;6;0;0
21.663;78;0;0;0
21.666;78;0;0;0
21.669;78;0;0;0
21.672;78;0;0;0
21.675;78;0;0;0
21.678;78;0;0;0
21.681;78;0;0;0
21.684;78;0;0;0
21.687;70;6;0;0
21.69;70;0;0;0
21.693;70;0;0;0
21.696;70;0;0;0
21.699;70;0;0;0
21.702;70;0;0;0
21.705;70;0;0;0
21.708;70;0;0;0
21.711;70;0;0;0
21.714;70;0;0;0
21.717;70;0;0;0
21.72;62;6;0;0
21.723;62;0;0;0
21.726;62;0;0;0
21.729;62;0;0;0
21.732;54;6;0;0
21.738;54;0;0;0
21.741;54;0;0;0
21.744;54;0;0;0
21.747;54;0;0;0
21.75;47;6;0;0
21.753;47;0;0;0
21.756;47;0;0;0
21.759;47;0;0;0
21.762;39;6;0;0
21.768;39;0;0;0
21.771;39;0;0;0
21.774;39;0;0;0
21.777;39;0;0;0
21.78;39;0;0;0
21.783;31;6;0;0
21.786;31;0;0;0
21.789;31;0;0;0
21.792;23;6;0;0
21.798;23;0;0;0
21.801;23;0;0;0
21.804;23;0;0;0
21.807;15;6;0;0
21.81;15;0;0;0
21.813;15;0;0;0
21.816;15;0;0;0
21.819;7;6;0;0
21.825;7;0;0;0
21.828;7;0;0;0
21.831;7;0;0;0
21.834;7;0;0;0
21.837;7;0;0;0
21.84;0;6;0;0
21.843;0;0;0;0
21.846;0;0;0;0
21.849;0;0;0;0
21.852;-7;6;0;0
21.855;-7;0;0;0
21.858;-7;0;0;0
21.861;-7;0;0;0
21.864;-7;0;0;0
21.867;-15;6;0;0
21.873;-15;0;0;0
21.876;-15;0;0;0
21.879;-23;6;0;0
21.885;-23;0;0;0
21.888;-23;0;0;0
21.891;-23;0;0;0
21.894;-23;0;0;0
21.897;-23;0;0;0
21.9;-23;0;0;0
21.906;-23;0;0;0
21.909;-31;5;0;0
21.915;-31;0;0;0
21.918;-39;5;0;0
21.924;-39;0;0;0
21.927;-39;0;0;0
21.93;-39;0;0;0
21.933;-39;0;0;0
21.936;-39;0;0;0
21.939;-39;0;0;0
21.945;-39;0;0;0
21.948;-39;0;0;0
21.951;-47;6;0;0
21.957;-47;0;0;0
21.96;-47;0;0;0
21.963;-47;0;0;0
21.966;-47;0;0;0
21.969;-47;0;0;0
21.972;-47;0;0;0
21.978;-47;0;0;0
21.981;-47;0;0;0
21.984;-47;0;0;0
21.987;-54;6;0;0
21.993;-54;0;0;0
21.996;-54;0;0;0
21.999;-54;0;0;0
22.002;-54;0;0;0
22.005;-54;0;0;0
22.008;-54;0;0;0
22.014;-54;0;0;0
22.017;-54;0;0;0
22.02;-54;0;0;0
22.023;-47;-6;0;0
22.029;-47;0;0;0
22.032;-47;0;0;0
22.035;-47;0;0;0
22.038;-47;0;0;0
22.041;-47;0;0;0
22.047;-47;0;0;0
22.05;-47;0;0;0
22.053;-47;0;0;0
22.056;-47;0;0;0
22.059;-47;0;0;0
22.062;-39;-6;0;0