t;e;d;i;set

0.499;0;0;0;0
0.504;0;0;0;0
0.509;0;0;0;0
0.514;0;0;0;0
0.519;0;0;0;0
0.524;0;0;0;0
0.529;0;0;0;0
0.534;0;0;0;0
0.539;0;0;0;0
0.544;0;0;0;0
0.549;0;0;0;0
0.554;0;0;0;0
0.559;0;0;0;0
0.564;0;0;0;0
0.569;0;0;0;0
0.574;0;0;0;0
0.579;0;0;0;0
0.584;0;0;0;0
0.589;0;0;0;0
0.594;0;0;0;0
0.599;0;0;0;0
0.604;0;0;0;0
0.609;0;0;0;0
0.614;0;0;0;0
0.619;0;0;0;0
0.624;0;0;0;0
0.629;0;0;0;0
0.634;0;0;0;0
0.639;0;0;0;0
0.644;0;0;0;0
0.649;0;0;0;0
0.654;0;0;0;0
0.659;0;0;0;0
0.664;0;0;0;0
0.669;0;0;0;0
0.674;0;0;0;0
0.679;0;0;0;0
0.684;0;0;0;0
0.689;0;0;0;0
0.694;0;0;0;0
0.699;0;0;0;0
0.704;0;0;0;0
0.709;0;0;0;0
0.714;0;0;0;0
0.719;0;0;0;0
0.724;0;0;0;0
0.729;0;0;0;0
0.734;0;0;0;0
0.739;0;0;0;0
0.744;0;0;0;0
0.749;0;0;0;0
0.754;0;0;0;0
0.759;0;0;0;0
0.764;0;0;0;0
0.769;0;0;0;0
0.774;0;0;0;0
0.779;0;0;0;0
0.784;0;0;0;0
0.789;0;0;0;0
0.794;0;0;0;0
0.799;0;0;0;0
0.804;0;0;0;0
0.809;0;0;0;0
0.814;0;0;0;0
0.819;0;0;0;0
0.824;0;0;0;0
0.829;0;0;0;0
0.834;0;0;0;0
0.839;0;0;0;0
0.844;0;0;0;0
0.849;0;0;0;0
0.854;0;0;0;0
0.859;0;0;0;0
0.864;15;0;0;0
0.869;39;0;0;0
0.874;62;0;0;0
0.879;101;0;0;0
0.884;148;0;0;0
0.889;218;0;0;0
0.894;309;0;0;0
0.899;411;0;0;0
0.904;535;0;0;0
0.909;655;0;0;0
0.914;760;0;0;0
0.919;844;0;0;0
0.924;911;0;0;0
0.929;962;0;0;0
0.934;990;0;0;0
0.939;999;0;0;0
0.944;995;0;0;0
0.949;977;0;0;0
0.954;946;0;0;0
0.959;908;0;0;0
0.964;860;0;0;0
0.969;804;0;0;0
0.974;739;0;0;0
0.979;678;0;0;0
0.984;612;0;0;0
0.989;549;0;0;0
0.994;474;0;0;0
0.999;404;0;0;0
1.004;338;0;0;0
1.009;263;0;0;0
1.014;187;0;0;0
1.019;117;0;0;0
1.024;47;0;0;0
1.029;-31;0;0;0
1.034;-101;0;0;0
1.039;-164;0;0;0
1.044;-233;0;0;0
1.049;-301;0;0;0
1.054;-368;0;0;0
1.059;-439;0;0;0
1.064;-502;0;0;0
1.069;-581;0;0;0
1.074;-649;0;0;0
1.079;-707;0;0;0
1.084;-760;0;0;0
1.089;-818;0;0;0
1.094;-868;0;0;0
1.099;-911;0;0;0
1.104;-948;0;0;0
1.109;-977;0;0;0
1.114;-994;0;0;0
1.119;-999;0;0;0
1.124;-991;0;0;0
1.129;-966;0;0;0
1.134;-923;0;0;0
1.139;-868;0;0;0
1.144;-794;0;0;0
1.149;-707;0;0;0
1.154;-600;0;0;0
1.159;-481;0;0;0
1.164;-353;0;0;0
1.169;-210;0;0;0
1.174;-62;0;0;0
1.179;86;0;0;0
1.184;233;0;0;0
1.189;360;0;0;0
1.194;481;0;0;0
1.199;600;0;0;0
1.204;701;0;0;0
1.209;790;0;0;0
1.214;860;0;0;0
1.219;920;0;0;0
1.224;960;0;0;0
1.229;985;0;0;0
1.234;998;0;0;0
1.239;999;0;0;0
1.244;991;0;0;0
1.249;975;0;0;0
1.254;951;0;0;0
1.259;923;0;0;0
1.264;891;0;0;0
1.269;860;0;0;0
1.274;822;0;0;0
1.279;780;0;0;0
1.284;739;0;0;0
1.289;690;0;0;0
1.294;649;0;0;0
1.299;612;0;0;0
1.304;575;0;0;0
1.309;522;0;0;0
1.314;488;0;0;0
1.319;453;0;0;0
1.324;425;0;0;0
1.329;389;0;0;0
1.334;353;0;0;0
1.339;323;0;0;0
1.344;294;0;0;0
1.349;271;0;0;0
1.354;241;0;0;0
1.359;210;0;0;0
1.364;187;0;0;0
1.369;164;0;0;0
1.374;140;0;0;0
1.379;109;0;0;0
1.384;94;0;0;0
1.389;70;0;0;0
1.394;47;0;0;0
1.399;23;0;0;0
1.404;0;0;0;0
1.409;-15;0;0;0
1.414;-39;0;0;0
1.419;-54;0;0;0
1.424;-78;0;0;0
1.429;-101;0;0;0
1.434;-125;0;0;0
1.439;-133;0;0;0
1.444;-109;0;0;0
1.449;-70;0;0;0
1.454;0;0;0;0
1.459;70;0;0;0
1.464;164;0;0;0
1.469;256;0;0;0
1.474;353;0;0;0
1.479;432;0;0;0
1.484;522;0;0;0
1.489;612;0;0;0
1.494;695;0;0;0
1.499;780;0;0;0
1.504;852;0;0;0
1.509;908;0;0;0
1.514;951;0;0;0
1.519;979;0;0;0
1.524;996;0;0;0
1.529;998;0;0;0
1.534;982;0;0;0
1.539;946;0;0;0
1.544;887;0;0;0
1.549;804;0;0;0
1.554;701;0;0;0
1.559;581;0;0;0
1.564;453;0;0;0
1.569;309;0;0;0
1.574;156;0;0;0
1.579;-7;0;0;0
1.584;-171;0;0;0
1.589;-323;0;0;0
1.594;-474;0;0;0
1.599;-600;0;0;0
1.604;-718;0;0;0
1.609;-813;0;0;0
1.614;-883;0;0;0
1.619;-940;0;0;0
1.624;-977;0;0;0
1.629;-996;0;0;0
1.634;-998;0;0;0
1.639;-986;0;0;0
1.644;-962;0;0;0
1.649;-926;0;0;0
1.654;-880;0;0;0
1.659;-831;0;0;0
1.664;-775;0;0;0
1.669;-718;0;0;0
1.674;-649;0;0;0
1.679;-575;0;0;0
1.684;-509;0;0;0
1.689;-439;0;0;0
1.694;-368;0;0;0
1.699;-294;0;0;0
1.704;-225;0;0;0
1.709;-156;0;0;0
1.714;-78;0;0;0
1.719;-15;0;0;0
1.724;54;0;0;0
1.729;125;0;0;0
1.734;195;0;0;0
1.739;263;0;0;0
1.744;331;0;0;0
1.749;397;0;0;0
1.754;467;0;0;0
1.759;529;0;0;0
1.764;594;0;0;0
1.769;661;0;0;0
1.774;728;0;0;0
1.779;785;0;0;0
1.784;835;0;0;0
1.789;883;0;0;0
1.794;923;0;0;0
1.799;958;0;0;0
1.804;983;0;0;0
1.809;996;0;0;0
1.814;999;0;0;0
1.819;987;0;0;0
1.824;960;0;0;0
1.829;917;0;0;0
1.834;856;0;0;0
1.839;780;0;0;0
1.844;684;0;0;0
1.849;575;0;0;0
1.854;453;0;0;0
1.859;323;0;0;0
1.864;179;0;0;0
1.869;31;0;0;0
1.874;-109;0;0;0
1.879;-256;0;0;0
1.884;-397;0;0;0
1.889;-529;0;0;0
1.894;-637;0;0;0
1.899;-739;0;0;0
1.904;-818;0;0;0
1.909;-883;0;0;0
1.914;-935;0;0;0
1.919;-972;0;0;0
1.924;-992;0;0;0
1.929;-999;0;0;0
1.934;-996;0;0;0
1.939;-982;0;0;0
1.944;-960;0;0;0
1.949;-932;0;0;0
1.954;-898;0;0;0
1.959;-860;0;0;0
1.964;-818;0;0;0
1.969;-780;0;0;0
1.974;-734;0;0;0
1.979;-684;0;0;0
1.984;-643;0;0;0
1.989;-600;0;0;0
1.994;-549;0;0;0
1.999;-502;0;0;0
2.004;-460;0;0;0
2.009;-411;0;0;0
2.014;-375;0;0;0
2.019;-331;0;0;0
2.024;-294;0;0;0
2.029;-256;0;0;0
2.034;-218;0;0;0
2.039;-179;0;0;0
2.044;-148;0;0;0
2.049;-109;0;0;0
2.054;-78;0;0;0
2.059;-47;0;0;0
2.064;-15;0;0;0
2.069;15;0;0;0
2.074;54;0;0;0
2.079;86;0;0;0
2.084;125;0;0;0
2.089;148;0;0;0
2.094;187;0;0;0
2.099;218;0;0;0
2.104;256;0;0;0
2.109;286;0;0;0
2.114;323;0;0;0
2.119;360;0;0;0
2.124;397;0;0;0
2.129;432;0;0;0
2.134;467;0;0;0
2.139;509;0;0;0
2.144;549;0;0;0
2.149;594;0;0;0
2.154;637;0;0;0
2.159;678;0;0;0
2.164;723;0;0;0
2.169;765;0;0;0
2.174;804;0;0;0
2.179;844;0;0;0
2.184;883;0;0;0
2.189;917;0;0;0
2.194;946;0;0;0
2.199;968;0;0;0
2.204;986;0;0;0
2.209;996;0;0;0
2.214;999;0;0;0
2.219;998;0;0;0
2.224;999;0;0;0
2.229;999;0;0;0
2.234;998;0;0;0
2.239;993;0;0;0
2.244;986;0;0;0
2.249;977;0;0;0
2.254;964;0;0;0
2.259;951;0;0;0
2.264;935;0;0;0
2.269;920;0;0;0
2.274;904;0;0;0
2.279;887;0;0;0
2.284;872;0;0;0
2.289;860;0;0;0
2.294;852;0;0;0
2.299;840;0;0;0
2.304;831;0;0;0
2.309;822;0;0;0
2.314;818;0;0;0
2.319;813;0;0;0
2.324;799;0;0;0
2.329;780;0;0;0
2.334;755;0;0;0
2.339;712;0;0;0
2.344;667;0;0;0
2.349;625;0;0;0
2.354;555;0;0;0
2.359;481;0;0;0
2.364;411;0;0;0
2.369;323;0;0;0
2.374;241;0;0;0
2.379;156;0;0;0
2.384;70;0;0;0
2.389;-15;0;0;0
2.394;-109;0;0;0
2.399;-195;0;0;0
2.404;-278;0;0;0
2.409;-368;0;0;0
2.414;-453;0;0;0
2.419;-535;0;0;0
2.424;-625;0;0;0
2.429;-695;0;0;0
2.434;-760;0;0;0
2.439;-827;0;0;0
2.444;-880;0;0;0
2.449;-926;0;0;0
2.454;-964;0;0;0
2.459;-988;0;0;0
2.464;-999;0;0;0
2.469;-993;0;0;0
2.474;-972;0;0;0
2.479;-929;0;0;0
2.484;-868;0;0;0
2.489;-785;0;0;0
2.494;-690;0;0;0
2.499;-575;0;0;0
2.504;-439;0;0;0
2.509;-294;0;0;0
2.514;-148;0;0;0
2.519;7;0;0;0
2.524;164;0;0;0
2.529;309;0;0;0
2.534;439;0;0;0
2.539;568;0;0;0
2.544;678;0;0;0
2.549;780;0;0;0
2.554;856;0;0;0
2.559;920;0;0;0
2.564;964;0;0;0
2.569;988;0;0;0
2.574;997;0;0;0
2.579;999;0;0;0
2.584;999;0;0;0
2.589;998;0;0;0
2.594;999;0;0;0
2.599;999;0;0;0
2.604;999;0;0;0
2.609;997;0;0;0
2.614;992;0;0;0
2.619;983;0;0;0
2.624;970;0;0;0
2.629;946;0;0;0
2.634;920;0;0;0
2.639;883;0;0;0
2.644;844;0;0;0
2.649;790;0;0;0
2.654;723;0;0;0
2.659;655;0;0;0
2.664;581;0;0;0
2.669;502;0;0;0
2.674;411;0;0;0
2.679;309;0;0;0
2.684;210;0;0;0
2.689;109;0;0;0
2.694;7;0;0;0
2.699;-101;0;0;0
2.704;-202;0;0;0
2.709;-286;0;0;0
2.714;-346;0;0;0
2.719;-404;0;0;0
2.724;-439;0;0;0
2.729;-460;0;0;0
2.734;-467;0;0;0
2.739;-467;0;0;0
2.744;-460;0;0;0
2.749;-439;0;0;0
2.754;-411;0;0;0
2.759;-397;0;0;0
2.764;-375;0;0;0
2.769;-346;0;0;0
2.774;-309;0;0;0
2.779;-278;0;0;0
2.784;-248;0;0;0
2.789;-218;0;0;0
2.794;-179;0;0;0
2.799;-140;0;0;0
2.804;-109;0;0;0
2.809;-78;0;0;0
2.814;-39;0;0;0
2.819;0;0;0;0
2.824;39;0;0;0
2.829;70;0;0;0
2.834;109;0;0;0
2.839;140;0;0;0
2.844;171;0;0;0
2.849;210;0;0;0
2.854;233;0;0;0
2.859;263;0;0;0
2.864;294;0;0;0
2.869;323;0;0;0
2.874;346;0;0;0
2.879;368;0;0;0
2.884;389;0;0;0
2.889;411;0;0;0
2.894;425;0;0;0
2.899;439;0;0;0
2.904;453;0;0;0
2.909;467;0;0;0
2.914;474;0;0;0
2.919;474;0;0;0
2.924;481;0;0;0
2.929;488;0;0;0
2.934;488;0;0;0
2.939;481;0;0;0
2.944;481;0;0;0
2.949;474;0;0;0
2.954;467;0;0;0
2.959;460;0;0;0
2.964;446;0;0;0
2.969;439;0;0;0
2.974;418;0;0;0
2.979;404;0;0;0
2.984;389;0;0;0
2.989;368;0;0;0
2.994;346;0;0;0
2.999;323;0;0;0
3.004;294;0;0;0
3.009;271;0;0;0
3.014;241;0;0;0
3.019;218;0;0;0
3.024;187;0;0;0
3.029;156;0;0;0
3.034;125;0;0;0
3.039;94;0;0;0
3.044;62;0;0;0
3.049;23;0;0;0
3.054;-7;0;0;0
3.059;-39;0;0;0
3.064;-70;0;0;0
3.069;-101;0;0;0
3.074;-140;0;0;0
3.079;-171;0;0;0
3.084;-202;0;0;0
3.089;-225;0;0;0
3.094;-248;0;0;0
3.099;-263;0;0;0
3.104;-286;0;0;0
3.109;-301;0;0;0
3.114;-316;0;0;0
3.119;-323;0;0;0
3.124;-338;0;0;0
3.129;-353;0;0;0
3.134;-360;0;0;0
3.139;-368;0;0;0
3.144;-375;0;0;0
3.149;-375;0;0;0
3.154;-375;0;0;0
3.159;-375;0;0;0
3.164;-375;0;0;0
3.169;-368;0;0;0
3.174;-368;0;0;0
3.179;-353;0;0;0
3.184;-346;0;0;0
3.189;-338;0;0;0
3.194;-323;0;0;0
3.199;-309;0;0;0
3.204;-294;0;0;0
3.209;-286;0;0;0
3.214;-271;0;0;0
3.219;-256;0;0;0
3.224;-233;0;0;0
3.229;-218;0;0;0
3.234;-195;0;0;0
3.239;-171;0;0;0
3.244;-156;0;0;0
3.249;-140;0;0;0
3.254;-109;0;0;0
3.259;-78;0;0;0
3.264;-54;0;0;0
3.269;-31;0;0;0
3.274;-15;0;0;0
3.279;7;0;0;0
3.284;31;0;0;0
3.289;62;0;0;0
3.294;78;0;0;0
3.299;101;0;0;0
3.304;117;0;0;0
3.309;140;0;0;0
3.314;164;0;0;0
3.319;179;0;0;0
3.324;202;0;0;0
3.329;210;0;0;0
3.334;233;0;0;0
3.339;248;0;0;0
3.344;263;0;0;0
3.349;271;0;0;0
3.354;278;0;0;0
3.359;294;0;0;0
3.364;294;0;0;0
3.369;309;0;0;0
3.374;309;0;0;0
3.379;316;0;0;0
3.384;316;0;0;0
3.389;316;0;0;0
3.394;316;0;0;0
3.399;316;0;0;0
3.404;309;0;0;0
3.409;309;0;0;0
3.414;301;0;0;0
3.419;294;0;0;0
3.424;286;0;0;0
3.429;271;0;0;0
3.434;263;0;0;0
3.439;248;0;0;0
3.444;241;0;0;0
3.449;225;0;0;0
3.454;210;0;0;0
3.459;195;0;0;0
3.464;179;0;0;0
3.469;164;0;0;0
3.474;140;0;0;0
3.479;125;0;0;0
3.484;109;0;0;0
3.489;86;0;0;0
3.494;70;0;0;0
3.499;47;0;0;0
3.504;23;0;0;0
3.509;0;0;0;0
3.514;-15;0;0;0
3.519;-39;0;0;0
3.524;-54;0;0;0
3.529;-78;0;0;0
3.534;-94;0;0;0
3.539;-109;0;0;0
3.544;-133;0;0;0
3.549;-148;0;0;0
3.554;-164;0;0;0
3.559;-179;0;0;0
3.564;-195;0;0;0
3.569;-210;0;0;0
3.574;-218;0;0;0
3.579;-233;0;0;0
3.584;-241;0;0;0
3.589;-248;0;0;0
3.594;-263;0;0;0
3.599;-263;0;0;0
3.604;-263;0;0;0
3.609;-271;0;0;0
3.614;-271;0;0;0
3.619;-278;0;0;0
3.624;-278;0;0;0
3.629;-271;0;0;0
3.634;-271;0;0;0
3.639;-263;0;0;0
3.644;-263;0;0;0
3.649;-263;0;0;0
3.654;-248;0;0;0
3.659;-241;0;0;0
3.664;-233;0;0;0
3.669;-225;0;0;0
3.674;-210;0;0;0
3.679;-202;0;0;0
3.684;-187;0;0;0
3.689;-171;0;0;0
3.694;-164;0;0;0
3.699;-148;0;0;0
3.704;-133;0;0;0
3.709;-109;0;0;0
3.714;-94;0;0;0
3.719;-78;0;0;0
3.724;-62;0;0;0
3.729;-47;0;0;0
3.734;-31;0;0;0
3.739;-15;0;0;0
3.744;7;0;0;0
3.749;23;0;0;0
3.754;47;0;0;0
3.759;54;0;0;0
3.764;78;0;0;0
3.769;86;0;0;0
3.774;101;0;0;0
3.779;117;0;0;0
3.784;133;0;0;0
3.789;148;0;0;0
3.794;156;0;0;0
3.799;171;0;0;0
3.804;179;0;0;0
3.809;187;0;0;0
3.814;202;0;0;0
3.819;202;0;0;0
3.824;210;0;0;0
3.829;218;0;0;0
3.834;225;0;0;0
3.839;233;0;0;0
3.844;233;0;0;0
3.849;233;0;0;0
3.854;233;0;0;0
3.859;233;0;0;0
3.864;233;0;0;0
3.869;225;0;0;0
3.874;225;0;0;0
3.879;218;0;0;0
3.884;210;0;0;0
3.889;202;0;0;0
3.894;202;0;0;0
3.899;195;0;0;0
3.904;187;0;0;0
3.909;171;0;0;0
3.914;171;0;0;0
3.919;156;0;0;0
3.924;140;0;0;0
3.929;133;0;0;0
3.934;117;0;0;0
3.939;109;0;0;0
3.944;94;0;0;0
3.949;78;0;0;0
3.954;62;0;0;0
3.959;47;0;0;0
3.964;31;0;0;0
3.969;15;0;0;0
3.974;0;0;0;0
3.979;-15;0;0;0
3.984;-23;0;0;0
3.989;-39;0;0;0
3.994;-47;0;0;0
3.999;-70;0;0;0
4.004;-78;0;0;0
4.009;-94;0;0;0
4.014;-109;0;0;0
4.019;-117;0;0;0
4.024;-125;0;0;0
4.029;-140;0;0;0
4.034;-140;0;0;0
4.039;-156;0;0;0
4.044;-164;0;0;0
4.049;-171;0;0;0
4.054;-179;0;0;0
4.059;-179;0;0;0
4.064;-187;0;0;0
4.069;-187;0;0;0
4.074;-195;0;0;0
4.079;-195;0;0;0
4.084;-195;0;0;0
4.089;-195;0;0;0
4.094;-195;0;0;0
4.099;-187;0;0;0
4.104;-187;0;0;0
4.109;-187;0;0;0
4.114;-179;0;0;0
4.119;-171;0;0;0
4.124;-171;0;0;0
4.129;-164;0;0;0
4.134;-156;0;0;0
4.139;-148;0;0;0
4.144;-140;0;0;0
4.149;-133;0;0;0
4.154;-117;0;0;0
4.159;-109;0;0;0
4.164;-94;0;0;0
4.169;-86;0;0;0
4.174;-78;0;0;0
4.179;-62;0;0;0
4.184;-54;0;0;0
4.189;-47;0;0;0
4.194;-31;0;0;0
4.199;-15;0;0;0
4.204;-7;0;0;0
4.209;7;0;0;0
4.214;15;0;0;0
4.219;31;0;0;0
4.224;47;0;0;0
4.229;47;0;0;0
4.234;62;0;0;0
4.239;70;0;0;0
4.244;78;0;0;0
4.249;86;0;0;0
4.254;101;0;0;0
4.259;109;0;0;0
4.264;109;0;0;0
4.269;125;0;0;0
4.274;133;0;0;0
4.279;140;0;0;0
4.284;140;0;0;0
4.289;140;0;0;0
4.294;148;0;0;0
4.299;148;0;0;0
4.304;156;0;0;0
4.309;156;0;0;0
4.314;156;0;0;0
4.319;156;0;0;0
4.324;156;0;0;0
4.329;156;0;0;0
4.334;148;0;0;0
4.339;148;0;0;0
4.344;140;0;0;0
4.349;140;0;0;0
4.354;140;0;0;0
4.359;133;0;0;0
4.364;125;0;0;0
4.369;117;0;0;0
4.374;109;0;0;0
4.379;109;0;0;0
4.384;101;0;0;0
4.389;94;0;0;0