t;e;d;i;set

95.134;11723;0;0;11717
95.139;11722;0;0;11717
95.144;11722;0;0;11717
95.149;11722;0;0;11717
95.154;11722;0;0;11717
95.159;11722;0;0;11717
95.164;11722;0;0;11717
95.169;11722;0;0;11717
95.174;11722;0;0;11717
95.179;11722;0;0;11717
95.184;11722;0;0;11717
95.189;11722;0;0;11717
95.194;11722;0;0;11717
95.199;11721;0;0;11717
95.204;11721;0;0;11717
95.209;11721;0;0;11717
95.214;11721;0;0;11717
95.219;11721;0;0;11717
95.224;11721;0;0;11717
95.229;11721;0;0;11717
95.234;11721;0;0;11717
95.239;11721;0;0;11717
95.244;11721;0;0;11717
95.249;11721;0;0;11717
95.254;11721;0;0;11717
95.259;11721;0;0;11717
95.264;11721;0;0;11717
95.269;11721;0;0;11717
95.274;11721;0;0;11717
95.279;11721;0;0;11717
95.284;11721;0;0;11717
95.289;11721;0;0;11717
95.294;11721;0;0;11717
95.299;11721;0;0;11717
95.304;11721;0;0;11717
95.309;11721;0;0;11717
95.314;11721;0;0;11717
95.319;11721;0;0;11717
95.324;11721;0;0;11717
95.329;11721;0;0;11717
95.334;11721;0;0;11717
95.339;11722;0;0;11730
95.344;11722;0;0;11730
95.349;11722;0;0;11717
95.354;11722;0;0;11717
95.359;11722;0;0;11717
95.364;11722;0;0;11717
95.369;11722;0;0;11717
95.374;11722;0;0;11717
95.379;11722;0;0;11717
95.384;11722;0;0;11717
95.389;11722;0;0;11717
95.394;11722;0;0;11717
95.399;11721;0;0;11717
95.404;11721;0;0;11717
95.409;11721;0;0;11717
95.414;11721;0;0;11717
95.419;11721;0;0;11717
95.424;11721;0;0;11717
95.429;11721;0;0;11717
95.434;11721;0;0;11717
95.439;11721;0;0;11717
95.444;11721;0;0;11717
95.449;11721;0;0;11717
95.454;11721;0;0;11717
95.459;11721;0;0;11717
95.464;11721;0;0;11717
95.469;11721;0;0;11717
95.474;11722;0;0;11717
95.479;11722;0;0;11717
95.484;11722;0;0;11717
95.489;11722;0;0;11717
95.494;11722;0;0;11717
95.499;11722;0;0;11717
95.504;11723;0;0;11730
95.509;11723;0;0;11717
95.514;11723;0;0;11717
95.519;11723;0;0;11717
95.524;11723;0;0;11717
95.529;11723;0;0;11717
95.534;11723;0;0;11717
95.539;11723;0;0;11717
95.544;11723;0;0;11717
95.549;11723;0;0;11717
95.554;11723;0;0;11717
95.559;11723;0;0;11717
95.564;11722;0;0;11717
95.569;11722;0;0;11717
95.574;11722;0;0;11730
95.579;11722;0;0;11730
95.584;11722;0;0;11717
95.589;11722;0;0;11717
95.594;11722;0;0;11717
95.599;11722;0;0;11717
95.604;11722;0;0;11717
95.609;11722;0;0;11717
95.614;11722;0;0;11717
95.619;11722;0;0;11717
95.624;11721;0;0;11717
95.629;11721;0;0;11717
95.634;11721;0;0;11717
95.639;11721;0;0;11730
95.644;11721;0;0;11717
95.649;11721;0;0;11717
95.654;11721;0;0;11717
95.659;11721;0;0;11717
95.664;11721;0;0;11730
95.669;11722;0;0;11730
95.674;11722;0;0;11717
95.679;11722;0;0;11717
95.684;11722;0;0;11717
95.689;11722;0;0;11730
95.694;11722;0;0;11717
95.699;11722;0;0;11717
95.704;11723;0;0;11717
95.709;11723;0;0;11730
95.714;11723;0;0;11730
95.719;11722;0;0;11704
95.724;11722;0;0;11730
95.729;11723;0;0;11730
95.734;11723;0;0;11717
95.739;11723;0;0;11717
95.744;11723;0;0;11717
95.749;11723;0;0;11730
95.754;11723;0;0;11717
95.759;11723;0;0;11717
95.764;11723;0;0;11717
95.769;11723;0;0;11717
95.774;11724;0;0;11717
95.779;11724;0;0;11717
95.784;11724;0;0;11730
95.789;11724;0;0;11717
95.794;11724;0;0;11717
95.799;11723;0;0;11730
95.804;11723;0;0;11717
95.809;11723;0;0;11730
95.814;11723;0;0;11717
95.819;11723;0;0;11717
95.824;11723;0;0;11730
95.829;11724;0;0;11717
95.834;11724;0;0;11717
95.839;11724;0;0;11717
95.844;11724;0;0;11717
95.849;11724;0;0;11717
95.854;11723;0;0;11704
95.859;11722;0;0;11677
95.864;11720;0;0;11557
95.869;11714;0;0;11318
95.874;11704;0;0;10892
95.879;11680;0;0;10320
95.884;11693;2;0;9562
95.889;11697;3;0;8764
95.894;11685;5;0;7940
95.899;11657;7;0;7195
95.904;11613;8;0;6636
95.909;11569;10;0;6197
95.914;11555;12;0;5812
95.919;11563;14;0;5519
95.924;11467;14;0;5280
95.929;11407;15;0;5000
95.934;11408;17;0;4788
95.939;11348;17;0;4734
95.944;11304;18;0;4628
95.949;11260;18;0;4522
95.954;11216;18;0;4495
95.959;11166;18;0;4482
95.964;11070;18;0;4415
95.969;10974;17;0;4442
95.974;10946;17;0;4442
95.979;10850;17;0;4402
95.984;10770;16;0;4428
95.989;10690;15;0;4468
95.994;10610;15;0;4442
95.999;10530;14;0;4415
96.004;10434;14;0;4442
96.009;10302;13;0;4455
96.014;10222;12;0;4415
96.019;10158;12;0;4468
96.024;10032;11;0;4482
96.029;9900;10;0;4402
96.034;9768;9;0;4428
96.039;9636;8;0;4455
96.044;9556;9;0;4428
96.049;9424;8;0;4428
96.054;9247;7;0;4455
96.059;9115;6;0;4415
96.064;9035;7;0;4428
96.069;8867;5;0;4455
96.074;8735;5;0;4468
96.079;8609;5;0;4455
96.084;8477;5;0;4455
96.089;8293;4;0;4455
96.094;8161;4;0;4428
96.099;8029;3;0;4455
96.104;7904;4;0;4468
96.109;7727;3;0;4428
96.114;7663;3;0;4428
96.119;7531;3;0;4442
96.124;7399;4;0;4415
96.129;7215;3;0;4428
96.134;7105;2;0;4455
96.139;6973;3;0;4442
96.144;6841;3;0;4428
96.149;6709;3;0;4442
96.154;6645;4;0;4442
96.159;6513;4;0;4428
96.164;6397;3;0;4442
96.169;6272;3;0;4442
96.174;6156;3;0;4428
96.179;6092;4;0;4428
96.184;6028;4;0;4442
96.189;5896;4;0;4428
96.194;5780;4;0;4415
96.199;5716;5;0;4428
96.204;5600;4;0;4455
96.209;5552;4;0;4455
96.214;5488;5;0;4428
96.219;5424;5;0;4428
96.224;5360;6;0;4442
96.229;5312;6;0;4455
96.234;5264;6;0;4428
96.239;5200;6;0;4442
96.244;5152;6;0;4468
96.249;5104;6;0;4428
96.254;5108;7;0;4428
96.259;5060;7;0;4442
96.264;5080;8;0;4428
96.269;5032;8;0;4415
96.274;4984;7;0;4442
96.279;4996;8;0;4455
96.284;4964;7;0;4428
96.289;4976;8;0;4455
96.294;4944;8;0;4442
96.299;4957;8;0;4442
96.304;4925;7;0;4428
96.309;4945;8;0;4442
96.314;4973;8;0;4455
96.319;4941;8;0;4428
96.324;4969;8;0;4428
96.329;4997;8;0;4455
96.334;4973;8;0;4442
96.339;5005;8;0;4428
96.344;5027;8;0;4428
96.349;5007;7;0;4468
96.354;5043;7;0;4428
96.359;5079;8;0;4428
96.364;5063;7;0;4428
96.369;5099;7;0;4455
96.374;5135;8;0;4415
96.379;5123;7;0;4455
96.384;5165;7;0;4495
96.389;5157;6;0;4442
96.394;5190;6;0;4415
96.399;5182;6;0;4428
96.404;5217;6;0;4442
96.409;5261;6;0;4415
96.414;5253;5;0;4415
96.419;5243;5;0;4442
96.424;5289;5;0;4442
96.429;5335;5;0;4455
96.434;5330;5;0;4428
96.439;5324;4;0;4428
96.444;5370;5;0;4442
96.449;5366;4;0;4415
96.454;5414;4;0;4428
96.459;5411;4;0;4442
96.464;5408;3;0;4455
96.469;5404;3;0;4455
96.474;5400;3;0;4455
96.479;5395;2;0;4442
96.484;5390;2;0;4442
96.489;5385;2;0;4428
96.494;5379;2;0;4428
96.499;5374;1;0;4442
96.504;5368;1;0;4415
96.509;5362;1;0;4415
96.514;5356;1;0;4442
96.519;5350;1;0;4442
96.524;5346;1;0;4428
96.529;5340;1;0;4428
96.534;5335;1;0;4428
96.539;5329;1;0;4428
96.544;5269;0;0;4428
96.549;5261;0;0;4442
96.554;5201;0;0;4455
96.559;5193;0;0;4442
96.564;5183;0;0;4442
96.569;5175;0;0;4455
96.574;5169;0;0;4455
96.579;5107;0;0;4442
96.584;5097;0;0;4455
96.589;5089;0;0;4455
96.594;5031;0;0;4415
96.599;5019;0;0;4428
96.604;5007;0;0;4442
96.609;4999;0;0;4428
96.614;4989;0;0;4428
96.619;4981;0;0;4455
96.624;4973;0;0;4442
96.629;4913;0;0;4415
96.634;4903;0;0;4442
96.639;4852;0;0;4455
96.644;4840;0;0;4482
96.649;4832;0;0;4442
96.654;4822;0;0;4428
96.659;4812;0;0;4442
96.664;4757;0;0;4442
96.669;4749;0;0;4402
96.674;4739;0;0;4415
96.679;4727;0;0;4415
96.684;4667;0;0;4415
96.689;4655;0;0;4442
96.694;4645;0;0;4428
96.699;4635;0;0;4415
96.704;4625;0;0;4442
96.709;4617;0;0;4455
96.714;4609;0;0;4468
96.719;4601;0;0;4428
96.724;4593;0;0;4415
96.729;4585;0;0;4455
96.734;4577;0;0;4442
96.739;4571;0;0;4428
96.744;4563;0;0;4415
96.749;4557;0;0;4455
96.754;4551;0;0;4442
96.759;4543;0;0;4442
96.764;4537;0;0;4415
96.769;4531;0;0;4455
96.774;4525;0;0;4468
96.779;4520;0;0;4415
96.784;4514;0;0;4428
96.789;4508;0;0;4442
96.794;4503;0;0;4428
96.799;4497;0;0;4428
96.804;4493;0;0;4442
96.809;4488;0;0;4455
96.814;4483;0;0;4415
96.819;4478;0;0;4428
96.824;4473;0;0;4442
96.829;4469;0;0;4442
96.834;4464;0;0;4428
96.839;4459;0;0;4428
96.844;4455;0;0;4468
96.849;4452;0;0;4442
96.854;4448;0;0;4442
96.859;4443;0;0;4415
96.864;4492;1;0;4428
96.869;4491;1;0;4455
96.874;4489;1;0;4442
96.879;4487;1;0;4415
96.884;4484;1;0;4442
96.889;4483;0;0;4442
96.894;4480;0;0;4375
96.899;4476;0;0;4402
96.904;4473;0;0;4442
96.909;4472;0;0;4468
96.914;4470;0;0;4455
96.919;4468;0;0;4415
96.924;4465;0;0;4428
96.929;4463;0;0;4442
96.934;4461;0;0;4415
96.939;4503;1;0;4428
96.944;4503;1;0;4455
96.949;4504;1;0;4455
96.954;4503;0;0;4415
96.959;4502;0;0;4428
96.964;4502;0;0;4442
96.969;4501;0;0;4455
96.974;4500;0;0;4428
96.979;4499;0;0;4415
96.984;4497;0;0;4468
96.989;4497;0;0;4415
96.994;4495;0;0;4402
96.999;4494;0;0;4415
97.004;4493;0;0;4455
97.009;4491;0;0;4402
97.014;4490;0;0;4415
97.019;4489;0;0;4442
97.024;4487;0;0;4428
97.029;4487;0;0;4442
97.034;4486;0;0;4428
97.039;4485;0;0;4442
97.044;4484;0;0;4442
97.049;4484;0;0;4468
97.054;4483;0;0;4442
97.059;4482;0;0;4428
97.064;4482;0;0;4442
97.069;4481;0;0;4442
97.074;4480;0;0;4415
97.079;4479;0;0;4428
97.084;4478;0;0;4442
97.089;4477;0;0;4442
97.094;4476;0;0;4428
97.099;4475;0;0;4428
97.104;4475;0;0;4442
97.109;4474;0;0;4442
97.114;4473;0;0;4415
97.119;4472;0;0;4468
97.124;4472;0;0;4482
97.129;4471;0;0;4442
97.134;4471;0;0;4442
97.139;4470;0;0;4442
97.144;4470;0;0;4442
97.149;4469;0;0;4428
97.154;4468;0;0;4415
97.159;4467;0;0;4442
97.164;4467;0;0;4442
97.169;4466;0;0;4428
97.174;4465;0;0;4428
97.179;4465;0;0;4455
97.184;4464;0;0;4428
97.189;4463;0;0;4415
97.194;4463;0;0;4442
97.199;4463;0;0;4442
97.204;4462;0;0;4442
97.209;4462;0;0;4428
97.214;4461;0;0;4428
97.219;4461;0;0;4455
97.224;4461;0;0;4442
97.229;4460;0;0;4415
97.234;4458;0;0;4375
97.239;4457;0;0;4402
97.244;4456;0;0;4442
97.249;4456;0;0;4442
97.254;4455;0;0;4415
97.259;4456;0;0;4482
97.264;4456;0;0;4495
97.269;4456;0;0;4442
97.274;4455;0;0;4428
97.279;4455;0;0;4428
97.284;4455;0;0;4468
97.289;4456;0;0;4455
97.294;4456;0;0;4415
97.299;4455;0;0;4442
97.304;4455;0;0;4442
97.309;4455;0;0;4442
97.314;4454;0;0;4428
97.319;4454;0;0;4428
97.324;4453;0;0;4455
97.329;4453;0;0;4442
97.334;4452;0;0;4415
97.339;4452;0;0;4442
97.344;4452;0;0;4455
97.349;4453;0;0;4508
97.354;4455;0;0;4575
97.359;4459;0;0;4814
97.364;4471;0;0;5173
97.369;4491;0;0;5612
97.374;4470;-1;0;6131
97.379;4450;-3;0;6663
97.384;4498;-3;0;7261
97.389;4510;-5;0;7926
97.394;4538;-7;0;8525
97.399;4618;-7;0;9017
97.404;4594;-10;0;9389
97.409;4576;-12;0;9682
97.414;4620;-13;0;9921
97.419;4648;-13;0;10108
97.424;4692;-14;0;10254
97.429;4720;-15;0;10347
97.434;4755;-15;0;10374
97.439;4799;-16;0;10387
97.444;4879;-15;0;10427
97.449;4907;-16;0;10427
97.454;4971;-15;0;10413
97.459;5051;-14;0;10427
97.464;5063;-14;0;10453
97.469;5143;-14;0;10427
97.474;5207;-13;0;10413
97.479;5271;-13;0;10453
97.484;5351;-12;0;10440
97.489;5467;-11;0;10413
97.494;5531;-10;0;10413
97.499;5595;-10;0;10427
97.504;5711;-9;0;10427
97.509;5775;-9;0;10400
97.514;5855;-9;0;10400
97.519;5971;-8;0;10413
97.524;6080;-7;0;10427
97.529;6196;-7;0;10413
97.534;6312;-6;0;10413
97.539;6376;-6;0;10427
97.544;6492;-6;0;10427
97.549;6608;-5;0;10413
97.554;6724;-5;0;10427
97.559;6834;-4;0;10440
97.564;6898;-5;0;10427
97.569;7014;-4;0;10440
97.574;7130;-4;0;10413
97.579;7298;-3;0;10413
97.584;7362;-3;0;10400
97.589;7478;-3;0;10413
97.594;7587;-3;0;10427
97.599;7696;-3;0;10440
97.604;7812;-3;0;10427
97.609;7928;-2;0;10400
97.614;8044;-2;0;10413
97.619;8160;-2;0;10440
97.624;8276;-2;0;10400
97.629;8340;-3;0;10387
97.634;8434;-3;0;10427
97.639;8550;-2;0;10440
97.644;8666;-2;0;10427
97.649;8782;-2;0;10427
97.654;8846;-3;0;10440
97.659;8894;-3;0;10440
97.664;9010;-3;0;10413
97.669;9058;-3;0;10413
97.674;9174;-3;0;10413
97.679;9222;-4;0;10400
97.684;9315;-3;0;10400
97.689;9363;-3;0;10427
97.694;9427;-4;0;10427
97.699;9527;-3;0;10400
97.704;9575;-4;0;10413
97.709;9623;-4;0;10427
97.714;9671;-4;0;10453
97.719;9719;-5;0;10440
97.724;9751;-5;0;10400
97.729;9799;-5;0;10413
97.734;9847;-5;0;10440
97.739;9879;-5;0;10427
97.744;9875;-6;0;10400
97.749;9907;-6;0;10413
97.754;9947;-6;0;10413
97.759;9934;-6;0;10413
97.764;9966;-6;0;10400
97.769;9998;-6;0;10413
97.774;9978;-7;0;10427
97.779;10010;-6;0;10387
97.784;9982;-7;0;10374
97.789;10006;-6;0;10400
97.794;10038;-6;0;10427
97.799;10062;-6;0;10400
97.804;10034;-6;0;10427
97.809;10006;-7;0;10453
97.814;9974;-7;0;10467
97.819;9994;-6;0;10467
97.824;9968;-7;0;10413
97.829;9984;-6;0;10413
97.834;10000;-5;0;10413
97.839;9964;-6;0;10440
97.844;9928;-6;0;10427
97.849;9944;-6;0;10413
97.854;9904;-6;0;10427
97.859;9862;-6;0;10427
97.864;9870;-6;0;10413
97.869;9880;-5;0;10387
97.874;9840;-5;0;10413
97.879;9805;-6;0;10440
97.884;9813;-5;0;10427
97.889;9774;-5;0;10413
97.894;9782;-5;0;10427
97.899;9735;-5;0;10440
97.904;9741;-4;0;10427
97.909;9747;-4;0;10413
97.914;9753;-3;0;10427
97.919;9761;-3;0;10440
97.924;9715;-4;0;10413
97.929;9720;-3;0;10413
97.934;9725;-3;0;10427
97.939;9731;-2;0;10427
97.944;9683;-3;0;10400
97.949;9687;-3;0;10427
97.954;9691;-2;0;10427
97.959;9696;-2;0;10413
97.964;9701;-2;0;10440
97.969;9704;-2;0;10427
97.974;9710;-1;0;10400
97.979;9715;-1;0;10400
97.984;9720;-1;0;10387
97.989;9724;-1;0;10400
97.994;9728;-1;0;10427
97.999;9734;-1;0;10427
98.004;9740;-1;0;10400
98.009;9744;-1;0;10427
98.014;9750;-1;0;10440
98.019;9756;-1;0;10413
98.024;9760;0;0;10400
98.029;9765;0;0;10427
98.034;9823;0;0;10440
98.039;9831;0;0;10427
98.044;9837;0;0;10400
98.049;9845;0;0;10427
98.054;9851;0;0;10440
98.059;9911;0;0;10427
98.064;9919;0;0;10400
98.069;9925;0;0;10413
98.074;9933;0;0;10427
98.079;9939;0;0;10427
98.084;9945;0;0;10413
98.089;9951;0;0;10413
98.094;10011;0;0;10413
98.099;10019;0;0;10413
98.104;10027;0;0;10427
98.109;10080;0;0;10413
98.114;10090;0;0;10400
98.119;10098;0;0;10413
98.124;10106;0;0;10480
98.129;10114;0;0;10453
98.134;10122;0;0;10427
98.139;10130;0;0;10427
98.144;10183;0;0;10427
98.149;10191;0;0;10413
98.154;10199;0;0;10413
98.159;10207;0;0;10440
98.164;10215;0;0;10440
98.169;10275;0;0;10427
98.174;10283;0;0;10413
98.179;10293;0;0;10427
98.184;10301;0;0;10440
98.189;10309;0;0;10440
98.194;10315;0;0;10413
98.199;10323;0;0;10413
98.204;10329;0;0;10427
98.209;10335;0;0;10413
98.214;10341;0;0;10413
98.219;10347;0;0;10427
98.224;10353;0;0;10440
98.229;10359;0;0;10427
98.234;10365;0;0;10400
98.239;10369;0;0;10413
98.244;10374;0;0;10427
98.249;10379;0;0;10440
98.254;10385;0;0;10413
98.259;10389;0;0;10413
98.264;10394;0;0;10427
98.269;10398;0;0;10427
98.274;10403;0;0;10413
98.279;10407;0;0;10400
98.284;10411;0;0;10427
98.289;10415;0;0;10427
98.294;10419;0;0;10427
98.299;10423;0;0;10400
98.304;10427;0;0;10413
98.309;10430;0;0;10413
98.314;10434;0;0;10413
98.319;10438;0;0;10427
98.324;10441;0;0;10427
98.329;10445;0;0;10427
98.334;10448;0;0;10427
98.339;10452;0;0;10427
98.344;10455;0;0;10413
98.349;10458;0;0;10427
98.354;10462;0;0;10427
98.359;10465;0;0;10427
98.364;10468;0;0;10413
98.369;10471;0;0;10427
98.374;10420;-1;0;10413
98.379;10420;-1;0;10427
98.384;10421;-1;0;10427
98.389;10423;0;0;10427
98.394;10424;0;0;10413
98.399;10425;0;0;10413
98.404;10426;0;0;10427
98.409;10427;0;0;10427
98.414;10429;0;0;10413
98.419;10430;0;0;10413
98.424;10431;0;0;10413
98.429;10432;0;0;10413
98.434;10434;0;0;10413
98.439;10435;0;0;10413
98.444;10436;0;0;10413
98.449;10437;0;0;10413
98.454;10438;0;0;10413
98.459;10440;0;0;10413
98.464;10441;0;0;10413
98.469;10442;0;0;10413
98.474;10443;0;0;10413
98.479;10444;0;0;10413
98.484;10446;0;0;10413
98.489;10447;0;0;10413
98.494;10448;0;0;10427
98.499;10449;0;0;10413
98.504;10450;0;0;10413
98.509;10451;0;0;10413
98.514;10407;-1;0;10427
98.519;10453;0;0;10427
98.524;10454;0;0;10427
98.529;10456;0;0;10427
98.534;10410;0;0;10413
98.539;10410;0;0;10413
98.544;10409;0;0;10413
98.549;10408;0;0;10413
98.554;10408;0;0;10427
98.559;10408;0;0;10427
98.564;10408;0;0;10427
98.569;10408;0;0;10427
98.574;10408;0;0;10413
98.579;10408;0;0;10413
98.584;10408;0;0;10413
98.589;10408;0;0;10413
98.594;10408;0;0;10413
98.599;10409;0;0;10427
98.604;10409;0;0;10427
98.609;10409;0;0;10413
98.614;10409;0;0;10413
98.619;10409;0;0;10413
98.624;10410;0;0;10427
98.629;10410;0;0;10427
98.634;10410;0;0;10427
98.639;10411;0;0;10427
98.644;10411;0;0;10413
98.649;10411;0;0;10427
98.654;10412;0;0;10427
98.659;10412;0;0;10427
98.664;10412;0;0;10413
98.669;10412;0;0;10413
98.674;10412;0;0;10427
98.679;10413;0;0;10427
98.684;10413;0;0;10413
98.689;10413;0;0;10413
98.694;10413;0;0;10413
98.699;10414;0;0;10427
98.704;10414;0;0;10427
98.709;10414;0;0;10427
98.714;10414;0;0;10413
98.719;10415;0;0;10427
98.724;10415;0;0;10413
98.729;10415;0;0;10413
98.734;10415;0;0;10413
98.739;10415;0;0;10413
98.744;10415;0;0;10413
98.749;10415;0;0;10413
98.754;10416;0;0;10427
98.759;10416;0;0;10427
98.764;10416;0;0;10413
98.769;10416;0;0;10413
98.774;10416;0;0;10413
98.779;10416;0;0;10413
98.784;10416;0;0;10413
98.789;10416;0;0;10413
98.794;10417;0;0;10413
98.799;10417;0;0;10427
98.804;10417;0;0;10413
98.809;10417;0;0;10413
98.814;10417;0;0;10413
98.819;10417;0;0;10413
98.824;10418;0;0;10427
98.829;10418;0;0;10427
98.834;10418;0;0;10427
98.839;10418;0;0;10413
98.844;10418;0;0;10427
98.849;10418;0;0;10427
98.854;10418;0;0;10413
98.859;10418;0;0;10413
98.864;10418;0;0;10413
98.869;10418;0;0;10427
98.874;10419;0;0;10413
98.879;10419;0;0;10427
98.884;10419;0;0;10413
98.889;10419;0;0;10413
98.894;10419;0;0;10413
98.899;10419;0;0;10413
98.904;10419;0;0;10413
98.909;10420;0;0;10413
98.914;10420;0;0;10413
98.919;10420;0;0;10413
98.924;10420;0;0;10413
98.929;10420;0;0;10427
98.934;10420;0;0;10427
98.939;10420;0;0;10413
98.944;10420;0;0;10427
98.949;10420;0;0;10427
98.954;10420;0;0;10413
98.959;10421;0;0;10427
98.964;10421;0;0;10413
98.969;10421;0;0;10427
98.974;10421;0;0;10427
98.979;10421;0;0;10427
98.984;10421;0;0;10413
98.989;10420;0;0;10413
98.994;10420;0;0;10427
98.999;10420;0;0;10427
99.004;10420;0;0;10413
99.009;10420;0;0;10413
99.014;10420;0;0;10413
99.019;10420;0;0;10413
99.024;10420;0;0;10427
99.029;10421;0;0;10427
99.034;10421;0;0;10413
99.039;10421;0;0;10427
99.044;10421;0;0;10413
99.049;10421;0;0;10413
99.054;10421;0;0;10413
99.059;10420;0;0;10413
99.064;10420;0;0;10413
99.069;10420;0;0;10413
99.074;10420;0;0;10413
99.079;10420;0;0;10427
99.084;10420;0;0;10413
99.089;10421;0;0;10427
99.094;10421;0;0;10413
99.099;10421;0;0;10413
99.104;10421;0;0;10427
99.109;10421;0;0;10427
99.114;10421;0;0;10413
99.119;10420;0;0;10413
99.124;10420;0;0;10413
99.129;10420;0;0;10413
99.134;10420;0;0;10413
99.139;10420;0;0;10427
99.144;10420;0;0;10427
99.149;10420;0;0;10413
99.154;10420;0;0;10413
99.159;10421;0;0;10427
99.164;10421;0;0;10413
99.169;10421;0;0;10427
99.174;10421;0;0;10413
99.179;10421;0;0;10427
99.184;10421;0;0;10413
99.189;10420;0;0;10413
99.194;10420;0;0;10413
99.199;10420;0;0;10427
99.204;10420;0;0;10413
99.209;10420;0;0;10413
99.214;10420;0;0;10413
99.219;10420;0;0;10413
99.224;10420;0;0;10413
99.229;10420;0;0;10413
99.234;10420;0;0;10413
99.239;10420;0;0;10413
99.244;10421;0;0;10413
99.249;10421;0;0;10413
99.254;10421;0;0;10427
99.259;10421;0;0;10427
99.264;10421;0;0;10427
99.269;10421;0;0;10427
99.274;10421;0;0;10427
99.279;10421;0;0;10427
99.284;10420;0;0;10413
99.289;10420;0;0;10413
99.294;10420;0;0;10413
99.299;10420;0;0;10413
99.304;10420;0;0;10413
99.309;10420;0;0;10427
99.314;10421;0;0;10427
99.319;10421;0;0;10427
99.324;10421;0;0;10427
99.329;10421;0;0;10427
99.334;10421;0;0;10427
99.339;10421;0;0;10413
99.344;10421;0;0;10427
99.349;10421;0;0;10427
99.354;10421;0;0;10427
99.359;10421;0;0;10427
99.364;10421;0;0;10427
99.369;10421;0;0;10427
99.374;10422;0;0;10427
99.379;10422;0;0;10427
99.384;10422;0;0;10427
99.389;10422;0;0;10427
99.394;10422;0;0;10427
99.399;10422;0;0;10427
99.404;10422;0;0;10427
99.409;10422;0;0;10413
99.414;10421;0;0;10413
99.419;10421;0;0;10413
99.424;10421;0;0;10413
99.429;10421;0;0;10413
99.434;10421;0;0;10427
99.439;10421;0;0;10413
99.444;10420;0;0;10427
99.449;10420;0;0;10413
99.454;10420;0;0;10413
99.459;10420;0;0;10413
99.464;10420;0;0;10413
99.469;10420;0;0;10427
99.474;10421;0;0;10427
99.479;10421;0;0;10413
99.484;10421;0;0;10413
99.489;10421;0;0;10413
99.494;10421;0;0;10413
99.499;10421;0;0;10413
99.504;10420;0;0;10413
99.509;10420;0;0;10427
99.514;10420;0;0;10427
99.519;10420;0;0;10413
99.524;10420;0;0;10413
99.529;10420;0;0;10427
99.534;10421;0;0;10427
99.539;10421;0;0;10427
99.544;10421;0;0;10427
99.549;10421;0;0;10427
99.554;10421;0;0;10427
99.559;10421;0;0;10413
99.564;10420;0;0;10413
99.569;10420;0;0;10413
99.574;10420;0;0;10427
99.579;10420;0;0;10427
99.584;10420;0;0;10427
99.589;10420;0;0;10427
99.594;10421;0;0;10427
99.599;10421;0;0;10413
99.604;10421;0;0;10427
99.609;10421;0;0;10413
99.614;10421;0;0;10413
99.619;10421;0;0;10413
99.624;10420;0;0;10413
99.629;10420;0;0;10413
99.634;10420;0;0;10413
99.639;10420;0;0;10427
99.644;10420;0;0;10427
99.649;10420;0;0;10427
99.654;10421;0;0;10427
99.659;10421;0;0;10427
99.664;10421;0;0;10413
99.669;10421;0;0;10413
99.674;10421;0;0;10413
99.679;10421;0;0;10427
99.684;10420;0;0;10413
99.689;10420;0;0;10413
99.694;10420;0;0;10413
99.699;10420;0;0;10413
99.704;10420;0;0;10413
99.709;10420;0;0;10413
99.714;10420;0;0;10413
99.719;10420;0;0;10413
99.724;10420;0;0;10413
99.729;10420;0;0;10413
99.734;10420;0;0;10413
99.739;10420;0;0;10413
99.744;10419;0;0;10413
99.749;10419;0;0;10413
99.754;10419;0;0;10427
99.759;10419;0;0;10413
99.764;10419;0;0;10413
99.769;10419;0;0;10427
99.774;10420;0;0;10427
99.779;10420;0;0;10427
99.784;10420;0;0;10413
99.789;10420;0;0;10413
99.794;10420;0;0;10427
99.799;10420;0;0;10427
99.804;10420;0;0;10413
99.809;10420;0;0;10413
99.814;10420;0;0;10413
99.819;10420;0;0;10413
99.824;10420;0;0;10413
99.829;10420;0;0;10413
99.834;10419;0;0;10413
99.839;10419;0;0;10413
99.844;10419;0;0;10427
99.849;10419;0;0;10427
99.854;10419;0;0;10413
99.859;10419;0;0;10413
99.864;10420;0;0;10427
99.869;10420;0;0;10427
99.874;10420;0;0;10413
99.879;10420;0;0;10413
99.884;10420;0;0;10413
99.889;10420;0;0;10427
99.894;10421;0;0;10427
99.899;10421;0;0;10427
99.904;10421;0;0;10413
99.909;10421;0;0;10413
99.914;10421;0;0;10427
99.919;10421;0;0;10413
99.924;10420;0;0;10413
99.929;10420;0;0;10413
99.934;10420;0;0;10413
99.939;10420;0;0;10413
99.944;10420;0;0;10413
99.949;10420;0;0;10413
99.954;10420;0;0;10413
99.959;10421;0;0;10427
99.964;10421;0;0;10427
99.969;10421;0;0;10427
99.974;10421;0;0;10427
99.979;10421;0;0;10427
99.984;10421;0;0;10413
99.989;10421;0;0;10427
99.994;10421;0;0;10427
99.999;10421;0;0;10427
100.004;10420;0;0;10413
100.009;10420;0;0;10413
100.014;10420;0;0;10413
100.019;10420;0;0;10427
100.024;10420;0;0;10427
100.029;10420;0;0;10427
100.034;10420;0;0;10413
100.039;10420;0;0;10413
100.044;10420;0;0;10427
100.044;10420;0;0;10427
100.054;10421;0;0;10413
100.059;10421;0;0;10413
100.064;10421;0;0;10427
100.069;10421;0;0;10427
100.074;10421;0;0;10427
100.079;10420;0;0;10413
100.084;10420;0;0;10413
100.089;10420;0;0;10413
100.094;10420;0;0;10413
100.099;10420;0;0;10413
100.104;10420;0;0;10413
100.109;10420;0;0;10413
100.114;10420;0;0;10413
100.119;10421;0;0;10413
100.124;10421;0;0;10427
100.129;10421;0;0;10427
100.134;10421;0;0;10427
100.139;10421;0;0;10427
100.144;10421;0;0;10427
100.149;10421;0;0;10427
100.154;10420;0;0;10413
100.159;10420;0;0;10413
100.164;10420;0;0;10427
100.169;10420;0;0;10427
100.174;10420;0;0;10413
100.179;10420;0;0;10427
100.184;10421;0;0;10427
100.189;10421;0;0;10413
100.194;10421;0;0;10413
100.199;10421;0;0;10413
100.204;10421;0;0;10413
100.209;10421;0;0;10413
100.214;10421;0;0;10427
100.219;10420;0;0;10413
100.224;10420;0;0;10413
100.229;10420;0;0;10413
100.234;10420;0;0;10413
100.239;10420;0;0;10413
100.244;10420;0;0;10413
100.249;10420;0;0;10413
100.254;10420;0;0;10413
100.259;10421;0;0;10427
100.264;10421;0;0;10413
100.269;10421;0;0;10413
100.274;10421;0;0;10427
100.279;10421;0;0;10427
100.284;10421;0;0;10413
100.289;10421;0;0;10427
100.294;10421;0;0;10427
100.299;10421;0;0;10427
100.304;10421;0;0;10427
100.309;10421;0;0;10427
100.314;10421;0;0;10427
100.319;10420;0;0;10427
100.324;10420;0;0;10427
100.329;10420;0;0;10427
100.334;10420;0;0;10427
100.339;10420;0;0;10427
100.344;10420;0;0;10413
100.349;10420;0;0;10413
100.354;10420;0;0;10413
100.359;10420;0;0;10413
100.364;10421;0;0;10427
100.369;10421;0;0;10427
100.374;10421;0;0;10413
100.379;10421;0;0;10413
100.384;10421;0;0;10427
100.389;10421;0;0;10413
100.394;10420;0;0;10413
100.399;10420;0;0;10427
100.404;10420;0;0;10427
100.409;10420;0;0;10427
100.414;10420;0;0;10413
100.419;10420;0;0;10427
100.424;10421;0;0;10427
100.429;10421;0;0;10413
100.434;10421;0;0;10413
100.439;10421;0;0;10413
100.444;10421;0;0;10413
100.449;10421;0;0;10413
100.454;10420;0;0;10427
100.459;10420;0;0;10413
100.464;10420;0;0;10413
100.469;10420;0;0;10413
100.474;10420;0;0;10427
100.479;10420;0;0;10413
100.484;10420;0;0;10413
100.489;10420;0;0;10413
100.494;10420;0;0;10413
100.499;10420;0;0;10413
100.504;10420;0;0;10413
100.509;10421;0;0;10427
100.514;10421;0;0;10427
100.519;10421;0;0;10427
100.524;10421;0;0;10427
100.529;10421;0;0;10413
100.534;10421;0;0;10413
100.539;10420;0;0;10413
100.544;10420;0;0;10427
100.549;10420;0;0;10413
100.554;10420;0;0;10427
100.559;10420;0;0;10427
100.564;10420;0;0;10413
100.569;10421;0;0;10427
100.574;10421;0;0;10413
100.579;10421;0;0;10427
100.584;10421;0;0;10413
100.589;10421;0;0;10413
100.594;10421;0;0;10413
100.599;10420;0;0;10413
100.604;10420;0;0;10427
100.609;10421;0;0;10427
100.614;10421;0;0;10427
100.619;10421;0;0;10413
100.624;10421;0;0;10413
100.629;10421;0;0;10413
100.634;10420;0;0;10413
100.639;10420;0;0;10413
100.644;10420;0;0;10427
100.649;10421;0;0;10427
100.654;10421;0;0;10400
100.659;10420;0;0;10413
100.664;10420;0;0;10400
100.669;10420;0;0;10427
100.674;10420;0;0;10413
100.679;10419;0;0;10413
100.684;10419;0;0;10400
100.689;10419;0;0;10413
100.694;10419;0;0;10440
100.699;10420;0;0;10440
100.704;10421;0;0;10387
100.709;10419;0;0;10267
100.714;10415;0;0;10241
100.719;10410;0;0;10054
100.724;10402;0;0;9682
100.729;10382;0;0;9163
100.734;10395;1;0;8645
100.739;10407;3;0;8192
100.744;10367;3;0;7700
100.749;10319;4;0;7168
100.754;10359;6;0;6663
100.759;10347;8;0;6184
100.764;10335;9;0;5625
100.769;10255;9;0;5120
100.774;10273;11;0;4655
100.779;10229;12;0;4242
100.784;10201;13;0;3883
100.789;10157;14;0;3617
100.794;10113;15;0;3378
100.799;10062;15;0;3152
100.804;10018;16;0;2979
100.809;9938;15;0;2886
100.814;9894;16;0;2793
100.819;9850;16;0;2779
100.824;9822;17;0;2739
100.829;9726;16;0;2673
100.834;9646;16;0;2673
100.839;9612;16;0;2713
100.844;9532;15;0;2713
100.849;9452;14;0;2713
100.854;9326;13;0;2726
100.859;9246;13;0;2726
100.864;9166;12;0;2713
100.869;9086;12;0;2713
100.874;8954;11;0;2713
100.879;8874;11;0;2713
100.884;8742;10;0;2713
100.889;8610;9;0;2713
100.894;8514;10;0;2726
100.899;8450;10;0;2726
100.904;8273;8;0;2726
100.909;8177;9;0;2726
100.914;8045;8;0;2713
100.919;7913;7;0;2713
100.924;7781;7;0;2713
100.929;7649;6;0;2726
100.934;7517;6;0;2713
100.939;7391;6;0;2713
100.944;7259;5;0;2713
100.949;7127;5;0;2713
100.954;6995;5;0;2726
100.959;6863;5;0;2713
100.964;6731;5;0;2713
100.969;6606;5;0;2713
100.974;6481;5;0;2713
100.979;6349;4;0;2713
100.984;6269;5;0;2713
100.989;6085;4;0;2713
100.994;5953;4;0;2726
100.999;5821;4;0;2713
101.004;5711;4;0;2713
101.009;5579;3;0;2713
101.014;5499;4;0;2713
101.019;5383;4;0;2713
101.024;5251;4;0;2713
101.029;5171;5;0;2713
101.034;5055;4;0;2713
101.039;4939;4;0;2713
101.044;4859;5;0;2713
101.049;4795;5;0;2713
101.054;4634;4;0;2713
101.059;4570;4;0;2713
101.064;4506;5;0;2713
101.069;4442;5;0;2713
101.074;4378;6;0;2713
101.079;4262;5;0;2713
101.084;4214;5;0;2713
101.089;4150;6;0;2713
101.094;4102;6;0;2713
101.099;4054;6;0;2713
101.104;3990;6;0;2713
101.109;3942;6;0;2713
101.114;3946;7;0;2713
101.119;3898;7;0;2713
101.124;3866;7;0;2713
101.129;3818;7;0;2713
101.134;3770;7;0;2713
101.139;3738;6;0;2726
101.144;3742;7;0;2726
101.149;3747;8;0;2713
101.154;3715;7;0;2713
101.159;3675;7;0;2713
101.164;3695;8;0;2713
101.169;3663;7;0;2713
101.174;3683;8;0;2713
101.179;3659;7;0;2713
101.184;3627;7;0;2713
101.189;3655;7;0;2713
101.194;3683;7;0;2713
101.199;3659;7;0;2713
101.204;3683;7;0;2713
101.209;3713;7;0;2713
101.214;3697;7;0;2713
101.219;3673;6;0;2713
101.224;3701;7;0;2713
101.229;3737;7;0;2713
101.234;3721;6;0;2713
101.239;3757;7;0;2713
101.244;3793;7;0;2713
101.249;3781;6;0;2713
101.254;3765;6;0;2713
101.259;3801;6;0;2713
101.264;3834;6;0;2713
101.269;3822;6;0;2713
101.274;3857;6;0;2713
101.279;3901;6;0;2713
101.284;3893;5;0;2713
101.289;3885;5;0;2713
101.294;3873;4;0;2713
101.299;3911;5;0;2713
101.304;3955;5;0;2713
101.309;3949;5;0;2713
101.314;3941;4;0;2713
101.319;3931;4;0;2713
101.324;3975;4;0;2713
101.329;3967;4;0;2713
101.334;3959;3;0;2713
101.339;4004;4;0;2713
101.344;3998;3;0;2713
101.349;3990;3;0;2713
101.354;3982;3;0;2713
101.359;3974;3;0;2713
101.364;3966;2;0;2713
101.369;3958;2;0;2713
101.374;3948;2;0;2713
101.379;3938;2;0;2713
101.384;3928;2;0;2713
101.389;3920;2;0;2713
101.394;3910;1;0;2713
101.399;3900;1;0;2713
101.404;3890;1;0;2713
101.409;3828;0;0;2713
101.414;3816;0;0;2713
101.419;3804;0;0;2713
101.424;3792;1;0;2713
101.429;3728;0;0;2713
101.434;3712;0;0;2713
101.439;3700;0;0;2713
101.444;3688;0;0;2713
101.449;3676;0;0;2726
101.454;3612;0;0;2726
101.459;3596;0;0;2713
101.464;3584;0;0;2713
101.469;3572;0;0;2713
101.474;3504;0;0;2713
101.479;3492;0;0;2713
101.484;3476;0;0;2713
101.489;3464;0;0;2713
101.494;3452;0;0;2713
101.499;3440;0;0;2713
101.504;3376;0;0;2713
101.509;3364;0;0;2713
101.514;3348;0;0;2713
101.519;3291;0;0;2713
101.524;3275;0;0;2713
101.529;3263;0;0;2713
101.534;3251;0;0;2713
101.539;3239;0;0;2713
101.544;3182;0;0;2713
101.549;3170;0;0;2713
101.554;3102;0;0;2713
101.559;3086;0;0;2713
101.564;3074;0;0;2713
101.569;3062;0;0;2713
101.574;3050;0;0;2713
101.579;3038;0;0;2713
101.584;3026;0;0;2713
101.589;3016;0;0;2713
101.594;3006;0;0;2713
101.599;2996;1;0;2713
101.604;2988;1;0;2713
101.609;2978;1;0;2726
101.614;2970;1;0;2713
101.619;2962;1;0;2713
101.624;2954;1;0;2713
101.629;2946;1;0;2713
101.634;2938;1;0;2713
101.639;2932;1;0;2713
101.644;2924;1;0;2713
101.649;2916;1;0;2713
101.654;2910;1;0;2713
101.659;2904;1;0;2713
101.664;2896;1;0;2713
101.669;2890;1;0;2713
101.674;2884;0;0;2713
101.679;2876;1;0;2713
101.684;2870;0;0;2713
101.689;2864;0;0;2713
101.694;2858;0;0;2713
101.699;2852;0;0;2713
101.704;2846;0;0;2713
101.709;2840;0;0;2713
101.714;2836;0;0;2713
101.719;2830;0;0;2713
101.724;2824;0;0;2713
101.729;2820;0;0;2713
101.734;2813;0;0;2713
101.739;2808;0;0;2713
101.744;2803;0;0;2713
101.749;2799;0;0;2713
101.754;2848;1;0;2713
101.759;2847;1;0;2713
101.764;2845;1;0;2713
101.769;2842;1;0;2713
101.774;2840;1;0;2713
101.779;2837;0;0;2726
101.784;2834;0;0;2726
101.789;2832;0;0;2713
101.794;2829;0;0;2713
101.799;2870;1;0;2713
101.804;2870;1;0;2713
101.809;2869;1;0;2713
101.814;2868;1;0;2713
101.819;2867;0;0;2713
101.824;2866;0;0;2713
101.829;2864;0;0;2713
101.834;2862;0;0;2713
101.839;2860;0;0;2713
101.844;2858;0;0;2713
101.849;2856;0;0;2713
101.854;2854;0;0;2713
101.859;2852;0;0;2713
101.864;2850;0;0;2713
101.869;2848;0;0;2713
101.874;2846;0;0;2726
101.879;2844;0;0;2713
101.884;2842;0;0;2713
101.889;2840;0;0;2713
101.894;2838;0;0;2713
101.899;2835;0;0;2713
101.904;2833;0;0;2713
101.909;2831;0;0;2713
101.914;2829;0;0;2713
101.919;2827;0;0;2713
101.924;2825;0;0;2713
101.929;2824;0;0;2713
101.934;2822;0;0;2713
101.939;2820;0;0;2713
101.944;2818;0;0;2713
101.949;2816;0;0;2726
101.954;2815;0;0;2713
101.959;2813;0;0;2713
101.964;2811;0;0;2713
101.969;2810;0;0;2713
101.974;2808;0;0;2713
101.979;2806;0;0;2713
101.984;2805;0;0;2713
101.989;2803;0;0;2713
101.994;2802;0;0;2713
101.999;2800;0;0;2713
102.004;2799;0;0;2713
102.009;2797;0;0;2713
102.014;2796;0;0;2713
102.019;2794;0;0;2713
102.024;2793;0;0;2713
102.029;2792;0;0;2713
102.034;2790;0;0;2713
102.039;2789;0;0;2713
102.044;2788;0;0;2713
102.049;2786;0;0;2713
102.054;2785;0;0;2713
102.059;2784;0;0;2713
102.064;2783;0;0;2713
102.069;2781;0;0;2713
102.074;2780;0;0;2726
102.079;2779;0;0;2713
102.084;2778;0;0;2713
102.089;2777;0;0;2713
102.094;2776;0;0;2713
102.099;2775;0;0;2713
102.104;2774;0;0;2713
102.109;2773;0;0;2713
102.114;2772;0;0;2713
102.119;2771;0;0;2713
102.124;2770;0;0;2713
102.129;2769;0;0;2713
102.134;2768;0;0;2713
102.139;2767;0;0;2713
102.144;2766;0;0;2713
102.149;2765;0;0;2713
102.154;2764;0;0;2713
102.159;2763;0;0;2713
102.164;2762;0;0;2713
102.169;2761;0;0;2713
102.174;2760;0;0;2726
102.179;2760;0;0;2713
102.184;2759;0;0;2713
102.189;2758;0;0;2713
102.194;2757;0;0;2713
102.199;2756;0;0;2713
102.204;2756;0;0;2713
102.209;2755;0;0;2713
102.214;2754;0;0;2713
102.219;2753;0;0;2713
102.224;2753;0;0;2713
102.229;2752;0;0;2713
102.234;2751;0;0;2713
102.239;2751;0;0;2713
102.244;2750;0;0;2713
102.249;2749;0;0;2713
102.254;2749;0;0;2713
102.259;2748;0;0;2713
102.264;2748;0;0;2713
102.269;2747;0;0;2713
102.274;2746;0;0;2713
102.279;2746;0;0;2713
102.284;2745;0;0;2713
102.289;2745;0;0;2713
102.294;2744;0;0;2713
102.299;2744;0;0;2713
102.304;2743;0;0;2713
102.309;2743;0;0;2713
102.314;2742;0;0;2713
102.319;2742;0;0;2713
102.324;2741;0;0;2713
102.329;2741;0;0;2713
102.334;2740;0;0;2713
102.339;2740;0;0;2713
102.344;2739;0;0;2713
102.349;2739;0;0;2713
102.354;2738;0;0;2713
102.359;2738;0;0;2713
102.364;2737;0;0;2713
102.369;2737;0;0;2713
102.374;2737;0;0;2713
102.379;2736;0;0;2713
102.384;2736;0;0;2713
102.389;2735;0;0;2713
102.394;2735;0;0;2713
102.399;2735;0;0;2713
102.404;2734;0;0;2713
102.409;2734;0;0;2713
102.414;2734;0;0;2713
102.419;2733;0;0;2713
102.424;2733;0;0;2713
102.429;2733;0;0;2713
102.434;2732;0;0;2713
102.439;2732;0;0;2726
102.444;2732;0;0;2713
102.449;2731;0;0;2713
102.454;2731;0;0;2713
102.459;2731;0;0;2713
102.464;2730;0;0;2713
102.469;2730;0;0;2713
102.474;2730;0;0;2713
102.479;2730;0;0;2713
102.484;2729;0;0;2713
102.489;2729;0;0;2713
102.494;2729;0;0;2713
102.499;2729;0;0;2713
102.504;2728;0;0;2713
102.509;2728;0;0;2726
102.514;2728;0;0;2713
102.519;2728;0;0;2713
102.524;2727;0;0;2713
102.529;2727;0;0;2726
102.534;2727;0;0;2713
102.539;2727;0;0;2726
102.544;2726;0;0;2713
102.549;2726;0;0;2713
102.554;2726;0;0;2713
102.559;2725;0;0;2713
102.564;2725;0;0;2726
102.569;2726;0;0;2739
102.574;2726;0;0;2739
102.579;2726;0;0;2713
102.584;2725;0;0;2713
102.589;2725;0;0;2726
102.594;2725;0;0;2726
102.599;2725;0;0;2713
102.604;2725;0;0;2713
102.609;2726;0;0;2726
102.614;2726;0;0;2726
102.619;2726;0;0;2713
102.624;2726;0;0;2713
102.629;2725;0;0;2713
102.634;2725;0;0;2726
102.639;2725;0;0;2713
102.644;2725;0;0;2739
102.649;2727;0;0;2832
102.654;2730;0;0;3005
102.659;2740;0;0;3285
102.664;2752;0;0;3684
102.669;2776;0;0;4282
102.674;2771;-2;0;5120
102.679;2767;-3;0;5758
102.684;2831;-4;0;6211
102.689;2843;-6;0;6623
102.694;2855;-7;0;6995
102.699;2831;-9;0;7275
102.704;2895;-9;0;7421
102.709;2913;-10;0;7541
102.714;2925;-11;0;7647
102.719;2937;-11;0;7714
102.724;2949;-12;0;7714
102.729;3013;-11;0;7714
102.734;3061;-11;0;7700
102.739;3073;-11;0;7700
102.744;3121;-11;0;7714
102.749;3185;-10;0;7714
102.754;3181;-11;0;7714
102.759;3229;-10;0;7714
102.764;3293;-10;0;7700
102.769;3393;-9;0;7700
102.774;3441;-8;0;7714
102.779;3505;-8;0;7700
102.784;3553;-8;0;7700
102.789;3601;-8;0;7700
102.794;3701;-7;0;7714
102.799;3765;-7;0;7714
102.804;3813;-7;0;7714
102.809;3861;-7;0;7700
102.814;3961;-6;0;7700
102.819;4025;-6;0;7700
102.824;4125;-5;0;7714
102.829;4173;-5;0;7714
102.834;4289;-5;0;7700
102.839;4383;-4;0;7700
102.844;4431;-4;0;7700
102.849;4479;-5;0;7714
102.854;4595;-4;0;7714
102.859;4695;-4;0;7714
102.864;4795;-3;0;7700
102.869;4911;-3;0;7714
102.874;4959;-3;0;7714
102.879;5007;-4;0;7700
102.884;5107;-3;0;7700
102.889;5216;-3;0;7700
102.894;5309;-2;0;7700
102.899;5409;-2;0;7714
102.904;5457;-3;0;7714
102.909;5505;-3;0;7714
102.914;5621;-3;0;7700
102.919;5721;-2;0;7700
102.924;5821;-2;0;7714
102.929;5921;-2;0;7714
102.934;5969;-2;0;7700
102.939;6017;-3;0;7700
102.944;6065;-3;0;7714
102.949;6159;-3;0;7714
102.954;6259;-2;0;7714
102.959;6307;-3;0;7714
102.964;6407;-2;0;7714
102.969;6455;-3;0;7700
102.974;6487;-3;0;7714
102.979;6535;-3;0;7700
102.984;6619;-2;0;7700
102.989;6667;-3;0;7700
102.994;6715;-3;0;7714
102.999;6755;-4;0;7714
103.004;6787;-4;0;7714
103.009;6827;-4;0;7714
103.014;6859;-4;0;7714
103.019;6899;-4;0;7714
103.024;6931;-4;0;7700
103.029;6963;-4;0;7700
103.034;6995;-4;0;7714
103.039;7027;-4;0;7714
103.044;7051;-4;0;7714
103.049;7083;-4;0;7714
103.054;7115;-4;0;7700
103.059;7139;-4;0;7700
103.064;7171;-4;0;7714
103.069;7143;-5;0;7714
103.074;7167;-4;0;7714
103.079;7191;-4;0;7714
103.084;7163;-5;0;7714
103.089;7183;-5;0;7714
103.094;7147;-5;0;7714
103.099;7163;-5;0;7714
103.104;7183;-4;0;7714
103.109;7203;-4;0;7714
103.114;7173;-5;0;7700
103.119;7185;-4;0;7714
103.124;7201;-4;0;7714
103.129;7165;-5;0;7714
103.134;7181;-4;0;7714
103.139;7139;-5;0;7700
103.144;7151;-4;0;7714
103.149;7111;-5;0;7700
103.154;7121;-4;0;7700
103.159;7077;-5;0;7700
103.164;7085;-4;0;7714
103.169;7093;-4;0;7714
103.174;7103;-3;0;7714
103.179;7111;-3;0;7714
103.184;7071;-4;0;7714
103.189;7033;-4;0;7714
103.194;7039;-4;0;7714
103.199;7045;-3;0;7714
103.204;7053;-3;0;7714
103.209;7014;-3;0;7714
103.214;7019;-3;0;7700
103.219;7025;-3;0;7700
103.224;6980;-3;0;7700
103.229;6983;-3;0;7714
103.234;6989;-3;0;7714
103.239;6993;-2;0;7714
103.244;7001;-2;0;7714
103.249;7007;-2;0;7714
103.254;7013;-2;0;7714
103.259;7021;-1;0;7714
103.264;7029;-1;0;7714
103.269;7035;-1;0;7700
103.274;6991;-2;0;7700
103.279;6995;-2;0;7714
103.284;7000;-2;0;7714
103.289;7005;-1;0;7714
103.294;7009;-1;0;7700
103.299;7014;-1;0;7700
103.304;7020;-1;0;7700
103.309;7026;-1;0;7700
103.314;7032;-1;0;7714
103.319;7038;-1;0;7714
103.324;7098;0;0;7714
103.329;7056;-1;0;7714
103.334;7114;0;0;7714
103.339;7124;0;0;7714
103.344;7132;0;0;7714
103.349;7138;0;0;7714
103.354;7146;0;0;7714
103.359;7154;0;0;7700
103.364;7160;0;0;7714
103.369;7166;0;0;7714
103.374;7172;0;0;7714
103.379;7180;0;0;7714
103.384;7186;0;0;7714
103.389;7192;0;0;7714
103.394;7198;0;0;7714
103.399;7256;0;0;7714
103.404;7264;0;0;7714
103.409;7274;0;0;7714
103.414;7282;0;0;7714
103.419;7288;0;0;7714
103.424;7296;0;0;7714
103.429;7302;0;0;7714
103.434;7355;0;0;7714
103.439;7365;0;0;7714
103.444;7373;0;0;7714
103.449;7381;0;0;7714
103.454;7387;0;0;7714
103.459;7395;0;0;7714
103.464;7401;0;0;7714
103.469;7407;0;0;7714
103.474;7460;0;0;7714
103.479;7468;0;0;7714
103.484;7476;0;0;7714
103.489;7484;0;0;7714
103.494;7492;0;0;7714
103.499;7498;0;0;7714
103.504;7504;0;0;7714
103.509;7564;0;0;7714
103.514;7572;0;0;7714
103.519;7580;0;0;7714
103.524;7588;0;0;7714
103.529;7596;0;0;7714
103.534;7550;-1;0;7714
103.539;7605;0;0;7714
103.544;7613;0;0;7700
103.549;7564;-1;0;7700
103.554;7621;0;0;7700
103.559;7627;0;0;7714
103.564;7633;0;0;7714
103.569;7639;0;0;7714
103.574;7645;0;0;7700
103.579;7650;0;0;7700
103.584;7601;-1;0;7714
103.589;7602;-1;0;7714
103.594;7659;0;0;7714
103.599;7665;0;0;7714
103.604;7670;0;0;7714
103.609;7674;0;0;7700
103.614;7678;0;0;7700
103.619;7682;0;0;7700
103.624;7686;0;0;7714
103.629;7691;0;0;7714
103.634;7640;-1;0;7714
103.639;7641;-1;0;7700
103.644;7642;-1;0;7700
103.649;7643;0;0;7714
103.654;7645;0;0;7714
103.659;7647;0;0;7714
103.664;7649;0;0;7714
103.669;7651;0;0;7700
103.674;7653;0;0;7714
103.679;7655;0;0;7714
103.684;7657;0;0;7714
103.689;7659;0;0;7700
103.694;7661;0;0;7700
103.699;7663;0;0;7714
103.704;7666;0;0;7714
103.709;7668;0;0;7714
103.714;7670;0;0;7714
103.719;7673;0;0;7714
103.724;7675;0;0;7714
103.729;7677;0;0;7714
103.734;7679;0;0;7714
103.739;7681;0;0;7714
103.744;7638;-1;0;7714
103.749;7637;-1;0;7714
103.754;7637;0;0;7700
103.759;7637;0;0;7714
103.764;7637;0;0;7714
103.769;7638;0;0;7714
103.774;7638;0;0;7714
103.779;7639;0;0;7714
103.784;7640;0;0;7714
103.789;7641;0;0;7714
103.794;7642;0;0;7714
103.799;7643;0;0;7714
103.804;7644;0;0;7714
103.809;7645;0;0;7714
103.814;7646;0;0;7714
103.819;7647;0;0;7714
103.824;7648;0;0;7714
103.829;7649;0;0;7714
103.834;7650;0;0;7714
103.839;7651;0;0;7700
103.844;7652;0;0;7700
103.849;7653;0;0;7700
103.854;7653;0;0;7700
103.859;7654;0;0;7700
103.864;7655;0;0;7700
103.869;7656;0;0;7714
103.874;7657;0;0;7714
103.879;7658;0;0;7714
103.884;7658;0;0;7700
103.889;7659;0;0;7714
103.894;7660;0;0;7714
103.899;7661;0;0;7714
103.904;7662;0;0;7714
103.909;7663;0;0;7714
103.914;7664;0;0;7714
103.919;7665;0;0;7714
103.924;7666;0;0;7714
103.929;7667;0;0;7714
103.934;7667;0;0;7700
103.939;7668;0;0;7700
103.944;7668;0;0;7700
103.949;7669;0;0;7700
103.954;7669;0;0;7714
103.959;7670;0;0;7714
103.964;7671;0;0;7714
103.969;7672;0;0;7714
103.974;7673;0;0;7714
103.979;7673;0;0;7714
103.984;7674;0;0;7714
103.989;7675;0;0;7700
103.994;7675;0;0;7714
103.999;7676;0;0;7714
104.004;7677;0;0;7714
104.009;7677;0;0;7714
104.014;7678;0;0;7700
104.019;7679;0;0;7714
104.024;7679;0;0;7714
104.029;7680;0;0;7714
104.034;7681;0;0;7714
104.039;7681;0;0;7714
104.044;7682;0;0;7714
104.049;7682;0;0;7714
104.054;7683;0;0;7700
104.059;7684;0;0;7700
104.064;7684;0;0;7700
104.069;7685;0;0;7714
104.074;7685;0;0;7714
104.079;7686;0;0;7714
104.084;7686;0;0;7714
104.089;7687;0;0;7700
104.094;7687;0;0;7700
104.099;7687;0;0;7700
104.104;7688;0;0;7714
104.109;7688;0;0;7714
104.114;7689;0;0;7714
104.119;7689;0;0;7714
104.124;7690;0;0;7714
104.129;7690;0;0;7714
104.134;7690;0;0;7700
104.139;7690;0;0;7700
104.144;7691;0;0;7714
104.149;7691;0;0;7714
104.154;7691;0;0;7700
104.159;7691;0;0;7700
104.164;7691;0;0;7700
104.169;7692;0;0;7714
104.174;7692;0;0;7714
104.179;7692;0;0;7714
104.184;7693;0;0;7700
104.189;7693;0;0;7714
104.194;7694;0;0;7714
104.199;7694;0;0;7714
104.204;7694;0;0;7714
104.209;7694;0;0;7700
104.214;7695;0;0;7714
104.219;7695;0;0;7714
104.224;7695;0;0;7714
104.229;7696;0;0;7714
104.234;7696;0;0;7714
104.239;7696;0;0;7714
104.244;7697;0;0;7714
104.249;7697;0;0;7700
104.254;7697;0;0;7714
104.259;7698;0;0;7714
104.264;7698;0;0;7700
104.269;7698;0;0;7700
104.274;7698;0;0;7714
104.279;7699;0;0;7714
104.284;7699;0;0;7714
104.289;7699;0;0;7714
104.294;7699;0;0;7714
104.299;7700;0;0;7714
104.304;7700;0;0;7714
104.309;7700;0;0;7714
104.314;7700;0;0;7714
104.319;7701;0;0;7714
104.324;7701;0;0;7714
104.329;7701;0;0;7714
104.334;7701;0;0;7714
104.339;7702;0;0;7714
104.344;7702;0;0;7714
104.349;7702;0;0;7714
104.354;7702;0;0;7714
104.359;7702;0;0;7714
104.364;7703;0;0;7714
104.369;7703;0;0;7700
104.374;7703;0;0;7714
104.379;7703;0;0;7714
104.384;7703;0;0;7700
104.389;7703;0;0;7714
104.394;7704;0;0;7714
104.399;7704;0;0;7714
104.404;7704;0;0;7714
104.409;7704;0;0;7714
104.414;7704;0;0;7714
104.419;7704;0;0;7714
104.424;7705;0;0;7714
104.429;7705;0;0;7714
104.434;7705;0;0;7714
104.439;7705;0;0;7714
104.444;7705;0;0;7714
104.449;7705;0;0;7714
104.454;7706;0;0;7714
104.459;7706;0;0;7714
104.464;7706;0;0;7714
104.469;7706;0;0;7714
104.474;7706;0;0;7714
104.479;7706;0;0;7714
104.484;7707;0;0;7714
104.489;7707;0;0;7700
104.494;7707;0;0;7700
104.499;7707;0;0;7700
104.504;7707;0;0;7714
104.509;7707;0;0;7714
104.514;7707;0;0;7714
104.519;7707;0;0;7714
104.524;7706;0;0;7700
104.529;7706;0;0;7700
104.534;7706;0;0;7714
104.539;7706;0;0;7714
104.544;7706;0;0;7714
104.549;7706;0;0;7714
104.554;7707;0;0;7714
104.559;7707;0;0;7714
104.564;7707;0;0;7714
104.569;7707;0;0;7700
104.574;7707;0;0;7700
104.579;7707;0;0;7700
104.584;7707;0;0;7700
104.589;7707;0;0;7714
104.594;7707;0;0;7714
104.599;7707;0;0;7714
104.604;7708;0;0;7714
104.609;7708;0;0;7714
104.614;7708;0;0;7714
104.619;7708;0;0;7714
104.624;7708;0;0;7714
104.629;7708;0;0;7714
104.634;7707;0;0;7714
104.639;7707;0;0;7714
104.644;7707;0;0;7714
104.649;7707;0;0;7714
104.654;7707;0;0;7700
104.659;7707;0;0;7714
104.664;7708;0;0;7714
104.669;7708;0;0;7714
104.674;7708;0;0;7700
104.679;7708;0;0;7714
104.684;7708;0;0;7714
104.689;7708;0;0;7714
104.694;7707;0;0;7700
104.699;7707;0;0;7714
104.704;7707;0;0;7714
104.709;7707;0;0;7714
104.714;7707;0;0;7714
104.719;7707;0;0;7714
104.724;7707;0;0;7700
104.729;7707;0;0;7700
104.734;7707;0;0;7714
104.739;7708;0;0;7714
104.744;7708;0;0;7714
104.749;7708;0;0;7714
104.754;7708;0;0;7714
104.759;7708;0;0;7714
104.764;7708;0;0;7714
104.769;7708;0;0;7714
104.774;7708;0;0;7714
104.779;7708;0;0;7714
104.784;7708;0;0;7714
104.789;7707;0;0;7714
104.794;7707;0;0;7714
104.799;7707;0;0;7714
104.804;7707;0;0;7714
104.809;7707;0;0;7700
104.814;7707;0;0;7714
104.819;7708;0;0;7714
104.824;7708;0;0;7714
104.829;7708;0;0;7714
104.834;7708;0;0;7714
104.839;7708;0;0;7714
104.844;7708;0;0;7700
104.849;7707;0;0;7714
104.854;7707;0;0;7714
104.859;7707;0;0;7714
104.864;7707;0;0;7714
104.869;7707;0;0;7700
104.874;7707;0;0;7714
104.879;7708;0;0;7714
104.884;7708;0;0;7700
104.889;7708;0;0;7714
104.894;7708;0;0;7714
104.899;7708;0;0;7714
104.904;7708;0;0;7714
104.909;7708;0;0;7714
104.914;7708;0;0;7714
104.919;7708;0;0;7714
104.924;7708;0;0;7714
104.929;7708;0;0;7714
104.934;7708;0;0;7714
104.939;7709;0;0;7714
104.944;7709;0;0;7714
104.949;7709;0;0;7714
104.954;7709;0;0;7714
104.959;7709;0;0;7714
104.964;7709;0;0;7714
104.969;7709;0;0;7714
104.974;7708;0;0;7700
104.979;7708;0;0;7700
104.984;7708;0;0;7714
104.989;7708;0;0;7700
104.994;7708;0;0;7700
104.999;7708;0;0;7700
105.004;7708;0;0;7700
105.009;7708;0;0;7714
105.014;7708;0;0;7700
105.019;7707;0;0;7714
105.024;7707;0;0;7714
105.029;7707;0;0;7700
105.034;7707;0;0;7714
105.039;7707;0;0;7714
105.044;7707;0;0;7700
105.049;7708;0;0;7700
105.054;7708;0;0;7700
105.059;7708;0;0;7714
105.064;7708;0;0;7714
105.069;7708;0;0;7700
105.074;7708;0;0;7714
105.079;7708;0;0;7714
105.084;7708;0;0;7714
105.089;7708;0;0;7714
105.094;7708;0;0;7714
105.099;7708;0;0;7714
105.104;7708;0;0;7700
105.109;7707;0;0;7714
105.114;7707;0;0;7714
105.119;7707;0;0;7714
105.124;7707;0;0;7714
105.129;7707;0;0;7700
105.134;7707;0;0;7700
105.139;7708;0;0;7714
105.144;7708;0;0;7714
105.149;7708;0;0;7714
105.154;7708;0;0;7714
105.159;7708;0;0;7700
105.164;7708;0;0;7714
105.169;7708;0;0;7714
105.174;7708;0;0;7714
105.179;7708;0;0;7714
105.184;7708;0;0;7714
105.189;7707;0;0;7700
105.194;7707;0;0;7714
105.199;7707;0;0;7714
105.204;7707;0;0;7714
105.209;7707;0;0;7714
105.214;7707;0;0;7714
105.219;7708;0;0;7714
105.224;7708;0;0;7714
105.229;7708;0;0;7700
105.234;7708;0;0;7714
105.239;7708;0;0;7714
105.244;7708;0;0;7714
105.249;7707;0;0;7700
105.254;7707;0;0;7714
105.259;7707;0;0;7714
105.264;7707;0;0;7714
105.269;7707;0;0;7714
105.274;7707;0;0;7714
105.279;7708;0;0;7714
105.284;7708;0;0;7700
105.289;7708;0;0;7714
105.294;7708;0;0;7714
105.299;7708;0;0;7714
105.304;7708;0;0;7700
105.309;7708;0;0;7714
105.314;7708;0;0;7714
105.319;7708;0;0;7714
105.324;7708;0;0;7714
105.329;7707;0;0;7714
105.334;7707;0;0;7714
105.339;7707;0;0;7714
105.344;7707;0;0;7714
105.349;7707;0;0;7714
105.354;7707;0;0;7714
105.359;7708;0;0;7714
105.364;7708;0;0;7700
105.369;7708;0;0;7700
105.374;7708;0;0;7700
105.379;7708;0;0;7714
105.384;7708;0;0;7714
105.389;7708;0;0;7714
105.394;7708;0;0;7714
105.399;7708;0;0;7714
105.404;7708;0;0;7714
105.409;7708;0;0;7714
105.414;7708;0;0;7700
105.419;7707;0;0;7700
105.424;7707;0;0;7714
105.429;7707;0;0;7714
105.434;7707;0;0;7714
105.439;7707;0;0;7714
105.444;7707;0;0;7714
105.449;7708;0;0;7714
105.454;7708;0;0;7714
105.459;7708;0;0;7714
105.464;7708;0;0;7714
105.469;7708;0;0;7700
105.474;7708;0;0;7714
105.479;7708;0;0;7714
105.484;7708;0;0;7714
105.489;7708;0;0;7714
105.494;7707;0;0;7700