t;e;d;i;set

2.869;0;1;0;0
2.874;0;1;0;0
2.879;0;1;0;0
2.884;0;1;0;0
2.889;0;1;0;0
2.894;0;1;0;0
2.899;0;1;0;0
2.904;0;1;0;0
2.909;0;1;0;0
2.914;0;1;0;0
2.919;0;1;0;0
2.924;0;1;0;0
2.929;0;1;0;0
2.934;0;1;0;0
2.939;0;1;0;0
2.944;0;1;0;0
2.949;0;1;0;0
2.954;0;1;0;0
2.959;0;1;0;0
2.964;0;1;0;0
2.969;0;1;0;0
2.974;0;1;0;0
2.979;0;1;0;0
2.984;0;1;0;0
2.989;0;1;0;0
2.994;0;1;0;0
2.999;0;1;0;0
3.004;0;1;0;0
3.009;0;1;0;0
3.014;0;1;0;0
3.019;0;1;0;0
3.024;0;1;0;0
3.029;0;1;0;0
3.034;0;1;0;0
3.039;0;1;0;0
3.044;0;1;0;0
3.049;0;1;0;0
3.054;0;1;0;0
3.059;0;1;0;0
3.064;0;1;0;0
3.069;0;1;0;0
3.074;0;1;0;0
3.079;0;1;0;0
3.084;0;1;0;0
3.089;0;1;0;0
3.094;0;1;0;0
3.099;0;1;0;0
3.104;0;1;0;0
3.109;0;1;0;0
3.114;0;1;0;0
3.119;0;1;0;0
3.124;0;1;0;0
3.129;0;1;0;0
3.134;0;1;0;0
3.139;0;1;0;0
3.144;0;1;0;0
3.149;0;1;0;0
3.154;0;1;0;0
3.159;0;1;0;0
3.164;0;1;0;0
3.169;0;1;0;0
3.174;0;1;0;0
3.179;0;1;0;0
3.184;0;1;0;0
3.189;0;1;0;0
3.194;0;1;0;0
3.199;0;1;0;0
3.204;0;1;0;0
3.209;0;1;0;0
3.214;0;1;0;0
3.219;0;1;0;0
3.224;0;1;0;0
3.229;0;1;0;0
3.234;0;1;0;0
3.239;0;1;0;0
3.244;0;1;0;0
3.249;0;1;0;0
3.254;0;1;0;0
3.259;0;1;0;0
3.264;0;1;0;0
3.269;0;1;0;0
3.274;0;1;0;0
3.279;0;1;0;0
3.284;0;1;0;0
3.289;0;1;0;0
3.294;0;1;0;0
3.299;0;1;0;0
3.304;0;1;0;0
3.309;0;1;0;0
3.314;0;1;0;0
3.319;0;1;0;0
3.324;0;1;0;0
3.329;0;1;0;0
3.334;0;1;0;0
3.339;0;1;0;0
3.344;0;1;0;0
3.349;0;1;0;0
3.354;0;1;0;0
3.359;0;1;0;0
3.364;0;1;0;0
3.369;0;1;0;0
3.374;0;1;0;0
3.379;0;1;0;0
3.384;0;1;0;0
3.389;0;1;0;0
3.394;0;1;0;0
3.399;0;1;0;0
3.404;7;1;0;0
3.409;7;1;0;0
3.414;15;1;0;0
3.419;15;1;0;0
3.424;23;1;0;0
3.429;39;14;0;0
3.434;47;6;0;0
3.439;54;5;0;0
3.444;70;6;0;0
3.449;86;8;0;0
3.454;101;8;0;0
3.459;109;9;0;0
3.464;140;14;0;0
3.469;156;12;0;0
3.474;187;15;0;0
3.479;210;14;0;0
3.484;241;18;0;0
3.489;271;20;0;0
3.494;301;19;0;0
3.499;338;21;0;0
3.504;375;20;0;0
3.509;411;27;0;0
3.514;439;24;0;0
3.519;481;21;0;0
3.524;515;24;0;0
3.529;542;19;0;0
3.534;575;24;0;0
3.539;594;16;0;0
3.544;619;18;0;0
3.549;637;14;0;0
3.554;661;14;0;0
3.559;678;16;0;0
3.564;695;16;0;0
3.569;707;11;0;0
3.574;718;10;0;0
3.579;723;7;0;0
3.584;728;6;0;0
3.589;734;4;0;0
3.594;734;4;0;0
3.599;734;4;0;0
3.604;728;-3;0;0
3.609;723;-2;0;0
3.614;723;-2;0;0
3.619;723;-2;0;0
3.624;718;-1;0;0
3.629;718;-1;0;0
3.634;718;-1;0;0
3.639;718;-1;0;0
3.644;718;-1;0;0
3.649;723;1;0;0
3.654;723;1;0;0
3.659;728;3;0;0
3.664;728;3;0;0
3.669;734;3;0;0
3.674;734;3;0;0
3.679;734;3;0;0
3.684;739;2;0;0
3.689;739;2;0;0
3.694;739;1;0;0
3.699;739;1;0;0
3.704;739;1;0;0
3.709;739;1;0;0
3.714;739;1;0;0
3.719;739;1;0;0
3.724;734;-1;0;0
3.729;734;-1;0;0
3.734;734;-1;0;0
3.739;728;-1;0;0
3.744;728;-1;0;0
3.749;723;-1;0;0
3.754;723;-1;0;0
3.759;718;-1;0;0
3.764;718;-1;0;0
3.769;718;-1;0;0
3.774;712;-4;0;0
3.779;712;-4;0;0
3.784;712;-3;0;0
3.789;712;-3;0;0
3.794;712;-3;0;0
3.799;718;2;0;0
3.804;718;1;0;0
3.809;718;1;0;0
3.814;723;1;0;0
3.819;728;1;0;0
3.824;739;5;0;0
3.829;739;4;0;0
3.834;750;4;0;0
3.839;760;10;0;0
3.844;770;8;0;0
3.849;780;9;0;0
3.854;790;8;0;0
3.859;799;11;0;0
3.864;809;9;0;0
3.869;818;12;0;0
3.874;835;17;0;0
3.879;848;13;0;0
3.884;856;11;0;0
3.889;868;15;0;0
3.894;880;13;0;0
3.899;891;13;0;0
3.904;898;14;0;0
3.909;911;15;0;0
3.914;917;10;0;0
3.919;923;12;0;0
3.924;929;8;0;0
3.929;935;9;0;0
3.934;938;6;0;0
3.939;943;7;0;0
3.944;946;14;0;0
3.949;951;6;0;0
3.954;953;5;0;0
3.959;955;6;0;0
3.964;955;5;0;0
3.969;955;5;0;0
3.974;958;3;0;0
3.979;958;2;0;0
3.984;958;2;0;0
3.989;955;-2;0;0
3.994;955;-2;0;0
3.999;955;-2;0;0
4.004;955;-2;0;0
4.009;955;-2;0;0
4.014;955;-2;0;0
4.019;955;-2;0;0
4.024;955;-2;0;0
4.029;955;-2;0;0
4.034;958;1;0;0
4.039;960;1;0;0
4.044;962;2;0;0
4.049;964;4;0;0
4.054;964;3;0;0
4.059;968;4;0;0
4.064;970;4;0;0
4.069;972;5;0;0
4.074;974;4;0;0
4.079;975;4;0;0
4.084;977;4;0;0
4.089;979;9;0;0
4.094;979;8;0;0
4.099;980;5;0;0
4.104;982;6;0;0
4.109;982;5;0;0
4.114;982;5;0;0
4.119;982;4;0;0
4.124;982;4;0;0
4.129;982;3;0;0
4.134;980;-2;0;0
4.139;980;-2;0;0
4.144;980;-1;0;0
4.149;980;-1;0;0
4.154;979;-1;0;0
4.159;979;-1;0;0
4.164;979;-1;0;0
4.169;979;-1;0;0
4.174;979;-1;0;0
4.179;980;5000;0;0
4.184;980;1;0;0
4.189;980;1;0;0
4.194;980;1;0;0
4.199;982;1;0;0
4.204;982;1;0;0
4.209;983;1;0;0
4.214;985;2;0;0
4.219;985;2;0;0
4.224;986;2;0;0
4.229;987;3;0;0
4.234;990;6;0;0
4.239;991;5;0;0
4.244;993;6;0;0
4.249;993;7;0;0
4.254;995;7;0;0
4.259;996;9;0;0
4.264;998;9;0;0
4.269;999;12;0;0
4.274;999;14;0;0
4.279;999;11;0;0
4.284;999;15;0;0
4.289;998;13;0;0
4.294;998;10;0;0
4.299;996;13;0;0
4.304;993;14;0;0
4.309;992;8;0;0
4.314;990;9;0;0
4.319;988;6;0;0
4.324;986;8;0;0
4.329;983;8;0;0
4.334;982;6;0;0
4.339;979;7;0;0
4.344;977;6;0;0
4.349;975;5;0;0
4.354;974;4;0;0
4.359;972;5;0;0
4.364;972;4;0;0
4.369;970;3;0;0
4.374;968;3;0;0
4.379;968;3;0;0
4.384;966;3;0;0
4.389;964;3;0;0
4.394;964;3;0;0
4.399;964;3;0;0
4.404;964;2;0;0
4.409;962;1;0;0
4.414;962;1;0;0
4.419;962;1;0;0
4.424;962;1;0;0
4.429;960;3;0;0
4.434;960;3;0;0
4.439;960;2;0;0
4.444;960;2;0;0
4.449;960;2;0;0
4.454;958;2;0;0
4.459;958;2;0;0
4.464;955;1;0;0
4.469;955;1;0;0
4.474;955;1;0;0
4.479;953;1;0;0
4.484;951;2;0;0
4.489;951;1;0;0
4.494;948;2;0;0
4.499;946;3;0;0
4.504;946;3;0;0
4.509;940;3;0;0
4.514;938;4;0;0
4.519;935;10;0;0
4.524;932;8;0;0
4.529;926;14;0;0
4.534;923;7;0;0
4.539;920;5;0;0
4.544;914;6;0;0
4.549;911;7;0;0
4.554;904;7;0;0
4.559;898;9;0;0
4.564;891;7;0;0
4.569;883;9;0;0
4.574;876;7;0;0
4.579;868;10;0;0
4.584;864;7;0;0
4.589;856;7;0;0
4.594;848;8;0;0
4.599;840;9;0;0
4.604;835;8;0;0
4.609;831;5;0;0
4.614;822;6;0;0
4.619;818;7;0;0
4.624;813;5;0;0
4.629;809;5;0;0
4.634;804;4;0;0
4.639;799;10;0;0
4.644;794;6;0;0
4.649;790;4;0;0
4.654;790;3;0;0
4.659;790;3;0;0
4.664;790;3;0;0
4.669;790;3;0;0
4.674;790;2;0;0
4.679;794;-2;0;0
4.684;794;-2;0;0
4.689;799;-1;0;0
4.694;804;-2;0;0
4.699;809;-3;0;0
4.704;813;-4;0;0
4.709;818;-4;0;0
4.714;822;-4;0;0
4.719;827;-4;0;0
4.724;831;-5;0;0
4.729;840;-6;0;0
4.734;844;-5;0;0
4.739;848;-5;0;0
4.744;852;-5;0;0
4.749;860;-6;0;0
4.754;864;-6;0;0
4.759;868;-5;0;0
4.764;872;-5;0;0
4.769;876;-4;0;0
4.774;880;-4;0;0
4.779;880;-4;0;0
4.784;880;-3;0;0
4.789;880;-3;0;0
4.794;880;-3;0;0
4.799;876;5000;0;0
4.804;876;2;0;0
4.809;872;1;0;0
4.814;868;2;0;0
4.819;868;2;0;0
4.824;868;1;0;0
4.829;864;2;0;0
4.834;864;2;0;0
4.839;860;2;0;0
4.844;860;2;0;0
4.849;860;2;0;0
4.854;860;2;0;0
4.859;860;2;0;0
4.864;864;-2;0;0
4.869;864;-2;0;0
4.874;864;-2;0;0
4.879;868;-1;0;0
4.884;868;-1;0;0
4.889;868;-1;0;0
4.894;868;-1;0;0
4.899;868;-1;0;0
4.904;868;-1;0;0
4.909;868;-1;0;0
4.914;868;-1;0;0
4.919;868;-1;0;0
4.924;868;-1;0;0
4.929;864;1;0;0
4.934;864;1;0;0
4.939;864;1;0;0
4.944;864;1;0;0
4.949;864;1;0;0
4.954;864;1;0;0
4.959;864;1;0;0
4.964;864;1;0;0
4.969;864;1;0;0
4.974;860;3;0;0
4.979;860;2;0;0
4.984;860;2;0;0
4.989;860;2;0;0
4.994;860;2;0;0
4.999;860;2;0;0
5.004;856;2;0;0
5.009;856;2;0;0
5.014;856;2;0;0
5.019;852;1;0;0
5.024;852;1;0;0
5.029;852;1;0;0
5.034;852;1;0;0
5.039;852;1;0;0
5.044;852;1;0;0
5.049;852;1;0;0
5.054;848;1;0;0
5.059;848;1;0;0
5.064;848;1;0;0
5.069;848;1;0;0
5.074;848;1;0;0
5.079;844;1;0;0
5.084;844;1;0;0
5.089;844;1;0;0
5.094;844;1;0;0
5.099;844;1;0;0
5.104;844;1;0;0
5.109;844;1;0;0
5.114;840;1;0;0
5.119;840;1;0;0
5.124;840;1;0;0
5.129;840;1;0;0
5.134;840;1;0;0
5.139;840;1;0;0
5.144;835;1;0;0
5.149;835;1;0;0
5.154;835;1;0;0
5.159;831;1;0;0
5.164;831;1;0;0
5.169;827;1;0;0
5.174;822;2;0;0
5.179;818;4;0;0
5.184;813;3;0;0
5.189;809;4;0;0
5.194;799;6;0;0
5.199;794;5;0;0
5.204;790;5;0;0
5.209;780;6;0;0
5.214;780;5;0;0
5.219;775;4;0;0
5.224;770;4;0;0
5.229;765;4;0;0
5.234;760;4;0;0
5.239;760;4;0;0
5.244;755;3;0;0
5.249;755;2;0;0
5.254;750;2;0;0
5.259;750;2;0;0
5.264;750;2;0;0
5.269;750;2;0;0
5.274;750;2;0;0
5.279;750;2;0;0
5.284;750;2;0;0
5.289;755;-5;0;0
5.294;755;-5;0;0
5.299;760;-2;0;0
5.304;760;-2;0;0
5.309;760;-2;0;0
5.314;765;-1;0;0
5.319;765;-1;0;0
5.324;770;-1;0;0
5.329;770;-1;0;0
5.334;775;-2;0;0
5.339;780;-2;0;0
5.344;780;-2;0;0
5.349;785;-6;0;0
5.354;790;-5;0;0
5.359;799;-12;0;0
5.364;799;-8;0;0
5.369;809;-4;0;0
5.374;813;-5;0;0
5.379;822;-6;0;0
5.384;827;-5;0;0
5.389;835;-8;0;0
5.394;848;-11;0;0
5.399;856;-12;0;0
5.404;868;-14;0;0
5.409;883;-16;0;0
5.414;898;-21;0;0
5.419;911;-24;0;0
5.424;923;-22;0;0
5.429;938;-23;0;0
5.434;953;-27;0;0
5.439;966;-32;0;0
5.444;979;-40;0;0
5.449;988;-37;0;0
5.454;996;-39;0;0
5.459;999;-47;0;0
5.464;998;-41;0;0
5.469;993;-45;0;0
5.474;979;-59;0;0
5.479;960;-48;0;0
5.484;929;-49;0;0
5.489;898;-52;0;0
5.494;848;-62;0;0
5.499;790;-60;0;0
5.504;723;-63;0;0
5.509;649;-75;0;0
5.514;562;-60;0;0
5.519;467;-83;0;0
5.524;368;-62;0;0
5.529;263;-76;0;0
5.534;156;-60;0;0
5.539;47;-80;0;0
5.544;-62;-60;0;0
5.549;-171;-78;0;0
5.554;-271;-67;0;0
5.559;-368;-56;0;0
5.564;-453;-57;0;0
5.569;-535;-52;0;0
5.574;-612;-52;0;0
5.579;-684;-51;0;0
5.584;-750;-48;0;0
5.589;-799;-58;0;0
5.594;-848;-52;0;0
5.599;-880;-35;0;0
5.604;-904;-33;0;0
5.609;-923;-29;0;0
5.614;-935;-16;0;0
5.619;-943;-15;0;0
5.624;-946;-13;0;0
5.629;-946;-10;0;0
5.634;-946;-8;0;0
5.639;-940;2;0;0
5.644;-935;10;0;0
5.649;-926;13;0;0
5.654;-917;13;0;0
5.659;-904;15;0;0
5.664;-887;25;0;0
5.669;-868;28;0;0
5.674;-848;19;0;0
5.679;-822;30;0;0
5.684;-790;31;0;0
5.689;-760;31;0;0
5.694;-723;31;0;0
5.699;-684;32;0;0
5.704;-637;34;0;0
5.709;-594;37;0;0
5.714;-542;42;0;0
5.719;-488;38;0;0
5.724;-425;42;0;0
5.729;-368;34;0;0
5.734;-309;37;0;0
5.739;-241;44;0;0
5.744;-171;45;0;0
5.749;-109;49;0;0
5.754;-47;44;0;0
5.759;23;42;0;0
5.764;78;35;0;0
5.769;140;39;0;0
5.774;202;40;0;0
5.779;263;33;0;0
5.784;301;28;0;0
5.789;346;30;0;0
5.794;389;28;0;0
5.799;425;21;0;0
5.804;453;22;0;0
5.809;481;15;0;0
5.814;495;14;0;0
5.819;515;20;0;0
5.824;522;10;0;0
5.829;535;6;0;0
5.834;535;5;0;0
5.839;535;5;0;0
5.844;529;-4;0;0
5.849;522;-2;0;0
5.854;509;-6;0;0
5.859;495;-10;0;0
5.864;481;-17;0;0
5.869;460;-13;0;0
5.874;439;-24;0;0
5.879;411;-16;0;0
5.884;382;-21;0;0
5.889;360;-17;0;0
5.894;331;-17;0;0
5.899;309;-13;0;0
5.904;286;-14;0;0
5.909;263;-14;0;0
5.914;241;-15;0;0
5.919;225;-12;0;0
5.924;210;-10;0;0
5.929;195;-9;0;0
5.934;187;-6;0;0
5.939;171;-6;0;0
5.944;171;-5;0;0
5.949;171;-5;0;0
5.954;171;-4;0;0
5.959;171;-4;0;0
5.964;171;-4;0;0
5.969;179;2;0;0
5.974;187;1;0;0
5.979;195;2;0;0
5.984;202;4;0;0
5.989;210;4;0;0
5.994;218;4;0;0
5.999;225;4;0;0
6.004;233;5;0;0
6.009;233;4;0;0
6.014;241;3;0;0
6.019;248;3;0;0
6.024;248;2;0;0
6.029;248;2;0;0
6.034;248;2;0;0
6.039;248;2;0;0
6.044;248;2;0;0
6.049;248;2;0;0
6.054;241;-2;0;0
6.059;241;-2;0;0
6.064;233;-1;0;0
6.069;233;-1;0;0
6.074;233;-1;0;0
6.079;233;-1;0;0
6.084;233;-1;0;0
6.089;233;-1;0;0
6.094;233;-1;0;0
6.099;233;-1;0;0
6.104;233;-1;0;0
6.109;233;-1;0;0
6.114;233;-1;0;0
6.119;233;-1;0;0
6.124;233;-1;0;0
6.129;233;-1;0;0
6.134;233;-1;0;0
6.139;233;-1;0;0
6.144;233;-1;0;0
6.149;233;-1;0;0
6.154;233;-1;0;0
6.159;233;-1;0;0
6.164;233;-1;0;0
6.169;233;-1;0;0
6.174;233;-1;0;0
6.179;233;-1;0;0
6.184;233;-1;0;0
6.189;233;-1;0;0
6.194;233;-1;0;0
6.199;233;-1;0;0
6.204;233;-1;0;0
6.209;233;-1;0;0
6.214;233;-1;0;0
6.219;233;-1;0;0
6.224;233;-1;0;0
6.229;233;-1;0;0
6.234;233;-1;0;0
6.239;233;-1;0;0
6.244;233;-1;0;0
6.249;233;-1;0;0
6.254;233;-1;0;0
6.259;233;-1;0;0
6.264;233;-1;0;0
6.269;233;-1;0;0
6.274;233;-1;0;0
6.279;233;-1;0;0
6.284;233;-1;0;0
6.289;233;-1;0;0
6.294;233;-1;0;0
6.299;233;-1;0;0
6.304;241;1;0;0
6.309;241;1;0;0
6.314;241;1;0;0
6.319;233;-1;0;0
6.324;233;-1;0;0
6.329;233;-1;0;0
6.334;225;-2;0;0
6.339;218;-1;0;0
6.344;202;-6;0;0
6.349;187;-7;0;0
6.354;171;-11;0;0
6.359;140;-16;0;0
6.364;109;-20;0;0
6.369;86;-18;0;0
6.374;54;-19;0;0
6.379;15;-26;0;0
6.384;-23;-25;0;0
6.389;-62;-20;0;0
6.394;-109;-32;0;0
6.399;-148;-24;0;0
6.404;-195;-29;0;0
6.409;-241;-31;0;0
6.414;-286;-27;0;0
6.419;-323;-26;0;0
6.424;-368;-27;0;0
6.429;-411;-29;0;0
6.434;-446;-24;0;0
6.439;-488;-28;0;0
6.444;-522;-26;0;0
6.449;-555;-22;0;0
6.454;-587;-19;0;0
6.459;-625;-29;0;0
6.464;-649;-23;0;0
6.469;-667;-15;0;0
6.474;-690;-18;0;0
6.479;-707;-14;0;0
6.484;-723;-15;0;0
6.489;-734;-9;0;0
6.494;-744;-9;0;0
6.499;-750;-6;0;0
6.504;-755;-6;0;0
6.509;-760;-4;0;0
6.514;-760;-4;0;0
6.519;-755;4;0;0
6.524;-750;3;0;0
6.529;-739;5;0;0
6.534;-734;5;0;0
6.539;-718;11;0;0
6.544;-707;10;0;0
6.549;-684;15;0;0
6.554;-661;18;0;0
6.559;-637;15;0;0
6.564;-619;14;0;0
6.569;-581;29;0;0
6.574;-549;23;0;0
6.579;-515;31;0;0
6.584;-481;20;0;0
6.589;-439;31;0;0
6.594;-397;23;0;0
6.599;-353;35;0;0
6.604;-301;33;0;0
6.609;-256;32;0;0
6.614;-202;37;0;0
6.619;-156;29;0;0
6.624;-94;29;0;0
6.629;-47;34;0;0
6.634;15;39;0;0
6.639;62;27;0;0
6.644;109;35;0;0
6.649;156;26;0;0
6.654;210;34;0;0
6.659;263;34;0;0
6.664;301;28;0;0
6.669;346;28;0;0
6.674;382;29;0;0
6.679;425;24;0;0
6.684;467;30;0;0
6.689;502;26;0;0
6.694;535;19;0;0
6.699;562;17;0;0
6.704;581;14;0;0
6.709;600;17;0;0
6.714;625;17;0;0
6.719;643;14;0;0
6.724;655;11;0;0
6.729;673;11;0;0
6.734;673;9;0;0
6.739;684;6;0;0
6.744;690;5;0;0
6.749;690;4;0;0
6.754;690;4;0;0
6.759;690;3;0;0
6.764;684;-2;0;0
6.769;678;-5;0;0
6.774;667;-5;0;0
6.779;655;-8;0;0
6.784;643;-10;0;0
6.789;625;-12;0;0
6.794;606;-14;0;0
6.799;587;-13;0;0
6.804;562;-14;0;0
6.809;535;-15;0;0
6.814;502;-22;0;0
6.819;467;-28;0;0
6.824;432;-26;0;0
6.829;397;-21;0;0
6.834;353;-29;0;0
6.839;309;-25;0;0
6.844;263;-31;0;0
6.849;225;-29;0;0
6.854;171;-34;0;0
6.859;125;-28;0;0
6.864;78;-32;0;0
6.869;31;-24;0;0
6.874;-23;-32;0;0
6.879;-70;-28;0;0
6.884;-125;-30;0;0
6.889;-164;-24;0;0
6.894;-210;-30;0;0
6.899;-263;-34;0;0
6.904;-301;-26;0;0
6.909;-338;-24;0;0
6.914;-382;-30;0;0
6.919;-411;-22;0;0
6.924;-446;-22;0;0
6.929;-474;-21;0;0
6.934;-502;-18;0;0
6.939;-529;-17;0;0
6.944;-549;-25;0;0
6.949;-575;-16;0;0
6.954;-587;-10;0;0
6.959;-606;-13;0;0
6.964;-625;-14;0;0
6.969;-625;-11;0;0
6.974;-637;-5;0;0
6.979;-643;-5;0;0
6.984;-643;-5;0;0
6.989;-649;-3;0;0
6.994;-643;5;0;0
6.999;-637;3;0;0
7.004;-631;2;0;0
7.009;-625;4;0;0
7.014;-612;6;0;0
7.019;-594;13;0;0
7.024;-575;14;0;0
7.029;-562;10;0;0
7.034;-542;19;0;0
7.039;-515;18;0;0
7.044;-495;17;0;0
7.049;-460;23;0;0
7.054;-432;18;0;0
7.059;-404;17;0;0
7.064;-368;19;0;0
7.069;-331;24;0;0
7.074;-294;27;0;0
7.079;-248;24;0;0
7.084;-210;25;0;0
7.089;-171;29;0;0
7.094;-117;30;0;0
7.099;-78;27;0;0
7.104;-31;26;0;0
7.109;15;29;0;0
7.114;54;22;0;0
7.119;109;35;0;0
7.124;148;28;0;0
7.129;187;23;0;0
7.134;233;29;0;0
7.139;271;21;0;0
7.144;309;20;0;0
7.149;346;23;0;0
7.154;382;26;0;0
7.159;411;26;0;0
7.164;446;23;0;0
7.169;474;17;0;0
7.174;495;16;0;0
7.179;522;16;0;0
7.184;535;11;0;0
7.189;555;13;0;0
7.194;575;14;0;0
7.199;587;10;0;0
7.204;600;11;0;0
7.209;606;7;0;0
7.214;606;5;0;0
7.219;612;4;0;0
7.224;612;4;0;0
7.229;612;3;0;0
7.234;612;3;0;0
7.239;606;-3;0;0
7.244;600;-1;0;0
7.249;587;-5;0;0
7.254;575;-8;0;0
7.259;562;-8;0;0
7.264;549;-11;0;0
7.269;522;-16;0;0
7.274;509;-11;0;0
7.279;481;-13;0;0
7.284;453;-15;0;0
7.289;425;-16;0;0
7.294;389;-21;0;0
7.299;353;-27;0;0
7.304;323;-21;0;0
7.309;294;-20;0;0
7.314;248;-23;0;0
7.319;210;-25;0;0
7.324;171;-23;0;0
7.329;133;-25;0;0
7.334;86;-28;0;0
7.339;47;-26;0;0
7.344;0;-21;0;0
7.349;-47;-27;0;0
7.354;-86;-32;0;0
7.359;-133;-25;0;0
7.364;-164;-21;0;0
7.369;-210;-29;0;0
7.374;-248;-21;0;0
7.379;-278;-16;0;0
7.384;-316;-22;0;0
7.389;-353;-26;0;0
7.394;-382;-23;0;0
7.399;-411;-21;0;0
7.404;-432;-17;0;0
7.409;-453;-13;0;0
7.414;-474;-14;0;0
7.419;-495;-12;0;0
7.424;-515;-13;0;0
7.429;-522;-10;0;0
7.434;-535;-7;0;0
7.439;-549;-8;0;0
7.444;-555;-6;0;0
7.449;-562;-4;0;0
7.454;-562;-4;0;0
7.459;-562;-3;0;0
7.464;-562;-3;0;0
7.469;-555;2;0;0
7.474;-549;2;0;0
7.479;-549;1;0;0
7.484;-535;4;0;0
7.489;-522;8;0;0
7.494;-509;8;0;0
7.499;-495;19;0;0
7.504;-467;16;0;0
7.509;-453;12;0;0
7.514;-425;14;0;0
7.519;-404;17;0;0
7.524;-382;16;0;0
7.529;-353;21;0;0
7.534;-323;20;0;0
7.539;-286;20;0;0
7.544;-256;19;0;0
7.549;-218;19;0;0
7.554;-187;17;0;0
7.559;-140;30;0;0
7.564;-109;23;0;0
7.569;-70;22;0;0
7.574;-23;30;0;0
7.579;15;25;0;0
7.584;47;24;0;0
7.589;94;23;0;0
7.594;125;17;0;0
7.599;164;20;0;0
7.604;202;28;0;0
7.609;241;24;0;0
7.614;263;17;0;0
7.619;294;18;0;0
7.624;331;24;0;0
7.629;360;20;0;0
7.634;382;17;0;0
7.639;404;23;0;0
7.644;425;12;0;0
7.649;446;12;0;0
7.654;467;15;0;0
7.659;488;12;0;0
7.664;502;11;0;0
7.669;509;7;0;0
7.674;522;8;0;0
7.679;522;6;0;0
7.684;529;4;0;0
7.689;535;4;0;0
7.694;535;3;0;0
7.699;535;3;0;0
7.704;529;5000;0;0
7.709;522;-2;0;0
7.714;522;-1;0;0
7.719;509;-4;0;0
7.724;495;-8;0;0
7.729;481;-7;0;0
7.734;467;-11;0;0
7.739;446;-12;0;0
7.744;432;-12;0;0
7.749;411;-14;0;0
7.754;382;-17;0;0
7.759;353;-19;0;0
7.764;323;-20;0;0
7.769;301;-17;0;0
7.774;271;-19;0;0
7.779;233;-25;0;0
7.784;202;-21;0;0
7.789;171;-19;0;0
7.794;140;-20;0;0
7.799;101;-23;0;0
7.804;62;-18;0;0
7.809;31;-16;0;0
7.814;-15;-29;0;0
7.819;-47;-22;0;0
7.824;-78;-23;0;0
7.829;-125;-20;0;0
7.834;-148;-17;0;0
7.839;-187;-20;0;0
7.844;-225;-23;0;0
7.849;-248;-13;0;0
7.854;-278;-16;0;0
7.859;-309;-17;0;0
7.864;-331;-17;0;0
7.869;-353;-15;0;0
7.874;-382;-17;0;0
7.879;-397;-19;0;0
7.884;-418;-12;0;0
7.889;-432;-10;0;0
7.894;-446;-10;0;0
7.899;-460;-9;0;0
7.904;-467;-7;0;0
7.909;-474;-6;0;0
7.914;-481;-4;0;0
7.919;-488;-4;0;0
7.924;-488;-4;0;0
7.929;-488;-3;0;0
7.934;-481;4;0;0
7.939;-481;3;0;0
7.944;-467;2;0;0
7.949;-467;2;0;0
7.954;-453;5;0;0
7.959;-439;8;0;0
7.964;-425;8;0;0
7.969;-411;10;0;0
7.974;-397;9;0;0
7.979;-382;12;0;0
7.984;-353;16;0;0
7.989;-338;12;0;0
7.994;-309;15;0;0
7.999;-286;13;0;0
8.004;-256;18;0;0
8.009;-233;18;0;0
8.014;-202;18;0;0
8.019;-171;22;0;0
8.024;-133;21;0;0
8.029;-109;18;0;0
8.034;-70;21;0;0
8.039;-31;20;0;0
8.044;0;15;0;0
8.049;31;18;0;0
8.054;70;24;0;0
8.059;101;20;0;0
8.064;125;15;0;0
8.069;156;14;0;0
8.074;195;23;0;0
8.079;225;17;0;0
8.084;248;13;0;0
8.089;263;13;0;0
8.094;294;17;0;0
8.099;323;18;0;0
8.104;346;13;0;0
8.109;360;11;0;0
8.114;382;12;0;0
8.119;397;8;0;0
8.124;411;12;0;0
8.129;425;8;0;0
8.134;439;10;0;0
8.139;446;6;0;0
8.144;453;5;0;0
8.149;460;4;0;0
8.154;460;4;0;0
8.159;460;3;0;0
8.164;460;-9;0;0
8.169;460;-8;0;0
8.174;453;-3;0;0
8.179;446;-2;0;0
8.184;439;-3;0;0
8.189;425;-6;0;0
8.194;411;-9;0;0
8.199;404;-9;0;0
8.204;382;-11;0;0
8.209;368;-9;0;0
8.214;353;-11;0;0
8.219;331;-12;0;0
8.224;309;-11;0;0
8.229;286;-15;0;0
8.234;263;-15;0;0
8.239;233;-17;0;0
8.244;202;-18;0;0
8.249;179;-17;0;0
8.254;156;-14;0;0
8.259;117;-22;0;0
8.264;86;-19;0;0
8.269;62;-13;0;0
8.274;31;-16;0;0
8.279;-7;-22;0;0
8.284;-31;-13;0;0
8.289;-62;-17;0;0
8.294;-94;-16;0;0
8.299;-125;-14;0;0
8.304;-148;-16;0;0
8.309;-179;-17;0;0
8.314;-210;-18;0;0
8.319;-233;-16;0;0
8.324;-256;-13;0;0
8.329;-278;-12;0;0
8.334;-301;-15;0;0
8.339;-316;-11;0;0
8.344;-331;-11;0;0
8.349;-353;-11;0;0
8.354;-368;-8;0;0
8.359;-382;-8;0;0
8.364;-389;-7;0;0
8.369;-397;-5;0;0
8.374;-404;-11;0;0
8.379;-411;-8;0;0
8.384;-411;-6;0;0
8.389;-418;-3;0;0
8.394;-418;-3;0;0
8.399;-411;9;0;0
8.404;-411;8;0;0
8.409;-404;3;0;0
8.414;-397;1;0;0
8.419;-389;3;0;0
8.424;-382;9;0;0
8.429;-368;6;0;0
8.434;-353;9;0;0
8.439;-338;8;0;0
8.444;-323;11;0;0
8.449;-301;11;0;0
8.454;-286;16;0;0
8.459;-263;15;0;0
8.464;-241;22;0;0
8.469;-218;11;0;0
8.474;-195;13;0;0
8.479;-164;19;0;0
8.484;-140;17;0;0
8.489;-109;17;0;0
8.494;-86;15;0;0
8.499;-47;26;0;0
8.504;-23;17;0;0
8.509;0;13;0;0
8.514;31;16;0;0
8.519;62;17;0;0
8.524;86;15;0;0
8.529;109;16;0;0
8.534;140;16;0;0
8.539;164;15;0;0
8.544;195;18;0;0
8.549;218;13;0;0
8.554;233;24;0;0
8.559;256;9;0;0
8.564;271;16;0;0
8.569;294;13;0;0
8.574;309;10;0;0
8.579;331;11;0;0
8.584;346;21;0;0
8.589;353;9;0;0
8.594;368;6;0;0
8.599;375;5;0;0
8.604;382;6;0;0
8.609;382;5;0;0
8.614;389;3;0;0
8.619;397;3;0;0
8.624;397;3;0;0
8.629;389;-4;0;0
8.634;389;-4;0;0
8.639;382;-2;0;0
8.644;382;-2;0;0
8.649;375;-2;0;0
8.654;360;-4;0;0
8.659;353;-6;0;0
8.664;338;-6;0;0
8.669;323;-9;0;0
8.674;309;-9;0;0
8.679;294;-11;0;0
8.684;278;-9;0;0
8.689;256;-12;0;0
8.694;233;-12;0;0
8.699;218;-10;0;0
8.704;202;-19;0;0
8.709;171;-15;0;0
8.714;140;-20;0;0
8.719;117;-17;0;0
8.724;94;-12;0;0
8.729;78;-12;0;0
8.734;47;-17;0;0
8.739;15;-18;0;0
8.744;-15;-18;0;0
8.749;-31;-11;0;0
8.754;-62;-15;0;0
8.759;-86;-16;0;0
8.764;-109;-16;0;0
8.769;-140;-16;0;0
8.774;-156;-10;0;0
8.779;-179;-13;0;0
8.784;-202;-14;0;0
8.789;-225;-13;0;0
8.794;-241;-10;0;0
8.799;-256;-10;0;0
8.804;-271;-10;0;0
8.809;-286;-9;0;0
8.814;-301;-9;0;0
8.819;-316;-7;0;0
8.824;-323;-7;0;0
8.829;-331;-6;0;0
8.834;-338;-5;0;0
8.839;-346;-5;0;0
8.844;-353;-4;0;0
8.849;-353;-4;0;0
8.854;-353;-3;0;0
8.859;-353;-3;0;0
8.864;-353;-3;0;0
8.869;-353;-3;0;0
8.874;-346;2;0;0
8.879;-338;3;0;0
8.884;-323;5;0;0
8.889;-316;5;0;0
8.894;-309;5;0;0
8.899;-294;8;0;0
8.904;-278;7;0;0
8.909;-263;11;0;0
8.914;-248;8;0;0
8.919;-233;11;0;0
8.924;-218;9;0;0
8.929;-195;12;0;0
8.934;-171;16;0;0
8.939;-148;14;0;0
8.944;-133;10;0;0
8.949;-109;14;0;0
8.954;-86;14;0;0
8.959;-62;14;0;0
8.964;-39;12;0;0
8.969;-15;14;0;0
8.974;7;12;0;0
8.979;31;11;0;0
8.984;62;15;0;0
8.989;78;16;0;0
8.994;101;21;0;0
8.999;125;11;0;0
9.004;140;14;0;0
9.009;171;15;0;0
9.014;187;11;0;0
9.019;202;12;0;0
9.024;225;11;0;0
9.029;233;10;0;0
9.034;248;7;0;0
9.039;263;8;0;0
9.044;278;7;0;0
9.049;294;8;0;0
9.054;301;6;0;0
9.059;309;6;0;0
9.064;316;5;0;0
9.069;323;5;0;0
9.074;323;4;0;0
9.079;331;3;0;0
9.084;331;3;0;0
9.089;331;2;0;0
9.094;331;2;0;0
9.099;323;-2;0;0
9.104;323;-2;0;0
9.109;316;-1;0;0
9.114;309;-2;0;0
9.119;301;-3;0;0
9.124;294;-4;0;0
9.129;278;-10;0;0
9.134;263;-7;0;0
9.139;256;-7;0;0
9.144;241;-8;0;0
9.149;225;-9;0;0
9.154;210;-9;0;0
9.159;195;-10;0;0
9.164;171;-13;0;0
9.169;156;-10;0;0
9.174;133;-12;0;0
9.179;109;-13;0;0
9.184;94;-10;0;0
9.189;78;-12;0;0
9.194;47;-15;0;0
9.199;31;-11;0;0
9.204;0;-13;0;0