t;e;d;i;set

0.944;0;5000;0;0
0.949;0;5000;0;0
0.954;0;5000;0;0
0.959;0;5000;0;0
0.964;0;5000;0;0
0.969;0;5000;0;0
0.974;0;5000;0;0
0.979;0;5000;0;0
0.984;0;5000;0;0
0.989;0;5000;0;0
0.994;0;5000;0;0
0.999;0;5000;0;0
1.004;0;5000;0;0
1.009;0;5000;0;0
1.014;0;5000;0;0
1.019;0;5000;0;0
1.024;0;5000;0;0
1.029;0;5000;0;0
1.034;0;5000;0;0
1.039;0;5000;0;0
1.044;0;5000;0;0
1.049;0;5000;0;0
1.054;0;5000;0;0
1.059;0;5000;0;0
1.064;0;5000;0;0
1.069;0;5000;0;0
1.074;0;5000;0;0
1.079;0;5000;0;0
1.084;0;5000;0;0
1.089;0;5000;0;0
1.094;0;5000;0;0
1.099;0;5000;0;0
1.104;0;5000;0;0
1.109;0;5000;0;0
1.114;0;5000;0;0
1.119;0;5000;0;0
1.124;0;5000;0;0
1.129;0;5000;0;0
1.134;0;5000;0;0
1.139;0;5000;0;0
1.144;0;5000;0;0
1.149;0;5000;0;0
1.154;0;5000;0;0
1.159;0;5000;0;0
1.164;0;5000;0;0
1.169;0;5000;0;0
1.174;0;5000;0;0
1.179;0;5000;0;0
1.184;0;5000;0;0
1.189;0;5000;0;0
1.194;0;5000;0;0
1.199;0;5000;0;0
1.204;0;5000;0;0
1.209;0;5000;0;0
1.214;0;5000;0;0
1.219;0;5000;0;0
1.224;0;5000;0;0
1.229;0;5000;0;0
1.234;0;5000;0;0
1.239;0;5000;0;0
1.244;0;5000;0;0
1.249;0;5000;0;0
1.254;0;5000;0;0
1.259;0;5000;0;0
1.264;0;5000;0;0
1.269;0;5000;0;0
1.274;0;5000;0;0
1.279;0;5000;0;0
1.284;0;5000;0;0
1.289;0;5000;0;0
1.294;0;5000;0;0
1.299;0;5000;0;0
1.304;0;5000;0;0
1.309;0;5000;0;0
1.314;0;5000;0;0
1.319;0;5000;0;0
1.324;0;5000;0;0
1.329;0;5000;0;0
1.334;0;5000;0;0
1.339;0;5000;0;0
1.344;0;5000;0;0
1.349;0;5000;0;0
1.354;0;5000;0;0
1.359;0;5000;0;0
1.364;0;5000;0;0
1.369;0;5000;0;0
1.374;0;5000;0;0
1.379;0;5000;0;0
1.384;0;5000;0;0
1.389;0;5000;0;0
1.394;0;5000;0;0
1.399;0;5000;0;0
1.404;0;5000;0;0
1.409;0;5000;0;0
1.414;0;5000;0;0
1.419;0;5000;0;0
1.424;0;5000;0;0
1.429;0;5000;0;0
1.434;0;5000;0;0
1.439;0;5000;0;0
1.444;0;5000;0;0
1.449;0;5000;0;0
1.454;0;5000;0;0
1.459;0;5000;0;0
1.464;0;5000;0;0
1.469;0;5000;0;0
1.474;0;5000;0;0
1.479;0;5000;0;0
1.484;0;5000;0;0
1.489;15;5000;0;0
1.494;31;5000;0;0
1.499;62;5000;0;0
1.504;117;5000;0;0
1.509;187;5000;0;0
1.514;278;5000;0;0
1.519;368;5000;0;0
1.524;467;5000;0;0
1.529;575;5000;0;0
1.534;661;5000;0;0
1.539;739;5000;0;0
1.544;809;5000;0;0
1.549;868;5000;0;0
1.554;911;5000;0;0
1.559;946;5000;0;0
1.564;972;5000;0;0
1.569;988;5000;0;0
1.574;997;5000;0;0
1.579;999;5000;0;0
1.584;996;5000;0;0
1.589;988;5000;0;0
1.594;977;5000;0;0
1.599;964;5000;0;0
1.604;948;5000;0;0
1.609;929;5000;0;0
1.614;914;5000;0;0
1.619;898;5000;0;0
1.624;883;5000;0;0
1.629;868;5000;0;0
1.634;856;5000;0;0
1.639;844;5000;0;0
1.644;835;5000;0;0
1.649;827;5000;0;0
1.654;827;5000;0;0
1.659;822;5000;0;0
1.664;822;5000;0;0
1.669;822;5000;0;0
1.674;827;5000;0;0
1.679;835;5000;0;0
1.684;844;5000;0;0
1.689;852;5000;0;0
1.694;860;5000;0;0
1.699;876;5000;0;0
1.704;891;5000;0;0
1.709;904;5000;0;0
1.714;923;5000;0;0
1.719;940;5000;0;0
1.724;953;5000;0;0
1.729;968;5000;0;0
1.734;982;5000;0;0
1.739;992;5000;0;0
1.744;998;5000;0;0
1.749;999;5000;0;0
1.754;995;5000;0;0
1.759;985;5000;0;0
1.764;968;5000;0;0
1.769;940;5000;0;0
1.774;904;5000;0;0
1.779;860;5000;0;0
1.784;804;5000;0;0
1.789;739;5000;0;0
1.794;661;5000;0;0
1.799;575;5000;0;0
1.804;481;5000;0;0
1.809;375;5000;0;0
1.814;263;5000;0;0
1.819;156;5000;0;0
1.824;31;5000;0;0
1.829;-86;5000;0;0
1.834;-202;5000;0;0
1.839;-309;5000;0;0
1.844;-411;5000;0;0
1.849;-509;5000;0;0
1.854;-594;5000;0;0
1.859;-684;5000;0;0
1.864;-750;5000;0;0
1.869;-809;5000;0;0
1.874;-860;5000;0;0
1.879;-904;5000;0;0
1.884;-938;5000;0;0
1.889;-960;5000;0;0
1.894;-979;5000;0;0
1.899;-991;5000;0;0
1.904;-996;5000;0;0
1.909;-999;5000;0;0
1.914;-999;5000;0;0
1.919;-996;5000;0;0
1.924;-991;5000;0;0
1.929;-985;5000;0;0
1.934;-977;5000;0;0
1.939;-972;5000;0;0
1.944;-966;5000;0;0
1.949;-960;5000;0;0
1.954;-953;5000;0;0
1.959;-948;5000;0;0
1.964;-946;5000;0;0
1.969;-946;5000;0;0
1.974;-946;5000;0;0
1.979;-946;5000;0;0
1.984;-951;5000;0;0
1.989;-953;5000;0;0
1.994;-960;5000;0;0
1.999;-966;5000;0;0
2.004;-972;5000;0;0
2.009;-979;5000;0;0
2.014;-986;5000;0;0
2.019;-992;5000;0;0
2.024;-996;5000;0;0
2.029;-999;5000;0;0
2.034;-999;5000;0;0
2.039;-996;5000;0;0
2.044;-991;5000;0;0
2.049;-980;5000;0;0
2.054;-962;5000;0;0
2.059;-940;5000;0;0
2.064;-911;5000;0;0
2.069;-868;5000;0;0
2.074;-827;5000;0;0
2.079;-770;5000;0;0
2.084;-701;5000;0;0
2.089;-625;5000;0;0
2.094;-542;5000;0;0
2.099;-453;5000;0;0
2.104;-353;5000;0;0
2.109;-248;5000;0;0
2.114;-148;5000;0;0
2.119;-31;5000;0;0
2.124;78;5000;0;0
2.129;187;5000;0;0
2.134;294;5000;0;0
2.139;397;5000;0;0
2.144;488;5000;0;0
2.149;575;5000;0;0
2.154;661;5000;0;0
2.159;728;5000;0;0
2.164;790;5000;0;0
2.169;840;5000;0;0
2.174;883;5000;0;0
2.179;917;5000;0;0
2.184;948;5000;0;0
2.189;968;5000;0;0
2.194;983;5000;0;0
2.199;993;5000;0;0
2.204;998;5000;0;0
2.209;1000;5000;0;0
2.214;998;5000;0;0
2.219;994;5000;0;0
2.224;990;5000;0;0
2.229;983;5000;0;0
2.234;977;5000;0;0
2.239;972;5000;0;0
2.244;966;5000;0;0
2.249;962;5000;0;0
2.254;960;5000;0;0
2.259;955;5000;0;0
2.264;953;5000;0;0
2.269;955;5000;0;0
2.274;955;5000;0;0
2.279;960;5000;0;0
2.284;964;5000;0;0
2.289;968;5000;0;0
2.294;975;5000;0;0
2.299;980;5000;0;0
2.304;986;5000;0;0
2.309;992;5000;0;0
2.314;996;5000;0;0
2.319;999;5000;0;0
2.324;999;5000;0;0
2.329;998;5000;0;0
2.334;992;5000;0;0
2.339;980;5000;0;0
2.344;964;5000;0;0
2.349;940;5000;0;0
2.354;914;5000;0;0
2.359;876;5000;0;0
2.364;831;5000;0;0
2.369;780;5000;0;0
2.374;723;5000;0;0
2.379;649;5000;0;0
2.384;568;5000;0;0
2.389;488;5000;0;0
2.394;397;5000;0;0
2.399;294;5000;0;0
2.404;195;5000;0;0
2.409;94;5000;0;0
2.414;-15;5000;0;0
2.419;-125;5000;0;0
2.424;-225;5000;0;0
2.429;-316;5000;0;0
2.434;-418;5000;0;0
2.439;-495;5000;0;0
2.444;-581;5000;0;0
2.449;-655;5000;0;0
2.454;-718;5000;0;0
2.459;-780;5000;0;0
2.464;-827;5000;0;0
2.469;-864;5000;0;0
2.474;-898;5000;0;0
2.479;-929;5000;0;0
2.484;-948;5000;0;0
2.489;-964;5000;0;0
2.494;-977;5000;0;0
2.499;-987;5000;0;0
2.504;-993;5000;0;0
2.509;-996;5000;0;0
2.514;-998;5000;0;0
2.519;-999;5000;0;0
2.524;-1000;5000;0;0
2.529;-999;5000;0;0
2.534;-999;5000;0;0
2.539;-998;5000;0;0
2.544;-998;5000;0;0
2.549;-998;5000;0;0
2.554;-998;5000;0;0
2.559;-998;5000;0;0
2.564;-999;5000;0;0
2.569;-999;5000;0;0
2.574;-999;5000;0;0
2.579;-999;5000;0;0
2.584;-998;5000;0;0
2.589;-995;5000;0;0
2.594;-991;5000;0;0
2.599;-983;5000;0;0
2.604;-972;5000;0;0
2.609;-960;5000;0;0
2.614;-943;5000;0;0
2.619;-917;5000;0;0
2.624;-891;5000;0;0
2.629;-860;5000;0;0
2.634;-809;5000;0;0
2.639;-765;5000;0;0
2.644;-707;5000;0;0
2.649;-637;5000;0;0
2.654;-575;5000;0;0
2.659;-488;5000;0;0
2.664;-411;5000;0;0
2.669;-323;5000;0;0
2.674;-233;5000;0;0
2.679;-140;5000;0;0
2.684;-31;5000;0;0
2.689;62;5000;0;0
2.694;156;5000;0;0
2.699;256;5000;0;0
2.704;346;5000;0;0
2.709;425;5000;0;0
2.714;515;5000;0;0
2.719;594;5000;0;0
2.724;661;5000;0;0
2.729;718;5000;0;0
2.734;775;5000;0;0
2.739;827;5000;0;0
2.744;860;5000;0;0
2.749;891;5000;0;0
2.754;920;5000;0;0
2.759;946;5000;0;0
2.764;960;5000;0;0
2.769;974;5000;0;0
2.774;983;5000;0;0
2.779;991;5000;0;0
2.784;995;5000;0;0
2.789;998;5000;0;0
2.794;999;5000;0;0
2.799;999;5000;0;0
2.804;999;5000;0;0
2.809;999;5000;0;0
2.814;999;5000;0;0
2.819;999;5000;0;0
2.824;999;5000;0;0
2.829;999;5000;0;0
2.834;999;5000;0;0
2.839;999;5000;0;0
2.844;999;5000;0;0
2.849;999;5000;0;0
2.854;998;5000;0;0
2.859;996;5000;0;0
2.864;992;5000;0;0
2.869;986;5000;0;0
2.874;975;5000;0;0
2.879;966;5000;0;0
2.884;951;5000;0;0
2.889;929;5000;0;0
2.894;904;5000;0;0
2.899;876;5000;0;0
2.904;835;5000;0;0
2.909;794;5000;0;0
2.914;750;5000;0;0
2.919;684;5000;0;0
2.924;625;5000;0;0
2.929;555;5000;0;0
2.934;481;5000;0;0
2.939;397;5000;0;0
2.944;309;5000;0;0
2.949;218;5000;0;0
2.954;125;5000;0;0
2.959;31;5000;0;0
2.964;-62;5000;0;0
2.969;-156;5000;0;0
2.974;-248;5000;0;0
2.979;-323;5000;0;0
2.984;-411;5000;0;0
2.989;-481;5000;0;0
2.994;-562;5000;0;0
2.999;-625;5000;0;0
3.004;-684;5000;0;0
3.009;-739;5000;0;0
3.014;-785;5000;0;0
3.019;-822;5000;0;0
3.024;-856;5000;0;0
3.029;-883;5000;0;0
3.034;-908;5000;0;0
3.039;-923;5000;0;0
3.044;-940;5000;0;0
3.049;-955;5000;0;0
3.054;-964;5000;0;0
3.059;-970;5000;0;0
3.064;-975;5000;0;0
3.069;-980;5000;0;0
3.074;-983;5000;0;0
3.079;-986;5000;0;0
3.084;-987;5000;0;0
3.089;-987;5000;0;0
3.094;-986;5000;0;0
3.099;-985;5000;0;0
3.104;-982;5000;0;0
3.109;-979;5000;0;0
3.114;-975;5000;0;0
3.119;-968;5000;0;0
3.124;-960;5000;0;0
3.129;-951;5000;0;0
3.134;-938;5000;0;0
3.139;-923;5000;0;0
3.144;-904;5000;0;0
3.149;-876;5000;0;0
3.154;-852;5000;0;0
3.159;-818;5000;0;0
3.164;-780;5000;0;0
3.169;-728;5000;0;0
3.174;-678;5000;0;0
3.179;-619;5000;0;0
3.184;-555;5000;0;0
3.189;-488;5000;0;0
3.194;-411;5000;0;0
3.199;-338;5000;0;0
3.204;-256;5000;0;0
3.209;-171;5000;0;0
3.214;-86;5000;0;0
3.219;0;5000;0;0
3.224;94;5000;0;0
3.229;179;5000;0;0
3.234;263;5000;0;0
3.239;346;5000;0;0
3.244;418;5000;0;0
3.249;502;5000;0;0
3.254;575;5000;0;0
3.259;625;5000;0;0
3.264;684;5000;0;0
3.269;734;5000;0;0
3.274;780;5000;0;0
3.279;822;5000;0;0
3.284;852;5000;0;0
3.289;876;5000;0;0
3.294;901;5000;0;0
3.299;920;5000;0;0
3.304;940;5000;0;0
3.309;951;5000;0;0
3.314;962;5000;0;0
3.319;968;5000;0;0
3.324;975;5000;0;0
3.329;979;5000;0;0
3.334;982;5000;0;0
3.339;985;5000;0;0
3.344;986;5000;0;0
3.349;987;5000;0;0
3.354;986;5000;0;0
3.359;985;5000;0;0
3.364;983;5000;0;0
3.369;982;5000;0;0
3.374;975;5000;0;0
3.379;970;5000;0;0
3.384;964;5000;0;0
3.389;955;5000;0;0
3.394;943;5000;0;0
3.399;929;5000;0;0
3.404;911;5000;0;0
3.409;887;5000;0;0
3.414;860;5000;0;0
3.419;831;5000;0;0
3.424;794;5000;0;0
3.429;755;5000;0;0
3.434;707;5000;0;0
3.439;655;5000;0;0
3.444;600;5000;0;0
3.449;535;5000;0;0
3.454;467;5000;0;0
3.459;389;5000;0;0
3.464;309;5000;0;0
3.469;233;5000;0;0
3.474;156;5000;0;0
3.479;62;5000;0;0
3.484;-15;5000;0;0
3.489;-101;5000;0;0
3.494;-187;5000;0;0
3.499;-256;5000;0;0
3.504;-338;5000;0;0
3.509;-411;5000;0;0
3.514;-474;5000;0;0
3.519;-535;5000;0;0
3.524;-594;5000;0;0
3.529;-649;5000;0;0
3.534;-695;5000;0;0
3.539;-739;5000;0;0
3.544;-775;5000;0;0
3.549;-809;5000;0;0
3.554;-835;5000;0;0
3.559;-860;5000;0;0
3.564;-876;5000;0;0
3.569;-898;5000;0;0
3.574;-908;5000;0;0
3.579;-917;5000;0;0
3.584;-929;5000;0;0
3.589;-935;5000;0;0
3.594;-938;5000;0;0
3.599;-940;5000;0;0
3.604;-940;5000;0;0
3.609;-940;5000;0;0
3.614;-940;5000;0;0
3.619;-938;5000;0;0
3.624;-932;5000;0;0
3.629;-926;5000;0;0
3.634;-917;5000;0;0
3.639;-904;5000;0;0
3.644;-891;5000;0;0
3.649;-876;5000;0;0
3.654;-852;5000;0;0
3.659;-827;5000;0;0
3.664;-809;5000;0;0
3.669;-770;5000;0;0
3.674;-728;5000;0;0
3.679;-695;5000;0;0
3.684;-649;5000;0;0
3.689;-587;5000;0;0
3.694;-535;5000;0;0
3.699;-474;5000;0;0
3.704;-411;5000;0;0
3.709;-338;5000;0;0
3.714;-278;5000;0;0
3.719;-202;5000;0;0
3.724;-125;5000;0;0
3.729;-47;5000;0;0
3.734;39;5000;0;0
3.739;117;5000;0;0
3.744;187;5000;0;0
3.749;271;5000;0;0
3.754;338;5000;0;0
3.759;404;5000;0;0
3.764;474;5000;0;0
3.769;542;5000;0;0
3.774;594;5000;0;0
3.779;637;5000;0;0
3.784;684;5000;0;0
3.789;728;5000;0;0
3.794;770;5000;0;0
3.799;804;5000;0;0
3.804;831;5000;0;0
3.809;852;5000;0;0
3.814;872;5000;0;0
3.819;891;5000;0;0
3.824;904;5000;0;0
3.829;917;5000;0;0
3.834;926;5000;0;0
3.839;935;5000;0;0
3.844;940;5000;0;0
3.849;943;5000;0;0
3.854;946;5000;0;0
3.859;946;5000;0;0
3.864;946;5000;0;0
3.869;943;5000;0;0
3.874;940;5000;0;0
3.879;935;5000;0;0
3.884;929;5000;0;0
3.889;917;5000;0;0
3.894;904;5000;0;0
3.899;891;5000;0;0
3.904;876;5000;0;0
3.909;856;5000;0;0
3.914;835;5000;0;0
3.919;809;5000;0;0
3.924;780;5000;0;0
3.929;739;5000;0;0
3.934;701;5000;0;0
3.939;655;5000;0;0
3.944;606;5000;0;0
3.949;562;5000;0;0
3.954;502;5000;0;0
3.959;432;5000;0;0
3.964;368;5000;0;0
3.969;294;5000;0;0
3.974;225;5000;0;0
3.979;156;5000;0;0
3.984;78;5000;0;0
3.989;0;5000;0;0
3.994;-70;5000;0;0
3.999;-148;5000;0;0
4.004;-218;5000;0;0
4.009;-278;5000;0;0
4.014;-346;5000;0;0
4.019;-411;5000;0;0
4.024;-467;5000;0;0
4.029;-522;5000;0;0
4.034;-575;5000;0;0
4.039;-619;5000;0;0
4.044;-661;5000;0;0
4.049;-701;5000;0;0
4.054;-728;5000;0;0
4.059;-760;5000;0;0
4.064;-790;5000;0;0
4.069;-809;5000;0;0
4.074;-827;5000;0;0
4.079;-844;5000;0;0
4.084;-852;5000;0;0
4.089;-860;5000;0;0
4.094;-868;5000;0;0
4.099;-876;5000;0;0
4.104;-880;5000;0;0
4.109;-880;5000;0;0
4.114;-876;5000;0;0
4.119;-876;5000;0;0
4.124;-868;5000;0;0
4.129;-860;5000;0;0
4.134;-852;5000;0;0
4.139;-840;5000;0;0
4.144;-827;5000;0;0
4.149;-809;5000;0;0
4.154;-785;5000;0;0
4.159;-755;5000;0;0
4.164;-728;5000;0;0
4.169;-695;5000;0;0
4.174;-661;5000;0;0
4.179;-619;5000;0;0
4.184;-575;5000;0;0
4.189;-522;5000;0;0
4.194;-474;5000;0;0
4.199;-418;5000;0;0
4.204;-353;5000;0;0
4.209;-301;5000;0;0
4.214;-233;5000;0;0
4.219;-164;5000;0;0
4.224;-94;5000;0;0
4.229;-31;5000;0;0
4.234;47;5000;0;0
4.239;109;5000;0;0
4.244;187;5000;0;0
4.249;248;5000;0;0
4.254;316;5000;0;0
4.259;375;5000;0;0
4.264;432;5000;0;0
4.269;488;5000;0;0
4.274;549;5000;0;0
4.279;594;5000;0;0
4.284;637;5000;0;0
4.289;678;5000;0;0
4.294;712;5000;0;0
4.299;739;5000;0;0
4.304;770;5000;0;0
4.309;799;5000;0;0
4.314;818;5000;0;0
4.319;835;5000;0;0
4.324;848;5000;0;0
4.329;860;5000;0;0
4.334;872;5000;0;0
4.339;880;5000;0;0
4.344;887;5000;0;0
4.349;891;5000;0;0
4.354;891;5000;0;0
4.359;891;5000;0;0
4.364;891;5000;0;0
4.369;883;5000;0;0
4.374;876;5000;0;0
4.379;872;5000;0;0
4.384;860;5000;0;0
4.389;848;5000;0;0
4.394;835;5000;0;0
4.399;818;5000;0;0
4.404;799;5000;0;0
4.409;770;5000;0;0
4.414;744;5000;0;0
4.419;712;5000;0;0
4.424;678;5000;0;0
4.429;637;5000;0;0
4.434;600;5000;0;0
4.439;555;5000;0;0
4.444;509;5000;0;0
4.449;453;5000;0;0
4.454;389;5000;0;0
4.459;323;5000;0;0
4.464;263;5000;0;0
4.469;202;5000;0;0
4.474;140;5000;0;0
4.479;70;5000;0;0
4.484;0;5000;0;0
4.489;-62;5000;0;0
4.494;-133;5000;0;0
4.499;-187;5000;0;0
4.504;-256;5000;0;0
4.509;-316;5000;0;0
4.514;-368;5000;0;0
4.519;-425;5000;0;0
4.524;-474;5000;0;0
4.529;-515;5000;0;0
4.534;-562;5000;0;0
4.539;-600;5000;0;0
4.544;-637;5000;0;0
4.549;-661;5000;0;0
4.554;-695;5000;0;0
4.559;-718;5000;0;0
4.564;-739;5000;0;0
4.569;-755;5000;0;0
4.574;-775;5000;0;0
4.579;-785;5000;0;0
4.584;-790;5000;0;0
4.589;-799;5000;0;0
4.594;-809;5000;0;0
4.599;-809;5000;0;0
4.604;-809;5000;0;0
4.609;-804;5000;0;0
4.614;-799;5000;0;0
4.619;-790;5000;0;0
4.624;-780;5000;0;0
4.629;-770;5000;0;0
4.634;-755;5000;0;0
4.639;-734;5000;0;0
4.644;-707;5000;0;0
4.649;-684;5000;0;0
4.654;-661;5000;0;0
4.659;-625;5000;0;0
4.664;-594;5000;0;0
4.669;-555;5000;0;0
4.674;-509;5000;0;0
4.679;-467;5000;0;0
4.684;-425;5000;0;0
4.689;-368;5000;0;0
4.694;-316;5000;0;0
4.699;-263;5000;0;0
4.704;-202;5000;0;0
4.709;-148;5000;0;0
4.714;-86;5000;0;0
4.719;-23;5000;0;0
4.724;47;5000;0;0
4.729;101;5000;0;0
4.734;156;5000;0;0
4.739;218;5000;0;0
4.744;286;5000;0;0
4.749;338;5000;0;0
4.754;389;5000;0;0
4.759;439;5000;0;0
4.764;495;5000;0;0
4.769;535;5000;0;0
4.774;581;5000;0;0
4.779;612;5000;0;0
4.784;649;5000;0;0
4.789;673;5000;0;0
4.794;701;5000;0;0
4.799;728;5000;0;0
4.804;750;5000;0;0
4.809;770;5000;0;0
4.814;785;5000;0;0
4.819;794;5000;0;0
4.824;809;5000;0;0
4.829;818;5000;0;0
4.834;822;5000;0;0
4.839;827;5000;0;0
4.844;827;5000;0;0
4.849;827;5000;0;0
4.854;822;5000;0;0
4.859;818;5000;0;0
4.864;809;5000;0;0
4.869;799;5000;0;0
4.874;790;5000;0;0
4.879;770;5000;0;0
4.884;755;5000;0;0
4.889;734;5000;0;0
4.894;712;5000;0;0
4.899;684;5000;0;0
4.904;661;5000;0;0
4.909;625;5000;0;0
4.914;587;5000;0;0
4.919;555;5000;0;0
4.924;509;5000;0;0
4.929;467;5000;0;0
4.934;418;5000;0;0
4.939;360;5000;0;0
4.944;309;5000;0;0
4.949;256;5000;0;0
4.954;202;5000;0;0
4.959;140;5000;0;0
4.964;78;5000;0;0
4.969;23;5000;0;0
4.974;-31;5000;0;0
4.979;-94;5000;0;0
4.984;-156;5000;0;0
4.989;-202;5000;0;0
4.994;-263;5000;0;0
4.999;-316;5000;0;0
5.004;-360;5000;0;0
5.009;-404;5000;0;0
5.014;-446;5000;0;0
5.019;-481;5000;0;0
5.024;-522;5000;0;0
5.029;-555;5000;0;0
5.034;-587;5000;0;0
5.039;-612;5000;0;0
5.044;-637;5000;0;0
5.049;-661;5000;0;0
5.054;-678;5000;0;0
5.059;-690;5000;0;0
5.064;-701;5000;0;0
5.069;-712;5000;0;0
5.074;-718;5000;0;0
5.079;-723;5000;0;0
5.084;-728;5000;0;0
5.089;-723;5000;0;0
5.094;-718;5000;0;0
5.099;-712;5000;0;0
5.104;-707;5000;0;0
5.109;-695;5000;0;0
5.114;-684;5000;0;0
5.119;-667;5000;0;0
5.124;-637;5000;0;0
5.129;-612;5000;0;0
5.134;-594;5000;0;0
5.139;-568;5000;0;0
5.144;-535;5000;0;0
5.149;-502;5000;0;0
5.154;-467;5000;0;0
5.159;-425;5000;0;0
5.164;-382;5000;0;0
5.169;-338;5000;0;0
5.174;-301;5000;0;0
5.179;-248;5000;0;0
5.184;-195;5000;0;0
5.189;-148;5000;0;0
5.194;-86;5000;0;0
5.199;-31;5000;0;0
5.204;23;5000;0;0
5.209;78;5000;0;0
5.214;125;5000;0;0
5.219;187;5000;0;0
5.224;233;5000;0;0
5.229;294;5000;0;0
5.234;338;5000;0;0
5.239;382;5000;0;0
5.244;425;5000;0;0
5.249;467;5000;0;0
5.254;509;5000;0;0
5.259;549;5000;0;0
5.264;575;5000;0;0
5.269;606;5000;0;0
5.274;631;5000;0;0
5.279;655;5000;0;0
5.284;678;5000;0;0
5.289;695;5000;0;0
5.294;712;5000;0;0
5.299;728;5000;0;0
5.304;734;5000;0;0
5.309;744;5000;0;0
5.314;750;5000;0;0
5.319;750;5000;0;0
5.324;755;5000;0;0
5.329;755;5000;0;0
5.334;750;5000;0;0
5.339;750;5000;0;0
5.344;739;5000;0;0
5.349;728;5000;0;0
5.354;718;5000;0;0
5.359;701;5000;0;0
5.364;684;5000;0;0
5.369;667;5000;0;0
5.374;643;5000;0;0
5.379;619;5000;0;0
5.384;587;5000;0;0
5.389;562;5000;0;0
5.394;529;5000;0;0
5.399;488;5000;0;0
5.404;453;5000;0;0
5.409;404;5000;0;0
5.414;360;5000;0;0
5.419;316;5000;0;0
5.424;271;5000;0;0
5.429;218;5000;0;0
5.434;171;5000;0;0
5.439;125;5000;0;0
5.444;62;5000;0;0
5.449;15;5000;0;0
5.454;-31;5000;0;0
5.459;-94;5000;0;0
5.464;-140;5000;0;0
5.469;-187;5000;0;0
5.474;-233;5000;0;0
5.479;-278;5000;0;0
5.484;-316;5000;0;0
5.489;-368;5000;0;0
5.494;-397;5000;0;0
5.499;-432;5000;0;0
5.504;-467;5000;0;0
5.509;-495;5000;0;0
5.514;-522;5000;0;0
5.519;-542;5000;0;0
5.524;-562;5000;0;0
5.529;-587;5000;0;0
5.534;-600;5000;0;0
5.539;-612;5000;0;0
5.544;-625;5000;0;0
5.549;-631;5000;0;0
5.554;-637;5000;0;0
5.559;-637;5000;0;0
5.564;-637;5000;0;0
5.569;-637;5000;0;0
5.574;-631;5000;0;0
5.579;-625;5000;0;0
5.584;-612;5000;0;0
5.589;-600;5000;0;0
5.594;-587;5000;0;0
5.599;-568;5000;0;0
5.604;-549;5000;0;0
5.609;-522;5000;0;0
5.614;-502;5000;0;0
5.619;-474;5000;0;0
5.624;-446;5000;0;0
5.629;-411;5000;0;0
5.634;-375;5000;0;0
5.639;-338;5000;0;0
5.644;-301;5000;0;0
5.649;-256;5000;0;0
5.654;-218;5000;0;0
5.659;-171;5000;0;0
5.664;-125;5000;0;0
5.669;-78;5000;0;0
5.674;-31;5000;0;0
5.679;15;5000;0;0
5.684;62;5000;0;0
5.689;109;5000;0;0
5.694;156;5000;0;0
5.699;210;5000;0;0
5.704;248;5000;0;0
5.709;294;5000;0;0
5.714;338;5000;0;0
5.719;375;5000;0;0
5.724;411;5000;0;0
5.729;446;5000;0;0
5.734;481;5000;0;0
5.739;509;5000;0;0
5.744;535;5000;0;0
5.749;562;5000;0;0
5.754;587;5000;0;0
5.759;612;5000;0;0
5.764;625;5000;0;0
5.769;637;5000;0;0
5.774;649;5000;0;0
5.779;661;5000;0;0
5.784;667;5000;0;0
5.789;673;5000;0;0
5.794;678;5000;0;0
5.799;678;5000;0;0
5.804;678;5000;0;0
5.809;673;5000;0;0
5.814;673;5000;0;0
5.819;661;5000;0;0
5.824;655;5000;0;0
5.829;637;5000;0;0
5.834;625;5000;0;0
5.839;612;5000;0;0
5.844;594;5000;0;0
5.849;575;5000;0;0
5.854;549;5000;0;0
5.859;522;5000;0;0
5.864;488;5000;0;0
5.869;460;5000;0;0
5.874;425;5000;0;0
5.879;389;5000;0;0
5.884;353;5000;0;0
5.889;309;5000;0;0
5.894;271;5000;0;0
5.899;233;5000;0;0
5.904;187;5000;0;0
5.909;140;5000;0;0
5.914;94;5000;0;0
5.919;47;5000;0;0
5.924;7;5000;0;0
5.929;-39;5000;0;0
5.934;-86;5000;0;0
5.939;-125;5000;0;0
5.944;-171;5000;0;0
5.949;-210;5000;0;0
5.954;-248;5000;0;0
5.959;-278;5000;0;0
5.964;-323;5000;0;0
5.969;-353;5000;0;0
5.974;-382;5000;0;0
5.979;-411;5000;0;0
5.984;-432;5000;0;0
5.989;-453;5000;0;0
5.994;-481;5000;0;0
5.999;-495;5000;0;0
6.004;-509;5000;0;0
6.009;-522;5000;0;0
6.014;-535;5000;0;0
6.019;-542;5000;0;0
6.024;-549;5000;0;0
6.029;-555;5000;0;0
6.034;-555;5000;0;0
6.039;-555;5000;0;0
6.044;-549;5000;0;0
6.049;-542;5000;0;0
6.054;-535;5000;0;0
6.059;-522;5000;0;0
6.064;-509;5000;0;0
6.069;-495;5000;0;0
6.074;-481;5000;0;0
6.079;-460;5000;0;0
6.084;-439;5000;0;0
6.089;-418;5000;0;0
6.094;-389;5000;0;0
6.099;-360;5000;0;0
6.104;-338;5000;0;0
6.109;-301;5000;0;0
6.114;-271;5000;0;0
6.119;-233;5000;0;0
6.124;-195;5000;0;0
6.129;-156;5000;0;0
6.134;-117;5000;0;0
6.139;-78;5000;0;0
6.144;-31;5000;0;0
6.149;0;5000;0;0
6.154;47;5000;0;0
6.159;86;5000;0;0
6.164;125;5000;0;0
6.169;171;5000;0;0
6.174;202;5000;0;0
6.179;248;5000;0;0
6.184;286;5000;0;0
6.189;309;5000;0;0
6.194;346;5000;0;0
6.199;382;5000;0;0
6.204;411;5000;0;0
6.209;432;5000;0;0
6.214;460;5000;0;0
6.219;488;5000;0;0
6.224;509;5000;0;0
6.229;535;5000;0;0
6.234;542;5000;0;0
6.239;562;5000;0;0
6.244;568;5000;0;0
6.249;581;5000;0;0
6.254;587;5000;0;0
6.259;594;5000;0;0
6.264;600;5000;0;0
6.269;600;5000;0;0
6.274;600;5000;0;0
6.279;594;5000;0;0
6.284;587;5000;0;0
6.289;587;5000;0;0
6.294;581;5000;0;0
6.299;562;5000;0;0
6.304;555;5000;0;0
6.309;535;5000;0;0
6.314;522;5000;0;0
6.319;502;5000;0;0
6.324;481;5000;0;0
6.329;453;5000;0;0
6.334;425;5000;0;0
6.339;397;5000;0;0
6.344;368;5000;0;0
6.349;338;5000;0;0
6.354;309;5000;0;0
6.359;278;5000;0;0
6.364;241;5000;0;0
6.369;202;5000;0;0
6.374;171;5000;0;0
6.379;125;5000;0;0
6.384;94;5000;0;0
6.389;54;5000;0;0
6.394;15;5000;0;0
6.399;-23;5000;0;0
6.404;-62;5000;0;0
6.409;-94;5000;0;0
6.414;-133;5000;0;0
6.419;-171;5000;0;0
6.424;-202;5000;0;0
6.429;-233;5000;0;0
6.434;-263;5000;0;0
6.439;-294;5000;0;0
6.444;-316;5000;0;0
6.449;-346;5000;0;0
6.454;-368;5000;0;0
6.459;-382;5000;0;0
6.464;-404;5000;0;0
6.469;-418;5000;0;0
6.474;-432;5000;0;0
6.479;-446;5000;0;0
6.484;-453;5000;0;0
6.489;-460;5000;0;0
6.494;-467;5000;0;0
6.499;-467;5000;0;0
6.504;-467;5000;0;0
6.509;-467;5000;0;0
6.514;-460;5000;0;0
6.519;-453;5000;0;0
6.524;-446;5000;0;0
6.529;-439;5000;0;0
6.534;-425;5000;0;0
6.539;-411;5000;0;0
6.544;-397;5000;0;0
6.549;-375;5000;0;0
6.554;-360;5000;0;0
6.559;-338;5000;0;0
6.564;-316;5000;0;0
6.569;-286;5000;0;0
6.574;-256;5000;0;0
6.579;-233;5000;0;0
6.584;-202;5000;0;0
6.589;-171;5000;0;0
6.594;-140;5000;0;0
6.599;-101;5000;0;0
6.604;-70;5000;0;0
6.609;-39;5000;0;0
6.614;0;5000;0;0
6.619;31;5000;0;0
6.624;62;5000;0;0
6.629;109;5000;0;0
6.634;140;5000;0;0
6.639;171;5000;0;0
6.644;202;5000;0;0
6.649;241;5000;0;0
6.654;278;5000;0;0
6.659;301;5000;0;0
6.664;316;5000;0;0
6.669;353;5000;0;0
6.674;375;5000;0;0
6.679;397;5000;0;0
6.684;418;5000;0;0
6.689;432;5000;0;0
6.694;453;5000;0;0
6.699;467;5000;0;0
6.704;481;5000;0;0
6.709;495;5000;0;0
6.714;509;5000;0;0
6.719;515;5000;0;0
6.724;522;5000;0;0
6.729;522;5000;0;0
6.734;522;5000;0;0
6.739;522;5000;0;0
6.744;522;5000;0;0
6.749;522;5000;0;0
6.754;509;5000;0;0
6.759;509;5000;0;0
6.764;495;5000;0;0
6.769;481;5000;0;0
6.774;467;5000;0;0
6.779;453;5000;0;0
6.784;432;5000;0;0
6.789;418;5000;0;0
6.794;397;5000;0;0
6.799;375;5000;0;0
6.804;353;5000;0;0
6.809;331;5000;0;0
6.814;301;5000;0;0
6.819;271;5000;0;0
6.824;248;5000;0;0
6.829;218;5000;0;0
6.834;187;5000;0;0
6.839;156;5000;0;0
6.844;125;5000;0;0
6.849;94;5000;0;0
6.854;54;5000;0;0
6.859;23;5000;0;0
6.864;-7;5000;0;0
6.869;-47;5000;0;0
6.874;-78;5000;0;0
6.879;-101;5000;0;0
6.884;-133;5000;0;0
6.889;-164;5000;0;0
6.894;-187;5000;0;0
6.899;-218;5000;0;0
6.904;-241;5000;0;0
6.909;-263;5000;0;0
6.914;-278;5000;0;0
6.919;-301;5000;0;0
6.924;-323;5000;0;0
6.929;-338;5000;0;0
6.934;-353;5000;0;0
6.939;-360;5000;0;0
6.944;-368;5000;0;0
6.949;-382;5000;0;0
6.954;-382;5000;0;0
6.959;-389;5000;0;0
6.964;-397;5000;0;0
6.969;-397;5000;0;0
6.974;-389;5000;0;0
6.979;-389;5000;0;0
6.984;-382;5000;0;0
6.989;-375;5000;0;0
6.994;-368;5000;0;0
6.999;-353;5000;0;0
7.004;-338;5000;0;0
7.009;-331;5000;0;0
7.014;-309;5000;0;0
7.019;-294;5000;0;0
7.024;-271;5000;0;0
7.029;-248;5000;0;0
7.034;-225;5000;0;0
7.039;-202;5000;0;0
7.044;-187;5000;0;0
7.049;-156;5000;0;0
7.054;-125;5000;0;0
7.059;-94;5000;0;0
7.064;-70;5000;0;0
7.069;-39;5000;0;0
7.074;-7;5000;0;0
7.079;23;5000;0;0
7.084;47;5000;0;0
7.089;78;5000;0;0
7.094;109;5000;0;0
7.099;140;5000;0;0
7.104;164;5000;0;0
7.109;187;5000;0;0
7.114;218;5000;0;0
7.119;248;5000;0;0
7.124;278;5000;0;0
7.129;294;5000;0;0
7.134;309;5000;0;0
7.139;338;5000;0;0
7.144;353;5000;0;0
7.149;375;5000;0;0
7.154;389;5000;0;0
7.159;404;5000;0;0
7.164;418;5000;0;0
7.169;425;5000;0;0
7.174;432;5000;0;0
7.179;446;5000;0;0
7.184;453;5000;0;0
7.189;453;5000;0;0
7.194;453;5000;0;0
7.199;453;5000;0;0
7.204;453;5000;0;0
7.209;453;5000;0;0
7.214;446;5000;0;0
7.219;439;5000;0;0
7.224;432;5000;0;0
7.229;425;5000;0;0
7.234;411;5000;0;0
7.239;397;5000;0;0
7.244;389;5000;0;0
7.249;368;5000;0;0
7.254;353;5000;0;0
7.259;338;5000;0;0
7.264;316;5000;0;0
7.269;294;5000;0;0
7.274;278;5000;0;0
7.279;248;5000;0;0
7.284;233;5000;0;0
7.289;202;5000;0;0
7.294;171;5000;0;0
7.299;148;5000;0;0
7.304;125;5000;0;0
7.309;94;5000;0;0
7.314;62;5000;0;0
7.319;31;5000;0;0
7.324;15;5000;0;0
7.329;-15;5000;0;0
7.334;-47;5000;0;0
7.339;-70;5000;0;0
7.344;-94;5000;0;0
7.349;-117;5000;0;0
7.354;-140;5000;0;0
7.359;-164;5000;0;0
7.364;-187;5000;0;0
7.369;-202;5000;0;0
7.374;-218;5000;0;0
7.379;-241;5000;0;0
7.384;-256;5000;0;0
7.389;-271;5000;0;0
7.394;-278;5000;0;0
7.399;-294;5000;0;0
7.404;-309;5000;0;0
7.409;-309;5000;0;0
7.414;-316;5000;0;0
7.419;-323;5000;0;0
7.424;-323;5000;0;0
7.429;-323;5000;0;0
7.434;-323;5000;0;0
7.439;-323;5000;0;0
7.444;-316;5000;0;0
7.449;-316;5000;0;0
7.454;-309;5000;0;0
7.459;-301;5000;0;0
7.464;-286;5000;0;0
7.469;-278;5000;0;0
7.474;-263;5000;0;0
7.479;-248;5000;0;0
7.484;-233;5000;0;0
7.489;-218;5000;0;0
7.494;-202;5000;0;0
7.499;-187;5000;0;0
7.504;-156;5000;0;0
7.509;-140;5000;0;0
7.514;-117;5000;0;0
7.519;-94;5000;0;0
7.524;-70;5000;0;0
7.529;-47;5000;0;0
7.534;-15;5000;0;0
7.539;7;5000;0;0
7.544;31;5000;0;0
7.549;54;5000;0;0
7.554;78;5000;0;0
7.559;101;5000;0;0
7.564;125;5000;0;0
7.569;156;5000;0;0
7.574;171;5000;0;0
7.579;195;5000;0;0
7.584;218;5000;0;0
7.589;241;5000;0;0
7.594;256;5000;0;0
7.599;278;5000;0;0
7.604;286;5000;0;0
7.609;309;5000;0;0
7.614;323;5000;0;0
7.619;338;5000;0;0
7.624;346;5000;0;0
7.629;353;5000;0;0
7.634;368;5000;0;0
7.639;375;5000;0;0
7.644;382;5000;0;0
7.649;382;5000;0;0
7.654;389;5000;0;0
7.659;389;5000;0;0
7.664;389;5000;0;0
7.669;389;5000;0;0
7.674;382;5000;0;0
7.679;382;5000;0;0
7.684;375;5000;0;0
7.689;368;5000;0;0
7.694;360;5000;0;0
7.699;346;5000;0;0
7.704;338;5000;0;0
7.709;323;5000;0;0
7.714;309;5000;0;0
7.719;294;5000;0;0
7.724;278;5000;0;0
7.729;263;5000;0;0
7.734;248;5000;0;0
7.739;233;5000;0;0
7.744;210;5000;0;0
7.749;187;5000;0;0
7.754;164;5000;0;0
7.759;140;5000;0;0
7.764;125;5000;0;0
7.769;101;5000;0;0
7.774;78;5000;0;0
7.779;54;5000;0;0
7.784;31;5000;0;0
7.789;15;5000;0;0
7.794;-15;5000;0;0
7.799;-31;5000;0;0
7.804;-62;5000;0;0
7.809;-78;5000;0;0
7.814;-94;5000;0;0
7.819;-117;5000;0;0
7.824;-133;5000;0;0
7.829;-156;5000;0;0
7.834;-171;5000;0;0
7.839;-187;5000;0;0
7.844;-195;5000;0;0
7.849;-210;5000;0;0
7.854;-218;5000;0;0
7.859;-225;5000;0;0
7.864;-241;5000;0;0
7.869;-248;5000;0;0
7.874;-248;5000;0;0
7.879;-256;5000;0;0
7.884;-256;5000;0;0
7.889;-256;5000;0;0
7.894;-256;5000;0;0
7.899;-256;5000;0;0
7.904;-256;5000;0;0
7.909;-248;5000;0;0
7.914;-248;5000;0;0
7.919;-241;5000;0;0
7.924;-233;5000;0;0
7.929;-225;5000;0;0
7.934;-218;5000;0;0
7.939;-202;5000;0;0
7.944;-187;5000;0;0
7.949;-179;5000;0;0
7.954;-164;5000;0;0
7.959;-148;5000;0;0
7.964;-125;5000;0;0
7.969;-109;5000;0;0
7.974;-94;5000;0;0
7.979;-78;5000;0;0
7.984;-62;5000;0;0
7.989;-39;5000;0;0
7.994;-15;5000;0;0
7.999;0;5000;0;0
8.004;23;5000;0;0
8.009;47;5000;0;0
8.014;62;5000;0;0
8.019;78;5000;0;0
8.024;101;5000;0;0
8.029;125;5000;0;0
8.034;140;5000;0;0
8.039;156;5000;0;0
8.044;171;5000;0;0
8.049;187;5000;0;0
8.054;210;5000;0;0
8.059;225;5000;0;0
8.064;241;5000;0;0
8.069;248;5000;0;0
8.074;263;5000;0;0
8.079;278;5000;0;0
8.084;278;5000;0;0
8.089;294;5000;0;0
8.094;301;5000;0;0
8.099;309;5000;0;0
8.104;309;5000;0;0
8.109;316;5000;0;0
8.114;323;5000;0;0
8.119;323;5000;0;0
8.124;323;5000;0;0
8.129;323;5000;0;0
8.134;323;5000;0;0
8.139;316;5000;0;0
8.144;309;5000;0;0
8.149;309;5000;0;0
8.154;301;5000;0;0
8.159;294;5000;0;0
8.164;286;5000;0;0
8.169;278;5000;0;0
8.174;271;5000;0;0
8.179;256;5000;0;0
8.184;248;5000;0;0
8.189;233;5000;0;0
8.194;218;5000;0;0
8.199;202;5000;0;0
8.204;187;5000;0;0
8.209;164;5000;0;0
8.214;156;5000;0;0
8.219;133;5000;0;0
8.224;125;5000;0;0
8.229;94;5000;0;0
8.234;78;5000;0;0
8.239;62;5000;0;0
8.244;47;5000;0;0
8.249;31;5000;0;0
8.254;15;5000;0;0
8.259;-7;5000;0;0
8.264;-23;5000;0;0
8.269;-47;5000;0;0
8.274;-62;5000;0;0
8.279;-70;5000;0;0
8.284;-86;5000;0;0
8.289;-101;5000;0;0
8.294;-117;5000;0;0
8.299;-125;5000;0;0
8.304;-140;5000;0;0
8.309;-148;5000;0;0
8.314;-156;5000;0;0
8.319;-164;5000;0;0
8.324;-171;5000;0;0
8.329;-179;5000;0;0
8.334;-187;5000;0;0
8.339;-187;5000;0;0
8.344;-195;5000;0;0
8.349;-195;5000;0;0
8.354;-195;5000;0;0
8.359;-195;5000;0;0
8.364;-195;5000;0;0
8.369;-187;5000;0;0
8.374;-187;5000;0;0
8.379;-187;5000;0;0
8.384;-179;5000;0;0
8.389;-171;5000;0;0
8.394;-164;5000;0;0
8.399;-156;5000;0;0
8.404;-140;5000;0;0
8.409;-133;5000;0;0
8.414;-125;5000;0;0
8.419;-109;5000;0;0
8.424;-94;5000;0;0
8.429;-86;5000;0;0
8.434;-70;5000;0;0
8.439;-62;5000;0;0
8.444;-47;5000;0;0
8.449;-31;5000;0;0
8.454;-7;5000;0;0
8.459;7;5000;0;0
8.464;23;5000;0;0
8.469;31;5000;0;0
8.474;47;5000;0;0
8.479;62;5000;0;0
8.484;78;5000;0;0
8.489;94;5000;0;0
8.494;109;5000;0;0
8.499;125;5000;0;0
8.504;140;5000;0;0
8.509;156;5000;0;0
8.514;156;5000;0;0
8.519;171;5000;0;0
8.524;187;5000;0;0
8.529;195;5000;0;0
8.534;210;5000;0;0
8.539;218;5000;0;0
8.544;225;5000;0;0
8.549;233;5000;0;0
8.554;241;5000;0;0
8.559;248;5000;0;0
8.564;248;5000;0;0
8.569;256;5000;0;0
8.574;256;5000;0;0
8.579;263;5000;0;0
8.584;263;5000;0;0
8.589;263;5000;0;0
8.594;263;5000;0;0
8.599;256;5000;0;0
8.604;256;5000;0;0
8.609;248;5000;0;0
8.614;248;5000;0;0
8.619;241;5000;0;0
8.624;233;5000;0;0
8.629;225;5000;0;0
8.634;218;5000;0;0
8.639;210;5000;0;0
8.644;202;5000;0;0
8.649;187;5000;0;0
8.654;179;5000;0;0
8.659;171;5000;0;0
8.664;156;5000;0;0
8.669;148;5000;0;0
8.674;133;5000;0;0
8.679;125;5000;0;0
8.684;109;5000;0;0
8.689;94;5000;0;0
8.694;78;5000;0;0
8.699;62;5000;0;0
8.704;54;5000;0;0
8.709;39;5000;0;0
8.714;31;5000;0;0
8.719;15;5000;0;0
8.724;0;5000;0;0
8.729;-7;5000;0;0
8.734;-23;5000;0;0
8.739;-31;5000;0;0
8.744;-47;5000;0;0
8.749;-62;5000;0;0
8.754;-62;5000;0;0
8.759;-78;5000;0;0
8.764;-86;5000;0;0
8.769;-94;5000;0;0
8.774;-94;5000;0;0
8.779;-101;5000;0;0
8.784;-109;5000;0;0
8.789;-117;5000;0;0
8.794;-125;5000;0;0
8.799;-125;5000;0;0
8.804;-125;5000;0;0
8.809;-125;5000;0;0
8.814;-125;5000;0;0
8.819;-125;5000;0;0
8.824;-125;5000;0;0
8.829;-125;5000;0;0
8.834;-125;5000;0;0
8.839;-117;5000;0;0
8.844;-117;5000;0;0
8.849;-109;5000;0;0
8.854;-101;5000;0;0
8.859;-94;5000;0;0
8.864;-94;5000;0;0
8.869;-86;5000;0;0
8.874;-78;5000;0;0
8.879;-70;5000;0;0
8.884;-62;5000;0;0
8.889;-54;5000;0;0
8.894;-39;5000;0;0
8.899;-31;5000;0;0
8.904;-15;5000;0;0
8.909;-7;5000;0;0
8.914;0;5000;0;0
8.919;15;5000;0;0
8.924;31;5000;0;0
8.929;31;5000;0;0
8.934;39;5000;0;0
8.939;54;5000;0;0
8.944;62;5000;0;0
8.949;78;5000;0;0
8.954;94;5000;0;0
8.959;94;5000;0;0
8.964;109;5000;0;0
8.969;117;5000;0;0
8.974;125;5000;0;0
8.979;133;5000;0;0
8.984;140;5000;0;0
8.989;156;5000;0;0
8.994;156;5000;0;0
8.999;164;5000;0;0
9.004;171;5000;0;0
9.009;171;5000;0;0
9.014;179;5000;0;0
9.019;187;5000;0;0
9.024;187;5000;0;0
9.029;187;5000;0;0
9.034;195;5000;0;0
9.039;195;5000;0;0
9.044;195;5000;0;0
9.049;195;5000;0;0
9.054;195;5000;0;0
9.059;195;5000;0;0
9.064;195;5000;0;0
9.069;187;5000;0;0
9.074;187;5000;0;0
9.079;187;5000;0;0
9.084;179;5000;0;0
9.089;171;5000;0;0
9.094;171;5000;0;0
9.099;156;5000;0;0
9.104;156;5000;0;0
9.109;148;5000;0;0
9.114;140;5000;0;0
9.119;140;5000;0;0
9.124;125;5000;0;0
9.129;125;5000;0;0
9.134;109;5000;0;0
9.139;101;5000;0;0
9.144;94;5000;0;0
9.149;86;5000;0;0
9.154;78;5000;0;0
9.159;62;5000;0;0
9.164;62;5000;0;0
9.169;47;5000;0;0
9.174;39;5000;0;0
9.179;31;5000;0;0
9.184;23;5000;0;0
9.189;15;5000;0;0
9.194;7;5000;0;0
9.199;0;5000;0;0
9.204;-7;5000;0;0
9.209;-15;5000;0;0
9.214;-23;5000;0;0
9.219;-31;5000;0;0
9.224;-31;5000;0;0
9.229;-39;5000;0;0
9.234;-47;5000;0;0
9.239;-47;5000;0;0
9.244;-54;5000;0;0
9.249;-54;5000;0;0
9.254;-62;5000;0;0
9.259;-62;5000;0;0
9.264;-62;5000;0;0
9.269;-62;5000;0;0
9.274;-62;5000;0;0
9.279;-62;5000;0;0
9.284;-62;5000;0;0
9.289;-62;5000;0;0
9.294;-62;5000;0;0
9.299;-62;5000;0;0
9.304;-62;5000;0;0
9.309;-54;5000;0;0
9.314;-47;5000;0;0
9.319;-47;5000;0;0
9.324;-39;5000;0;0
9.329;-31;5000;0;0
9.334;-31;5000;0;0
9.339;-31;5000;0;0
9.344;-15;5000;0;0
9.349;-15;5000;0;0
9.354;-7;5000;0;0
9.359;0;5000;0;0
9.364;0;5000;0;0
9.369;7;5000;0;0
9.374;15;5000;0;0
9.379;15;5000;0;0
9.384;23;5000;0;0
9.389;31;5000;0;0
9.394;31;5000;0;0
9.399;39;5000;0;0
9.404;47;5000;0;0
9.409;47;5000;0;0
9.414;54;5000;0;0
9.419;62;5000;0;0
9.424;62;5000;0;0
9.429;70;5000;0;0
9.434;78;5000;0;0
9.439;86;5000;0;0
9.444;94;5000;0;0
9.449;94;5000;0;0
9.454;101;5000;0;0
9.459;101;5000;0;0
9.464;109;5000;0;0
9.469;109;5000;0;0
9.474;117;5000;0;0
9.479;117;5000;0;0
9.484;125;5000;0;0
9.489;125;5000;0;0
9.494;125;5000;0;0
9.499;125;5000;0;0
9.504;125;5000;0;0
9.509;125;5000;0;0
9.514;125;5000;0;0
9.519;125;5000;0;0
9.524;125;5000;0;0
9.529;125;5000;0;0
9.534;125;5000;0;0
9.539;125;5000;0;0
9.544;125;5000;0;0
9.549;117;5000;0;0
9.554;117;5000;0;0
9.559;109;5000;0;0
9.564;109;5000;0;0
9.569;109;5000;0;0
9.574;101;5000;0;0
9.579;101;5000;0;0
9.584;94;5000;0;0
9.589;94;5000;0;0
9.594;94;5000;0;0
9.599;86;5000;0;0
9.604;78;5000;0;0
9.609;78;5000;0;0
9.614;70;5000;0;0
9.619;62;5000;0;0
9.624;62;5000;0;0
9.629;62;5000;0;0
9.634;54;5000;0;0
9.639;47;5000;0;0
9.644;47;5000;0;0
9.649;39;5000;0;0
9.654;31;5000;0;0
9.659;31;5000;0;0
9.664;31;5000;0;0
9.669;31;5000;0;0
9.674;23;5000;0;0
9.679;23;5000;0;0
9.684;15;5000;0;0
9.689;15;5000;0;0
9.694;15;5000;0;0
9.699;15;5000;0;0
9.704;15;5000;0;0
9.709;15;5000;0;0
9.714;15;5000;0;0
9.719;15;5000;0;0
9.724;15;5000;0;0
9.729;15;5000;0;0
9.734;15;5000;0;0
9.739;15;5000;0;0
9.744;15;5000;0;0
9.749;23;5000;0;0
9.754;23;5000;0;0
9.759;31;5000;0;0
9.764;31;5000;0;0
9.769;31;5000;0;0
9.774;31;5000;0;0
9.779;31;5000;0;0
9.784;31;5000;0;0
9.789;39;5000;0;0
9.794;39;5000;0;0
9.799;39;5000;0;0
9.804;47;5000;0;0
9.809;47;5000;0;0
9.814;54;5000;0;0
9.819;54;5000;0;0
9.824;62;5000;0;0
9.829;62;5000;0;0
9.834;62;5000;0;0
9.839;62;5000;0;0
9.844;62;5000;0;0
9.849;62;5000;0;0
9.854;70;5000;0;0
9.859;70;5000;0;0
9.864;70;5000;0;0
9.869;78;5000;0;0
9.874;78;5000;0;0
9.879;78;5000;0;0
9.884;78;5000;0;0
9.889;78;5000;0;0
9.894;78;5000;0;0
9.899;78;5000;0;0
9.904;78;5000;0;0
9.909;78;5000;0;0
9.914;78;5000;0;0
9.919;78;5000;0;0
9.924;78;5000;0;0
9.929;78;5000;0;0
9.934;78;5000;0;0
9.939;78;5000;0;0
9.944;78;5000;0;0
9.949;78;5000;0;0
9.954;78;5000;0;0
9.959;70;5000;0;0
9.964;70;5000;0;0
9.969;70;5000;0;0
9.974;70;5000;0;0
9.979;62;5000;0;0
9.984;62;5000;0;0
9.989;62;5000;0;0
9.994;62;5000;0;0
9.999;62;5000;0;0
10.004;62;5000;0;0
10.009;62;5000;0;0
10.014;62;5000;0;0
10.019;54;5000;0;0
10.024;54;5000;0;0
10.029;54;5000;0;0
10.034;47;5000;0;0
10.039;47;5000;0;0
10.044;47;5000;0;0
10.049;47;5000;0;0
10.054;47;5000;0;0
10.059;39;5000;0;0
10.064;39;5000;0;0
10.069;39;5000;0;0
10.074;39;5000;0;0
10.079;39;5000;0;0
10.084;31;5000;0;0
10.089;31;5000;0;0
10.094;31;5000;0;0
10.099;31;5000;0;0
10.104;31;5000;0;0
10.109;31;5000;0;0
10.114;31;5000;0;0
10.119;31;5000;0;0
10.124;31;5000;0;0
10.129;31;5000;0;0
10.134;31;5000;0;0
10.139;31;5000;0;0
10.144;31;5000;0;0
10.149;31;5000;0;0
10.154;31;5000;0;0
10.159;31;5000;0;0
10.164;31;5000;0;0
10.169;31;5000;0;0
10.174;31;5000;0;0
10.179;39;5000;0;0
10.184;39;5000;0;0
10.189;39;5000;0;0
10.194;39;5000;0;0
10.199;39;5000;0;0
10.204;39;5000;0;0
10.209;39;5000;0;0
10.214;39;5000;0;0
10.219;39;5000;0;0
10.224;47;5000;0;0
10.229;47;5000;0;0
10.234;47;5000;0;0
10.239;47;5000;0;0
10.244;47;5000;0;0
10.249;47;5000;0;0
10.254;47;5000;0;0
10.259;47;5000;0;0
10.264;47;5000;0;0
10.269;47;5000;0;0
10.274;47;5000;0;0
10.279;47;5000;0;0
10.284;47;5000;0;0
10.289;54;5000;0;0
10.294;54;5000;0;0
10.299;54;5000;0;0
10.304;54;5000;0;0
10.309;54;5000;0;0
10.314;54;5000;0;0
10.319;54;5000;0;0
10.324;54;5000;0;0
10.329;54;5000;0;0
10.334;54;5000;0;0
10.339;54;5000;0;0
10.344;54;5000;0;0
10.349;54;5000;0;0
10.354;54;5000;0;0
10.359;54;5000;0;0
10.364;54;5000;0;0
10.369;54;5000;0;0
10.374;54;5000;0;0
10.379;54;5000;0;0
10.384;54;5000;0;0
10.389;54;5000;0;0
10.394;54;5000;0;0
10.399;54;5000;0;0
10.404;54;5000;0;0
10.409;54;5000;0;0
10.414;54;5000;0;0
10.419;54;5000;0;0
10.424;54;5000;0;0
10.429;54;5000;0;0
10.434;54;5000;0;0
10.439;54;5000;0;0
10.444;54;5000;0;0
10.449;54;5000;0;0
10.454;54;5000;0;0
10.459;54;5000;0;0
10.464;54;5000;0;0
10.469;54;5000;0;0
10.474;54;5000;0;0
10.479;54;5000;0;0
10.484;54;5000;0;0
10.489;54;5000;0;0
10.494;54;5000;0;0
10.499;54;5000;0;0
10.504;54;5000;0;0
10.509;54;5000;0;0
10.514;54;5000;0;0
10.519;54;5000;0;0
10.524;54;5000;0;0
10.529;54;5000;0;0
10.534;54;5000;0;0
10.539;54;5000;0;0
10.544;54;5000;0;0
10.549;54;5000;0;0
10.554;54;5000;0;0
10.559;54;5000;0;0
10.564;54;5000;0;0
10.569;54;5000;0;0
10.574;54;5000;0;0
10.579;54;5000;0;0
10.584;54;5000;0;0
10.589;54;5000;0;0
10.594;54;5000;0;0
10.599;54;5000;0;0
10.604;54;5000;0;0
10.609;54;5000;0;0
10.614;54;5000;0;0
10.619;54;5000;0;0
10.624;54;5000;0;0
10.629;54;5000;0;0
10.634;54;5000;0;0
10.639;54;5000;0;0
10.644;54;5000;0;0
10.649;54;5000;0;0
10.654;54;5000;0;0
10.659;54;5000;0;0
10.664;54;5000;0;0
10.669;54;5000;0;0
10.674;54;5000;0;0
10.679;54;5000;0;0
10.684;54;5000;0;0
10.689;54;5000;0;0
10.694;54;5000;0;0
10.699;54;5000;0;0
10.704;54;5000;0;0
10.709;54;5000;0;0
10.714;54;5000;0;0
10.719;54;5000;0;0
10.724;54;5000;0;0
10.729;54;5000;0;0
10.734;54;5000;0;0
10.739;54;5000;0;0
10.744;54;5000;0;0
10.749;54;5000;0;0
10.754;54;5000;0;0
10.759;54;5000;0;0
10.764;54;5000;0;0
10.769;54;5000;0;0
10.774;54;5000;0;0
10.779;54;5000;0;0
10.784;54;5000;0;0
10.789;54;5000;0;0
10.794;54;5000;0;0
10.799;54;5000;0;0
10.804;54;5000;0;0
10.809;54;5000;0;0
10.814;54;5000;0;0
10.819;54;5000;0;0
10.824;54;5000;0;0
10.829;54;5000;0;0
10.834;54;5000;0;0
10.839;54;5000;0;0
10.844;54;5000;0;0
10.849;54;5000;0;0
10.854;54;5000;0;0
10.859;54;5000;0;0
10.864;54;5000;0;0
10.869;54;5000;0;0
10.874;54;5000;0;0
10.879;54;5000;0;0
10.884;54;5000;0;0
10.889;54;5000;0;0
10.894;54;5000;0;0
10.899;54;5000;0;0
10.904;54;5000;0;0
10.909;54;5000;0;0
10.914;54;5000;0;0
10.919;54;5000;0;0
10.924;54;5000;0;0
10.929;54;5000;0;0
10.934;54;5000;0;0
10.939;54;5000;0;0
10.944;54;5000;0;0
10.949;54;5000;0;0
10.954;54;5000;0;0
10.959;54;5000;0;0
10.964;54;5000;0;0
10.969;54;5000;0;0
10.974;54;5000;0;0
10.979;54;5000;0;0
10.984;54;5000;0;0
10.989;54;5000;0;0
10.994;54;5000;0;0
10.999;54;5000;0;0
11.004;54;5000;0;0
11.009;54;5000;0;0
11.014;54;5000;0;0
11.019;54;5000;0;0
11.024;54;5000;0;0
11.029;54;5000;0;0
11.034;54;5000;0;0
11.039;54;5000;0;0
11.044;54;5000;0;0
11.049;54;5000;0;0
11.054;54;5000;0;0
11.059;54;5000;0;0
11.064;54;5000;0;0
11.069;54;5000;0;0
11.074;54;5000;0;0
11.079;54;5000;0;0
11.084;54;5000;0;0
11.089;54;5000;0;0
11.094;54;5000;0;0
11.099;54;5000;0;0
11.104;54;5000;0;0
11.109;54;5000;0;0
11.114;54;5000;0;0
11.119;54;5000;0;0
11.124;54;5000;0;0
11.129;54;5000;0;0
11.134;54;5000;0;0
11.139;54;5000;0;0
11.144;54;5000;0;0
11.149;54;5000;0;0
11.154;54;5000;0;0
11.159;54;5000;0;0
11.164;54;5000;0;0