t;e;d;i;set

6.07;0;0;0;0
6.073;0;0;0;0
6.076;0;0;0;0
6.079;0;0;0;0
6.082;0;0;0;0
6.085;0;0;0;0
6.088;0;0;0;0
6.091;0;0;0;0
6.094;0;0;0;0
6.097;0;0;0;0
6.1;0;0;0;0
6.103;0;0;0;0
6.106;0;0;0;0
6.109;0;0;0;0
6.112;0;0;0;0
6.115;0;0;0;0
6.118;0;0;0;0
6.121;0;0;0;0
6.124;0;0;0;0
6.127;0;0;0;0
6.13;0;0;0;0
6.133;0;0;0;0
6.136;0;0;0;0
6.139;0;0;0;0
6.142;0;0;0;0
6.145;0;0;0;0
6.148;0;0;0;0
6.151;0;0;0;0
6.154;0;0;0;0
6.157;0;0;0;0
6.16;0;0;0;0
6.163;0;0;0;0
6.166;0;0;0;0
6.169;0;0;0;0
6.172;0;0;0;0
6.175;0;0;0;0
6.178;0;0;0;0
6.181;0;0;0;0
6.184;0;0;0;0
6.187;0;0;0;0
6.19;0;0;0;0
6.193;0;0;0;0
6.196;0;0;0;0
6.199;0;0;0;0
6.202;0;0;0;0
6.205;0;0;0;0
6.208;0;0;0;0
6.211;0;0;0;0
6.214;0;0;0;0
6.217;0;0;0;0
6.22;0;0;0;0
6.223;0;0;0;0
6.226;0;0;0;0
6.229;0;0;0;0
6.232;0;0;0;0
6.235;0;0;0;0
6.238;0;0;0;0
6.241;0;0;0;0
6.244;0;0;0;0
6.247;0;0;0;0
6.25;0;0;0;0
6.253;0;0;0;0
6.256;0;0;0;0
6.259;0;0;0;0
6.262;0;0;0;0
6.265;0;0;0;0
6.268;0;0;0;0
6.271;0;0;0;0
6.274;0;0;0;0
6.277;0;0;0;0
6.28;0;0;0;0
6.283;0;0;0;0
6.286;0;0;0;0
6.289;0;0;0;0
6.292;0;0;0;0
6.295;0;0;0;0
6.298;0;0;0;0
6.301;0;0;0;0
6.304;0;0;0;0
6.307;0;0;0;0
6.31;0;0;0;0
6.313;0;0;0;0
6.316;0;0;0;0
6.319;0;0;0;0
6.322;0;0;0;0
6.325;0;0;0;0
6.328;0;0;0;0
6.331;0;0;0;0
6.334;0;0;0;0
6.337;0;0;0;0
6.34;0;0;0;0
6.343;0;0;0;0
6.346;0;0;0;0
6.349;0;0;0;0
6.352;0;0;0;0
6.355;0;0;0;0
6.358;0;0;0;0
6.361;0;0;0;0
6.364;0;0;0;0
6.367;0;0;0;0
6.37;0;0;0;0
6.373;0;0;0;0
6.376;0;0;0;0
6.379;0;0;0;0
6.382;0;0;0;0
6.385;0;0;0;0
6.388;0;0;0;0
6.391;0;0;0;0
6.394;0;0;0;0
6.397;0;0;0;0
6.4;0;0;0;0
6.403;0;0;0;0
6.406;0;0;0;0
6.409;0;0;0;0
6.412;0;0;0;0
6.415;0;0;0;0
6.418;0;0;0;0
6.421;0;0;0;0
6.424;0;0;0;0
6.427;0;0;0;0
6.43;0;0;0;0
6.433;0;0;0;0
6.436;0;0;0;0
6.439;0;0;0;0
6.442;0;0;0;0
6.445;0;0;0;0
6.448;0;0;0;0
6.451;0;0;0;0
6.454;0;0;0;0
6.457;0;0;0;0
6.46;0;0;0;0
6.463;0;0;0;0
6.466;0;0;0;0
6.469;0;0;0;0
6.472;0;0;0;0
6.475;0;0;0;0
6.478;0;0;0;0
6.481;0;0;0;0
6.484;0;0;0;0
6.487;0;0;0;0
6.49;0;0;0;0
6.493;0;0;0;0
6.496;0;0;0;0
6.499;0;0;0;0
6.502;0;0;0;0
6.505;0;0;0;0
6.508;0;0;0;0
6.511;0;0;0;0
6.514;0;0;0;0
6.517;0;0;0;0
6.52;0;0;0;0
6.523;0;0;0;0
6.526;0;0;0;0
6.529;0;0;0;0
6.532;0;0;0;0
6.535;0;0;0;0
6.538;0;0;0;0
6.541;0;0;0;0
6.544;0;0;0;0
6.547;0;0;0;0
6.55;0;0;0;0
6.553;0;0;0;0
6.556;0;0;0;0
6.559;0;0;0;0
6.562;0;0;0;0
6.565;0;0;0;0
6.568;0;0;0;0
6.571;0;0;0;0
6.574;0;0;0;0
6.577;0;0;0;0
6.58;0;0;0;0
6.583;0;0;0;0
6.586;0;0;0;0
6.589;0;0;0;0
6.592;0;0;0;0
6.595;0;0;0;0
6.598;0;0;0;0
6.601;0;0;0;0
6.604;0;0;0;0
6.607;0;0;0;0
6.61;0;0;0;0
6.613;0;0;0;0
6.616;0;0;0;0
6.619;0;0;0;0
6.622;0;0;0;0
6.625;0;0;0;0
6.628;0;0;0;0
6.631;0;0;0;0
6.634;0;0;0;0
6.637;0;0;0;0
6.64;0;0;0;0
6.643;0;0;0;0
6.646;0;0;0;0
6.649;0;0;0;0
6.652;0;0;0;0
6.655;0;0;0;0
6.658;0;0;0;0
6.661;0;0;0;0
6.664;0;0;0;0
6.667;0;0;0;0
6.67;0;0;0;0
6.673;0;0;0;0
6.676;0;0;0;0
6.679;0;0;0;0
6.682;0;0;0;0
6.685;0;0;0;0
6.688;0;0;0;0
6.691;0;0;0;0
6.694;0;0;0;0
6.697;0;0;0;0
6.7;0;0;0;0
6.703;0;0;0;0
6.706;0;0;0;0
6.709;0;0;0;0
6.712;0;0;0;0
6.715;0;0;0;0
6.718;0;0;0;0
6.721;0;0;0;0
6.724;0;0;0;0
6.727;0;0;0;0
6.73;0;0;0;0
6.733;0;0;0;0
6.736;0;0;0;0
6.739;0;0;0;0
6.742;0;0;0;0
6.745;0;0;0;0
6.748;0;0;0;0
6.751;0;0;0;0
6.754;0;0;0;0
6.757;0;0;0;0
6.76;0;0;0;0
6.763;0;0;0;0
6.766;0;0;0;0
6.769;0;0;0;0
6.772;0;0;0;0
6.775;0;0;0;0
6.778;0;0;0;0
6.781;0;0;0;0
6.784;0;0;0;0
6.787;0;0;0;0
6.79;0;0;0;0
6.793;0;0;0;0
6.796;0;0;0;0
6.799;0;0;0;0
6.802;0;0;0;0
6.805;0;0;0;0
6.808;0;0;0;0
6.811;0;0;0;0
6.814;0;0;0;0
6.817;0;0;0;0
6.82;0;0;0;0
6.823;0;0;0;0
6.826;-7;0;0;0
6.83;-7;0;0;0
6.833;-7;0;0;0
6.836;-7;0;0;0
6.839;-7;0;0;0
6.842;-7;0;0;0
6.845;-7;0;0;0
6.849;-7;0;0;0
6.852;-7;0;0;0
6.855;-15;0;0;0
6.859;-15;0;0;0
6.863;-15;0;0;0
6.866;-15;0;0;0
6.869;-15;0;0;0
6.873;-15;0;0;0
6.876;-15;0;0;0
6.88;-23;0;0;0
6.883;-23;0;0;0
6.886;-23;0;0;0
6.89;-23;0;0;0
6.893;-23;0;0;0
6.896;-23;0;0;0
6.9;-23;0;0;0
6.903;-23;0;0;0
6.906;-23;0;0;0
6.91;-23;0;0;0
6.913;-23;0;0;0
6.916;-23;0;0;0
6.92;-23;0;0;0
6.923;-23;0;0;0
6.926;-23;0;0;0
6.93;-23;0;0;0
6.933;-23;0;0;0
6.936;-23;0;0;0
6.94;-23;0;0;0
6.943;-23;0;0;0
6.946;-23;0;0;0
6.95;-23;0;0;0
6.953;-23;0;0;0
6.956;-23;0;0;0
6.96;-23;0;0;0
6.963;-23;0;0;0
6.966;-23;0;0;0
6.97;-23;0;0;0
6.973;-23;0;0;0
6.976;-23;0;0;0
6.98;-23;0;0;0
6.983;-23;0;0;0
6.986;-23;0;0;0
6.99;-23;0;0;0
6.993;-23;0;0;0
6.996;-23;0;0;0
7.0;-15;0;0;0
7.004;-15;0;0;0
7.007;-15;0;0;0
7.01;-15;0;0;0
7.014;-15;0;0;0
7.017;-15;0;0;0
7.021;-15;0;0;0
7.024;-15;0;0;0
7.027;-15;0;0;0
7.031;-15;0;0;0
7.034;-15;0;0;0
7.037;-7;0;0;0
7.041;-7;0;0;0
7.044;-7;0;0;0
7.047;-7;0;0;0
7.05;-7;0;0;0
7.053;-7;0;0;0
7.056;-7;0;0;0
7.06;-7;0;0;0
7.063;-7;0;0;0
7.066;-7;0;0;0
7.069;0;0;0;0
7.072;0;0;0;0
7.075;0;0;0;0
7.078;0;0;0;0
7.081;0;0;0;0
7.084;0;0;0;0
7.087;7;0;0;0
7.09;7;0;0;0
7.093;7;0;0;0
7.096;7;0;0;0
7.099;7;0;0;0
7.102;7;0;0;0
7.105;7;0;0;0
7.108;7;0;0;0
7.111;7;0;0;0
7.114;7;0;0;0
7.117;7;0;0;0
7.12;7;0;0;0
7.123;7;0;0;0
7.126;7;0;0;0
7.129;7;0;0;0
7.132;15;0;0;0
7.135;15;0;0;0
7.138;15;0;0;0
7.142;15;0;0;0
7.146;15;0;0;0
7.149;15;0;0;0
7.152;15;0;0;0
7.155;15;0;0;0
7.159;23;0;0;0
7.162;23;0;0;0
7.165;23;0;0;0
7.168;23;0;0;0
7.171;23;0;0;0
7.174;23;0;0;0
7.178;23;0;0;0
7.181;23;0;0;0
7.184;23;0;0;0
7.187;23;0;0;0
7.19;31;0;0;0
7.194;31;0;0;0
7.198;31;0;0;0
7.202;31;0;0;0
7.205;31;0;0;0
7.208;31;0;0;0
7.211;39;0;0;0
7.214;39;0;0;0
7.218;39;0;0;0
7.221;39;0;0;0
7.224;39;0;0;0
7.227;39;0;0;0
7.23;39;0;0;0
7.234;39;0;0;0
7.237;39;0;0;0
7.24;39;0;0;0
7.243;39;0;0;0
7.246;39;0;0;0
7.25;39;0;0;0
7.253;39;0;0;0
7.256;39;0;0;0
7.259;39;0;0;0
7.262;39;0;0;0
7.266;39;0;0;0
7.269;39;0;0;0
7.272;39;0;0;0
7.275;39;0;0;0
7.278;39;0;0;0
7.282;47;0;0;0
7.285;47;0;0;0
7.288;47;0;0;0
7.291;47;0;0;0
7.294;47;0;0;0
7.297;47;0;0;0
7.301;47;0;0;0
7.304;47;0;0;0
7.307;47;0;0;0
7.31;47;0;0;0
7.313;47;0;0;0
7.316;47;0;0;0
7.32;47;0;0;0
7.323;47;0;0;0
7.326;47;0;0;0
7.329;47;0;0;0
7.332;47;0;0;0
7.336;47;0;0;0
7.34;47;0;0;0
7.343;47;0;0;0
7.346;47;0;0;0
7.349;47;0;0;0
7.352;47;0;0;0
7.355;47;0;0;0
7.359;39;0;0;0
7.362;39;0;0;0
7.365;39;0;0;0
7.368;39;0;0;0
7.371;39;0;0;0
7.375;39;0;0;0
7.378;39;0;0;0
7.381;39;0;0;0
7.384;39;0;0;0
7.387;39;0;0;0
7.391;39;0;0;0
7.394;39;0;0;0
7.397;39;0;0;0
7.4;39;0;0;0
7.403;39;0;0;0
7.407;39;0;0;0
7.411;39;0;0;0
7.414;39;0;0;0
7.417;39;0;0;0
7.42;39;0;0;0
7.423;39;0;0;0
7.427;39;0;0;0
7.43;39;0;0;0
7.433;39;0;0;0
7.436;39;0;0;0
7.439;39;0;0;0
7.443;39;0;0;0
7.447;39;0;0;0
7.45;39;0;0;0
7.453;39;0;0;0
7.456;39;0;0;0
7.459;39;0;0;0
7.463;31;0;0;0
7.466;31;0;0;0
7.469;31;0;0;0
7.472;31;0;0;0
7.475;31;0;0;0
7.479;31;0;0;0
7.482;31;0;0;0
7.485;31;0;0;0
7.488;23;0;0;0
7.491;23;0;0;0
7.495;23;0;0;0
7.499;23;0;0;0
7.502;23;0;0;0
7.505;23;0;0;0
7.508;23;0;0;0
7.511;23;0;0;0
7.515;23;0;0;0
7.518;23;0;0;0
7.521;15;0;0;0
7.524;15;0;0;0
7.527;15;0;0;0
7.531;15;0;0;0
7.534;15;0;0;0
7.537;15;0;0;0
7.54;15;0;0;0
7.543;7;0;0;0
7.546;7;0;0;0
7.549;7;0;0;0
7.552;7;0;0;0
7.555;7;0;0;0
7.558;7;0;0;0
7.561;7;0;0;0
7.564;7;0;0;0
7.567;7;0;0;0
7.57;7;0;0;0
7.573;7;0;0;0
7.576;7;0;0;0
7.579;7;0;0;0
7.582;7;0;0;0
7.585;7;0;0;0
7.588;7;0;0;0
7.591;7;0;0;0
7.594;7;0;0;0
7.597;7;0;0;0
7.6;7;0;0;0
7.603;7;0;0;0
7.606;7;0;0;0
7.609;7;0;0;0
7.612;7;0;0;0
7.615;7;0;0;0
7.618;7;0;0;0
7.621;7;0;0;0
7.624;7;0;0;0
7.627;7;0;0;0
7.63;15;0;0;0
7.633;15;0;0;0
7.636;15;0;0;0
7.639;23;0;0;0
7.642;23;0;0;0
7.646;23;0;0;0
7.649;31;0;0;0
7.652;31;0;0;0
7.655;39;0;0;0
7.658;39;0;0;0
7.662;39;0;0;0
7.665;47;0;0;0
7.668;54;0;0;0
7.671;54;0;0;0
7.674;62;0;0;0
7.678;70;0;0;0
7.681;78;0;0;0
7.684;86;0;0;0
7.687;86;0;0;0
7.69;94;0;0;0
7.694;101;0;0;0
7.697;109;0;0;0
7.701;117;0;0;0
7.704;133;0;0;0
7.707;133;0;0;0
7.711;148;0;0;0
7.714;156;0;0;0
7.717;164;0;0;0
7.721;171;0;0;0
7.724;187;0;0;0
7.727;195;0;0;0
7.731;210;0;0;0
7.734;218;0;0;0
7.737;225;0;0;0
7.741;241;0;0;0
7.745;256;0;0;0
7.748;271;0;0;0
7.752;286;0;0;0
7.755;301;0;0;0
7.759;316;0;0;0
7.763;331;0;0;0
7.766;346;0;0;0
7.77;353;0;0;0
7.773;368;0;0;0
7.777;382;0;0;0
7.781;397;0;0;0
7.784;411;0;0;0
7.788;425;0;0;0
7.791;439;0;0;0
7.795;460;0;0;0
7.799;474;0;0;0
7.803;488;0;0;0
7.806;502;0;0;0
7.81;515;0;0;0
7.814;529;0;0;0
7.817;542;0;0;0
7.821;555;0;0;0
7.824;568;0;0;0
7.828;587;0;0;0
7.831;600;0;0;0
7.835;612;0;0;0
7.838;625;0;0;0
7.842;643;0;0;0
7.846;655;0;0;0
7.85;667;0;0;0
7.854;684;0;0;0
7.857;695;0;0;0
7.861;712;0;0;0
7.865;718;0;0;0
7.868;734;0;0;0
7.872;739;0;0;0
7.875;755;0;0;0
7.879;765;0;0;0
7.882;775;0;0;0
7.886;785;0;0;0
7.889;794;0;0;0
7.893;809;0;0;0
7.897;813;0;0;0
7.9;827;0;0;0
7.904;835;0;0;0
7.907;848;0;0;0
7.911;856;0;0;0
7.914;864;0;0;0
7.918;876;0;0;0
7.922;883;0;0;0
7.926;891;0;0;0
7.929;898;0;0;0
7.933;904;0;0;0
7.936;911;0;0;0
7.94;917;0;0;0
7.943;923;0;0;0
7.947;932;0;0;0
7.951;940;0;0;0
7.954;946;0;0;0
7.958;953;0;0;0
7.961;958;0;0;0
7.965;962;0;0;0
7.968;966;0;0;0
7.972;970;0;0;0
7.975;974;0;0;0
7.979;977;0;0;0
7.982;980;0;0;0
7.986;983;0;0;0
7.989;987;0;0;0
7.993;990;0;0;0
7.996;993;0;0;0
8.0;995;0;0;0
8.003;997;0;0;0
8.007;998;0;0;0
8.01;999;0;0;0
8.014;999;0;0;0
8.017;999;0;0;0
8.021;999;0;0;0
8.025;999;0;0;0
8.028;998;0;0;0
8.032;997;0;0;0
8.035;994;0;0;0
8.039;993;0;0;0
8.042;990;0;0;0
8.046;986;0;0;0
8.049;982;0;0;0
8.053;979;0;0;0
8.056;974;0;0;0
8.06;968;0;0;0
8.063;962;0;0;0
8.067;958;0;0;0
8.07;948;0;0;0
8.074;943;0;0;0
8.077;938;0;0;0
8.081;929;0;0;0
8.084;920;0;0;0
8.088;911;0;0;0
8.091;901;0;0;0
8.095;891;0;0;0
8.098;883;0;0;0
8.102;872;0;0;0
8.105;864;0;0;0
8.109;852;0;0;0
8.112;840;0;0;0
8.116;827;0;0;0
8.119;818;0;0;0
8.123;804;0;0;0
8.126;794;0;0;0
8.13;785;0;0;0
8.133;770;0;0;0
8.137;760;0;0;0
8.14;744;0;0;0
8.144;734;0;0;0
8.147;723;0;0;0
8.151;707;0;0;0
8.154;695;0;0;0
8.158;684;0;0;0
8.161;673;0;0;0
8.165;661;0;0;0
8.168;649;0;0;0
8.172;637;0;0;0
8.175;625;0;0;0
8.179;612;0;0;0
8.182;600;0;0;0
8.186;594;0;0;0
8.189;581;0;0;0
8.193;575;0;0;0
8.196;562;0;0;0
8.2;555;0;0;0
8.203;549;0;0;0
8.207;542;0;0;0
8.21;535;0;0;0
8.214;529;0;0;0
8.217;529;0;0;0
8.221;522;0;0;0
8.224;515;0;0;0
8.228;515;0;0;0
8.231;515;0;0;0
8.235;509;0;0;0
8.238;509;0;0;0
8.242;509;0;0;0
8.245;509;0;0;0
8.249;509;0;0;0
8.252;515;0;0;0
8.256;515;0;0;0
8.259;515;0;0;0
8.263;522;0;0;0
8.266;529;0;0;0
8.27;529;0;0;0
8.273;542;0;0;0
8.277;542;0;0;0
8.28;555;0;0;0
8.284;562;0;0;0
8.287;568;0;0;0
8.291;581;0;0;0
8.294;587;0;0;0
8.298;594;0;0;0
8.301;606;0;0;0
8.305;619;0;0;0
8.309;631;0;0;0
8.313;643;0;0;0
8.316;655;0;0;0
8.32;667;0;0;0
8.323;678;0;0;0
8.327;690;0;0;0
8.33;707;0;0;0
8.334;723;0;0;0
8.338;734;0;0;0
8.341;744;0;0;0
8.345;755;0;0;0
8.348;770;0;0;0
8.352;785;0;0;0
8.356;794;0;0;0
8.359;809;0;0;0
8.363;822;0;0;0
8.366;835;0;0;0
8.37;844;0;0;0
8.373;856;0;0;0
8.377;868;0;0;0
8.38;880;0;0;0
8.384;891;0;0;0
8.387;901;0;0;0
8.391;908;0;0;0
8.394;920;0;0;0
8.398;932;0;0;0
8.402;938;0;0;0
8.405;948;0;0;0
8.409;958;0;0;0
8.413;962;0;0;0
8.416;970;0;0;0
8.42;974;0;0;0
8.423;980;0;0;0
8.427;985;0;0;0
8.431;988;0;0;0
8.434;992;0;0;0
8.438;994;0;0;0
8.441;997;0;0;0
8.445;998;0;0;0
8.448;999;0;0;0
8.452;999;0;0;0
8.456;999;0;0;0
8.46;999;0;0;0
8.463;998;0;0;0
8.467;996;0;0;0
8.471;994;0;0;0
8.474;993;0;0;0
8.478;990;0;0;0
8.482;987;0;0;0
8.485;985;0;0;0
8.489;982;0;0;0
8.493;979;0;0;0
8.496;977;0;0;0
8.5;974;0;0;0
8.503;970;0;0;0
8.507;968;0;0;0
8.51;966;0;0;0
8.514;962;0;0;0
8.517;962;0;0;0
8.521;960;0;0;0
8.524;958;0;0;0
8.527;955;0;0;0
8.531;953;0;0;0
8.534;953;0;0;0
8.537;953;0;0;0
8.541;953;0;0;0
8.544;953;0;0;0
8.547;953;0;0;0
8.551;953;0;0;0
8.554;955;0;0;0
8.558;955;0;0;0
8.561;958;0;0;0
8.565;960;0;0;0
8.568;962;0;0;0
8.571;964;0;0;0
8.575;966;0;0;0
8.578;970;0;0;0
8.582;972;0;0;0
8.585;974;0;0;0
8.589;977;0;0;0
8.592;980;0;0;0
8.596;982;0;0;0
8.599;985;0;0;0
8.603;987;0;0;0
8.606;990;0;0;0
8.61;992;0;0;0
8.613;994;0;0;0
8.617;996;0;0;0
8.621;997;0;0;0
8.624;998;0;0;0
8.628;999;0;0;0
8.631;999;0;0;0
8.635;1000;0;0;0
8.638;999;0;0;0
8.642;999;0;0;0
8.645;998;0;0;0
8.649;997;0;0;0
8.652;995;0;0;0
8.656;993;0;0;0
8.66;991;0;0;0
8.663;988;0;0;0
8.667;986;0;0;0
8.67;982;0;0;0
8.674;979;0;0;0
8.677;974;0;0;0
8.681;970;0;0;0
8.684;966;0;0;0
8.688;964;0;0;0
8.691;958;0;0;0
8.695;955;0;0;0
8.698;948;0;0;0
8.702;946;0;0;0
8.705;940;0;0;0
8.709;935;0;0;0
8.712;929;0;0;0
8.716;926;0;0;0
8.719;920;0;0;0
8.723;917;0;0;0
8.727;914;0;0;0
8.73;911;0;0;0
8.734;908;0;0;0
8.737;901;0;0;0
8.741;901;0;0;0
8.745;898;0;0;0
8.748;894;0;0;0
8.752;894;0;0;0
8.755;891;0;0;0
8.759;887;0;0;0
8.762;887;0;0;0
8.766;887;0;0;0
8.769;887;0;0;0
8.773;887;0;0;0
8.776;887;0;0;0
8.78;887;0;0;0
8.784;891;0;0;0
8.787;894;0;0;0
8.791;894;0;0;0
8.794;898;0;0;0
8.798;901;0;0;0
8.801;901;0;0;0
8.805;904;0;0;0
8.808;911;0;0;0
8.812;914;0;0;0
8.815;917;0;0;0
8.819;923;0;0;0
8.822;926;0;0;0
8.826;932;0;0;0
8.829;938;0;0;0
8.833;940;0;0;0
8.836;946;0;0;0
8.84;948;0;0;0
8.843;953;0;0;0
8.847;958;0;0;0
8.85;962;0;0;0
8.854;966;0;0;0
8.857;972;0;0;0
8.861;974;0;0;0
8.864;979;0;0;0
8.868;982;0;0;0
8.871;986;0;0;0
8.875;988;0;0;0
8.878;992;0;0;0
8.882;994;0;0;0
8.885;996;0;0;0
8.889;998;0;0;0
8.893;998;0;0;0
8.896;999;0;0;0
8.9;999;0;0;0
8.903;999;0;0;0
8.907;999;0;0;0
8.91;998;0;0;0
8.914;997;0;0;0
8.917;996;0;0;0
8.921;993;0;0;0
8.925;991;0;0;0
8.928;987;0;0;0
8.932;985;0;0;0
8.935;980;0;0;0
8.939;977;0;0;0
8.942;972;0;0;0
8.946;970;0;0;0
8.949;964;0;0;0
8.953;960;0;0;0
8.957;955;0;0;0
8.96;951;0;0;0
8.964;946;0;0;0
8.967;938;0;0;0
8.971;932;0;0;0
8.974;926;0;0;0
8.978;920;0;0;0
8.982;914;0;0;0
8.985;908;0;0;0
8.989;904;0;0;0
8.993;901;0;0;0
8.996;894;0;0;0
9.0;894;0;0;0
9.003;887;0;0;0
9.007;883;0;0;0
9.011;880;0;0;0
9.014;876;0;0;0
9.018;876;0;0;0
9.021;872;0;0;0
9.024;868;0;0;0
9.028;868;0;0;0
9.031;864;0;0;0
9.034;864;0;0;0
9.038;864;0;0;0
9.041;864;0;0;0
9.044;868;0;0;0
9.048;868;0;0;0
9.051;872;0;0;0
9.054;872;0;0;0
9.058;880;0;0;0
9.062;880;0;0;0
9.065;883;0;0;0
9.069;887;0;0;0
9.072;891;0;0;0
9.076;894;0;0;0
9.079;898;0;0;0
9.083;904;0;0;0
9.086;908;0;0;0
9.09;914;0;0;0
9.093;920;0;0;0
9.097;926;0;0;0
9.101;932;0;0;0
9.104;938;0;0;0
9.108;943;0;0;0
9.111;948;0;0;0
9.115;955;0;0;0
9.119;962;0;0;0
9.123;964;0;0;0
9.126;970;0;0;0
9.13;974;0;0;0
9.133;977;0;0;0
9.137;982;0;0;0
9.14;985;0;0;0
9.144;988;0;0;0
9.147;991;0;0;0
9.151;993;0;0;0
9.154;995;0;0;0
9.158;996;0;0;0
9.161;998;0;0;0
9.165;999;0;0;0
9.168;999;0;0;0
9.172;999;0;0;0
9.175;999;0;0;0
9.179;999;0;0;0
9.182;998;0;0;0
9.186;997;0;0;0
9.189;996;0;0;0
9.193;994;0;0;0
9.196;993;0;0;0
9.2;991;0;0;0
9.203;988;0;0;0
9.207;987;0;0;0
9.21;985;0;0;0
9.214;982;0;0;0
9.217;980;0;0;0
9.221;977;0;0;0
9.224;974;0;0;0
9.228;974;0;0;0
9.231;970;0;0;0
9.235;968;0;0;0
9.238;966;0;0;0
9.242;964;0;0;0
9.246;962;0;0;0
9.249;960;0;0;0
9.253;958;0;0;0
9.256;958;0;0;0
9.26;955;0;0;0
9.263;955;0;0;0
9.267;953;0;0;0
9.27;953;0;0;0
9.274;953;0;0;0
9.277;953;0;0;0
9.281;953;0;0;0
9.284;953;0;0;0
9.288;955;0;0;0
9.291;958;0;0;0
9.295;958;0;0;0
9.298;958;0;0;0
9.302;960;0;0;0
9.305;962;0;0;0
9.309;964;0;0;0
9.312;966;0;0;0
9.316;968;0;0;0
9.319;972;0;0;0
9.323;974;0;0;0
9.327;977;0;0;0
9.33;979;0;0;0
9.334;980;0;0;0
9.337;985;0;0;0
9.341;986;0;0;0
9.344;990;0;0;0
9.348;992;0;0;0
9.351;994;0;0;0
9.355;995;0;0;0
9.358;997;0;0;0
9.362;998;0;0;0
9.365;999;0;0;0
9.369;999;0;0;0
9.372;1000;0;0;0
9.376;999;0;0;0
9.379;998;0;0;0
9.383;997;0;0;0
9.386;995;0;0;0
9.39;993;0;0;0
9.393;990;0;0;0
9.397;986;0;0;0
9.4;980;0;0;0
9.404;974;0;0;0
9.408;970;0;0;0
9.411;962;0;0;0
9.415;955;0;0;0
9.418;946;0;0;0
9.418;946;0;0;0
11.48;-171;0;0;0
11.483;-171;0;0;0
11.487;-171;0;0;0
11.49;-171;0;0;0
11.494;-171;0;0;0
11.494;-171;0;0;0
11.476;-171;0;0;0
11.48;-171;0;0;0
11.483;-171;0;0;0
11.487;-171;0;0;0
11.49;-171;0;0;0
11.494;-171;0;0;0
11.497;-171;0;0;0
11.501;-171;0;0;0
11.504;-171;0;0;0
11.508;-171;0;0;0
11.511;-171;0;0;0
11.515;-171;0;0;0
11.519;-171;0;0;0
11.522;-171;0;0;0
11.526;-164;0;0;0
11.53;-164;0;0;0
11.533;-164;0;0;0
11.537;-164;0;0;0
11.54;-164;0;0;0
11.544;-164;0;0;0
11.548;-164;0;0;0
11.551;-164;0;0;0
11.555;-164;0;0;0
11.558;-164;0;0;0
11.562;-164;0;0;0
11.566;-164;0;0;0
11.569;-164;0;0;0
11.573;-164;0;0;0
11.577;-164;0;0;0
11.58;-164;0;0;0
11.584;-164;0;0;0
11.587;-164;0;0;0
11.591;-164;0;0;0
11.594;-164;0;0;0
11.598;-164;0;0;0
11.601;-164;0;0;0
11.605;-164;0;0;0
11.608;-164;0;0;0
11.612;-164;0;0;0
11.615;-164;0;0;0
11.619;-164;0;0;0
11.623;-164;0;0;0
11.626;-164;0;0;0
11.63;-164;0;0;0
11.633;-164;0;0;0
11.637;-164;0;0;0
11.64;-164;0;0;0
11.644;-164;0;0;0
11.648;-164;0;0;0
11.652;-164;0;0;0
11.656;-164;0;0;0
11.659;-164;0;0;0
11.663;-164;0;0;0
11.666;-164;0;0;0
11.67;-164;0;0;0
11.673;-164;0;0;0
11.677;-164;0;0;0
11.68;-164;0;0;0
11.684;-164;0;0;0
11.687;-156;0;0;0
11.691;-156;0;0;0
11.694;-156;0;0;0
11.698;-156;0;0;0
11.701;-156;0;0;0
11.705;-156;0;0;0
11.708;-156;0;0;0
11.712;-156;0;0;0
11.715;-156;0;0;0
11.719;-156;0;0;0
11.722;-156;0;0;0
11.726;-156;0;0;0
11.729;-156;0;0;0
11.733;-156;0;0;0
11.736;-156;0;0;0
11.74;-156;0;0;0
11.743;-156;0;0;0
11.747;-156;0;0;0
11.75;-156;0;0;0
11.754;-156;0;0;0
11.758;-156;0;0;0
11.761;-156;0;0;0
11.765;-156;0;0;0
11.768;-156;0;0;0
11.772;-156;0;0;0
11.775;-156;0;0;0
11.779;-164;0;0;0
11.782;-164;0;0;0
11.786;-164;0;0;0
11.789;-164;0;0;0
11.793;-164;0;0;0
11.796;-164;0;0;0
11.8;-164;0;0;0
11.803;-164;0;0;0
11.807;-164;0;0;0
11.81;-164;0;0;0
11.814;-164;0;0;0
11.818;-164;0;0;0
11.822;-164;0;0;0
11.825;-164;0;0;0
11.829;-164;0;0;0
11.832;-164;0;0;0
11.836;-164;0;0;0
11.839;-164;0;0;0
11.843;-164;0;0;0
11.847;-164;0;0;0
11.851;-164;0;0;0
11.854;-164;0;0;0
11.858;-164;0;0;0
11.861;-164;0;0;0
11.865;-164;0;0;0
11.868;-164;0;0;0
11.872;-164;0;0;0
11.875;-164;0;0;0
11.879;-164;0;0;0
11.882;-164;0;0;0
11.886;-164;0;0;0
11.889;-164;0;0;0
11.893;-164;0;0;0
11.896;-164;0;0;0
11.9;-164;0;0;0
11.903;-164;0;0;0
11.907;-164;0;0;0
11.91;-164;0;0;0
11.914;-164;0;0;0
11.917;-164;0;0;0
11.921;-164;0;0;0
11.924;-164;0;0;0
11.928;-164;0;0;0
11.931;-164;0;0;0
11.935;-164;0;0;0
11.938;-164;0;0;0
11.942;-164;0;0;0
11.945;-164;0;0;0
11.949;-164;0;0;0
11.952;-164;0;0;0
11.956;-164;0;0;0
11.959;-164;0;0;0
11.963;-164;0;0;0
11.966;-164;0;0;0
11.97;-164;0;0;0
11.973;-164;0;0;0
11.977;-164;0;0;0
11.98;-164;0;0;0
11.984;-164;0;0;0
11.987;-164;0;0;0
11.991;-164;0;0;0
11.994;-164;0;0;0
11.998;-164;0;0;0
12.001;-164;0;0;0
12.005;-164;0;0;0
12.008;-164;0;0;0
12.012;-164;0;0;0
12.015;-164;0;0;0
12.019;-164;0;0;0
12.022;-164;0;0;0
12.026;-164;0;0;0
12.029;-164;0;0;0
12.033;-164;0;0;0
12.036;-164;0;0;0
12.04;-164;0;0;0
12.043;-164;0;0;0
12.047;-164;0;0;0
12.05;-164;0;0;0
12.054;-164;0;0;0
12.057;-164;0;0;0
12.061;-164;0;0;0
12.064;-164;0;0;0
12.068;-164;0;0;0
12.071;-164;0;0;0
12.075;-164;0;0;0
12.078;-164;0;0;0
12.082;-164;0;0;0
12.085;-164;0;0;0
12.089;-164;0;0;0
12.092;-164;0;0;0
12.096;-164;0;0;0
12.099;-164;0;0;0
12.103;-164;0;0;0
12.106;-164;0;0;0
12.11;-164;0;0;0
12.114;-164;0;0;0
12.117;-164;0;0;0
12.121;-171;0;0;0
12.124;-171;0;0;0
12.128;-171;0;0;0
12.131;-171;0;0;0
12.135;-171;0;0;0
12.138;-171;0;0;0
12.142;-171;0;0;0
12.145;-171;0;0;0
12.149;-171;0;0;0
12.152;-171;0;0;0
12.156;-171;0;0;0
12.159;-171;0;0;0
12.163;-171;0;0;0
12.166;-171;0;0;0
12.17;-171;0;0;0
12.173;-179;0;0;0
12.177;-179;0;0;0
12.18;-179;0;0;0
12.184;-179;0;0;0
12.187;-179;0;0;0
12.191;-179;0;0;0
12.194;-179;0;0;0
12.198;-179;0;0;0
12.201;-179;0;0;0
12.205;-179;0;0;0
12.208;-179;0;0;0
12.212;-179;0;0;0
12.215;-179;0;0;0
12.219;-179;0;0;0
12.223;-179;0;0;0
12.226;-179;0;0;0
12.23;-179;0;0;0
12.233;-179;0;0;0
12.237;-179;0;0;0
12.24;-179;0;0;0
12.244;-179;0;0;0
12.247;-179;0;0;0
12.251;-179;0;0;0
12.254;-179;0;0;0
12.258;-179;0;0;0
12.261;-179;0;0;0
12.265;-179;0;0;0
12.268;-179;0;0;0
12.272;-179;0;0;0
12.275;-179;0;0;0
12.279;-179;0;0;0
12.282;-179;0;0;0
12.286;-179;0;0;0
12.289;-179;0;0;0
12.293;-179;0;0;0
12.296;-179;0;0;0
12.3;-179;0;0;0
12.303;-179;0;0;0
12.307;-179;0;0;0
12.31;-179;0;0;0
12.314;-179;0;0;0
12.318;-179;0;0;0
12.322;-179;0;0;0
12.325;-179;0;0;0
12.329;-179;0;0;0
12.333;-179;0;0;0
12.336;-179;0;0;0
12.34;-179;0;0;0
12.343;-179;0;0;0
12.347;-179;0;0;0
12.35;-179;0;0;0
12.354;-179;0;0;0
12.358;-179;0;0;0
12.362;-179;0;0;0
12.366;-179;0;0;0
12.369;-179;0;0;0
12.373;-179;0;0;0
12.376;-179;0;0;0
12.38;-179;0;0;0
12.383;-179;0;0;0
12.387;-179;0;0;0
12.39;-179;0;0;0
12.394;-179;0;0;0
12.397;-179;0;0;0
12.401;-179;0;0;0
12.404;-179;0;0;0
12.408;-179;0;0;0
12.412;-179;0;0;0
12.416;-179;0;0;0
12.419;-179;0;0;0
12.423;-179;0;0;0
12.426;-179;0;0;0
12.43;-179;0;0;0
12.433;-179;0;0;0
12.437;-179;0;0;0
12.44;-179;0;0;0
12.444;-179;0;0;0
12.447;-179;0;0;0
12.451;-179;0;0;0
12.454;-179;0;0;0
12.458;-179;0;0;0
12.461;-179;0;0;0
12.465;-179;0;0;0
12.468;-179;0;0;0
12.472;-179;0;0;0
12.475;-179;0;0;0
12.479;-179;0;0;0
12.482;-179;0;0;0
12.486;-179;0;0;0
12.489;-179;0;0;0
12.493;-179;0;0;0
12.496;-179;0;0;0
12.5;-179;0;0;0
12.503;-179;0;0;0
12.507;-179;0;0;0
12.511;-179;0;0;0
12.514;-179;0;0;0
12.514;-179;0;0;0
12.514;-179;0;0;0
14.475;-225;0;0;0
14.478;-225;0;0;0
14.482;-225;0;0;0
14.485;-225;0;0;0
14.489;-225;0;0;0
14.492;-225;0;0;0
14.496;-225;0;0;0
14.499;-225;0;0;0
14.503;-225;0;0;0
14.506;-225;0;0;0
14.51;-225;0;0;0
14.513;-225;0;0;0
14.517;-225;0;0;0
14.521;-225;0;0;0
14.524;-225;0;0;0
14.528;-225;0;0;0
14.531;-225;0;0;0
14.535;-225;0;0;0
14.538;-225;0;0;0
14.542;-225;0;0;0
14.546;-225;0;0;0
14.55;-233;0;0;0
14.554;-233;0;0;0
14.557;-233;0;0;0
14.561;-233;0;0;0
14.564;-233;0;0;0
14.568;-233;0;0;0
14.571;-233;0;0;0
14.575;-233;0;0;0
14.578;-233;0;0;0
14.582;-233;0;0;0
14.585;-233;0;0;0
14.589;-233;0;0;0
14.592;-233;0;0;0
14.596;-233;0;0;0
14.599;-241;0;0;0
14.603;-241;0;0;0
14.606;-241;0;0;0
14.61;-241;0;0;0
14.614;-241;0;0;0
14.617;-241;0;0;0
14.621;-241;0;0;0
14.624;-241;0;0;0
14.628;-241;0;0;0
14.631;-241;0;0;0
14.635;-241;0;0;0
14.638;-241;0;0;0
14.642;-241;0;0;0
14.645;-241;0;0;0
14.649;-241;0;0;0
14.652;-241;0;0;0
14.656;-241;0;0;0
14.659;-241;0;0;0
14.663;-241;0;0;0
14.666;-241;0;0;0
14.67;-241;0;0;0
14.673;-241;0;0;0
14.677;-241;0;0;0
14.68;-241;0;0;0
14.684;-241;0;0;0
14.687;-241;0;0;0
14.691;-241;0;0;0
14.694;-241;0;0;0
14.698;-241;0;0;0
14.702;-241;0;0;0
14.705;-241;0;0;0
14.709;-241;0;0;0
14.712;-241;0;0;0
14.716;-241;0;0;0
14.72;-241;0;0;0
14.723;-241;0;0;0
14.727;-241;0;0;0
14.73;-241;0;0;0
14.734;-241;0;0;0
14.737;-241;0;0;0
14.741;-241;0;0;0
14.744;-241;0;0;0
14.748;-241;0;0;0
14.751;-241;0;0;0
14.755;-241;0;0;0
14.758;-241;0;0;0
14.762;-241;0;0;0
14.765;-241;0;0;0
14.769;-241;0;0;0
14.772;-241;0;0;0
14.776;-241;0;0;0
14.779;-241;0;0;0
14.783;-241;0;0;0
14.786;-241;0;0;0
14.79;-241;0;0;0
14.793;-241;0;0;0
14.797;-241;0;0;0
14.8;-241;0;0;0
14.804;-241;0;0;0
14.807;-241;0;0;0
14.811;-241;0;0;0
14.814;-241;0;0;0
14.818;-241;0;0;0
14.821;-241;0;0;0
14.825;-241;0;0;0
14.828;-241;0;0;0
14.832;-241;0;0;0
14.835;-241;0;0;0
14.839;-241;0;0;0
14.843;-241;0;0;0
14.846;-241;0;0;0
14.85;-241;0;0;0
14.853;-241;0;0;0
14.857;-241;0;0;0
14.86;-241;0;0;0
14.864;-241;0;0;0
14.867;-241;0;0;0
14.871;-241;0;0;0
14.874;-241;0;0;0
14.878;-241;0;0;0
14.881;-241;0;0;0
14.885;-241;0;0;0
14.888;-241;0;0;0
14.892;-241;0;0;0
14.895;-241;0;0;0
14.899;-241;0;0;0
14.902;-241;0;0;0
14.906;-241;0;0;0
14.909;-241;0;0;0
14.913;-241;0;0;0
14.916;-241;0;0;0
14.92;-241;0;0;0
14.923;-241;0;0;0
14.927;-241;0;0;0
14.93;-241;0;0;0
14.934;-241;0;0;0
14.937;-241;0;0;0
14.941;-241;0;0;0
14.944;-241;0;0;0
14.948;-241;0;0;0
14.951;-241;0;0;0
14.955;-241;0;0;0
14.959;-241;0;0;0
14.962;-241;0;0;0
14.966;-241;0;0;0
14.97;-241;0;0;0
14.973;-241;0;0;0
14.977;-241;0;0;0
14.98;-241;0;0;0
14.984;-241;0;0;0
14.987;-241;0;0;0
14.991;-241;0;0;0
14.994;-241;0;0;0
14.998;-241;0;0;0
15.002;-241;0;0;0
15.005;-241;0;0;0
15.009;-241;0;0;0
15.012;-241;0;0;0
15.016;-241;0;0;0
15.019;-241;0;0;0
15.023;-241;0;0;0
15.026;-241;0;0;0
15.03;-241;0;0;0
15.033;-241;0;0;0
15.037;-241;0;0;0
15.041;-241;0;0;0
15.044;-241;0;0;0
15.048;-241;0;0;0
15.051;-241;0;0;0
15.055;-241;0;0;0
15.058;-241;0;0;0
15.062;-241;0;0;0
15.066;-241;0;0;0
15.069;-241;0;0;0
15.073;-241;0;0;0
15.076;-241;0;0;0
15.08;-241;0;0;0
15.083;-241;0;0;0
15.087;-241;0;0;0
15.09;-241;0;0;0
15.094;-241;0;0;0
15.098;-241;0;0;0
15.101;-241;0;0;0
15.105;-241;0;0;0
15.108;-241;0;0;0
15.112;-241;0;0;0
15.115;-241;0;0;0
15.119;-241;0;0;0
15.122;-241;0;0;0
15.126;-241;0;0;0
15.13;-241;0;0;0
15.133;-241;0;0;0
15.137;-241;0;0;0
15.14;-241;0;0;0
15.144;-241;0;0;0
15.147;-241;0;0;0
15.151;-241;0;0;0
15.155;-241;0;0;0
15.158;-241;0;0;0
15.162;-241;0;0;0
15.165;-241;0;0;0
15.169;-241;0;0;0
15.172;-241;0;0;0
15.176;-241;0;0;0
15.18;-241;0;0;0
15.183;-241;0;0;0
15.187;-241;0;0;0
15.19;-241;0;0;0
15.194;-241;0;0;0
15.197;-241;0;0;0
15.201;-241;0;0;0
15.204;-241;0;0;0
15.208;-241;0;0;0
15.212;-241;0;0;0
15.215;-241;0;0;0
15.219;-241;0;0;0
15.222;-241;0;0;0
15.226;-241;0;0;0
15.229;-241;0;0;0
15.233;-241;0;0;0
15.237;-241;0;0;0
15.24;-241;0;0;0
15.244;-241;0;0;0
15.247;-241;0;0;0
15.251;-241;0;0;0
15.254;-241;0;0;0
15.258;-241;0;0;0
15.261;-241;0;0;0
15.265;-241;0;0;0
15.268;-241;0;0;0
15.272;-241;0;0;0
15.275;-241;0;0;0
15.279;-241;0;0;0
15.282;-241;0;0;0
15.286;-241;0;0;0
15.289;-241;0;0;0
15.293;-241;0;0;0
15.296;-241;0;0;0
15.3;-241;0;0;0
15.303;-241;0;0;0
15.307;-241;0;0;0
15.31;-241;0;0;0
15.314;-241;0;0;0
15.318;-241;0;0;0
15.322;-241;0;0;0
15.325;-241;0;0;0
15.329;-241;0;0;0
15.332;-241;0;0;0
15.336;-241;0;0;0
15.339;-241;0;0;0
15.343;-241;0;0;0
15.346;-241;0;0;0
15.35;-248;0;0;0
15.353;-248;0;0;0
15.357;-248;0;0;0
15.36;-248;0;0;0
15.364;-248;0;0;0
15.367;-248;0;0;0
15.371;-248;0;0;0
15.375;-248;0;0;0
15.378;-248;0;0;0
15.382;-248;0;0;0
15.385;-248;0;0;0
15.389;-248;0;0;0
15.392;-248;0;0;0
15.396;-248;0;0;0
15.399;-248;0;0;0
15.403;-248;0;0;0
15.406;-248;0;0;0
15.41;-248;0;0;0
15.413;-248;0;0;0
15.417;-248;0;0;0
15.421;-248;0;0;0
15.424;-248;0;0;0
15.428;-248;0;0;0
15.431;-248;0;0;0
15.435;-248;0;0;0
15.438;-248;0;0;0
15.442;-248;0;0;0
15.445;-248;0;0;0
15.449;-248;0;0;0
15.449;-248;0;0;0
15.996;-263;0;0;0
15.999;-263;0;0;0
16.003;-263;0;0;0
16.006;-263;0;0;0
16.006;-263;0;0;0
15.992;-263;0;0;0
15.996;-263;0;0;0
15.999;-263;0;0;0
16.003;-263;0;0;0
16.006;-263;0;0;0
16.01;-263;0;0;0
16.013;-263;0;0;0
16.017;-263;0;0;0
16.02;-263;0;0;0
16.024;-263;0;0;0
16.027;-263;0;0;0
16.031;-263;0;0;0
16.034;-263;0;0;0
16.038;-263;0;0;0
16.041;-263;0;0;0
16.045;-263;0;0;0
16.048;-263;0;0;0
16.052;-263;0;0;0
16.055;-263;0;0;0
16.059;-263;0;0;0
16.063;-256;0;0;0
16.067;-256;0;0;0
16.07;-256;0;0;0
16.074;-256;0;0;0
16.077;-256;0;0;0
16.081;-256;0;0;0
16.084;-256;0;0;0
16.088;-256;0;0;0
16.091;-256;0;0;0
16.095;-256;0;0;0
16.099;-256;0;0;0
16.102;-248;0;0;0
16.106;-248;0;0;0
16.11;-248;0;0;0
16.113;-248;0;0;0
16.117;-248;0;0;0
16.121;-248;0;0;0
16.124;-248;0;0;0
16.128;-248;0;0;0
16.131;-241;0;0;0
16.135;-241;0;0;0
16.138;-241;0;0;0
16.142;-241;0;0;0
16.145;-241;0;0;0
16.149;-241;0;0;0
16.153;-241;0;0;0
16.157;-241;0;0;0
16.16;-241;0;0;0
16.164;-241;0;0;0
16.167;-241;0;0;0
16.171;-241;0;0;0
16.174;-241;0;0;0
16.178;-241;0;0;0
16.181;-233;0;0;0
16.185;-233;0;0;0
16.188;-233;0;0;0
16.192;-233;0;0;0
16.195;-233;0;0;0
16.199;-233;0;0;0
16.202;-233;0;0;0
16.206;-225;0;0;0
16.209;-225;0;0;0
16.213;-225;0;0;0
16.216;-225;0;0;0
16.22;-225;0;0;0
16.223;-225;0;0;0
16.227;-225;0;0;0
16.23;-218;0;0;0
16.234;-218;0;0;0
16.237;-218;0;0;0
16.241;-210;0;0;0
16.244;-210;0;0;0
16.248;-210;0;0;0
16.251;-210;0;0;0
16.255;-210;0;0;0
16.258;-210;0;0;0
16.262;-210;0;0;0
16.265;-210;0;0;0
16.269;-210;0;0;0
16.272;-202;0;0;0
16.276;-202;0;0;0
16.279;-202;0;0;0
16.283;-202;0;0;0
16.286;-195;0;0;0
16.29;-195;0;0;0
16.293;-195;0;0;0
16.297;-195;0;0;0
16.3;-187;0;0;0
16.304;-187;0;0;0
16.307;-187;0;0;0
16.311;-179;0;0;0
16.315;-179;0;0;0
16.318;-179;0;0;0
16.322;-179;0;0;0
16.325;-179;0;0;0
16.329;-179;0;0;0
16.333;-171;0;0;0
16.336;-171;0;0;0
16.34;-171;0;0;0
16.343;-164;0;0;0
16.347;-164;0;0;0
16.35;-164;0;0;0
16.354;-164;0;0;0
16.357;-156;0;0;0
16.361;-156;0;0;0
16.365;-156;0;0;0
16.368;-148;0;0;0
16.372;-148;0;0;0
16.376;-148;0;0;0
16.379;-148;0;0;0
16.383;-148;0;0;0
16.387;-148;0;0;0
16.391;-140;0;0;0
16.394;-140;0;0;0
16.398;-140;0;0;0
16.401;-133;0;0;0
16.405;-133;0;0;0
16.408;-133;0;0;0
16.412;-125;0;0;0
16.415;-125;0;0;0
16.419;-125;0;0;0
16.422;-117;0;0;0
16.426;-117;0;0;0
16.429;-117;0;0;0
16.433;-117;0;0;0
16.437;-117;0;0;0
16.44;-109;0;0;0
16.444;-109;0;0;0
16.448;-101;0;0;0
16.452;-101;0;0;0
16.456;-101;0;0;0
16.459;-94;0;0;0
16.463;-94;0;0;0
16.466;-86;0;0;0
16.47;-86;0;0;0
16.473;-86;0;0;0
16.477;-86;0;0;0
16.48;-86;0;0;0
16.484;-86;0;0;0
16.487;-78;0;0;0
16.491;-78;0;0;0
16.494;-70;0;0;0
16.498;-70;0;0;0
16.501;-70;0;0;0
16.505;-70;0;0;0
16.508;-62;0;0;0
16.512;-62;0;0;0
16.516;-54;0;0;0
16.519;-54;0;0;0
16.523;-54;0;0;0
16.526;-54;0;0;0
16.53;-54;0;0;0
16.533;-54;0;0;0
16.537;-54;0;0;0
16.54;-47;0;0;0
16.544;-47;0;0;0
16.547;-47;0;0;0
16.551;-39;0;0;0
16.554;-39;0;0;0
16.558;-39;0;0;0
16.561;-39;0;0;0
16.565;-39;0;0;0
16.568;-31;0;0;0
16.572;-31;0;0;0
16.575;-31;0;0;0
16.579;-23;0;0;0
16.582;-23;0;0;0
16.586;-23;0;0;0
16.589;-23;0;0;0
16.593;-23;0;0;0
16.596;-23;0;0;0
16.6;-23;0;0;0
16.604;-15;0;0;0
16.607;-15;0;0;0
16.611;-15;0;0;0
16.614;-15;0;0;0
16.618;-7;0;0;0
16.621;-7;0;0;0
16.624;-7;0;0;0
16.628;-7;0;0;0
16.632;-7;0;0;0
16.635;0;0;0;0
16.638;0;0;0;0
16.641;0;0;0;0
16.644;0;0;0;0
16.647;0;0;0;0
16.65;7;0;0;0
16.653;7;0;0;0
16.656;7;0;0;0
16.659;7;0;0;0
16.662;7;0;0;0
16.665;7;0;0;0
16.668;7;0;0;0
16.671;7;0;0;0
16.674;7;0;0;0
16.678;15;0;0;0
16.681;15;0;0;0
16.684;15;0;0;0
16.688;15;0;0;0
16.691;23;0;0;0
16.694;23;0;0;0
16.698;23;0;0;0
16.701;23;0;0;0
16.704;23;0;0;0
16.708;23;0;0;0
16.711;31;0;0;0
16.714;31;0;0;0
16.718;31;0;0;0
16.721;31;0;0;0
16.725;39;0;0;0
16.728;39;0;0;0
16.731;39;0;0;0
16.735;39;0;0;0
16.739;39;0;0;0
16.742;39;0;0;0
16.745;39;0;0;0
16.749;39;0;0;0
16.752;39;0;0;0
16.755;39;0;0;0
16.759;39;0;0;0
16.762;39;0;0;0
16.765;47;0;0;0
16.769;47;0;0;0
16.772;47;0;0;0
16.775;47;0;0;0
16.779;47;0;0;0
16.782;47;0;0;0
16.785;47;0;0;0
16.789;47;0;0;0
16.793;54;0;0;0
16.796;54;0;0;0
16.799;54;0;0;0
16.803;54;0;0;0
16.807;54;0;0;0
16.81;54;0;0;0
16.813;54;0;0;0
16.817;54;0;0;0
16.82;54;0;0;0
16.823;54;0;0;0
16.827;54;0;0;0
16.831;54;0;0;0
16.835;54;0;0;0
16.838;54;0;0;0
16.841;54;0;0;0
16.845;54;0;0;0
16.848;54;0;0;0
16.851;54;0;0;0
16.855;54;0;0;0
16.858;54;0;0;0
16.861;54;0;0;0
16.865;54;0;0;0
16.869;54;0;0;0
16.872;54;0;0;0
16.875;54;0;0;0
16.879;54;0;0;0
16.883;47;0;0;0
16.886;47;0;0;0
16.889;47;0;0;0
16.893;47;0;0;0
16.897;47;0;0;0
16.9;47;0;0;0
16.903;47;0;0;0
16.907;47;0;0;0
16.91;47;0;0;0
16.913;47;0;0;0
16.917;47;0;0;0
16.92;39;0;0;0
16.923;39;0;0;0
16.927;39;0;0;0
16.931;39;0;0;0
16.934;39;0;0;0
16.937;39;0;0;0
16.941;39;0;0;0
16.944;39;0;0;0
16.947;39;0;0;0
16.951;39;0;0;0
16.954;39;0;0;0
16.957;39;0;0;0
16.961;39;0;0;0
16.964;39;0;0;0
16.967;31;0;0;0
16.971;31;0;0;0
16.974;31;0;0;0
16.977;31;0;0;0
16.981;23;0;0;0
16.984;23;0;0;0
16.987;23;0;0;0
16.991;23;0;0;0
16.994;23;0;0;0
16.997;23;0;0;0
17.001;23;0;0;0
17.004;23;0;0;0
17.007;15;0;0;0
17.011;15;0;0;0
17.014;15;0;0;0
17.017;15;0;0;0
17.021;15;0;0;0
17.024;7;0;0;0
17.027;7;0;0;0
17.03;7;0;0;0
17.033;7;0;0;0
17.036;7;0;0;0
17.039;7;0;0;0
17.043;7;0;0;0
17.046;7;0;0;0
17.049;7;0;0;0
17.052;7;0;0;0
17.055;0;0;0;0
17.058;0;0;0;0
17.061;0;0;0;0
17.064;0;0;0;0
17.067;0;0;0;0
17.07;0;0;0;0
17.073;-7;0;0;0
17.077;-7;0;0;0
17.08;-7;0;0;0
17.083;-7;0;0;0
17.087;-7;0;0;0
17.09;-7;0;0;0
17.093;-7;0;0;0
17.097;-7;0;0;0
17.1;-15;0;0;0
17.104;-15;0;0;0
17.107;-15;0;0;0
17.111;-15;0;0;0
17.115;-15;0;0;0
17.118;-15;0;0;0
17.122;-15;0;0;0
17.125;-23;0;0;0
17.129;-23;0;0;0
17.133;-23;0;0;0
17.136;-23;0;0;0
17.14;-23;0;0;0
17.143;-23;0;0;0
17.147;-23;0;0;0
17.15;-23;0;0;0
17.154;-23;0;0;0
17.157;-23;0;0;0
17.161;-23;0;0;0
17.164;-23;0;0;0
17.168;-23;0;0;0
17.171;-23;0;0;0
17.175;-23;0;0;0
17.178;-23;0;0;0
17.182;-23;0;0;0
17.185;-23;0;0;0
17.189;-23;0;0;0
17.192;-23;0;0;0
17.196;-23;0;0;0
17.199;-23;0;0;0
17.203;-23;0;0;0
17.206;-23;0;0;0
17.21;-23;0;0;0
17.213;-23;0;0;0
17.217;-23;0;0;0
17.22;-23;0;0;0
17.224;-15;0;0;0
17.228;-15;0;0;0
17.231;-15;0;0;0
17.235;-15;0;0;0
17.238;-15;0;0;0
17.242;-15;0;0;0
17.245;-15;0;0;0
17.249;-15;0;0;0
17.252;-15;0;0;0
17.256;-15;0;0;0
17.259;-15;0;0;0
17.263;-15;0;0;0
17.266;-15;0;0;0
17.27;-7;0;0;0
17.273;-7;0;0;0
17.276;-7;0;0;0
17.28;-7;0;0;0
17.283;-7;0;0;0
17.286;-7;0;0;0
17.29;-7;0;0;0
17.293;-7;0;0;0
17.296;-7;0;0;0
17.3;-7;0;0;0
17.303;-7;0;0;0
17.306;-7;0;0;0
17.31;-7;0;0;0
17.313;-7;0;0;0
17.316;-7;0;0;0
17.32;-7;0;0;0
17.323;-7;0;0;0
17.326;-7;0;0;0
17.33;0;0;0;0
17.333;0;0;0;0