t;e;d;i;set

3.264;331;5447;0;0
3.269;375;5475;0;0
3.274;411;5258;0;0
3.279;439;5135;0;0
3.284;474;5088;0;0
3.289;502;4952;0;0
3.294;529;4669;0;0
3.299;555;4406;0;0
3.304;575;4210;0;0
3.309;594;3912;0;0
3.314;606;3663;0;0
3.319;625;3506;0;0
3.324;637;3268;0;0
3.329;643;3017;0;0
3.334;649;2739;0;0
3.339;649;2423;0;0
3.344;649;2121;0;0
3.349;649;1847;0;0
3.354;649;1606;0;0
3.359;649;1394;0;0
3.364;637;996;0;0
3.369;625;593;0;0
3.374;612;235;0;0
3.379;600;-172;0;0
3.384;581;-576;0;0
3.389;562;-921;0;0
3.394;542;-1316;0;0
3.399;515;-1633;0;0
3.404;488;-1982;0;0
3.409;460;-2282;0;0
3.414;425;-2690;0;0
3.419;389;-3089;0;0
3.424;360;-3339;0;0
3.429;323;-3632;0;0
3.434;278;-3952;0;0
3.439;233;-4262;0;0
3.444;195;-4410;0;0
3.449;148;-4582;0;0
3.454;109;-4795;0;0
3.459;62;-4927;0;0
3.464;15;-5018;0;0
3.469;-31;-5146;0;0
3.474;-78;-5197;0;0
3.479;-125;-5273;0;0
3.484;-171;-5273;0;0
3.489;-218;-5225;0;0
3.494;-263;-5169;0;0
3.499;-294;-5132;0;0
3.504;-338;-4996;0;0
3.509;-375;-4892;0;0
3.514;-411;-4785;0;0
3.519;-439;-4627;0;0
3.524;-467;-4494;0;0
3.529;-495;-4340;0;0
3.534;-515;-4081;0;0
3.539;-535;-3932;0;0
3.544;-555;-3702;0;0
3.549;-575;-3449;0;0
3.554;-587;-3211;0;0
3.559;-594;-2997;0;0
3.564;-600;-2786;0;0
3.569;-606;-2504;0;0
3.574;-612;-2285;0;0
3.579;-612;-2067;0;0
3.584;-606;-1665;0;0
3.589;-600;-1297;0;0
3.594;-600;-1002;0;0
3.599;-587;-630;0;0
3.604;-575;-227;0;0
3.609;-562;28;0;0
3.614;-549;429;0;0
3.619;-535;736;0;0
3.624;-515;1091;0;0
3.629;-495;1452;0;0
3.634;-474;1741;0;0
3.639;-446;1996;0;0
3.644;-411;2308;0;0
3.649;-382;2597;0;0
3.654;-353;2767;0;0
3.659;-323;3132;0;0
3.664;-286;3420;0;0
3.669;-256;3583;0;0
3.674;-218;3833;0;0
3.679;-171;4092;0;0
3.684;-133;4511;0;0
3.689;-94;4622;0;0
3.694;-47;4667;0;0
3.699;-15;4793;0;0
3.704;31;4821;0;0
3.709;70;4829;0;0
3.714;109;4837;0;0
3.719;148;4849;0;0
3.724;187;4809;0;0
3.729;225;4794;0;0
3.734;256;4682;0;0
3.739;294;4673;0;0
3.744;323;4634;0;0
3.749;353;4558;0;0
3.754;382;4379;0;0
3.759;404;4246;0;0
3.764;425;4129;0;0
3.769;446;3948;0;0
3.774;467;3794;0;0
3.779;481;3569;0;0
3.784;495;3410;0;0
3.789;509;3248;0;0
3.794;522;3054;0;0
3.799;529;2781;0;0
3.804;535;2553;0;0
3.809;535;2307;0;0
3.814;535;2041;0;0
3.819;535;1792;0;0
3.824;535;1566;0;0
3.829;529;1313;0;0
3.834;522;939;0;0
3.839;515;651;0;0
3.844;502;235;0;0
3.849;488;-135;0;0
3.854;474;-510;0;0
3.859;453;-772;0;0
3.864;439;-1144;0;0
3.869;411;-1443;0;0
3.874;397;-1720;0;0
3.879;368;-1936;0;0
3.884;346;-2221;0;0
3.889;309;-2542;0;0
3.894;278;-2773;0;0
3.899;248;-3084;0;0
3.904;218;-3303;0;0
3.909;179;-3499;0;0
3.914;148;-3682;0;0
3.919;109;-3847;0;0
3.924;78;-4026;0;0
3.929;47;-4141;0;0
3.934;0;-4216;0;0
3.939;-39;-4329;0;0
3.944;-78;-4335;0;0
3.949;-109;-4438;0;0
3.954;-140;-4503;0;0
3.959;-179;-4501;0;0
3.964;-218;-4458;0;0
3.969;-248;-4449;0;0
3.974;-278;-4426;0;0
3.979;-309;-4274;0;0
3.984;-331;-4181;0;0
3.989;-360;-4041;0;0
3.994;-389;-3951;0;0
3.999;-411;-3863;0;0
4.004;-425;-3678;0;0
4.009;-439;-3613;0;0
4.014;-467;-3501;0;0
4.019;-467;-3251;0;0
4.024;-481;-3027;0;0
4.029;-495;-2860;0;0
4.034;-495;-2610;0;0
4.039;-502;-2338;0;0
4.044;-502;-2090;0;0
4.049;-509;-1884;0;0
4.054;-502;-1501;0;0
4.059;-495;-1210;0;0
4.064;-495;-905;0;0
4.069;-488;-701;0;0
4.074;-481;-350;0;0
4.079;-467;-24;0;0
4.084;-460;223;0;0
4.089;-439;648;0;0
4.094;-425;970;0;0
4.099;-411;1267;0;0
4.104;-382;1541;0;0
4.109;-368;1794;0;0
4.114;-338;2138;0;0
4.119;-309;2531;0;0
4.124;-286;2759;0;0
4.129;-263;2987;0;0
4.134;-233;3254;0;0
4.139;-202;3425;0;0
4.144;-171;3630;0;0
4.149;-140;3783;0;0
4.154;-109;3903;0;0
4.159;-70;4095;0;0
4.164;-31;4159;0;0
4.169;0;4135;0;0
4.174;23;4112;0;0
4.179;62;4174;0;0
4.184;94;4217;0;0
4.189;125;4271;0;0
4.194;156;4199;0;0
4.199;179;4143;0;0
4.204;210;4085;0;0
4.209;233;4062;0;0
4.214;263;4112;0;0
4.219;294;3982;0;0
4.224;309;3896;0;0
4.229;331;3741;0;0
4.234;353;3695;0;0
4.239;368;3558;0;0
4.244;382;3432;0;0
4.249;397;3248;0;0
4.254;411;3084;0;0
4.259;418;2836;0;0
4.264;425;2682;0;0
4.269;432;2528;0;0
4.274;439;2352;0;0
4.279;439;2114;0;0
4.284;439;1871;0;0
4.289;439;1644;0;0
4.294;439;1440;0;0
4.299;432;1144;0;0
4.304;425;783;0;0
4.309;411;456;0;0
4.314;411;184;0;0
4.319;397;-105;0;0
4.324;382;-490;0;0
4.329;368;-822;0;0
4.334;346;-1120;0;0
4.339;323;-1449;0;0
4.344;309;-1677;0;0
4.349;294;-1915;0;0
4.354;263;-2232;0;0
4.359;241;-2632;0;0
4.364;218;-2745;0;0
4.369;187;-2888;0;0
4.374;164;-3062;0;0
4.379;140;-3185;0;0
4.384;109;-3384;0;0
4.389;78;-3547;0;0
4.394;47;-3636;0;0
4.399;15;-3698;0;0
4.404;-15;-3753;0;0
4.409;-39;-3838;0;0
4.414;-70;-3801;0;0
4.419;-101;-3748;0;0
4.424;-125;-3836;0;0
4.429;-156;-3919;0;0
4.434;-179;-3961;0;0
4.439;-210;-3903;0;0
4.444;-233;-3867;0;0
4.449;-256;-3807;0;0
4.454;-278;-3592;0;0
4.459;-294;-3549;0;0
4.464;-316;-3537;0;0
4.469;-331;-3361;0;0
4.474;-353;-3266;0;0
4.479;-368;-3182;0;0
4.484;-382;-3108;0;0
4.489;-382;-2851;0;0
4.494;-397;-2566;0;0
4.499;-404;-2457;0;0
4.504;-404;-2260;0;0
4.509;-411;-2081;0;0
4.514;-411;-1866;0;0
4.519;-411;-1651;0;0
4.524;-411;-1452;0;0
4.529;-404;-1225;0;0
4.534;-397;-933;0;0
4.539;-389;-657;0;0
4.544;-382;-287;0;0
4.549;-375;-72;0;0
4.554;-368;269;0;0
4.559;-346;709;0;0
4.564;-323;1101;0;0
4.569;-316;1252;0;0
4.574;-294;1505;0;0
4.579;-278;1685;0;0
4.584;-263;1901;0;0
4.589;-241;2116;0;0
4.594;-218;2298;0;0
4.599;-195;2594;0;0
4.604;-171;2838;0;0
4.609;-148;2935;0;0
4.614;-125;2996;0;0
4.619;-94;3214;0;0
4.624;-62;3410;0;0
4.629;-47;3424;0;0
4.634;-15;3410;0;0
4.639;0;3612;0;0
4.644;31;3713;0;0
4.649;62;3761;0;0
4.654;86;3745;0;0
4.659;109;3755;0;0
4.664;125;3696;0;0
4.669;156;3650;0;0
4.674;171;3654;0;0
4.679;195;3555;0;0
4.684;210;3393;0;0
4.689;233;3398;0;0
4.694;248;3365;0;0
4.699;263;3267;0;0
4.704;278;3144;0;0
4.709;294;3000;0;0
4.714;301;2782;0;0
4.719;316;2651;0;0
4.724;323;2658;0;0
4.729;331;2409;0;0
4.734;338;2239;0;0
4.739;338;2070;0;0
4.744;338;1854;0;0
4.749;346;1682;0;0
4.754;338;1449;0;0
4.759;338;1159;0;0
4.764;338;932;0;0
4.769;331;641;0;0
4.774;323;269;0;0
4.779;316;95;0;0
4.784;309;-212;0;0
4.789;294;-467;0;0
4.794;286;-659;0;0
4.799;271;-909;0;0
4.804;256;-1091;0;0
4.809;241;-1339;0;0
4.814;225;-1503;0;0
4.819;202;-1739;0;0
4.824;187;-1843;0;0
4.829;171;-2082;0;0
4.834;148;-2245;0;0
4.839;133;-2366;0;0
4.844;109;-2523;0;0
4.849;86;-2643;0;0
4.854;70;-2719;0;0
4.859;47;-2879;0;0
4.864;15;-2996;0;0
4.869;0;-3082;0;0
4.874;-23;-3128;0;0
4.879;-47;-3229;0;0
4.884;-62;-3235;0;0
4.889;-86;-3275;0;0
4.894;-109;-3311;0;0
4.899;-133;-3427;0;0
4.904;-156;-3294;0;0
4.909;-171;-3287;0;0
4.914;-187;-3242;0;0
4.919;-202;-3156;0;0
4.924;-225;-3143;0;0
4.929;-233;-3065;0;0
4.934;-248;-2976;0;0
4.939;-263;-2860;0;0
4.944;-271;-2653;0;0
4.949;-286;-2530;0;0
4.954;-294;-2460;0;0
4.959;-294;-2251;0;0
4.964;-301;-2058;0;0
4.969;-309;-1976;0;0
4.974;-309;-1808;0;0
4.979;-309;-1616;0;0
4.984;-309;-1431;0;0
4.989;-309;-1262;0;0
4.994;-309;-1110;0;0
4.999;-301;-911;0;0
5.004;-294;-562;0;0
5.009;-294;-351;0;0
5.014;-286;-159;0;0
5.019;-271;72;0;0
5.024;-263;392;0;0
5.029;-256;543;0;0
5.034;-241;840;0;0
5.039;-233;1071;0;0
5.044;-210;1312;0;0
5.049;-195;1525;0;0
5.054;-179;1672;0;0
5.059;-164;1806;0;0
5.064;-148;1943;0;0
5.069;-133;2020;0;0
5.074;-109;2263;0;0
5.079;-86;2513;0;0
5.084;-62;2532;0;0
5.089;-47;2728;0;0
5.094;-31;2643;0;0
5.099;-15;2791;0;0
5.104;0;2864;0;0
5.109;23;2923;0;0
5.114;47;3012;0;0
5.119;62;3019;0;0
5.124;78;2985;0;0
5.129;101;2995;0;0
5.134;117;2964;0;0
5.139;133;2926;0;0
5.144;148;2901;0;0
5.149;164;3102;0;0
5.154;171;3020;0;0
5.159;187;2926;0;0
5.164;202;2883;0;0
5.169;210;2688;0;0
5.174;218;2603;0;0
5.179;233;2518;0;0
5.184;233;2338;0;0
5.189;248;2148;0;0
5.194;248;2030;0;0
5.199;256;1856;0;0
5.204;256;1702;0;0
5.209;263;1598;0;0
5.214;263;1469;0;0
5.219;263;1322;0;0
5.224;256;1036;0;0
5.229;256;823;0;0
5.234;248;567;0;0
5.239;241;382;0;0
5.244;233;139;0;0
5.249;233;-49;0;0
5.254;218;-204;0;0
5.259;210;-433;0;0
5.264;202;-674;0;0
5.269;195;-784;0;0
5.274;179;-993;0;0
5.279;171;-1188;0;0
5.284;156;-1440;0;0
5.289;140;-1634;0;0
5.294;125;-1715;0;0
5.299;109;-1903;0;0
5.304;94;-1916;0;0
5.309;78;-2100;0;0
5.314;62;-2080;0;0
5.319;47;-2230;0;0
5.324;31;-2326;0;0
5.329;15;-2491;0;0
5.334;0;-2590;0;0
5.339;-15;-2650;0;0
5.344;-31;-2752;0;0
5.349;-47;-2761;0;0
5.354;-62;-2793;0;0
5.359;-78;-2760;0;0
5.364;-101;-2749;0;0
5.369;-109;-2724;0;0
5.374;-125;-2728;0;0
5.379;-140;-2807;0;0
5.384;-156;-2634;0;0
5.389;-164;-2600;0;0
5.394;-171;-2510;0;0
5.399;-187;-2482;0;0
5.404;-195;-2342;0;0
5.409;-202;-2273;0;0
5.414;-210;-2107;0;0
5.419;-218;-2010;0;0
5.424;-218;-1869;0;0
5.429;-225;-1760;0;0
5.434;-233;-1634;0;0
5.439;-233;-1529;0;0
5.444;-233;-1386;0;0
5.449;-233;-1239;0;0
5.454;-233;-1100;0;0
5.459;-225;-898;0;0
5.464;-225;-714;0;0
5.469;-218;-467;0;0
5.474;-210;-274;0;0
5.479;-202;-22;0;0
5.484;-202;141;0;0
5.489;-195;297;0;0
5.494;-187;464;0;0
5.499;-171;648;0;0
5.504;-164;737;0;0
5.509;-156;919;0;0
5.514;-140;1096;0;0
5.519;-133;1165;0;0
5.524;-117;1411;0;0
5.529;-101;1608;0;0
5.534;-86;1788;0;0
5.539;-78;1883;0;0
5.544;-62;1914;0;0
5.549;-47;2023;0;0
5.554;-39;2024;0;0
5.559;-23;2069;0;0
5.564;-15;2161;0;0
5.569;0;2233;0;0
5.574;15;2365;0;0
5.579;31;2437;0;0
5.584;47;2505;0;0
5.589;54;2390;0;0
5.594;70;2361;0;0
5.599;78;2335;0;0
5.604;94;2198;0;0
5.609;101;2188;0;0
5.614;109;2166;0;0
5.619;125;2149;0;0
5.624;133;2118;0;0
5.629;140;2049;0;0
5.634;148;1906;0;0
5.639;156;1870;0;0
5.644;164;1751;0;0
5.649;171;1727;0;0
5.654;171;1636;0;0
5.659;171;1486;0;0
5.664;179;1328;0;0
5.669;179;1226;0;0
5.674;179;1109;0;0
5.679;179;993;0;0
5.684;179;885;0;0
5.689;179;785;0;0
5.694;171;649;0;0
5.699;171;514;0;0
5.704;171;406;0;0
5.709;171;316;0;0
5.714;156;194;0;0
5.719;156;-35;0;0
5.724;148;-232;0;0
5.729;140;-431;0;0
5.734;133;-518;0;0
5.739;125;-721;0;0
5.744;109;-839;0;0
5.749;109;-969;0;0
5.754;94;-1018;0;0
5.759;86;-1165;0;0
5.764;78;-1346;0;0
5.769;62;-1347;0;0
5.774;54;-1497;0;0
5.779;47;-1576;0;0
5.784;31;-1660;0;0
5.789;15;-1764;0;0
5.794;15;-1742;0;0
5.799;0;-1899;0;0
5.804;-15;-2022;0;0
5.809;-23;-1958;0;0
5.814;-31;-1960;0;0
5.819;-47;-1993;0;0
5.824;-54;-1928;0;0
5.829;-70;-1953;0;0
5.834;-78;-2016;0;0
5.839;-86;-1905;0;0
5.844;-94;-1894;0;0
5.849;-109;-1916;0;0
5.854;-109;-1856;0;0
5.859;-117;-1747;0;0
5.864;-125;-1717;0;0
5.869;-133;-1636;0;0
5.874;-140;-1537;0;0
5.879;-140;-1490;0;0
5.884;-140;-1367;0;0
5.889;-148;-1250;0;0
5.894;-148;-1163;0;0
5.899;-156;-1135;0;0
5.904;-156;-1076;0;0
5.909;-156;-990;0;0
5.914;-156;-896;0;0
5.919;-156;-805;0;0
5.924;-156;-720;0;0
5.929;-148;-563;0;0
5.934;-148;-438;0;0
5.939;-140;-243;0;0
5.944;-140;-118;0;0
5.949;-140;-39;0;0
5.954;-125;106;0;0
5.959;-117;316;0;0
5.964;-109;544;0;0
5.969;-109;637;0;0
5.974;-101;692;0;0
5.979;-94;868;0;0
5.984;-86;963;0;0
5.989;-78;1027;0;0
5.994;-70;1048;0;0
5.999;-62;1167;0;0
6.004;-47;1230;0;0
6.009;-47;1271;0;0
6.014;-39;1277;0;0
6.019;-23;1303;0;0
6.024;-15;1398;0;0
6.029;-15;1365;0;0
6.034;0;1440;0;0
6.039;15;1558;0;0
6.044;15;1576;0;0
6.049;31;1529;0;0
6.054;39;1559;0;0
6.059;47;1644;0;0
6.064;47;1556;0;0
6.069;54;1480;0;0
6.074;62;1490;0;0
6.079;70;1495;0;0
6.084;78;1504;0;0
6.089;78;1398;0;0
6.094;86;1334;0;0
6.099;94;1341;0;0
6.104;94;1274;0;0
6.109;101;1226;0;0
6.114;101;1148;0;0
6.119;109;1144;0;0
6.124;109;1072;0;0
6.129;109;980;0;0
6.134;109;884;0;0
6.139;109;792;0;0
6.144;109;707;0;0
6.149;109;632;0;0
6.154;109;560;0;0
6.159;109;499;0;0
6.164;109;444;0;0
6.169;109;393;0;0
6.174;101;315;0;0
6.179;101;241;0;0
6.184;94;64;0;0
6.189;94;-40;0;0
6.194;86;-158;0;0
6.199;78;-331;0;0
6.204;78;-394;0;0
6.209;70;-465;0;0
6.214;62;-614;0;0
6.219;54;-720;0;0
6.224;47;-865;0;0
6.229;47;-892;0;0
6.234;39;-891;0;0
6.239;31;-1032;0;0
6.244;23;-1082;0;0
6.249;15;-1204;0;0
6.254;15;-1157;0;0
6.259;0;-1186;0;0
6.264;0;-1230;0;0
6.269;-15;-1292;0;0
6.274;-15;-1293;0;0
6.279;-23;-1218;0;0
6.284;-31;-1229;0;0
6.289;-31;-1225;0;0
6.294;-39;-1232;0;0
6.299;-47;-1267;0;0
6.304;-47;-1197;0;0
6.309;-54;-1163;0;0
6.314;-62;-1207;0;0
6.319;-62;-1153;0;0
6.324;-70;-1147;0;0
6.329;-78;-1145;0;0
6.334;-78;-1115;0;0
6.339;-78;-1033;0;0
6.344;-78;-940;0;0
6.349;-78;-847;0;0
6.354;-86;-771;0;0
6.359;-86;-722;0;0
6.364;-86;-665;0;0
6.369;-86;-605;0;0
6.374;-86;-547;0;0
6.379;-86;-495;0;0
6.384;-86;-444;0;0
6.389;-78;-343;0;0
6.394;-78;-261;0;0
6.399;-78;-200;0;0
6.404;-78;-147;0;0
6.409;-78;-105;0;0
6.414;-70;-66;0;0
6.419;-70;3;0;0
6.424;-62;146;0;0
6.429;-62;239;0;0
6.434;-54;288;0;0
6.439;-54;364;0;0
6.444;-47;488;0;0
6.449;-47;530;0;0
6.454;-47;526;0;0
6.459;-39;554;0;0
6.464;-31;644;0;0
6.469;-31;684;0;0
6.474;-23;741;0;0
6.479;-15;826;0;0
6.484;-15;846;0;0
6.489;-15;805;0;0
6.494;-7;801;0;0
6.499;0;881;0;0
6.504;7;877;0;0
6.509;15;937;0;0
6.514;15;987;0;0
6.519;15;941;0;0
6.524;15;869;0;0
6.529;23;837;0;0
6.534;31;896;0;0
6.539;31;881;0;0
6.544;39;861;0;0
6.549;39;841;0;0
6.554;47;892;0;0
6.559;47;866;0;0
6.564;47;807;0;0
6.569;47;740;0;0
6.574;47;671;0;0
6.579;47;606;0;0
6.584;47;546;0;0
6.589;47;487;0;0
6.594;47;437;0;0
6.599;47;393;0;0
6.604;47;349;0;0
6.609;47;312;0;0
6.614;47;281;0;0
6.619;47;254;0;0
6.624;47;231;0;0
6.629;47;204;0;0
6.634;47;181;0;0
6.639;47;162;0;0
6.644;47;145;0;0
6.649;47;131;0;0
6.654;47;119;0;0
6.659;39;94;0;0
6.664;39;65;0;0
6.669;31;-83;0;0
6.674;31;-175;0;0
6.679;31;-218;0;0
6.684;23;-291;0;0
6.689;15;-329;0;0
6.694;15;-427;0;0
6.699;15;-451;0;0
6.704;15;-446;0;0
6.709;15;-428;0;0
6.714;7;-433;0;0
6.719;0;-488;0;0
6.724;0;-567;0;0
6.729;0;-572;0;0
6.734;-7;-577;0;0
6.739;-7;-584;0;0
6.744;-15;-608;0;0
6.749;-15;-632;0;0
6.754;-15;-612;0;0
6.759;-15;-577;0;0
6.764;-15;-534;0;0
6.769;-15;-491;0;0
6.774;-23;-489;0;0
6.779;-23;-469;0;0
6.784;-23;-441;0;0
6.789;-23;-410;0;0
6.794;-31;-436;0;0
6.799;-31;-437;0;0
6.804;-31;-421;0;0
6.809;-31;-398;0;0
6.814;-31;-371;0;0
6.819;-31;-346;0;0
6.824;-31;-317;0;0
6.829;-31;-292;0;0
6.834;-31;-267;0;0
6.839;-31;-243;0;0
6.844;-31;-222;0;0
6.849;-31;-204;0;0
6.854;-31;-188;0;0
6.859;-31;-173;0;0
6.864;-31;-155;0;0
6.869;-31;-139;0;0
6.874;-31;-126;0;0
6.879;-31;-115;0;0
6.884;-23;-82;0;0
6.889;-23;-54;0;0
6.894;-23;-31;0;0
6.899;-23;-11;0;0
6.904;-15;24;0;0
6.909;-15;91;0;0
6.914;-15;130;0;0
6.919;-15;152;0;0
6.924;-15;164;0;0
6.929;-15;170;0;0
6.934;-15;167;0;0
6.939;-15;165;0;0
6.944;-7;160;0;0
6.949;-7;183;0;0
6.954;-7;193;0;0
6.959;-7;195;0;0
6.964;0;246;0;0
6.969;0;287;0;0
6.974;0;301;0;0
6.979;0;301;0;0
6.984;0;293;0;0
6.989;0;280;0;0
6.994;0;263;0;0
6.999;7;265;0;0
7.004;7;272;0;0
7.009;7;270;0;0
7.014;7;260;0;0
7.019;7;249;0;0
7.024;7;235;0;0
7.029;7;223;0;0
7.034;7;206;0;0
7.039;7;191;0;0
7.044;7;177;0;0
7.049;7;166;0;0
7.054;7;156;0;0
7.059;7;144;0;0
7.064;7;130;0;0
7.069;7;118;0;0
7.074;7;108;0;0
7.079;7;100;0;0
7.084;7;92;0;0
7.089;7;86;0;0
7.094;7;81;0;0
7.099;7;76;0;0
7.104;7;72;0;0
7.109;7;69;0;0
7.114;7;66;0;0
7.119;7;64;0;0
7.124;0;49;0;0
7.129;0;34;0;0
7.134;0;21;0;0
7.139;0;10;0;0
7.144;0;1;0;0
7.149;0;-6;0;0
7.154;0;-13;0;0
7.159;0;-18;0;0
7.164;0;-23;0;0
7.169;0;-27;0;0
7.174;0;-31;0;0
7.179;0;-34;0;0
7.184;0;-36;0;0
7.189;0;-38;0;0
7.194;0;-40;0;0
7.199;0;-38;0;0
7.204;0;-32;0;0
7.209;0;-27;0;0
7.214;0;-19;0;0
7.219;0;-9;0;0
7.224;0;0;0;0
7.229;0;7;0;0
7.234;0;14;0;0
7.239;0;19;0;0
7.244;0;24;0;0
7.249;0;28;0;0
7.254;0;31;0;0
7.259;0;34;0;0
7.264;0;37;0;0
7.269;0;39;0;0
7.274;0;40;0;0
7.279;0;42;0;0
7.284;0;43;0;0
7.289;0;44;0;0
7.294;0;45;0;0
7.299;0;46;0;0
7.304;0;47;0;0
7.309;0;47;0;0
7.314;0;55;0;0
7.319;0;62;0;0
7.324;0;68;0;0
7.329;0;73;0;0
7.334;0;77;0;0
7.339;0;81;0;0
7.344;0;84;0;0
7.349;0;87;0;0
7.354;0;89;0;0
7.359;0;91;0;0
7.364;0;97;0;0
7.369;0;106;0;0
7.374;0;113;0;0
7.379;0;119;0;0
7.384;0;124;0;0
7.389;0;131;0;0
7.394;0;142;0;0
7.399;0;151;0;0
7.404;0;160;0;0
7.409;0;174;0;0
7.414;0;187;0;0
7.419;0;205;0;0
7.424;0;226;0;0
7.429;0;249;0;0
7.434;0;273;0;0
7.439;0;295;0;0
7.444;0;314;0;0
7.449;0;330;0;0
7.454;0;343;0;0
7.459;0;354;0;0
7.464;0;363;0;0
7.469;0;370;0;0
7.474;0;376;0;0
7.479;0;382;0;0
7.484;0;386;0;0
7.489;0;390;0;0
7.494;0;393;0;0
7.499;0;395;0;0
7.504;0;397;0;0
7.509;0;399;0;0
7.514;0;401;0;0
7.519;0;402;0;0
7.524;0;403;0;0
7.529;0;404;0;0
7.534;0;404;0;0
7.539;0;405;0;0
7.544;0;405;0;0
7.549;0;406;0;0
7.554;0;406;0;0
7.559;0;406;0;0
7.564;0;407;0;0
7.569;0;407;0;0
7.574;0;407;0;0
7.579;0;407;0;0
7.584;0;407;0;0
7.589;0;407;0;0
7.594;0;408;0;0
7.599;0;408;0;0
7.604;0;408;0;0
7.609;0;408;0;0
7.614;0;408;0;0
7.619;0;408;0;0
7.624;0;408;0;0
7.629;0;408;0;0
7.634;0;408;0;0
7.639;0;408;0;0
7.644;0;408;0;0
7.649;0;408;0;0
7.654;0;408;0;0
7.659;0;408;0;0
7.664;0;408;0;0
7.669;0;408;0;0
7.674;0;408;0;0
7.679;0;408;0;0
7.684;0;408;0;0
7.689;0;408;0;0
7.694;0;408;0;0
7.699;0;408;0;0
7.704;0;408;0;0
7.709;0;408;0;0
7.714;0;408;0;0
7.719;0;408;0;0
7.724;0;408;0;0
7.729;0;408;0;0
7.734;0;408;0;0
7.739;0;408;0;0
7.744;0;408;0;0
7.749;0;408;0;0
7.754;0;408;0;0
7.759;0;408;0;0
7.764;0;408;0;0
7.769;0;408;0;0
7.774;0;408;0;0
7.779;0;408;0;0
7.784;0;408;0;0
7.789;0;408;0;0
7.794;0;408;0;0
7.799;0;408;0;0
7.804;0;408;0;0
7.809;0;408;0;0
7.814;0;408;0;0
7.819;0;408;0;0
7.824;0;408;0;0
7.829;0;408;0;0
7.834;0;408;0;0
7.839;0;408;0;0
7.844;0;408;0;0
7.849;0;408;0;0
7.854;0;408;0;0
7.859;0;408;0;0
7.864;0;408;0;0
7.869;0;408;0;0
7.874;0;408;0;0
7.879;0;408;0;0
7.884;0;408;0;0
7.889;0;408;0;0
7.894;0;408;0;0
7.899;0;408;0;0
7.904;0;408;0;0
7.909;0;408;0;0
7.914;0;408;0;0
7.919;0;408;0;0
7.924;0;408;0;0
7.929;0;408;0;0
7.934;0;408;0;0
7.939;0;408;0;0
7.944;0;408;0;0
7.949;0;408;0;0
7.954;0;408;0;0
7.959;0;408;0;0
7.964;0;408;0;0
7.969;0;408;0;0
7.974;0;408;0;0
7.979;0;408;0;0
7.984;0;408;0;0
7.989;0;408;0;0
7.994;0;408;0;0
7.999;0;408;0;0
8.004;0;408;0;0
8.009;0;408;0;0
8.014;0;408;0;0
8.019;0;408;0;0
8.024;0;408;0;0
8.029;0;408;0;0
8.034;0;408;0;0
8.039;0;408;0;0
8.044;0;408;0;0
8.049;0;408;0;0
8.054;0;408;0;0
8.059;0;408;0;0
8.064;0;408;0;0
8.069;0;408;0;0
8.074;0;408;0;0
8.079;0;408;0;0
8.084;0;408;0;0
8.089;0;408;0;0
8.094;0;408;0;0
8.099;0;408;0;0
8.104;0;408;0;0
8.109;0;408;0;0
8.114;0;408;0;0
8.119;0;408;0;0
8.124;0;408;0;0
8.129;0;408;0;0
8.134;0;408;0;0
8.139;0;408;0;0
8.144;0;408;0;0
8.149;0;408;0;0
8.154;0;408;0;0
8.159;0;408;0;0
8.164;0;408;0;0
8.169;0;408;0;0
8.174;0;408;0;0
8.179;0;408;0;0
8.184;0;408;0;0
8.189;0;408;0;0
8.194;0;408;0;0
8.199;0;408;0;0
8.204;0;408;0;0
8.209;0;408;0;0
8.214;0;408;0;0
8.219;0;408;0;0
8.224;0;408;0;0
8.229;0;408;0;0
8.234;0;408;0;0
8.239;0;408;0;0
8.244;0;408;0;0
8.249;0;408;0;0
8.254;0;408;0;0
8.259;0;408;0;0
8.264;0;408;0;0
8.269;0;408;0;0
8.274;0;408;0;0
8.279;0;408;0;0
8.284;0;408;0;0
8.289;0;408;0;0
8.294;0;408;0;0
8.299;0;408;0;0
8.304;0;408;0;0
8.309;0;408;0;0
8.314;0;408;0;0
8.319;0;408;0;0
8.324;0;408;0;0
8.329;0;408;0;0
8.334;0;408;0;0
8.339;0;408;0;0
8.344;0;408;0;0
8.349;0;408;0;0
8.354;0;408;0;0
8.359;0;408;0;0
8.364;0;408;0;0
8.369;0;408;0;0
8.374;0;408;0;0
8.379;0;408;0;0
8.384;0;408;0;0
8.389;0;408;0;0
8.394;0;408;0;0
8.399;0;408;0;0
8.404;0;408;0;0
8.409;0;408;0;0
8.414;0;408;0;0
8.419;0;408;0;0
8.424;0;408;0;0
8.429;0;408;0;0
8.434;0;408;0;0
8.439;0;408;0;0
8.444;0;408;0;0
8.449;0;408;0;0
8.454;0;408;0;0
8.459;0;408;0;0
8.464;0;408;0;0
8.469;0;408;0;0
8.474;0;408;0;0
8.479;0;408;0;0
8.484;0;408;0;0
8.489;0;408;0;0
8.494;0;408;0;0
8.499;0;408;0;0
8.504;0;408;0;0
8.509;0;408;0;0
8.514;0;408;0;0
8.519;0;408;0;0
8.524;0;408;0;0
8.529;0;408;0;0
8.534;0;408;0;0
8.539;0;408;0;0
8.544;0;408;0;0
8.549;0;408;0;0
8.554;0;408;0;0
8.559;0;408;0;0
8.564;0;408;0;0
8.569;0;408;0;0
8.574;0;408;0;0
8.579;0;408;0;0
8.584;0;408;0;0
8.589;0;408;0;0
8.594;0;408;0;0
8.599;0;408;0;0
8.604;0;408;0;0
8.609;0;408;0;0
8.614;0;408;0;0
8.619;0;408;0;0
8.624;0;408;0;0
8.629;0;408;0;0
8.634;0;408;0;0
8.639;0;408;0;0
8.644;0;408;0;0
8.649;0;408;0;0
8.654;0;408;0;0
8.659;0;408;0;0
8.664;0;408;0;0
8.669;0;408;0;0
8.674;0;408;0;0
8.679;0;408;0;0
8.684;0;408;0;0
8.689;0;408;0;0
8.694;0;408;0;0
8.699;0;408;0;0
8.704;0;408;0;0
8.709;0;408;0;0
8.714;0;408;0;0
8.719;0;408;0;0
8.724;0;408;0;0
8.729;0;408;0;0
8.734;0;408;0;0
8.739;0;408;0;0
8.744;0;408;0;0
8.749;0;408;0;0
8.754;0;408;0;0
8.759;0;408;0;0
8.764;0;408;0;0
8.769;0;408;0;0
8.774;0;408;0;0
8.779;0;408;0;0
8.784;0;408;0;0
8.789;0;408;0;0
8.794;0;408;0;0
8.799;0;408;0;0
8.804;0;408;0;0
8.809;0;408;0;0
8.814;0;408;0;0
8.819;0;408;0;0
8.824;0;408;0;0
8.829;0;408;0;0
8.834;0;408;0;0
8.839;0;408;0;0
8.844;0;408;0;0
8.849;0;408;0;0
8.854;0;408;0;0
8.859;0;408;0;0
8.864;0;408;0;0
8.869;0;408;0;0
8.874;0;408;0;0
8.879;0;408;0;0
8.884;0;408;0;0
8.889;0;408;0;0
8.894;0;408;0;0
8.899;0;408;0;0
8.904;0;408;0;0
8.909;0;408;0;0
8.914;0;408;0;0
8.919;0;408;0;0
8.924;0;408;0;0
8.929;0;408;0;0
8.934;0;408;0;0
8.939;0;408;0;0
8.944;0;408;0;0
8.949;0;408;0;0
8.954;0;408;0;0
8.959;0;408;0;0
8.964;0;408;0;0
8.969;0;408;0;0
8.974;0;408;0;0
8.979;0;408;0;0
8.984;0;408;0;0
8.989;0;408;0;0
8.994;0;408;0;0
8.999;0;408;0;0
9.004;0;408;0;0
9.009;0;408;0;0
9.014;0;408;0;0
9.019;0;408;0;0
9.024;0;408;0;0
9.029;0;408;0;0
9.034;0;408;0;0
9.039;0;408;0;0
9.044;0;408;0;0
9.049;0;408;0;0
9.054;0;408;0;0
9.059;0;408;0;0
9.064;0;408;0;0
9.069;0;408;0;0
9.074;0;408;0;0
9.079;0;408;0;0
9.084;0;408;0;0
9.089;0;408;0;0
9.094;0;408;0;0
9.099;0;408;0;0
9.104;0;408;0;0
9.109;0;408;0;0
9.114;0;408;0;0
9.119;0;408;0;0
9.124;0;408;0;0
9.129;0;408;0;0
9.134;0;408;0;0
9.139;0;408;0;0
9.144;0;408;0;0
9.149;0;408;0;0
9.154;0;408;0;0
9.159;0;408;0;0
9.164;0;408;0;0
9.169;0;408;0;0
9.174;0;408;0;0
9.179;0;408;0;0
9.184;0;408;0;0
9.189;0;408;0;0
9.194;0;408;0;0
9.199;0;408;0;0
9.204;0;408;0;0
9.209;0;408;0;0
9.214;0;408;0;0
9.219;0;408;0;0
9.224;0;408;0;0
9.229;0;408;0;0
9.234;0;408;0;0
9.239;0;408;0;0
9.244;0;408;0;0
9.249;0;408;0;0
9.254;0;408;0;0
9.259;0;408;0;0
9.264;0;408;0;0
9.269;0;408;0;0
9.274;0;408;0;0
9.279;0;408;0;0
9.284;0;408;0;0
9.289;0;408;0;0
9.294;0;408;0;0
9.299;0;408;0;0
9.304;0;408;0;0
9.309;0;408;0;0
9.314;0;408;0;0
9.319;0;408;0;0
9.324;0;408;0;0
9.329;0;408;0;0
9.334;0;408;0;0
9.339;0;408;0;0
9.344;0;408;0;0
9.349;0;408;0;0
9.354;0;408;0;0
9.359;15;711;0;0
9.364;31;936;0;0
9.369;54;1281;0;0
9.374;78;1756;0;0
9.379;109;2136;0;0
9.384;140;2520;0;0
9.389;171;2838;0;0
9.394;202;3052;0;0
9.399;233;3188;0;0
9.404;263;3272;0;0
9.409;286;3398;0;0
9.414;309;3387;0;0
9.419;331;3342;0;0
9.424;353;3325;0;0
9.429;375;3264;0;0
9.434;389;3190;0;0
9.439;411;3152;0;0
9.444;418;2980;0;0
9.449;432;2850;0;0
9.454;439;2714;0;0
9.459;446;2506;0;0
9.464;453;2371;0;0
9.469;460;2205;0;0
9.474;460;1989;0;0
9.479;460;1764;0;0
9.484;460;1553;0;0
9.489;453;1308;0;0
9.494;446;1030;0;0
9.499;439;653;0;0
9.504;432;384;0;0
9.509;425;59;0;0
9.514;411;-266;0;0
9.519;397;-527;0;0
9.524;382;-869;0;0
9.529;360;-1255;0;0
9.534;338;-1516;0;0
9.539;323;-1839;0;0
9.544;294;-2061;0;0
9.549;278;-2318;0;0
9.554;248;-2556;0;0
9.559;218;-2815;0;0
9.564;195;-2985;0;0
9.569;171;-3103;0;0
9.574;140;-3349;0;0
9.579;109;-3572;0;0
9.584;78;-3774;0;0
9.589;47;-3875;0;0
9.594;15;-4028;0;0
9.599;-15;-4151;0;0
9.604;-47;-4324;0;0
9.609;-78;-4346;0;0
9.614;-109;-4367;0;0
9.619;-140;-4381;0;0
9.624;-171;-4285;0;0
9.629;-202;-4243;0;0
9.634;-225;-4210;0;0
9.639;-248;-4116;0;0
9.644;-271;-4056;0;0
9.649;-294;-3966;0;0
9.654;-316;-3814;0;0
9.659;-331;-3632;0;0
9.664;-353;-3571;0;0
9.669;-375;-3514;0;0
9.674;-382;-3317;0;0
9.679;-397;-3051;0;0
9.684;-411;-2863;0;0
9.689;-411;-2683;0;0
9.694;-418;-2449;0;0
9.699;-425;-2308;0;0
9.704;-425;-2078;0;0
9.709;-432;-1889;0;0
9.714;-432;-1687;0;0
9.719;-425;-1374;0;0
9.724;-425;-1108;0;0
9.729;-418;-808;0;0
9.734;-411;-505;0;0
9.739;-404;-274;0;0
9.744;-389;63;0;0
9.749;-382;407;0;0
9.754;-368;641;0;0
9.759;-346;1019;0;0
9.764;-323;1397;0;0
9.769;-309;1570;0;0
9.774;-294;1809;0;0
9.779;-271;2080;0;0
9.784;-248;2202;0;0
9.789;-233;2379;0;0
9.794;-202;2616;0;0
9.799;-171;2851;0;0
9.804;-148;3019;0;0
9.809;-125;3030;0;0
9.814;-94;3184;0;0
9.819;-62;3354;0;0
9.824;-39;3454;0;0
9.829;-15;3502;0;0
9.834;7;3553;0;0
9.839;39;3635;0;0
9.844;70;3675;0;0
9.849;94;3732;0;0
9.854;117;3670;0;0
9.859;140;3660;0;0
9.864;164;3619;0;0
9.869;187;3596;0;0
9.874;210;3552;0;0
9.879;233;3432;0;0
9.884;248;3364;0;0
9.889;263;3352;0;0
9.894;278;3239;0;0
9.899;294;3142;0;0
9.904;309;3026;0;0
9.909;323;2942;0;0
9.914;338;2738;0;0
9.919;346;2574;0;0
9.924;353;2456;0;0
9.929;353;2242;0;0
9.934;360;2048;0;0
9.939;360;1844;0;0
9.944;360;1636;0;0
9.949;360;1442;0;0
9.954;360;1266;0;0
9.959;353;1057;0;0
9.964;353;854;0;0
9.969;346;626;0;0
9.974;338;283;0;0
9.979;323;-95;0;0
9.984;316;-308;0;0
9.989;301;-608;0;0
9.994;294;-903;0;0
9.999;271;-1196;0;0
10.004;256;-1387;0;0
10.009;241;-1651;0;0
10.014;218;-1761;0;0
10.019;202;-2009;0;0
10.024;179;-2321;0;0
10.029;164;-2421;0;0
10.034;140;-2617;0;0
10.039;117;-2740;0;0
10.044;94;-2821;0;0
10.049;78;-2912;0;0
10.054;47;-3104;0;0
10.059;23;-3206;0;0
10.064;0;-3297;0;0
10.069;-23;-3293;0;0
10.074;-47;-3480;0;0
10.079;-70;-3488;0;0
10.084;-94;-3473;0;0
10.089;-117;-3523;0;0
10.094;-140;-3561;0;0
10.099;-164;-3477;0;0
10.104;-179;-3399;0;0
10.109;-202;-3363;0;0
10.114;-218;-3288;0;0
10.119;-233;-3256;0;0
10.124;-256;-3121;0;0
10.129;-263;-3015;0;0
10.134;-278;-2941;0;0
10.139;-294;-2875;0;0
10.144;-294;-2660;0;0
10.149;-309;-2546;0;0
10.154;-316;-2372;0;0
10.159;-323;-2265;0;0
10.164;-323;-2066;0;0
10.169;-323;-1840;0;0
10.174;-323;-1624;0;0
10.179;-323;-1428;0;0
10.184;-323;-1251;0;0
10.189;-323;-1094;0;0
10.194;-323;-957;0;0
10.199;-316;-796;0;0
10.204;-309;-491;0;0
10.209;-301;-242;0;0
10.214;-294;70;0;0
10.219;-286;258;0;0
10.224;-271;521;0;0
10.229;-263;762;0;0
10.234;-248;979;0;0
10.239;-233;1220;0;0
10.244;-218;1545;0;0
10.249;-202;1800;0;0
10.254;-179;1946;0;0
10.259;-164;2129;0;0
10.264;-140;2290;0;0
10.269;-125;2314;0;0
10.274;-101;2503;0;0
10.279;-78;2725;0;0
10.284;-62;2850;0;0
10.289;-47;2873;0;0
10.294;-23;2904;0;0
10.299;-7;2884;0;0
10.304;15;3003;0;0
10.309;47;3087;0;0
10.314;62;3069;0;0
10.319;78;3096;0;0
10.324;94;3090;0;0
10.329;109;3055;0;0
10.334;133;3121;0;0
10.339;156;3021;0;0
10.344;171;3102;0;0
10.349;179;2906;0;0
10.354;195;2924;0;0
10.359;210;2873;0;0
10.364;218;2789;0;0
10.369;233;2707;0;0
10.374;241;2489;0;0
10.379;248;2388;0;0
10.384;256;2264;0;0
10.389;263;2208;0;0
10.394;263;2008;0;0
10.399;271;1799;0;0
10.404;271;1638;0;0
10.409;271;1464;0;0
10.414;271;1299;0;0
10.419;271;1146;0;0
10.424;263;953;0;0
10.429;263;766;0;0
10.434;263;615;0;0
10.439;256;409;0;0
10.444;248;152;0;0
10.449;233;-157;0;0
10.454;233;-330;0;0
10.459;218;-602;0;0
10.464;202;-911;0;0
10.469;195;-996;0;0
10.474;179;-1239;0;0
10.479;171;-1435;0;0
10.484;156;-1664;0;0
10.489;140;-1816;0;0
10.494;125;-2005;0;0
10.499;109;-2136;0;0
10.504;94;-2215;0;0
10.509;78;-2298;0;0
10.514;54;-2427;0;0
10.519;39;-2483;0;0
10.524;15;-2577;0;0
10.529;0;-2548;0;0
10.534;-15;-2704;0;0
10.539;-31;-2721;0;0
10.544;-47;-2795;0;0
10.549;-62;-2780;0;0
10.554;-78;-2877;0;0
10.559;-101;-2906;0;0
10.564;-109;-2860;0;0
10.569;-133;-2794;0;0
10.574;-140;-2762;0;0
10.579;-156;-2816;0;0
10.584;-171;-2792;0;0
10.589;-187;-2652;0;0
10.594;-195;-2581;0;0
10.599;-202;-2489;0;0
10.604;-210;-2317;0;0
10.609;-218;-2220;0;0
10.614;-233;-2115;0;0
10.619;-233;-2007;0;0
10.624;-233;-1813;0;0
10.629;-241;-1678;0;0
10.634;-241;-1512;0;0
10.639;-241;-1346;0;0
10.644;-241;-1191;0;0
10.649;-241;-1050;0;0
10.654;-241;-923;0;0
10.659;-233;-796;0;0
10.664;-233;-637;0;0
10.669;-233;-509;0;0
10.674;-225;-306;0;0
10.679;-218;-56;0;0
10.684;-202;228;0;0
10.689;-202;394;0;0
10.694;-187;623;0;0
10.699;-179;794;0;0
10.704;-171;959;0;0
10.709;-156;1166;0;0
10.714;-140;1331;0;0
10.719;-133;1406;0;0
10.724;-109;1736;0;0
10.729;-101;1875;0;0
10.734;-78;1964;0;0
10.739;-78;1958;0;0
10.744;-54;2029;0;0
10.749;-47;2135;0;0
10.754;-31;2217;0;0
10.759;-15;2288;0;0
10.764;0;2286;0;0
10.769;15;2439;0;0
10.774;31;2539;0;0
10.779;47;2634;0;0
10.784;62;2481;0;0
10.789;70;2456;0;0
10.794;78;2406;0;0
10.799;94;2409;0;0
10.804;109;2438;0;0
10.809;117;2314;0;0
10.814;133;2258;0;0
10.819;140;2247;0;0
10.824;148;2122;0;0
10.829;156;2090;0;0
10.834;171;2090;0;0
10.839;171;1980;0;0
10.844;179;1802;0;0
10.849;187;1684;0;0
10.854;187;1609;0;0
10.859;187;1467;0;0
10.864;195;1376;0;0
10.869;195;1256;0;0
10.874;195;1130;0;0
10.879;195;1009;0;0
10.884;195;895;0;0
10.889;187;762;0;0
10.894;187;603;0;0
10.899;187;476;0;0
10.904;179;276;0;0
10.909;171;22;0;0
10.914;171;-104;0;0
10.919;164;-224;0;0
10.924;156;-436;0;0
10.929;140;-650;0;0
10.934;140;-769;0;0
10.939;125;-886;0;0
10.944;117;-1025;0;0
10.949;109;-1188;0;0
10.954;94;-1217;0;0
10.959;86;-1339;0;0
10.964;78;-1452;0;0
10.969;62;-1543;0;0
10.974;47;-1672;0;0
10.979;39;-1678;0;0
10.984;23;-1841;0;0
10.989;15;-1924;0;0
10.994;0;-1977;0;0
10.999;-15;-2090;0;0
11.004;-23;-2051;0;0
11.009;-31;-2092;0;0
11.014;-47;-2103;0;0
11.019;-62;-2020;0;0
11.024;-70;-2061;0;0
11.029;-78;-2029;0;0
11.034;-94;-1993;0;0
11.039;-101;-1989;0;0
11.044;-109;-1988;0;0
11.049;-117;-1888;0;0
11.054;-125;-1892;0;0
11.059;-133;-1852;0;0
11.064;-140;-1798;0;0
11.069;-140;-1648;0;0
11.074;-156;-1575;0;0
11.079;-156;-1544;0;0
11.084;-164;-1471;0;0
11.089;-164;-1369;0;0
11.094;-171;-1321;0;0
11.099;-171;-1221;0;0
11.104;-171;-1105;0;0
11.109;-171;-990;0;0
11.114;-171;-882;0;0
11.119;-164;-773;0;0
11.124;-164;-608;0;0
11.129;-164;-478;0;0
11.134;-156;-275;0;0
11.139;-156;-144;0;0
11.144;-148;24;0;0
11.149;-140;255;0;0
11.154;-140;339;0;0
11.159;-133;433;0;0
11.164;-117;654;0;0
11.169;-109;866;0;0
11.174;-101;891;0;0
11.179;-94;1014;0;0
11.184;-86;1134;0;0
11.189;-78;1230;0;0
11.194;-70;1242;0;0
11.199;-62;1310;0;0
11.204;-47;1406;0;0
11.209;-39;1377;0;0
11.214;-31;1471;0;0
11.219;-15;1522;0;0
11.224;-15;1548;0;0
11.229;0;1574;0;0
11.234;15;1636;0;0
11.239;15;1666;0;0
11.244;31;1711;0;0
11.249;39;1751;0;0
11.254;47;1757;0;0
11.259;54;1669;0;0
11.264;62;1701;0;0
11.269;70;1669;0;0
11.274;78;1688;0;0
11.279;86;1571;0;0
11.284;94;1551;0;0
11.289;94;1503;0;0
11.294;101;1450;0;0
11.299;109;1444;0;0
11.304;109;1340;0;0
11.309;109;1214;0;0
11.314;117;1142;0;0
11.319;125;1064;0;0
11.324;125;1045;0;0
11.329;125;974;0;0
11.334;125;888;0;0
11.339;125;803;0;0
11.344;125;721;0;0
11.349;125;643;0;0
11.354;125;575;0;0
11.359;117;504;0;0
11.364;117;391;0;0
11.369;109;257;0;0
11.374;109;93;0;0
11.379;109;0;0;0
11.384;109;-58;0;0
11.389;101;-137;0;0
11.394;94;-306;0;0
11.399;86;-417;0;0
11.404;78;-589;0;0
11.409;78;-653;0;0
11.414;70;-697;0;0
11.419;62;-850;0;0
11.424;54;-939;0;0
11.429;47;-1056;0;0
11.434;47;-1025;0;0
11.439;31;-1119;0;0
11.444;23;-1188;0;0
11.449;15;-1295;0;0
11.454;15;-1242;0;0
11.459;0;-1353;0;0
11.464;-7;-1391;0;0
11.469;-15;-1475;0;0
11.474;-15;-1398;0;0
11.479;-23;-1361;0;0
11.484;-31;-1365;0;0
11.489;-47;-1364;0;0
11.494;-47;-1400;0;0
11.499;-54;-1337;0;0
11.504;-62;-1328;0;0
11.509;-62;-1302;0;0
11.514;-70;-1291;0;0
11.519;-78;-1336;0;0
11.524;-78;-1259;0;0
11.529;-78;-1149;0;0
11.534;-86;-1101;0;0
11.539;-86;-1014;0;0
11.544;-94;-1013;0;0
11.549;-94;-957;0;0
11.554;-94;-879;0;0
11.559;-94;-797;0;0
11.564;-94;-717;0;0
11.569;-94;-642;0;0
11.574;-94;-577;0;0
11.579;-94;-513;0;0
11.584;-94;-459;0;0
11.589;-94;-410;0;0
11.594;-94;-364;0;0
11.599;-86;-278;0;0
11.604;-86;-212;0;0
11.609;-78;-59;0;0
11.614;-78;44;0;0
11.619;-78;103;0;0
11.624;-70;132;0;0
11.629;-70;205;0;0
11.634;-62;382;0;0
11.639;-62;439;0;0
11.644;-54;536;0;0
11.649;-47;634;0;0
11.654;-47;672;0;0
11.659;-47;656;0;0
11.664;-39;674;0;0
11.669;-31;778;0;0
11.674;-23;819;0;0
11.679;-15;889;0;0
11.684;-15;929;0;0
11.689;-15;886;0;0
11.694;-7;884;0;0
11.699;0;978;0;0
11.704;7;1026;0;0
11.709;15;1150;0;0
11.714;15;1111;0;0
11.719;23;1029;0;0
11.724;23;989;0;0
11.729;31;1038;0;0
11.734;39;1000;0;0
11.739;39;995;0;0
11.744;47;1050;0;0
11.749;47;1005;0;0
11.754;47;929;0;0
11.759;47;845;0;0
11.764;54;788;0;0
11.769;54;740;0;0
11.774;54;683;0;0
11.779;62;621;0;0
11.784;62;627;0;0
11.789;62;601;0;0
11.794;62;561;0;0
11.799;62;518;0;0
11.804;62;474;0;0
11.809;62;433;0;0
11.814;62;391;0;0
11.819;62;356;0;0
11.824;62;322;0;0
11.829;54;278;0;0
11.834;54;206;0;0
11.839;54;153;0;0
11.844;47;62;0;0
11.849;47;-42;0;0
11.854;47;-102;0;0
11.859;47;-137;0;0
11.864;47;-156;0;0
11.869;39;-196;0;0
11.874;31;-256;0;0
11.879;31;-379;0;0
11.884;31;-416;0;0
11.889;23;-486;0;0
11.894;15;-546;0;0
11.899;15;-603;0;0
11.904;15;-597;0;0
11.909;15;-569;0;0
11.914;7;-568;0;0
11.919;0;-637;0;0
11.924;0;-688;0;0
11.929;0;-673;0;0
11.934;-7;-687;0;0
11.939;-15;-723;0;0
11.944;-15;-744;0;0
11.949;-15;-714;0;0
11.954;-15;-666;0;0
11.959;-15;-613;0;0
11.964;-23;-608;0;0
11.969;-23;-577;0;0
11.974;-31;-582;0;0
11.979;-31;-596;0;0
11.984;-31;-576;0;0
11.989;-31;-542;0;0
11.994;-31;-503;0;0
11.999;-39;-508;0;0
12.004;-39;-492;0;0
12.009;-39;-465;0;0
12.014;-39;-433;0;0
12.019;-39;-399;0;0
12.024;-39;-367;0;0
12.029;-39;-335;0;0
12.034;-39;-308;0;0
12.039;-39;-278;0;0
12.044;-39;-251;0;0
12.049;-39;-229;0;0
12.054;-39;-210;0;0
12.059;-39;-194;0;0
12.064;-39;-175;0;0
12.069;-31;-154;0;0
12.074;-31;-111;0;0
12.079;-31;-79;0;0
12.084;-31;-52;0;0
12.089;-31;-29;0;0
12.094;-31;-9;0;0
12.099;-23;43;0;0
12.104;-23;93;0;0
12.109;-23;124;0;0
12.114;-15;185;0;0
12.119;-15;244;0;0
12.124;-15;270;0;0
12.129;-15;277;0;0
12.134;-15;273;0;0
12.139;-15;263;0;0
12.144;-15;252;0;0
12.149;-7;268;0;0
12.154;-7;273;0;0
12.159;0;327;0;0
12.164;0;377;0;0
12.169;0;388;0;0
12.174;0;380;0;0
12.179;0;364;0;0
12.184;7;382;0;0
12.189;7;384;0;0
12.194;15;371;0;0
12.199;15;424;0;0
12.204;15;434;0;0
12.209;15;423;0;0
12.214;15;403;0;0
12.219;15;378;0;0
12.224;15;352;0;0
12.229;15;323;0;0
12.234;15;297;0;0
12.239;15;275;0;0
12.244;15;249;0;0
12.249;15;227;0;0
12.254;15;208;0;0
12.259;15;192;0;0
12.264;15;179;0;0
12.269;15;160;0;0
12.274;15;143;0;0
12.279;15;129;0;0
12.284;15;118;0;0
12.289;15;108;0;0
12.294;15;99;0;0
12.299;15;92;0;0
12.304;15;86;0;0
12.309;15;80;0;0
12.314;15;76;0;0
12.319;15;72;0;0
12.324;7;41;0;0
12.329;7;22;0;0
12.334;7;11;0;0
12.339;7;2;0;0
12.344;7;-5;0;0
12.349;7;-12;0;0
12.354;0;-67;0;0
12.359;0;-105;0;0
12.364;0;-128;0;0
12.369;0;-140;0;0
12.374;0;-149;0;0
12.379;0;-149;0;0
12.384;0;-150;0;0
12.389;0;-145;0;0
12.394;0;-139;0;0
12.399;0;-133;0;0
12.404;0;-129;0;0
12.409;0;-125;0;0
12.414;0;-118;0;0
12.419;0;-108;0;0
12.424;0;-99;0;0
12.429;0;-92;0;0
12.434;0;-86;0;0
12.439;0;-81;0;0
12.444;0;-76;0;0
12.449;0;-72;0;0
12.454;0;-69;0;0
12.459;0;-66;0;0
12.464;0;-64;0;0
12.469;0;-62;0;0
12.474;0;-60;0;0
12.479;0;-59;0;0
12.484;0;-58;0;0
12.489;0;-57;0;0
12.494;0;-49;0;0
12.499;0;-42;0;0
12.504;0;-35;0;0
12.509;0;-23;0;0
12.514;0;-12;0;0
12.519;0;-3;0;0
12.524;0;5;0;0
12.529;0;11;0;0
12.534;0;17;0;0
12.539;0;22;0;0
12.544;0;26;0;0
12.549;0;30;0;0
12.554;0;33;0;0
12.559;0;36;0;0
12.564;0;38;0;0
12.569;0;40;0;0
12.574;0;41;0;0
12.579;0;43;0;0
12.584;0;44;0;0
12.589;0;53;0;0
12.594;0;60;0;0
12.599;0;66;0;0
12.604;0;71;0;0
12.609;0;76;0;0
12.614;0;87;0;0
12.619;0;97;0;0
12.624;0;107;0;0
12.629;0;122;0;0
12.634;0;138;0;0
12.639;0;155;0;0
12.644;0;173;0;0
12.649;0;193;0;0
12.654;0;217;0;0
12.659;0;245;0;0
12.664;0;272;0;0
12.669;0;295;0;0
12.674;0;313;0;0
12.679;0;329;0;0
12.684;0;342;0;0
12.689;0;353;0;0
12.694;0;362;0;0
12.699;0;370;0;0
12.704;0;376;0;0
12.709;0;381;0;0
12.714;0;386;0;0
12.719;0;390;0;0
12.724;0;393;0;0
12.729;0;395;0;0
12.734;0;397;0;0
12.739;0;399;0;0
12.744;0;401;0;0
12.749;0;402;0;0
12.754;0;403;0;0
12.759;0;404;0;0
12.764;0;404;0;0
12.769;0;405;0;0
12.774;0;405;0;0
12.779;0;406;0;0
12.784;0;406;0;0
12.789;0;406;0;0
12.794;0;407;0;0
12.799;0;407;0;0
12.804;0;407;0;0
12.809;0;407;0;0
12.814;0;407;0;0
12.819;0;407;0;0
12.824;0;408;0;0
12.829;0;408;0;0
12.834;0;408;0;0
12.839;0;408;0;0
12.844;0;408;0;0
12.849;0;408;0;0
12.854;0;408;0;0
12.859;0;408;0;0
12.864;0;408;0;0
12.869;0;408;0;0
12.874;0;408;0;0
12.879;0;408;0;0
12.884;0;408;0;0
12.889;0;408;0;0
12.894;0;408;0;0
12.899;0;408;0;0
12.904;0;408;0;0
12.909;0;408;0;0
12.914;0;408;0;0
12.919;0;408;0;0
12.924;0;408;0;0
12.929;0;408;0;0
12.934;0;408;0;0
12.939;0;408;0;0
12.944;0;408;0;0
12.949;0;408;0;0
12.954;0;408;0;0
12.959;0;408;0;0
12.964;0;408;0;0
12.969;0;408;0;0
12.974;0;408;0;0
12.979;0;408;0;0
12.984;0;408;0;0
12.989;0;408;0;0
12.994;0;408;0;0
12.999;0;408;0;0
13.004;0;408;0;0
13.009;0;408;0;0
13.014;0;408;0;0
13.019;0;408;0;0
13.024;0;408;0;0
13.029;0;408;0;0
13.034;0;408;0;0
13.039;0;408;0;0
13.044;0;408;0;0
13.049;0;408;0;0
13.054;0;408;0;0
13.059;0;408;0;0
13.064;0;408;0;0
13.069;0;408;0;0
13.074;0;408;0;0
13.079;0;408;0;0
13.084;0;408;0;0
13.089;0;408;0;0
13.094;0;408;0;0
13.099;0;408;0;0
13.104;0;408;0;0
13.109;0;408;0;0
13.114;0;408;0;0
13.119;0;408;0;0
13.124;0;408;0;0
13.129;0;408;0;0
13.134;0;408;0;0
13.139;0;408;0;0
13.144;0;408;0;0
13.149;0;408;0;0
13.154;0;408;0;0
13.159;0;408;0;0
13.164;0;408;0;0
13.169;0;408;0;0
13.174;0;408;0;0
13.179;0;408;0;0
13.184;0;408;0;0
13.189;0;408;0;0
13.194;0;408;0;0
13.199;0;408;0;0
13.204;0;408;0;0
13.209;0;408;0;0
13.214;0;408;0;0
13.219;0;408;0;0
13.224;0;408;0;0
13.229;0;408;0;0
13.234;0;408;0;0
13.239;0;408;0;0
13.244;0;408;0;0
13.249;0;408;0;0
13.254;0;408;0;0
13.259;0;408;0;0
13.264;0;408;0;0
13.269;0;408;0;0
13.274;0;408;0;0
13.279;0;408;0;0
13.284;0;408;0;0
13.289;0;408;0;0
13.294;0;408;0;0
13.299;0;408;0;0
13.304;0;408;0;0
13.309;0;408;0;0
13.314;0;408;0;0
13.319;0;408;0;0
13.324;0;408;0;0
13.329;0;408;0;0
13.334;0;408;0;0
13.339;0;408;0;0
13.344;0;408;0;0
13.349;0;408;0;0
13.354;0;408;0;0
13.359;0;408;0;0
13.364;0;408;0;0
13.369;0;408;0;0
13.374;0;408;0;0
13.379;0;408;0;0
13.384;0;408;0;0
13.389;0;408;0;0
13.394;0;408;0;0
13.399;0;408;0;0
13.404;0;408;0;0
13.409;0;408;0;0
13.414;0;408;0;0
13.419;0;408;0;0
13.424;0;408;0;0
13.429;0;408;0;0
13.434;0;408;0;0
13.439;0;408;0;0
13.444;0;408;0;0
13.449;0;408;0;0
13.454;0;408;0;0
13.459;0;408;0;0
13.464;0;408;0;0
13.469;0;408;0;0
13.474;0;408;0;0
13.479;0;408;0;0
13.484;0;408;0;0
13.489;0;408;0;0
13.494;0;408;0;0
13.499;0;408;0;0
13.504;0;408;0;0
13.509;0;408;0;0
13.514;0;408;0;0
13.519;0;408;0;0
13.524;0;408;0;0
13.529;0;408;0;0
13.534;0;408;0;0
13.539;0;408;0;0
13.544;0;408;0;0
13.549;0;408;0;0
13.554;0;408;0;0
13.559;0;408;0;0
13.564;0;408;0;0
13.569;0;408;0;0
13.574;0;408;0;0
13.579;0;408;0;0
13.584;0;408;0;0
13.589;0;408;0;0
13.594;0;408;0;0
13.599;0;408;0;0
13.604;0;408;0;0
13.609;0;408;0;0
13.614;0;408;0;0
13.619;0;408;0;0
13.624;0;408;0;0
13.629;0;408;0;0
13.634;0;408;0;0
13.639;0;408;0;0
13.644;0;408;0;0
13.649;0;408;0;0
13.654;0;408;0;0
13.659;0;408;0;0
13.664;0;408;0;0
13.669;0;408;0;0
13.674;0;408;0;0
13.679;0;408;0;0
13.684;0;408;0;0
13.689;0;408;0;0
13.694;0;408;0;0
13.699;0;408;0;0
13.704;0;408;0;0
13.709;0;408;0;0
13.714;0;408;0;0
13.719;0;408;0;0
13.724;0;408;0;0
13.729;0;408;0;0
13.734;0;408;0;0
13.739;0;408;0;0
13.744;0;408;0;0
13.749;0;408;0;0
13.754;0;408;0;0
13.759;0;408;0;0
13.764;0;408;0;0
13.769;0;408;0;0
13.774;0;408;0;0
13.779;0;408;0;0
13.784;0;408;0;0
13.789;0;408;0;0
13.794;0;408;0;0
13.799;0;408;0;0
13.804;0;408;0;0
13.809;0;408;0;0
13.814;0;408;0;0
13.819;0;408;0;0
13.824;0;408;0;0
13.829;0;408;0;0
13.834;0;408;0;0
13.839;0;408;0;0
13.844;0;408;0;0
13.849;0;408;0;0
13.854;0;408;0;0
13.859;0;408;0;0
13.864;0;408;0;0
13.869;0;408;0;0
13.874;0;408;0;0
13.879;0;408;0;0
13.884;0;408;0;0
13.889;0;408;0;0
13.894;0;408;0;0
13.899;0;408;0;0
13.904;0;408;0;0
13.909;0;408;0;0
13.914;0;408;0;0
13.919;0;408;0;0
13.924;0;408;0;0
13.929;0;408;0;0
13.934;0;408;0;0
13.939;0;408;0;0
13.944;0;408;0;0
13.949;0;408;0;0
13.954;0;408;0;0
13.959;0;408;0;0
13.964;0;408;0;0
13.969;0;408;0;0
13.974;0;408;0;0
13.979;0;408;0;0
13.984;0;408;0;0
13.989;0;408;0;0
13.994;0;408;0;0
13.999;0;408;0;0
14.004;0;408;0;0
14.009;0;408;0;0
14.014;0;408;0;0
14.019;0;408;0;0
14.024;0;408;0;0
14.029;0;408;0;0
14.034;0;408;0;0
14.039;0;408;0;0
14.044;0;408;0;0
14.049;0;408;0;0
14.054;0;408;0;0
14.059;0;408;0;0
14.064;0;408;0;0
14.069;0;408;0;0
14.074;0;408;0;0
14.079;0;408;0;0
14.084;0;408;0;0
14.089;0;408;0;0
14.094;0;408;0;0
14.099;0;408;0;0
14.104;0;408;0;0
14.109;0;408;0;0
14.114;0;408;0;0
14.119;0;408;0;0
14.124;0;408;0;0
14.129;0;408;0;0
14.134;0;408;0;0
14.139;0;408;0;0
14.144;0;408;0;0
14.149;0;408;0;0
14.154;0;408;0;0
14.159;0;408;0;0
14.164;0;408;0;0
14.169;0;408;0;0
14.174;0;408;0;0
14.179;0;408;0;0
14.184;0;408;0;0
14.189;0;408;0;0
14.194;0;408;0;0
14.199;0;408;0;0
14.204;0;408;0;0
14.209;0;408;0;0
14.214;0;408;0;0
14.219;0;408;0;0
14.224;0;408;0;0
14.229;0;408;0;0
14.234;0;408;0;0
14.239;0;408;0;0
14.244;0;408;0;0
14.249;0;408;0;0
14.254;0;408;0;0
14.259;0;408;0;0
14.264;0;408;0;0
14.269;0;408;0;0
14.274;0;408;0;0
14.279;0;408;0;0
14.284;0;408;0;0
14.289;0;408;0;0
14.294;0;408;0;0
14.299;0;408;0;0
14.304;0;408;0;0
14.309;0;408;0;0
14.314;0;408;0;0
14.319;0;408;0;0
14.324;0;408;0;0
14.329;0;408;0;0
14.334;0;408;0;0
14.339;0;408;0;0
14.344;0;408;0;0
14.349;0;408;0;0
14.354;0;408;0;0
14.359;0;408;0;0
14.364;0;408;0;0
14.369;0;408;0;0
14.374;0;408;0;0
14.379;0;408;0;0
14.384;0;408;0;0
14.389;0;408;0;0
14.394;0;408;0;0
14.399;0;408;0;0
14.404;0;408;0;0
14.409;0;408;0;0
14.414;0;408;0;0
14.419;0;408;0;0
14.424;0;408;0;0
14.429;0;408;0;0
14.434;0;408;0;0
14.439;0;408;0;0
14.444;0;408;0;0
14.449;0;408;0;0
14.454;0;408;0;0
14.459;0;408;0;0
14.464;0;408;0;0
14.469;0;408;0;0
14.474;0;408;0;0
14.479;0;408;0;0
14.484;0;408;0;0
14.489;0;408;0;0
14.494;0;408;0;0
14.499;0;408;0;0
14.504;0;408;0;0
14.509;0;408;0;0
14.514;0;408;0;0
14.519;0;408;0;0
14.524;0;408;0;0
14.529;0;408;0;0
14.534;0;408;0;0
14.539;0;408;0;0
14.544;0;408;0;0
14.549;0;408;0;0
14.554;0;408;0;0
14.559;0;408;0;0
14.564;0;408;0;0
14.569;0;408;0;0
14.574;0;408;0;0
14.579;0;408;0;0
14.584;0;408;0;0
14.589;0;408;0;0
14.594;0;408;0;0
14.599;0;408;0;0
14.604;0;408;0;0
14.609;0;408;0;0
14.614;0;408;0;0
14.619;0;408;0;0
14.624;0;408;0;0
14.629;0;408;0;0
14.634;0;408;0;0
14.639;0;408;0;0
14.644;0;408;0;0
14.649;0;408;0;0
14.654;0;408;0;0
14.659;0;408;0;0
14.664;0;408;0;0
14.669;0;408;0;0
14.674;0;408;0;0
14.679;0;408;0;0
14.684;0;408;0;0
14.689;0;408;0;0
14.694;0;408;0;0
14.699;0;408;0;0
14.704;0;408;0;0
14.709;0;408;0;0
14.714;0;408;0;0
14.719;0;408;0;0
14.724;0;408;0;0
14.729;0;408;0;0
14.734;0;408;0;0
14.739;0;408;0;0
14.744;0;408;0;0
14.749;15;364;0;0
14.754;15;592;0;0
14.759;31;656;0;0
14.764;39;895;0;0
14.769;47;1046;0;0
14.774;62;1143;0;0
14.779;70;1283;0;0
14.784;78;1385;0;0
14.789;94;1382;0;0
14.794;101;1450;0;0
14.799;109;1546;0;0
14.804;117;1491;0;0
14.809;125;1593;0;0
14.814;133;1593;0;0
14.819;140;1575;0;0
14.824;140;1455;0;0
14.829;156;1455;0;0
14.834;164;1469;0;0
14.839;171;1572;0;0
14.844;187;1537;0;0
14.849;195;1622;0;0
14.854;202;1653;0;0
14.859;218;1676;0;0
14.864;233;1822;0;0
14.869;241;1794;0;0
14.874;248;1805;0;0
14.879;256;1690;0;0
14.884;263;1653;0;0
14.889;263;1580;0;0
14.894;263;1440;0;0
14.899;263;1290;0;0
14.904;263;1146;0;0
14.909;263;1014;0;0
14.914;263;895;0;0
14.919;263;790;0;0
14.924;263;694;0;0
14.929;248;504;0;0
14.934;248;235;0;0
14.939;233;-20;0;0
14.944;233;-216;0;0
14.949;218;-458;0;0
14.954;210;-673;0;0
14.959;202;-834;0;0
14.964;187;-1104;0;0
14.969;171;-1367;0;0
14.974;156;-1519;0;0
14.979;140;-1712;0;0
14.984;133;-1773;0;0
14.989;109;-1878;0;0
14.994;101;-1924;0;0
14.999;78;-2005;0;0
15.004;70;-2041;0;0
15.009;47;-2240;0;0
15.014;31;-2352;0;0
15.019;15;-2479;0;0
15.024;0;-2557;0;0
15.029;-15;-2583;0;0
15.034;-39;-2571;0;0
15.039;-47;-2611;0;0
15.044;-70;-2648;0;0
15.049;-86;-2651;0;0
15.054;-101;-2642;0;0
15.059;-117;-2549;0;0
15.064;-133;-2552;0;0
15.069;-140;-2543;0;0
15.074;-156;-2540;0;0
15.079;-171;-2562;0;0
15.084;-179;-2460;0;0
15.089;-195;-2347;0;0
15.094;-202;-2281;0;0
15.099;-210;-2104;0;0
15.104;-218;-2081;0;0
15.109;-225;-1956;0;0
15.114;-233;-1850;0;0
15.119;-233;-1756;0;0
15.124;-233;-1592;0;0
15.129;-233;-1421;0;0
15.134;-233;-1259;0;0
15.139;-233;-1110;0;0
15.144;-233;-978;0;0
15.149;-233;-861;0;0
15.154;-233;-755;0;0
15.159;-225;-610;0;0
15.164;-218;-342;0;0
15.169;-210;-130;0;0
15.174;-202;134;0;0
15.179;-195;264;0;0
15.184;-187;482;0;0
15.189;-179;665;0;0
15.194;-171;864;0;0
15.199;-156;1013;0;0
15.204;-148;1167;0;0
15.209;-140;1305;0;0
15.214;-125;1460;0;0
15.219;-109;1667;0;0
15.224;-94;1820;0;0
15.229;-78;1905;0;0
15.234;-62;1944;0;0
15.239;-47;2072;0;0
15.244;-39;2064;0;0
15.249;-23;2161;0;0
15.254;-15;2178;0;0
15.259;0;2233;0;0
15.264;15;2334;0;0
15.269;39;2385;0;0
15.274;47;2455;0;0
15.279;62;2379;0;0
15.284;70;2350;0;0
15.289;78;2265;0;0
15.294;94;2299;0;0
15.299;109;2330;0;0
15.304;117;2223;0;0
15.309;133;2172;0;0
15.314;140;2197;0;0
15.319;148;2027;0;0
15.324;156;1983;0;0
15.329;164;1905;0;0
15.334;171;1921;0;0
15.339;171;1788;0;0
15.344;171;1611;0;0
15.349;179;1481;0;0
15.354;187;1389;0;0
15.359;187;1306;0;0
15.364;187;1190;0;0
15.369;187;1069;0;0
15.374;187;955;0;0
15.379;187;850;0;0
15.384;179;711;0;0
15.389;179;559;0;0
15.394;171;322;0;0
15.399;171;167;0;0
15.404;171;70;0;0
15.409;156;-124;0;0
15.414;148;-286;0;0
15.419;140;-489;0;0
15.424;140;-598;0;0
15.429;125;-738;0;0
15.434;117;-901;0;0
15.439;109;-1084;0;0
15.444;101;-1124;0;0
15.449;94;-1273;0;0
15.454;78;-1410;0;0
15.459;70;-1410;0;0
15.464;54;-1529;0;0
15.469;47;-1675;0;0
15.474;31;-1780;0;0
15.479;15;-1892;0;0
15.484;15;-1863;0;0
15.489;0;-2001;0;0
15.494;-15;-2104;0;0
15.499;-23;-2036;0;0
15.504;-39;-2019;0;0
15.509;-47;-2097;0;0
15.514;-62;-2018;0;0
15.519;-70;-2042;0;0
15.524;-78;-2018;0;0
15.529;-86;-1920;0;0
15.534;-101;-1899;0;0
15.539;-109;-1958;0;0
15.544;-109;-1827;0;0
15.549;-125;-1747;0;0
15.554;-125;-1687;0;0
15.559;-133;-1610;0;0
15.564;-140;-1556;0;0
15.569;-140;-1431;0;0
15.574;-148;-1329;0;0
15.579;-156;-1222;0;0
15.584;-156;-1204;0;0
15.589;-156;-1118;0;0
15.594;-156;-1017;0;0
15.599;-156;-914;0;0
15.604;-156;-732;0;0
15.609;-156;-558;0;0
15.614;-156;-426;0;0
15.619;-156;-323;0;0
15.624;-148;-214;0;0
15.629;-148;-109;0;0
15.634;-140;66;0;0
15.639;-140;156;0;0
15.644;-133;234;0;0
15.649;-125;448;0;0
15.654;-117;629;0;0
15.659;-109;758;0;0
15.664;-101;795;0;0
15.669;-94;947;0;0
15.674;-86;1064;0;0
15.679;-78;1155;0;0
15.684;-70;1179;0;0
15.689;-62;1301;0;0
15.694;-47;1397;0;0
15.699;-47;1411;0;0
15.704;-31;1452;0;0
15.709;-23;1485;0;0
15.714;-15;1571;0;0
15.719;-7;1511;0;0
15.724;0;1585;0;0
15.729;15;1742;0;0
15.734;23;1691;0;0
15.739;31;1751;0;0
15.744;47;1777;0;0
15.749;47;1738;0;0
15.754;54;1633;0;0
15.759;62;1636;0;0
15.764;70;1589;0;0
15.769;78;1620;0;0
15.774;78;1528;0;0
15.779;86;1445;0;0
15.784;94;1483;0;0
15.789;101;1420;0;0
15.794;109;1375;0;0
15.799;109;1346;0;0
15.804;109;1243;0;0
15.809;109;1124;0;0
15.814;109;1006;0;0
15.819;117;935;0;0
15.824;117;855;0;0
15.829;117;775;0;0
15.834;117;697;0;0
15.839;117;623;0;0
15.844;117;557;0;0
15.849;109;434;0;0
15.854;109;339;0;0
15.859;109;261;0;0
15.864;109;200;0;0
15.869;101;148;0;0
15.874;101;55;0;0
15.879;94;-148;0;0
15.884;94;-239;0;0
15.889;86;-348;0;0
15.894;78;-508;0;0
15.899;78;-545;0;0
15.904;70;-580;0;0
15.909;62;-733;0;0
15.914;54;-839;0;0
15.919;47;-972;0;0
15.924;47;-953;0;0
15.929;31;-1034;0;0
15.934;31;-1097;0;0
15.939;15;-1180;0;0
15.944;15;-1196;0;0
15.949;7;-1163;0;0
15.954;0;-1314;0;0
15.959;-7;-1330;0;0
15.964;-15;-1391;0;0
15.969;-15;-1310;0;0
15.974;-23;-1283;0;0
15.979;-31;-1321;0;0
15.984;-39;-1291;0;0
15.989;-47;-1350;0;0
15.994;-47;-1292;0;0
15.999;-54;-1234;0;0
16.004;-62;-1234;0;0
16.009;-62;-1203;0;0
16.014;-70;-1166;0;0
16.019;-78;-1101;0;0
16.024;-78;-1105;0;0
16.029;-78;-1036;0;0
16.034;-78;-947;0;0
16.039;-78;-856;0;0
16.044;-86;-769;0;0
16.049;-86;-725;0;0
16.054;-86;-670;0;0
16.059;-86;-611;0;0
16.064;-86;-555;0;0
16.069;-86;-502;0;0
16.074;-86;-450;0;0
16.079;-78;-335;0;0
16.084;-78;-255;0;0
16.089;-78;-193;0;0
16.094;-78;-142;0;0
16.099;-78;-99;0;0
16.104;-70;-60;0;0
16.109;-70;9;0;0
16.114;-62;135;0;0
16.119;-62;234;0;0
16.124;-54;272;0;0
16.129;-54;352;0;0
16.134;-47;461;0;0
16.139;-47;510;0;0
16.144;-47;510;0;0
16.149;-39;550;0;0
16.154;-31;665;0;0
16.159;-31;699;0;0
16.164;-23;747;0;0
16.169;-15;844;0;0
16.174;-15;851;0;0
16.179;-15;809;0;0
16.184;-7;806;0;0
16.189;0;924;0;0
16.194;7;936;0;0
16.199;15;1036;0;0
16.204;15;1053;0;0
16.209;15;991;0;0
16.214;23;920;0;0
16.219;23;878;0;0
16.224;31;935;0;0
16.229;31;902;0;0
16.234;39;904;0;0
16.239;39;869;0;0
16.244;47;892;0;0
16.249;47;855;0;0
16.254;47;794;0;0
16.259;47;726;0;0
16.264;47;657;0;0
16.269;47;592;0;0
16.274;47;534;0;0
16.279;47;477;0;0
16.284;47;429;0;0
16.289;47;384;0;0
16.294;47;341;0;0
16.299;47;306;0;0
16.304;47;275;0;0
16.309;47;249;0;0
16.314;47;226;0;0
16.319;47;200;0;0
16.324;47;178;0;0
16.329;47;159;0;0
16.334;47;142;0;0
16.339;47;129;0;0
16.344;47;117;0;0
16.349;39;72;0;0
16.354;31;46;0;0
16.359;31;-107;0;0
16.364;31;-178;0;0
16.369;23;-222;0;0
16.374;23;-293;0;0
16.379;15;-353;0;0
16.384;15;-427;0;0
16.389;15;-444;0;0
16.394;15;-436;0;0
16.399;15;-416;0;0
16.404;7;-427;0;0
16.409;0;-477;0;0
16.414;0;-556;0;0
16.419;0;-562;0;0
16.424;-7;-548;0;0
16.429;-7;-567;0;0
16.434;-7;-550;0;0
16.439;-15;-594;0;0
16.444;-15;-591;0;0
16.449;-15;-563;0;0
16.454;-15;-526;0;0
16.459;-15;-486;0;0
16.464;-15;-444;0;0
16.469;-23;-416;0;0
16.474;-23;-406;0;0
16.479;-23;-387;0;0
16.484;-23;-363;0;0
16.489;-23;-339;0;0
16.494;-23;-312;0;0
16.499;-23;-288;0;0
16.504;-31;-277;0;0
16.509;-31;-285;0;0
16.514;-31;-282;0;0
16.519;-31;-272;0;0
16.524;-31;-262;0;0
16.529;-31;-245;0;0
16.534;-31;-232;0;0
16.539;-31;-216;0;0
16.544;-31;-199;0;0
16.549;-31;-184;0;0
16.554;-31;-172;0;0
16.559;-23;-123;0;0
16.564;-23;-84;0;0
16.569;-23;-56;0;0
16.574;-23;-33;0;0
16.579;-15;25;0;0
16.584;-15;90;0;0
16.589;-15;127;0;0
16.594;-15;149;0;0
16.599;-15;161;0;0
16.604;-15;167;0;0
16.609;-15;165;0;0
16.614;-15;163;0;0
16.619;-15;159;0;0
16.624;-15;150;0;0
16.629;-7;145;0;0
16.634;-7;160;0;0
16.639;-7;167;0;0
16.644;-7;167;0;0
16.649;0;175;0;0
16.654;0;230;0;0
16.659;0;254;0;0
16.664;0;263;0;0
16.669;0;262;0;0
16.674;0;253;0;0
16.679;0;242;0;0
16.684;0;228;0;0
16.689;0;217;0;0
16.694;7;215;0;0
16.699;7;222;0;0
16.704;7;221;0;0
16.709;7;218;0;0
16.714;7;208;0;0
16.719;7;200;0;0
16.724;7;188;0;0
16.729;7;175;0;0
16.734;7;164;0;0
16.739;7;155;0;0
16.744;7;147;0;0
16.749;7;137;0;0
16.754;7;124;0;0
16.759;7;113;0;0
16.764;7;104;0;0
16.769;7;96;0;0
16.774;7;89;0;0
16.779;7;83;0;0
16.784;7;78;0;0
16.789;7;74;0;0
16.794;7;71;0;0
16.799;7;68;0;0
16.804;7;65;0;0
16.809;0;48;0;0
16.814;0;33;0;0
16.819;0;20;0;0
16.824;0;10;0;0
16.829;0;0;0;0
16.834;0;-6;0;0
16.839;0;-13;0;0
16.844;0;-19;0;0
16.849;0;-23;0;0
16.854;0;-27;0;0
16.859;0;-31;0;0
16.864;0;-34;0;0
16.869;0;-36;0;0
16.874;0;-38;0;0
16.879;0;-40;0;0
16.884;0;-39;0;0
16.889;0;-33;0;0
16.894;0;-28;0;0
16.899;0;-22;0;0
16.904;0;-11;0;0
16.909;0;-1;0;0
16.914;0;5;0;0
16.919;0;12;0;0
16.924;0;18;0;0
16.929;0;23;0;0
16.934;0;27;0;0
16.939;0;30;0;0
16.944;0;33;0;0
16.949;0;36;0;0
16.954;0;38;0;0
16.959;0;40;0;0
16.964;0;42;0;0
16.969;0;43;0;0
16.974;0;44;0;0
16.979;0;45;0;0
16.984;0;46;0;0
16.989;0;47;0;0
16.994;0;47;0;0
16.999;0;55;0;0
17.004;0;62;0;0
17.009;0;68;0;0
17.014;0;73;0;0
17.019;0;77;0;0
17.024;0;81;0;0
17.029;0;84;0;0
17.034;0;87;0;0
17.039;0;89;0;0
17.044;0;91;0;0
17.049;0;97;0;0
17.054;0;106;0;0
17.059;0;113;0;0
17.064;0;119;0;0
17.069;0;124;0;0
17.074;0;131;0;0
17.079;0;142;0;0
17.084;0;151;0;0
17.089;0;161;0;0
17.094;0;175;0;0
17.099;0;188;0;0
17.104;0;205;0;0
17.109;0;226;0;0
17.114;0;251;0;0
17.119;0;274;0;0
17.124;0;296;0;0
17.129;0;315;0;0
17.134;0;330;0;0
17.139;0;343;0;0
17.144;0;354;0;0
17.149;0;363;0;0
17.154;0;370;0;0
17.159;0;377;0;0
17.164;0;382;0;0
17.169;0;386;0;0
17.174;0;390;0;0
17.179;0;393;0;0
17.184;0;395;0;0
17.189;0;397;0;0
17.194;0;399;0;0
17.199;0;401;0;0
17.204;0;402;0;0
17.209;0;403;0;0
17.214;0;404;0;0
17.219;0;404;0;0
17.224;0;405;0;0
17.229;0;405;0;0
17.234;0;406;0;0
17.239;0;406;0;0
17.244;0;406;0;0
17.249;0;407;0;0
17.254;0;407;0;0
17.259;0;407;0;0
17.264;0;407;0;0
17.269;0;407;0;0
17.274;0;407;0;0
17.279;0;408;0;0
17.284;0;408;0;0
17.289;0;408;0;0
17.294;0;408;0;0
17.299;0;408;0;0
17.304;0;408;0;0
17.309;0;408;0;0
17.314;0;408;0;0
17.319;0;408;0;0
17.324;0;408;0;0
17.329;0;408;0;0
17.334;0;408;0;0
17.339;0;408;0;0
17.344;0;408;0;0
17.349;0;408;0;0
17.354;0;408;0;0
17.359;0;408;0;0
17.364;0;408;0;0
17.369;0;408;0;0
17.374;0;408;0;0
17.379;0;408;0;0
17.384;0;408;0;0
17.389;0;408;0;0
17.394;0;408;0;0
17.399;0;408;0;0
17.404;0;408;0;0
17.409;0;408;0;0
17.414;0;408;0;0
17.419;0;408;0;0
17.424;0;408;0;0
17.429;0;408;0;0
17.434;0;408;0;0
17.439;0;408;0;0
17.444;0;408;0;0
17.449;0;408;0;0
17.454;0;408;0;0
17.459;0;408;0;0
17.464;0;408;0;0
17.469;0;408;0;0
17.474;0;408;0;0
17.479;0;408;0;0
17.484;0;408;0;0
17.489;0;408;0;0
17.494;0;408;0;0
17.499;0;408;0;0
17.504;0;408;0;0
17.509;0;408;0;0
17.514;0;408;0;0
17.519;0;408;0;0
17.524;0;408;0;0
17.529;0;408;0;0
17.534;0;408;0;0
17.539;0;408;0;0
17.544;0;408;0;0
17.549;0;408;0;0
17.554;0;408;0;0
17.559;0;408;0;0
17.564;0;408;0;0
17.569;0;408;0;0
17.574;0;408;0;0
17.579;0;408;0;0
17.584;0;408;0;0
17.589;0;408;0;0
17.594;0;408;0;0
17.599;0;408;0;0
17.604;0;408;0;0
17.609;0;408;0;0
17.614;0;408;0;0
17.619;0;408;0;0
17.624;0;408;0;0
17.629;0;408;0;0
17.634;0;408;0;0
17.639;0;408;0;0
17.644;0;408;0;0
17.649;0;408;0;0
17.654;0;408;0;0
17.659;0;408;0;0
17.664;0;408;0;0
17.669;0;408;0;0
17.674;0;408;0;0
17.679;0;408;0;0
17.684;0;408;0;0
17.689;0;408;0;0
17.694;0;408;0;0
17.699;0;408;0;0
17.704;0;408;0;0
17.709;0;408;0;0
17.714;0;408;0;0
17.719;0;408;0;0
17.724;0;408;0;0
17.729;0;408;0;0
17.734;0;408;0;0
17.739;0;408;0;0
17.744;0;408;0;0
17.749;0;408;0;0
17.754;0;408;0;0
17.759;0;408;0;0
17.764;0;408;0;0
17.769;0;408;0;0
17.774;0;408;0;0
17.779;0;408;0;0
17.784;0;408;0;0
17.789;0;408;0;0
17.794;0;408;0;0
17.799;0;408;0;0
17.804;0;408;0;0
17.809;0;408;0;0
17.814;0;408;0;0
17.819;0;408;0;0
17.824;0;408;0;0
17.829;0;408;0;0
17.834;0;408;0;0
17.839;0;408;0;0
17.844;0;408;0;0
17.849;0;408;0;0
17.854;0;408;0;0
17.859;0;408;0;0
17.864;0;408;0;0
17.869;0;408;0;0
17.874;0;408;0;0
17.879;0;408;0;0
17.884;0;408;0;0
17.889;0;408;0;0
17.894;0;408;0;0
17.899;0;408;0;0
17.904;0;408;0;0
17.909;0;408;0;0
17.914;0;408;0;0
17.919;0;408;0;0
17.924;0;408;0;0
17.929;0;408;0;0
17.934;0;408;0;0
17.939;0;408;0;0
17.944;0;408;0;0
17.949;0;408;0;0
17.954;0;408;0;0
17.959;0;408;0;0
17.964;0;408;0;0
17.969;0;408;0;0
17.974;0;408;0;0
17.979;0;408;0;0
17.984;0;408;0;0
17.989;0;408;0;0
17.994;0;408;0;0
17.999;0;408;0;0
18.004;0;408;0;0
18.009;0;408;0;0
18.014;0;408;0;0
18.019;0;408;0;0
18.024;0;408;0;0
18.029;0;408;0;0
18.034;0;408;0;0
18.039;0;408;0;0
18.044;0;408;0;0
18.049;0;408;0;0
18.054;0;408;0;0
18.059;0;408;0;0
18.064;0;408;0;0
18.069;0;408;0;0
18.074;0;408;0;0
18.079;0;408;0;0
18.084;0;408;0;0
18.089;0;408;0;0
18.094;0;408;0;0
18.099;0;408;0;0
18.104;0;408;0;0
18.109;0;408;0;0
18.114;0;408;0;0
18.119;0;408;0;0
18.124;0;408;0;0
18.129;0;408;0;0
18.134;0;408;0;0
18.139;0;408;0;0
18.144;0;408;0;0
18.149;0;408;0;0
18.154;0;408;0;0
18.159;0;408;0;0
18.164;0;408;0;0
18.169;0;408;0;0
18.174;0;408;0;0
18.179;0;408;0;0
18.184;0;408;0;0
18.189;0;408;0;0
18.194;0;408;0;0
18.199;0;408;0;0
18.204;0;408;0;0
18.209;0;408;0;0
18.214;0;408;0;0
18.219;0;408;0;0
18.224;0;408;0;0
18.229;0;408;0;0
18.234;0;408;0;0
18.239;0;408;0;0
18.244;0;408;0;0
18.249;0;408;0;0
18.254;0;408;0;0
18.259;0;408;0;0
18.264;0;408;0;0
18.269;0;408;0;0
18.274;0;408;0;0
18.279;0;408;0;0
18.284;0;408;0;0
18.289;0;408;0;0
18.294;0;408;0;0
18.299;0;408;0;0
18.304;0;408;0;0
18.309;0;408;0;0
18.314;0;408;0;0
18.319;0;408;0;0
18.324;0;408;0;0
18.329;0;408;0;0
18.334;0;408;0;0
18.339;0;408;0;0
18.344;0;408;0;0
18.349;0;408;0;0
18.354;0;408;0;0
18.359;0;408;0;0
18.364;0;408;0;0
18.369;0;408;0;0
18.374;0;408;0;0
18.379;0;408;0;0
18.384;0;408;0;0
18.389;0;408;0;0
18.394;0;408;0;0
18.399;0;408;0;0
18.404;0;408;0;0
18.409;0;408;0;0
18.414;0;408;0;0
18.419;0;408;0;0
18.424;0;408;0;0
18.429;0;408;0;0
18.434;0;408;0;0
18.439;0;408;0;0
18.444;0;408;0;0
18.449;0;408;0;0
18.454;0;408;0;0
18.459;0;408;0;0
18.464;0;408;0;0
18.469;0;408;0;0
18.474;0;408;0;0
18.479;0;408;0;0
18.484;0;408;0;0
18.489;0;408;0;0
18.494;0;408;0;0
18.499;0;408;0;0
18.504;0;408;0;0
18.509;0;408;0;0
18.514;0;408;0;0
18.519;0;408;0;0
18.524;0;408;0;0
18.529;0;408;0;0
18.534;0;408;0;0
18.539;0;408;0;0
18.544;0;408;0;0
18.549;0;408;0;0
18.554;0;408;0;0
18.559;0;408;0;0
18.564;0;408;0;0
18.569;0;408;0;0
18.574;0;408;0;0
18.579;0;408;0;0
18.584;0;408;0;0
18.589;0;408;0;0
18.594;0;408;0;0
18.599;0;408;0;0
18.604;0;408;0;0
18.609;0;408;0;0
18.614;0;408;0;0
18.619;0;408;0;0
18.624;0;408;0;0
18.629;0;408;0;0
18.634;0;408;0;0
18.639;0;408;0;0
18.644;0;408;0;0
18.649;0;408;0;0
18.654;0;408;0;0
18.659;0;408;0;0
18.664;0;408;0;0
18.669;0;408;0;0
18.674;0;408;0;0
18.679;0;408;0;0
18.684;0;408;0;0
18.689;0;408;0;0
18.694;0;408;0;0
18.699;0;408;0;0
18.704;0;408;0;0
18.709;0;408;0;0
18.714;0;408;0;0
18.719;0;408;0;0
18.724;0;408;0;0
18.729;0;408;0;0
18.734;0;408;0;0
18.739;0;408;0;0
18.744;0;408;0;0
18.749;0;408;0;0
18.754;0;408;0;0
18.759;0;408;0;0
18.764;0;408;0;0
18.769;0;408;0;0