t;e;d;i;set

1.379;0;5000;0;0
1.384;0;5000;0;0
1.389;0;5000;0;0
1.394;0;5000;0;0
1.399;0;5000;0;0
1.404;0;5000;0;0
1.409;0;5000;0;0
1.414;0;5000;0;0
1.419;0;5000;0;0
1.424;0;5000;0;0
1.429;0;5000;0;0
1.434;0;5000;0;0
1.439;0;5000;0;0
1.444;0;5000;0;0
1.449;0;5000;0;0
1.454;0;5000;0;0
1.459;0;5000;0;0
1.464;0;5000;0;0
1.469;0;5000;0;0
1.474;0;5000;0;0
1.479;0;5000;0;0
1.484;0;5000;0;0
1.489;0;5000;0;0
1.494;0;5000;0;0
1.499;0;5000;0;0
1.504;0;5000;0;0
1.509;0;5000;0;0
1.514;0;5000;0;0
1.519;0;5000;0;0
1.524;0;5000;0;0
1.529;0;5000;0;0
1.534;0;5000;0;0
1.539;0;5000;0;0
1.544;0;5000;0;0
1.549;0;5000;0;0
1.554;0;5000;0;0
1.559;0;5000;0;0
1.564;0;5000;0;0
1.569;0;5000;0;0
1.574;0;5000;0;0
1.579;0;5000;0;0
1.584;0;5000;0;0
1.589;0;5000;0;0
1.594;0;5000;0;0
1.599;0;5000;0;0
1.604;0;5000;0;0
1.609;0;5000;0;0
1.614;0;5000;0;0
1.619;0;5000;0;0
1.624;0;5000;0;0
1.629;0;5000;0;0
1.634;0;5000;0;0
1.639;0;5000;0;0
1.644;0;5000;0;0
1.649;0;5000;0;0
1.654;0;5000;0;0
1.659;0;5000;0;0
1.664;0;5000;0;0
1.669;0;5000;0;0
1.674;0;5000;0;0
1.679;0;5000;0;0
1.684;0;5000;0;0
1.689;0;5000;0;0
1.694;0;5000;0;0
1.699;0;5000;0;0
1.704;0;5000;0;0
1.709;0;5000;0;0
1.714;0;5000;0;0
1.719;0;5000;0;0
1.724;0;5000;0;0
1.729;0;5000;0;0
1.734;0;5000;0;0
1.739;0;5000;0;0
1.744;0;5000;0;0
1.749;0;5000;0;0
1.754;0;5000;0;0
1.759;0;5000;0;0
1.764;0;5000;0;0
1.769;0;5000;0;0
1.774;0;5000;0;0
1.779;0;5000;0;0
1.784;0;5000;0;0
1.789;0;5000;0;0
1.794;0;5000;0;0
1.799;0;5000;0;0
1.804;0;5000;0;0
1.809;0;5000;0;0
1.814;0;5000;0;0
1.819;0;5000;0;0
1.824;0;5000;0;0
1.829;0;5000;0;0
1.834;0;5000;0;0
1.839;0;5000;0;0
1.844;0;5000;0;0
1.849;0;5000;0;0
1.854;0;5000;0;0
1.859;0;5000;0;0
1.864;0;5000;0;0
1.869;0;5000;0;0
1.874;0;5000;0;0
1.879;0;5000;0;0
1.884;0;5000;0;0
1.889;0;5000;0;0
1.894;0;5000;0;0
1.899;0;5000;0;0
1.904;0;5000;0;0
1.909;0;5000;0;0
1.914;0;5000;0;0
1.919;0;5000;0;0
1.924;0;5000;0;0
1.929;0;5000;0;0
1.934;0;5000;0;0
1.939;0;5000;0;0
1.944;0;5000;0;0
1.949;0;5000;0;0
1.954;0;5000;0;0
1.959;0;5000;0;0
1.964;0;5000;0;0
1.969;0;5000;0;0
1.974;0;5000;0;0
1.979;0;5000;0;0
1.984;0;5000;0;0
1.989;0;5000;0;0
1.994;0;5000;0;0
1.999;0;5000;0;0
2.004;0;5000;0;0
2.009;7;5000;0;0
2.014;39;5000;0;0
2.019;117;5000;0;0
2.024;202;5000;0;0
2.029;316;5000;0;0
2.034;432;5000;0;0
2.039;549;5000;0;0
2.044;655;5000;0;0
2.049;734;5000;0;0
2.054;813;5000;0;0
2.059;868;5000;0;0
2.064;898;5000;0;0
2.069;917;5000;0;0
2.074;917;5000;0;0
2.079;917;5000;0;0
2.084;908;5000;0;0
2.089;898;5000;0;0
2.094;887;5000;0;0
2.099;876;5000;0;0
2.104;860;5000;0;0
2.109;840;5000;0;0
2.114;813;5000;0;0
2.119;790;5000;0;0
2.124;760;5000;0;0
2.129;728;5000;0;0
2.134;684;5000;0;0
2.139;643;5000;0;0
2.144;600;5000;0;0
2.149;549;5000;0;0
2.154;488;5000;0;0
2.159;425;5000;0;0
2.164;360;5000;0;0
2.169;294;5000;0;0
2.174;225;5000;0;0
2.179;156;5000;0;0
2.184;78;5000;0;0
2.189;0;5000;0;0
2.194;-70;5000;0;0
2.199;-148;5000;0;0
2.204;-218;5000;0;0
2.209;-286;5000;0;0
2.214;-353;5000;0;0
2.219;-411;5000;0;0
2.224;-467;5000;0;0
2.229;-522;5000;0;0
2.234;-575;5000;0;0
2.239;-619;5000;0;0
2.244;-667;5000;0;0
2.249;-707;5000;0;0
2.254;-744;5000;0;0
2.259;-770;5000;0;0
2.264;-799;5000;0;0
2.269;-818;5000;0;0
2.274;-835;5000;0;0
2.279;-856;5000;0;0
2.284;-868;5000;0;0
2.289;-876;5000;0;0
2.294;-883;5000;0;0
2.299;-891;5000;0;0
2.304;-898;5000;0;0
2.309;-898;5000;0;0
2.314;-898;5000;0;0
2.319;-898;5000;0;0
2.324;-891;5000;0;0
2.329;-887;5000;0;0
2.334;-876;5000;0;0
2.339;-868;5000;0;0
2.344;-860;5000;0;0
2.349;-844;5000;0;0
2.354;-822;5000;0;0
2.359;-799;5000;0;0
2.364;-780;5000;0;0
2.369;-750;5000;0;0
2.374;-718;5000;0;0
2.379;-684;5000;0;0
2.384;-637;5000;0;0
2.389;-594;5000;0;0
2.394;-549;5000;0;0
2.399;-495;5000;0;0
2.404;-439;5000;0;0
2.409;-382;5000;0;0
2.414;-323;5000;0;0
2.419;-263;5000;0;0
2.424;-195;5000;0;0
2.429;-125;5000;0;0
2.434;-54;5000;0;0
2.439;15;5000;0;0
2.444;86;5000;0;0
2.449;156;5000;0;0
2.454;218;5000;0;0
2.459;278;5000;0;0
2.464;346;5000;0;0
2.469;411;5000;0;0
2.474;467;5000;0;0
2.479;515;5000;0;0
2.484;562;5000;0;0
2.489;606;5000;0;0
2.494;649;5000;0;0
2.499;684;5000;0;0
2.504;718;5000;0;0
2.509;744;5000;0;0
2.514;770;5000;0;0
2.519;790;5000;0;0
2.524;809;5000;0;0
2.529;822;5000;0;0
2.534;835;5000;0;0
2.539;844;5000;0;0
2.544;852;5000;0;0
2.549;860;5000;0;0
2.554;860;5000;0;0
2.559;864;5000;0;0
2.564;860;5000;0;0
2.569;860;5000;0;0
2.574;856;5000;0;0
2.579;848;5000;0;0
2.584;840;5000;0;0
2.589;827;5000;0;0
2.594;809;5000;0;0
2.599;794;5000;0;0
2.604;775;5000;0;0
2.609;750;5000;0;0
2.614;728;5000;0;0
2.619;695;5000;0;0
2.624;661;5000;0;0
2.629;625;5000;0;0
2.634;587;5000;0;0
2.639;535;5000;0;0
2.644;481;5000;0;0
2.649;425;5000;0;0
2.654;375;5000;0;0
2.659;316;5000;0;0
2.664;256;5000;0;0
2.669;195;5000;0;0
2.674;125;5000;0;0
2.679;62;5000;0;0
2.684;0;5000;0;0
2.689;-70;5000;0;0
2.694;-140;5000;0;0
2.699;-202;5000;0;0
2.704;-263;5000;0;0
2.709;-323;5000;0;0
2.714;-382;5000;0;0
2.719;-425;5000;0;0
2.724;-481;5000;0;0
2.729;-529;5000;0;0
2.734;-568;5000;0;0
2.739;-612;5000;0;0
2.744;-649;5000;0;0
2.749;-684;5000;0;0
2.754;-707;5000;0;0
2.759;-739;5000;0;0
2.764;-760;5000;0;0
2.769;-775;5000;0;0
2.774;-790;5000;0;0
2.779;-809;5000;0;0
2.784;-813;5000;0;0
2.789;-822;5000;0;0
2.794;-827;5000;0;0
2.799;-831;5000;0;0
2.804;-835;5000;0;0
2.809;-831;5000;0;0
2.814;-827;5000;0;0
2.819;-827;5000;0;0
2.824;-818;5000;0;0
2.829;-809;5000;0;0
2.834;-794;5000;0;0
2.839;-780;5000;0;0
2.844;-760;5000;0;0
2.849;-734;5000;0;0
2.854;-712;5000;0;0
2.859;-684;5000;0;0
2.864;-649;5000;0;0
2.869;-625;5000;0;0
2.874;-575;5000;0;0
2.879;-535;5000;0;0
2.884;-495;5000;0;0
2.889;-446;5000;0;0
2.894;-397;5000;0;0
2.899;-346;5000;0;0
2.904;-294;5000;0;0
2.909;-233;5000;0;0
2.914;-171;5000;0;0
2.919;-109;5000;0;0
2.924;-54;5000;0;0
2.929;15;5000;0;0
2.934;78;5000;0;0
2.939;133;5000;0;0
2.944;202;5000;0;0
2.949;256;5000;0;0
2.954;309;5000;0;0
2.959;360;5000;0;0
2.964;411;5000;0;0
2.969;467;5000;0;0
2.974;509;5000;0;0
2.979;549;5000;0;0
2.984;587;5000;0;0
2.989;619;5000;0;0
2.994;655;5000;0;0
2.999;678;5000;0;0
3.004;707;5000;0;0
3.009;723;5000;0;0
3.014;739;5000;0;0
3.019;755;5000;0;0
3.024;770;5000;0;0
3.029;780;5000;0;0
3.034;785;5000;0;0
3.039;790;5000;0;0
3.044;794;5000;0;0
3.049;794;5000;0;0
3.054;790;5000;0;0
3.059;790;5000;0;0
3.064;780;5000;0;0
3.069;770;5000;0;0
3.074;760;5000;0;0
3.079;750;5000;0;0
3.084;734;5000;0;0
3.089;712;5000;0;0
3.094;690;5000;0;0
3.099;661;5000;0;0
3.104;637;5000;0;0
3.109;612;5000;0;0
3.114;575;5000;0;0
3.119;535;5000;0;0
3.124;488;5000;0;0
3.129;439;5000;0;0
3.134;397;5000;0;0
3.139;346;5000;0;0
3.144;301;5000;0;0
3.149;248;5000;0;0
3.154;187;5000;0;0
3.159;125;5000;0;0
3.164;70;5000;0;0
3.169;7;5000;0;0
3.174;-54;5000;0;0
3.179;-109;5000;0;0
3.184;-171;5000;0;0
3.189;-218;5000;0;0
3.194;-278;5000;0;0
3.199;-331;5000;0;0
3.204;-375;5000;0;0
3.209;-425;5000;0;0
3.214;-467;5000;0;0
3.219;-509;5000;0;0
3.224;-542;5000;0;0
3.229;-575;5000;0;0
3.234;-612;5000;0;0
3.239;-637;5000;0;0
3.244;-661;5000;0;0
3.249;-684;5000;0;0
3.254;-707;5000;0;0
3.259;-723;5000;0;0
3.264;-734;5000;0;0
3.269;-744;5000;0;0
3.274;-755;5000;0;0
3.279;-760;5000;0;0
3.284;-765;5000;0;0
3.289;-765;5000;0;0
3.294;-760;5000;0;0
3.299;-760;5000;0;0
3.304;-750;5000;0;0
3.309;-744;5000;0;0
3.314;-728;5000;0;0
3.319;-718;5000;0;0
3.324;-707;5000;0;0
3.329;-678;5000;0;0
3.334;-655;5000;0;0
3.339;-637;5000;0;0
3.344;-606;5000;0;0
3.349;-568;5000;0;0
3.354;-535;5000;0;0
3.359;-509;5000;0;0
3.364;-460;5000;0;0
3.369;-425;5000;0;0
3.374;-375;5000;0;0
3.379;-331;5000;0;0
3.384;-286;5000;0;0
3.389;-225;5000;0;0
3.394;-179;5000;0;0
3.399;-125;5000;0;0
3.404;-70;5000;0;0
3.409;-7;5000;0;0
3.414;39;5000;0;0
3.419;94;5000;0;0
3.424;156;5000;0;0
3.429;202;5000;0;0
3.434;256;5000;0;0
3.439;309;5000;0;0
3.444;353;5000;0;0
3.449;397;5000;0;0
3.454;439;5000;0;0
3.459;481;5000;0;0
3.464;515;5000;0;0
3.469;549;5000;0;0
3.474;581;5000;0;0
3.479;612;5000;0;0
3.484;631;5000;0;0
3.489;655;5000;0;0
3.494;673;5000;0;0
3.499;684;5000;0;0
3.504;701;5000;0;0
3.509;707;5000;0;0
3.514;718;5000;0;0
3.519;723;5000;0;0
3.524;728;5000;0;0
3.529;728;5000;0;0
3.534;728;5000;0;0
3.539;723;5000;0;0
3.544;712;5000;0;0
3.549;707;5000;0;0
3.554;695;5000;0;0
3.559;684;5000;0;0
3.564;667;5000;0;0
3.569;649;5000;0;0
3.574;625;5000;0;0
3.579;606;5000;0;0
3.584;575;5000;0;0
3.589;549;5000;0;0
3.594;509;5000;0;0
3.599;481;5000;0;0
3.604;439;5000;0;0
3.609;397;5000;0;0
3.614;353;5000;0;0
3.619;309;5000;0;0
3.624;263;5000;0;0
3.629;218;5000;0;0
3.634;156;5000;0;0
3.639;109;5000;0;0
3.644;54;5000;0;0
3.649;0;5000;0;0
3.654;-47;5000;0;0
3.659;-101;5000;0;0
3.664;-156;5000;0;0
3.669;-202;5000;0;0
3.674;-256;5000;0;0
3.679;-301;5000;0;0
3.684;-338;5000;0;0
3.689;-389;5000;0;0
3.694;-425;5000;0;0
3.699;-453;5000;0;0
3.704;-495;5000;0;0
3.709;-522;5000;0;0
3.714;-555;5000;0;0
3.719;-575;5000;0;0
3.724;-600;5000;0;0
3.729;-625;5000;0;0
3.734;-637;5000;0;0
3.739;-655;5000;0;0
3.744;-667;5000;0;0
3.749;-673;5000;0;0
3.754;-684;5000;0;0
3.759;-684;5000;0;0
3.764;-690;5000;0;0
3.769;-690;5000;0;0
3.774;-684;5000;0;0
3.779;-684;5000;0;0
3.784;-673;5000;0;0
3.789;-661;5000;0;0
3.794;-655;5000;0;0
3.799;-637;5000;0;0
3.804;-625;5000;0;0
3.809;-600;5000;0;0
3.814;-575;5000;0;0
3.819;-549;5000;0;0
3.824;-529;5000;0;0
3.829;-495;5000;0;0
3.834;-460;5000;0;0
3.839;-425;5000;0;0
3.844;-389;5000;0;0
3.849;-353;5000;0;0
3.854;-309;5000;0;0
3.859;-263;5000;0;0
3.864;-225;5000;0;0
3.869;-179;5000;0;0
3.874;-125;5000;0;0
3.879;-78;5000;0;0
3.884;-31;5000;0;0
3.889;23;5000;0;0
3.894;70;5000;0;0
3.899;125;5000;0;0
3.904;171;5000;0;0
3.909;210;5000;0;0
3.914;248;5000;0;0
3.919;294;5000;0;0
3.924;338;5000;0;0
3.929;375;5000;0;0
3.934;411;5000;0;0
3.939;453;5000;0;0
3.944;481;5000;0;0
3.949;509;5000;0;0
3.954;535;5000;0;0
3.959;562;5000;0;0
3.964;587;5000;0;0
3.969;600;5000;0;0
3.974;612;5000;0;0
3.979;625;5000;0;0
3.984;637;5000;0;0
3.989;643;5000;0;0
3.994;649;5000;0;0
3.999;655;5000;0;0
4.004;655;5000;0;0
4.009;655;5000;0;0
4.014;649;5000;0;0
4.019;643;5000;0;0
4.024;637;5000;0;0
4.029;631;5000;0;0
4.034;612;5000;0;0
4.039;600;5000;0;0
4.044;581;5000;0;0
4.049;562;5000;0;0
4.054;535;5000;0;0
4.059;509;5000;0;0
4.064;481;5000;0;0
4.069;453;5000;0;0
4.074;418;5000;0;0
4.079;382;5000;0;0
4.084;346;5000;0;0
4.089;309;5000;0;0
4.094;271;5000;0;0
4.099;225;5000;0;0
4.104;187;5000;0;0
4.109;133;5000;0;0
4.114;94;5000;0;0
4.119;47;5000;0;0
4.124;0;5000;0;0
4.129;-47;5000;0;0
4.134;-94;5000;0;0
4.139;-140;5000;0;0
4.144;-187;5000;0;0
4.149;-225;5000;0;0
4.154;-271;5000;0;0
4.159;-309;5000;0;0
4.164;-346;5000;0;0
4.169;-382;5000;0;0
4.174;-411;5000;0;0
4.179;-439;5000;0;0
4.184;-467;5000;0;0
4.189;-495;5000;0;0
4.194;-515;5000;0;0
4.199;-535;5000;0;0
4.204;-555;5000;0;0
4.209;-568;5000;0;0
4.214;-587;5000;0;0
4.219;-594;5000;0;0
4.224;-606;5000;0;0
4.229;-612;5000;0;0
4.234;-612;5000;0;0
4.239;-619;5000;0;0
4.244;-619;5000;0;0
4.249;-612;5000;0;0
4.254;-606;5000;0;0
4.259;-600;5000;0;0
4.264;-587;5000;0;0
4.269;-575;5000;0;0
4.274;-562;5000;0;0
4.279;-542;5000;0;0
4.284;-529;5000;0;0
4.289;-509;5000;0;0
4.294;-481;5000;0;0
4.299;-453;5000;0;0
4.304;-425;5000;0;0
4.309;-397;5000;0;0
4.314;-368;5000;0;0
4.319;-331;5000;0;0
4.324;-294;5000;0;0
4.329;-256;5000;0;0
4.334;-218;5000;0;0
4.339;-179;5000;0;0
4.344;-133;5000;0;0
4.349;-94;5000;0;0
4.354;-47;5000;0;0
4.359;0;5000;0;0
4.364;31;5000;0;0
4.369;86;5000;0;0
4.374;125;5000;0;0
4.379;164;5000;0;0
4.384;202;5000;0;0
4.389;248;5000;0;0
4.394;278;5000;0;0
4.399;309;5000;0;0
4.404;346;5000;0;0
4.409;375;5000;0;0
4.414;404;5000;0;0
4.419;432;5000;0;0
4.424;460;5000;0;0
4.429;481;5000;0;0
4.434;509;5000;0;0
4.439;522;5000;0;0
4.444;535;5000;0;0
4.449;549;5000;0;0
4.454;562;5000;0;0
4.459;575;5000;0;0
4.464;581;5000;0;0
4.469;587;5000;0;0
4.474;587;5000;0;0
4.479;587;5000;0;0
4.484;581;5000;0;0
4.489;575;5000;0;0
4.494;568;5000;0;0
4.499;562;5000;0;0
4.504;549;5000;0;0
4.509;535;5000;0;0
4.514;522;5000;0;0
4.519;502;5000;0;0
4.524;481;5000;0;0
4.529;453;5000;0;0
4.534;425;5000;0;0
4.539;404;5000;0;0
4.544;375;5000;0;0
4.549;338;5000;0;0
4.554;309;5000;0;0
4.559;278;5000;0;0
4.564;241;5000;0;0
4.569;202;5000;0;0
4.574;164;5000;0;0
4.579;125;5000;0;0
4.584;86;5000;0;0
4.589;47;5000;0;0
4.594;0;5000;0;0
4.599;-31;5000;0;0
4.604;-78;5000;0;0
4.609;-117;5000;0;0
4.614;-156;5000;0;0
4.619;-195;5000;0;0
4.624;-233;5000;0;0
4.629;-263;5000;0;0
4.634;-294;5000;0;0
4.639;-331;5000;0;0
4.644;-353;5000;0;0
4.649;-382;5000;0;0
4.654;-411;5000;0;0
4.659;-425;5000;0;0
4.664;-453;5000;0;0
4.669;-467;5000;0;0
4.674;-481;5000;0;0
4.679;-502;5000;0;0
4.684;-515;5000;0;0
4.689;-522;5000;0;0
4.694;-535;5000;0;0
4.699;-535;5000;0;0
4.704;-535;5000;0;0
4.709;-542;5000;0;0
4.714;-535;5000;0;0
4.719;-535;5000;0;0
4.724;-535;5000;0;0
4.729;-522;5000;0;0
4.734;-515;5000;0;0
4.739;-509;5000;0;0
4.744;-488;5000;0;0
4.749;-474;5000;0;0
4.754;-453;5000;0;0
4.759;-432;5000;0;0
4.764;-411;5000;0;0
4.769;-389;5000;0;0
4.774;-368;5000;0;0
4.779;-338;5000;0;0
4.784;-309;5000;0;0
4.789;-278;5000;0;0
4.794;-248;5000;0;0
4.799;-218;5000;0;0
4.804;-179;5000;0;0
4.809;-140;5000;0;0
4.814;-109;5000;0;0
4.819;-70;5000;0;0
4.824;-31;5000;0;0
4.829;0;5000;0;0
4.834;39;5000;0;0
4.839;78;5000;0;0
4.844;117;5000;0;0
4.849;156;5000;0;0
4.854;187;5000;0;0
4.859;218;5000;0;0
4.864;248;5000;0;0
4.869;278;5000;0;0
4.874;309;5000;0;0
4.879;338;5000;0;0
4.884;368;5000;0;0
4.889;389;5000;0;0
4.894;404;5000;0;0
4.899;425;5000;0;0
4.904;439;5000;0;0
4.909;453;5000;0;0
4.914;474;5000;0;0
4.919;481;5000;0;0
4.924;495;5000;0;0
4.929;502;5000;0;0
4.934;509;5000;0;0
4.939;509;5000;0;0
4.944;509;5000;0;0
4.949;509;5000;0;0
4.954;509;5000;0;0
4.959;502;5000;0;0
4.964;495;5000;0;0
4.969;481;5000;0;0
4.974;467;5000;0;0
4.979;453;5000;0;0
4.984;439;5000;0;0
4.989;425;5000;0;0
4.994;404;5000;0;0
4.999;382;5000;0;0
5.004;360;5000;0;0
5.009;338;5000;0;0
5.014;309;5000;0;0
5.019;278;5000;0;0
5.024;248;5000;0;0
5.029;218;5000;0;0
5.034;187;5000;0;0
5.039;156;5000;0;0
5.044;125;5000;0;0
5.049;94;5000;0;0
5.054;54;5000;0;0
5.059;15;5000;0;0
5.064;-15;5000;0;0
5.069;-47;5000;0;0
5.074;-86;5000;0;0
5.079;-125;5000;0;0
5.084;-156;5000;0;0
5.089;-187;5000;0;0
5.094;-218;5000;0;0
5.099;-248;5000;0;0
5.104;-271;5000;0;0
5.109;-301;5000;0;0
5.114;-323;5000;0;0
5.119;-346;5000;0;0
5.124;-368;5000;0;0
5.129;-382;5000;0;0
5.134;-397;5000;0;0
5.139;-418;5000;0;0
5.144;-425;5000;0;0
5.149;-439;5000;0;0
5.154;-453;5000;0;0
5.159;-453;5000;0;0
5.164;-460;5000;0;0
5.169;-467;5000;0;0
5.174;-467;5000;0;0
5.179;-467;5000;0;0
5.184;-467;5000;0;0
5.189;-460;5000;0;0
5.194;-453;5000;0;0
5.199;-446;5000;0;0
5.204;-439;5000;0;0
5.209;-425;5000;0;0
5.214;-411;5000;0;0
5.219;-397;5000;0;0
5.224;-382;5000;0;0
5.229;-368;5000;0;0
5.234;-346;5000;0;0
5.239;-323;5000;0;0
5.244;-301;5000;0;0
5.249;-278;5000;0;0
5.254;-248;5000;0;0
5.259;-218;5000;0;0
5.264;-195;5000;0;0
5.269;-164;5000;0;0
5.274;-133;5000;0;0
5.279;-101;5000;0;0
5.284;-70;5000;0;0
5.289;-31;5000;0;0
5.294;0;5000;0;0
5.299;31;5000;0;0
5.304;62;5000;0;0
5.309;94;5000;0;0
5.314;125;5000;0;0
5.319;148;5000;0;0
5.324;179;5000;0;0
5.329;210;5000;0;0
5.334;233;5000;0;0
5.339;256;5000;0;0
5.344;278;5000;0;0
5.349;301;5000;0;0
5.354;323;5000;0;0
5.359;346;5000;0;0
5.364;368;5000;0;0
5.369;375;5000;0;0
5.374;389;5000;0;0
5.379;397;5000;0;0
5.384;411;5000;0;0
5.389;418;5000;0;0
5.394;425;5000;0;0
5.399;432;5000;0;0
5.404;432;5000;0;0
5.409;439;5000;0;0
5.414;432;5000;0;0
5.419;432;5000;0;0
5.424;425;5000;0;0
5.429;425;5000;0;0
5.434;411;5000;0;0
5.439;404;5000;0;0
5.444;389;5000;0;0
5.449;375;5000;0;0
5.454;368;5000;0;0
5.459;346;5000;0;0
5.464;331;5000;0;0
5.469;309;5000;0;0
5.474;294;5000;0;0
5.479;263;5000;0;0
5.484;241;5000;0;0
5.489;218;5000;0;0
5.494;187;5000;0;0
5.499;164;5000;0;0
5.504;133;5000;0;0
5.509;109;5000;0;0
5.514;78;5000;0;0
5.519;47;5000;0;0
5.524;15;5000;0;0
5.529;-15;5000;0;0
5.534;-39;5000;0;0
5.539;-70;5000;0;0
5.544;-94;5000;0;0
5.549;-125;5000;0;0
5.554;-156;5000;0;0
5.559;-179;5000;0;0
5.564;-210;5000;0;0
5.569;-225;5000;0;0
5.574;-248;5000;0;0
5.579;-271;5000;0;0
5.584;-294;5000;0;0
5.589;-309;5000;0;0
5.594;-323;5000;0;0
5.599;-338;5000;0;0
5.604;-353;5000;0;0
5.609;-368;5000;0;0
5.614;-375;5000;0;0
5.619;-382;5000;0;0
5.624;-389;5000;0;0
5.629;-397;5000;0;0
5.634;-397;5000;0;0
5.639;-397;5000;0;0
5.644;-397;5000;0;0
5.649;-397;5000;0;0
5.654;-397;5000;0;0
5.659;-389;5000;0;0
5.664;-382;5000;0;0
5.669;-368;5000;0;0
5.674;-360;5000;0;0
5.679;-353;5000;0;0
5.684;-338;5000;0;0
5.689;-323;5000;0;0
5.694;-309;5000;0;0
5.699;-286;5000;0;0
5.704;-271;5000;0;0
5.709;-248;5000;0;0
5.714;-225;5000;0;0
5.719;-202;5000;0;0
5.724;-179;5000;0;0
5.729;-156;5000;0;0
5.734;-125;5000;0;0
5.739;-101;5000;0;0
5.744;-78;5000;0;0
5.749;-47;5000;0;0
5.754;-23;5000;0;0
5.759;0;5000;0;0
5.764;31;5000;0;0
5.769;54;5000;0;0
5.774;86;5000;0;0
5.779;109;5000;0;0
5.784;133;5000;0;0
5.789;156;5000;0;0
5.794;179;5000;0;0
5.799;202;5000;0;0
5.804;218;5000;0;0
5.809;241;5000;0;0
5.814;256;5000;0;0
5.819;278;5000;0;0
5.824;294;5000;0;0
5.829;309;5000;0;0
5.834;323;5000;0;0
5.839;331;5000;0;0
5.844;338;5000;0;0
5.849;346;5000;0;0
5.854;353;5000;0;0
5.859;360;5000;0;0
5.864;368;5000;0;0
5.869;368;5000;0;0
5.874;368;5000;0;0
5.879;368;5000;0;0
5.884;360;5000;0;0
5.889;353;5000;0;0
5.894;353;5000;0;0
5.899;338;5000;0;0
5.904;338;5000;0;0
5.909;323;5000;0;0
5.914;309;5000;0;0
5.919;294;5000;0;0
5.924;278;5000;0;0
5.929;263;5000;0;0
5.934;248;5000;0;0
5.939;233;5000;0;0
5.944;218;5000;0;0
5.949;187;5000;0;0
5.954;171;5000;0;0
5.959;148;5000;0;0
5.964;125;5000;0;0
5.969;101;5000;0;0
5.974;78;5000;0;0
5.979;54;5000;0;0
5.984;31;5000;0;0
5.989;0;5000;0;0
5.994;-15;5000;0;0
5.999;-47;5000;0;0
6.004;-62;5000;0;0
6.009;-94;5000;0;0
6.014;-117;5000;0;0
6.019;-133;5000;0;0
6.024;-156;5000;0;0
6.029;-179;5000;0;0
6.034;-195;5000;0;0
6.039;-218;5000;0;0
6.044;-233;5000;0;0
6.049;-248;5000;0;0
6.054;-263;5000;0;0
6.059;-278;5000;0;0
6.064;-286;5000;0;0
6.069;-301;5000;0;0
6.074;-309;5000;0;0
6.079;-316;5000;0;0
6.084;-323;5000;0;0
6.089;-323;5000;0;0
6.094;-331;5000;0;0
6.099;-331;5000;0;0
6.104;-331;5000;0;0
6.109;-331;5000;0;0
6.114;-331;5000;0;0
6.119;-323;5000;0;0
6.124;-316;5000;0;0
6.129;-309;5000;0;0
6.134;-309;5000;0;0
6.139;-294;5000;0;0
6.144;-278;5000;0;0
6.149;-271;5000;0;0
6.154;-256;5000;0;0
6.159;-248;5000;0;0
6.164;-225;5000;0;0
6.169;-210;5000;0;0
6.174;-195;5000;0;0
6.179;-171;5000;0;0
6.184;-156;5000;0;0
6.189;-133;5000;0;0
6.194;-117;5000;0;0
6.199;-94;5000;0;0
6.204;-70;5000;0;0
6.209;-47;5000;0;0
6.214;-31;5000;0;0
6.219;0;5000;0;0
6.224;15;5000;0;0
6.229;31;5000;0;0
6.234;62;5000;0;0
6.239;78;5000;0;0
6.244;101;5000;0;0
6.249;117;5000;0;0
6.254;140;5000;0;0
6.259;156;5000;0;0
6.264;171;5000;0;0
6.269;187;5000;0;0
6.274;210;5000;0;0
6.279;218;5000;0;0
6.284;233;5000;0;0
6.289;248;5000;0;0
6.294;256;5000;0;0
6.299;263;5000;0;0
6.304;278;5000;0;0
6.309;278;5000;0;0
6.314;286;5000;0;0
6.319;294;5000;0;0
6.324;294;5000;0;0
6.329;294;5000;0;0
6.334;301;5000;0;0
6.339;294;5000;0;0
6.344;294;5000;0;0
6.349;294;5000;0;0
6.354;286;5000;0;0
6.359;278;5000;0;0
6.364;278;5000;0;0
6.369;263;5000;0;0
6.374;256;5000;0;0
6.379;248;5000;0;0
6.384;233;5000;0;0
6.389;218;5000;0;0
6.394;210;5000;0;0
6.399;187;5000;0;0
6.404;179;5000;0;0
6.409;156;5000;0;0
6.414;140;5000;0;0
6.419;125;5000;0;0
6.424;109;5000;0;0
6.429;86;5000;0;0
6.434;62;5000;0;0
6.439;47;5000;0;0
6.444;31;5000;0;0
6.449;7;5000;0;0
6.454;-7;5000;0;0
6.459;-31;5000;0;0
6.464;-47;5000;0;0
6.469;-70;5000;0;0
6.474;-94;5000;0;0
6.479;-109;5000;0;0
6.484;-125;5000;0;0
6.489;-140;5000;0;0
6.494;-156;5000;0;0
6.499;-164;5000;0;0
6.504;-187;5000;0;0
6.509;-195;5000;0;0
6.514;-210;5000;0;0
6.519;-218;5000;0;0
6.524;-225;5000;0;0
6.529;-241;5000;0;0
6.534;-248;5000;0;0
6.539;-248;5000;0;0
6.544;-256;5000;0;0
6.549;-263;5000;0;0
6.554;-263;5000;0;0
6.559;-263;5000;0;0
6.564;-263;5000;0;0
6.569;-263;5000;0;0
6.574;-263;5000;0;0
6.579;-256;5000;0;0
6.584;-256;5000;0;0
6.589;-248;5000;0;0
6.594;-248;5000;0;0
6.599;-241;5000;0;0
6.604;-225;5000;0;0
6.609;-218;5000;0;0
6.614;-210;5000;0;0
6.619;-195;5000;0;0
6.624;-187;5000;0;0
6.629;-171;5000;0;0
6.634;-156;5000;0;0
6.639;-140;5000;0;0
6.644;-125;5000;0;0
6.649;-109;5000;0;0
6.654;-94;5000;0;0
6.659;-78;5000;0;0
6.664;-62;5000;0;0
6.669;-47;5000;0;0
6.674;-31;5000;0;0
6.679;-7;5000;0;0
6.684;7;5000;0;0
6.689;23;5000;0;0
6.694;39;5000;0;0
6.699;54;5000;0;0
6.704;70;5000;0;0
6.709;86;5000;0;0
6.714;101;5000;0;0
6.719;117;5000;0;0
6.724;125;5000;0;0
6.729;140;5000;0;0
6.734;156;5000;0;0
6.739;164;5000;0;0
6.744;179;5000;0;0
6.749;187;5000;0;0
6.754;195;5000;0;0
6.759;202;5000;0;0
6.764;210;5000;0;0
6.769;218;5000;0;0
6.774;218;5000;0;0
6.779;225;5000;0;0
6.784;225;5000;0;0
6.789;233;5000;0;0
6.794;233;5000;0;0
6.799;233;5000;0;0
6.804;225;5000;0;0
6.809;225;5000;0;0
6.814;218;5000;0;0
6.819;218;5000;0;0
6.824;218;5000;0;0
6.829;202;5000;0;0
6.834;202;5000;0;0
6.839;187;5000;0;0
6.844;187;5000;0;0
6.849;171;5000;0;0
6.854;156;5000;0;0
6.859;148;5000;0;0
6.864;133;5000;0;0
6.869;125;5000;0;0
6.874;109;5000;0;0
6.879;94;5000;0;0
6.884;86;5000;0;0
6.889;70;5000;0;0
6.894;54;5000;0;0
6.899;39;5000;0;0
6.904;23;5000;0;0
6.909;7;5000;0;0
6.914;-7;5000;0;0
6.919;-15;5000;0;0
6.924;-31;5000;0;0
6.929;-47;5000;0;0
6.934;-62;5000;0;0
6.939;-78;5000;0;0
6.944;-94;5000;0;0
6.949;-101;5000;0;0
6.954;-117;5000;0;0
6.959;-125;5000;0;0
6.964;-133;5000;0;0
6.969;-148;5000;0;0
6.974;-156;5000;0;0
6.979;-156;5000;0;0
6.984;-171;5000;0;0
6.989;-179;5000;0;0
6.994;-187;5000;0;0
6.999;-187;5000;0;0
7.004;-187;5000;0;0
7.009;-195;5000;0;0
7.014;-195;5000;0;0
7.019;-195;5000;0;0
7.024;-195;5000;0;0
7.029;-195;5000;0;0
7.034;-195;5000;0;0
7.039;-195;5000;0;0
7.044;-187;5000;0;0
7.049;-187;5000;0;0
7.054;-179;5000;0;0
7.059;-171;5000;0;0
7.064;-164;5000;0;0
7.069;-156;5000;0;0
7.074;-156;5000;0;0
7.079;-148;5000;0;0
7.084;-140;5000;0;0
7.089;-125;5000;0;0
7.094;-117;5000;0;0
7.099;-109;5000;0;0
7.104;-94;5000;0;0
7.109;-86;5000;0;0
7.114;-70;5000;0;0
7.119;-62;5000;0;0
7.124;-47;5000;0;0
7.129;-39;5000;0;0
7.134;-31;5000;0;0
7.139;-15;5000;0;0
7.144;0;5000;0;0
7.149;7;5000;0;0
7.154;15;5000;0;0
7.159;31;5000;0;0
7.164;39;5000;0;0
7.169;54;5000;0;0
7.174;62;5000;0;0
7.179;78;5000;0;0
7.184;86;5000;0;0
7.189;94;5000;0;0
7.194;101;5000;0;0
7.199;109;5000;0;0
7.204;117;5000;0;0
7.209;125;5000;0;0
7.214;133;5000;0;0
7.219;133;5000;0;0
7.224;140;5000;0;0
7.229;148;5000;0;0
7.234;148;5000;0;0
7.239;156;5000;0;0
7.244;156;5000;0;0
7.249;156;5000;0;0
7.254;156;5000;0;0
7.259;156;5000;0;0
7.264;156;5000;0;0
7.269;156;5000;0;0
7.274;156;5000;0;0
7.279;148;5000;0;0
7.284;148;5000;0;0
7.289;140;5000;0;0
7.294;133;5000;0;0
7.299;133;5000;0;0
7.304;125;5000;0;0
7.309;125;5000;0;0
7.314;109;5000;0;0
7.319;101;5000;0;0
7.324;94;5000;0;0
7.329;86;5000;0;0
7.334;78;5000;0;0
7.339;70;5000;0;0
7.344;62;5000;0;0
7.349;54;5000;0;0
7.354;39;5000;0;0
7.359;31;5000;0;0
7.364;23;5000;0;0
7.369;7;5000;0;0
7.374;0;5000;0;0
7.379;-7;5000;0;0
7.384;-15;5000;0;0
7.389;-31;5000;0;0
7.394;-31;5000;0;0
7.399;-47;5000;0;0
7.404;-54;5000;0;0
7.409;-62;5000;0;0
7.414;-62;5000;0;0
7.419;-78;5000;0;0
7.424;-78;5000;0;0
7.429;-94;5000;0;0
7.434;-94;5000;0;0
7.439;-94;5000;0;0
7.444;-101;5000;0;0
7.449;-109;5000;0;0
7.454;-109;5000;0;0
7.459;-117;5000;0;0
7.464;-117;5000;0;0
7.469;-117;5000;0;0
7.474;-117;5000;0;0
7.479;-117;5000;0;0
7.484;-117;5000;0;0
7.489;-117;5000;0;0
7.494;-117;5000;0;0
7.499;-117;5000;0;0
7.504;-109;5000;0;0
7.509;-109;5000;0;0
7.514;-101;5000;0;0
7.519;-101;5000;0;0
7.524;-94;5000;0;0
7.529;-94;5000;0;0
7.534;-94;5000;0;0
7.539;-86;5000;0;0
7.544;-78;5000;0;0
7.549;-70;5000;0;0
7.554;-62;5000;0;0
7.559;-62;5000;0;0
7.564;-54;5000;0;0
7.569;-47;5000;0;0
7.574;-47;5000;0;0
7.579;-39;5000;0;0
7.584;-31;5000;0;0
7.589;-31;5000;0;0
7.594;-23;5000;0;0
7.599;-15;5000;0;0
7.604;-7;5000;0;0
7.609;0;5000;0;0
7.614;0;5000;0;0
7.619;0;5000;0;0
7.624;7;5000;0;0
7.629;15;5000;0;0
7.634;15;5000;0;0
7.639;23;5000;0;0
7.644;31;5000;0;0
7.649;31;5000;0;0
7.654;39;5000;0;0
7.659;39;5000;0;0
7.664;47;5000;0;0
7.669;47;5000;0;0
7.674;54;5000;0;0
7.679;54;5000;0;0
7.684;62;5000;0;0
7.689;62;5000;0;0
7.694;62;5000;0;0
7.699;62;5000;0;0
7.704;62;5000;0;0
7.709;62;5000;0;0
7.714;62;5000;0;0
7.719;62;5000;0;0
7.724;62;5000;0;0
7.729;62;5000;0;0
7.734;62;5000;0;0
7.739;62;5000;0;0
7.744;62;5000;0;0
7.749;62;5000;0;0
7.754;62;5000;0;0
7.759;54;5000;0;0
7.764;54;5000;0;0
7.769;47;5000;0;0
7.774;47;5000;0;0
7.779;47;5000;0;0
7.784;39;5000;0;0
7.789;31;5000;0;0
7.794;31;5000;0;0
7.799;31;5000;0;0
7.804;31;5000;0;0
7.809;23;5000;0;0
7.814;15;5000;0;0
7.819;15;5000;0;0
7.824;7;5000;0;0
7.829;7;5000;0;0
7.834;0;5000;0;0
7.839;0;5000;0;0
7.844;0;5000;0;0
7.849;0;5000;0;0
7.854;-7;5000;0;0
7.859;-7;5000;0;0
7.864;-15;5000;0;0
7.869;-15;5000;0;0
7.874;-15;5000;0;0
7.879;-23;5000;0;0
7.884;-23;5000;0;0
7.889;-23;5000;0;0
7.894;-23;5000;0;0
7.899;-23;5000;0;0
7.904;-23;5000;0;0
7.909;-23;5000;0;0
7.914;-23;5000;0;0
7.919;-23;5000;0;0
7.924;-23;5000;0;0
7.929;-23;5000;0;0
7.934;-23;5000;0;0
7.939;-23;5000;0;0
7.944;-23;5000;0;0
7.949;-23;5000;0;0
7.954;-23;5000;0;0
7.959;-23;5000;0;0
7.964;-23;5000;0;0
7.969;-23;5000;0;0
7.974;-23;5000;0;0
7.979;-23;5000;0;0
7.984;-23;5000;0;0
7.989;-23;5000;0;0
7.994;-23;5000;0;0
7.999;-23;5000;0;0
8.004;-23;5000;0;0
8.009;-23;5000;0;0
8.014;-23;5000;0;0
8.019;-23;5000;0;0
8.024;-23;5000;0;0
8.029;-23;5000;0;0
8.034;-23;5000;0;0
8.039;-23;5000;0;0
8.044;-23;5000;0;0
8.049;-23;5000;0;0
8.054;-23;5000;0;0
8.059;-23;5000;0;0
8.064;-23;5000;0;0
8.069;-23;5000;0;0
8.074;-23;5000;0;0
8.079;-23;5000;0;0
8.084;-23;5000;0;0
8.089;-23;5000;0;0
8.094;-23;5000;0;0
8.099;-23;5000;0;0
8.104;-23;5000;0;0
8.109;-23;5000;0;0
8.114;-23;5000;0;0
8.119;-23;5000;0;0
8.124;-23;5000;0;0
8.129;-23;5000;0;0
8.134;-23;5000;0;0
8.139;-23;5000;0;0
8.144;-23;5000;0;0
8.149;-23;5000;0;0
8.154;-23;5000;0;0
8.159;-23;5000;0;0
8.164;-23;5000;0;0
8.169;-23;5000;0;0
8.174;-23;5000;0;0
8.179;-23;5000;0;0
8.184;-23;5000;0;0
8.189;-23;5000;0;0
8.194;-23;5000;0;0
8.199;-23;5000;0;0
8.204;-23;5000;0;0
8.209;-23;5000;0;0
8.214;-23;5000;0;0
8.219;-23;5000;0;0
8.224;-23;5000;0;0
8.229;-23;5000;0;0
8.234;-23;5000;0;0
8.239;-23;5000;0;0
8.244;-23;5000;0;0
8.249;-23;5000;0;0
8.254;-23;5000;0;0
8.259;-23;5000;0;0
8.264;-23;5000;0;0
8.269;-23;5000;0;0
8.274;-23;5000;0;0
8.279;-23;5000;0;0
8.284;-23;5000;0;0
8.289;-23;5000;0;0
8.294;-23;5000;0;0
8.299;-23;5000;0;0
8.304;-23;5000;0;0
8.309;-23;5000;0;0
8.314;-23;5000;0;0
8.319;-23;5000;0;0
8.324;-23;5000;0;0
8.329;-23;5000;0;0
8.334;-23;5000;0;0
8.339;-23;5000;0;0
8.344;-23;5000;0;0
8.349;-23;5000;0;0
8.354;-23;5000;0;0
8.359;-23;5000;0;0
8.364;-23;5000;0;0
8.369;-23;5000;0;0
8.374;-23;5000;0;0
8.379;-23;5000;0;0
8.384;-23;5000;0;0
8.389;-23;5000;0;0
8.394;-23;5000;0;0
8.399;-23;5000;0;0
8.404;-23;5000;0;0
8.409;-23;5000;0;0
8.414;-23;5000;0;0
8.419;-23;5000;0;0
8.424;-23;5000;0;0
8.429;-23;5000;0;0
8.434;-23;5000;0;0
8.439;-23;5000;0;0
8.444;-23;5000;0;0
8.449;-23;5000;0;0
8.454;-23;5000;0;0
8.459;-23;5000;0;0
8.464;-23;5000;0;0
8.469;-23;5000;0;0
8.474;-23;5000;0;0
8.479;-23;5000;0;0
8.484;-23;5000;0;0
8.489;-23;5000;0;0
8.494;-23;5000;0;0
8.499;-23;5000;0;0
8.504;-23;5000;0;0
8.509;-23;5000;0;0
8.514;-23;5000;0;0
8.519;-23;5000;0;0
8.524;-23;5000;0;0
8.529;-23;5000;0;0
8.534;-23;5000;0;0
8.539;-23;5000;0;0
8.544;-23;5000;0;0
8.549;-23;5000;0;0
8.554;-23;5000;0;0
8.559;-23;5000;0;0
8.564;-23;5000;0;0
8.569;-23;5000;0;0
8.574;-23;5000;0;0
8.579;-23;5000;0;0
8.584;-23;5000;0;0
8.589;-23;5000;0;0
8.594;-23;5000;0;0
8.599;-23;5000;0;0
8.604;-23;5000;0;0
8.609;-23;5000;0;0
8.614;-23;5000;0;0
8.619;-23;5000;0;0
8.624;-23;5000;0;0
8.629;-23;5000;0;0
8.634;-23;5000;0;0
8.639;-23;5000;0;0
8.644;-23;5000;0;0
8.649;-23;5000;0;0
8.654;-23;5000;0;0
8.659;-23;5000;0;0
8.664;-23;5000;0;0
8.669;-23;5000;0;0
8.674;-23;5000;0;0
8.679;-23;5000;0;0
8.684;-23;5000;0;0
8.689;-23;5000;0;0
8.694;-23;5000;0;0
8.699;-23;5000;0;0
8.704;-23;5000;0;0
8.709;-23;5000;0;0
8.714;-23;5000;0;0
8.719;-23;5000;0;0
8.724;-23;5000;0;0
8.729;-23;5000;0;0
8.734;-23;5000;0;0
8.739;-23;5000;0;0
8.744;-23;5000;0;0
8.749;-23;5000;0;0
8.754;-23;5000;0;0
8.759;-23;5000;0;0
8.764;-23;5000;0;0
8.769;-23;5000;0;0
8.774;-23;5000;0;0
8.779;-23;5000;0;0
8.784;-23;5000;0;0
8.789;-23;5000;0;0
8.794;-23;5000;0;0
8.799;-23;5000;0;0
8.804;-23;5000;0;0
8.809;-23;5000;0;0
8.814;-23;5000;0;0
8.819;-23;5000;0;0
8.824;-23;5000;0;0
8.829;-23;5000;0;0
8.834;-23;5000;0;0
8.839;-23;5000;0;0
8.844;-23;5000;0;0
8.849;-23;5000;0;0
8.854;-23;5000;0;0
8.859;-23;5000;0;0
8.864;-23;5000;0;0
8.869;-23;5000;0;0
8.874;-23;5000;0;0
8.879;-23;5000;0;0
8.884;-23;5000;0;0
8.889;-23;5000;0;0
8.894;-23;5000;0;0
8.899;-23;5000;0;0
8.904;-23;5000;0;0
8.909;-23;5000;0;0
8.914;-23;5000;0;0
8.919;-23;5000;0;0
8.924;-23;5000;0;0
8.929;-23;5000;0;0
8.934;-23;5000;0;0
8.939;-23;5000;0;0
8.944;-23;5000;0;0
8.949;-23;5000;0;0
8.954;-23;5000;0;0
8.959;-23;5000;0;0
8.964;-23;5000;0;0
8.969;-23;5000;0;0
8.974;-23;5000;0;0
8.979;-23;5000;0;0
8.984;-23;5000;0;0
8.989;-23;5000;0;0
8.994;-23;5000;0;0
8.999;-23;5000;0;0
9.004;-23;5000;0;0
9.009;-23;5000;0;0
9.014;-23;5000;0;0
9.019;-23;5000;0;0
9.024;-23;5000;0;0
9.029;-23;5000;0;0
9.034;-23;5000;0;0
9.039;-23;5000;0;0
9.044;-23;5000;0;0
9.049;-23;5000;0;0
9.054;-23;5000;0;0
9.059;-23;5000;0;0
9.064;-23;5000;0;0
9.069;-23;5000;0;0
9.074;-23;5000;0;0
9.079;-23;5000;0;0
9.084;-23;5000;0;0
9.089;-23;5000;0;0
9.094;-23;5000;0;0
9.099;-23;5000;0;0
9.104;-23;5000;0;0
9.109;-23;5000;0;0
9.114;-23;5000;0;0
9.119;-23;5000;0;0
9.124;-23;5000;0;0
9.129;-23;5000;0;0
9.134;-23;5000;0;0
9.139;-23;5000;0;0
9.144;-23;5000;0;0
9.149;-23;5000;0;0
9.154;-23;5000;0;0
9.159;-23;5000;0;0
9.164;-23;5000;0;0
9.169;-23;5000;0;0
9.174;-23;5000;0;0
9.179;-23;5000;0;0
9.184;-23;5000;0;0
9.189;-23;5000;0;0
9.194;-23;5000;0;0
9.199;-23;5000;0;0
9.204;-23;5000;0;0
9.209;-23;5000;0;0
9.214;-23;5000;0;0
9.219;-23;5000;0;0
9.224;-23;5000;0;0
9.229;-23;5000;0;0
9.234;-23;5000;0;0
9.239;-23;5000;0;0
9.244;-23;5000;0;0
9.249;-23;5000;0;0
9.254;-23;5000;0;0
9.259;-23;5000;0;0
9.264;-23;5000;0;0
9.269;-23;5000;0;0
9.274;-23;5000;0;0
9.279;-23;5000;0;0
9.284;-23;5000;0;0
9.289;-23;5000;0;0
9.294;-23;5000;0;0
9.299;-23;5000;0;0
9.304;-23;5000;0;0
9.309;-23;5000;0;0
9.314;-23;5000;0;0
9.319;-23;5000;0;0
9.324;-23;5000;0;0
9.329;-23;5000;0;0
9.334;-23;5000;0;0
9.339;-23;5000;0;0
9.344;-23;5000;0;0
9.349;-23;5000;0;0
9.354;-23;5000;0;0
9.359;-23;5000;0;0
9.364;-23;5000;0;0
9.369;-23;5000;0;0
9.374;-23;5000;0;0
9.379;-23;5000;0;0
9.384;-23;5000;0;0
9.389;-23;5000;0;0
9.394;-23;5000;0;0
9.399;-23;5000;0;0
9.404;-23;5000;0;0
9.409;-23;5000;0;0
9.414;-23;5000;0;0
9.419;-23;5000;0;0
9.424;-23;5000;0;0
9.429;-23;5000;0;0
9.434;-23;5000;0;0
9.439;-23;5000;0;0