t;e;d;i;set

3.979;0;0;0;0
3.984;0;0;0;0
3.989;0;0;0;0
3.994;0;0;0;0
3.999;0;0;0;0
4.004;0;0;0;0
4.009;0;0;0;0
4.014;0;0;0;0
4.019;0;0;0;0
4.024;0;0;0;0
4.029;0;0;0;0
4.034;0;0;0;0
4.039;0;0;0;0
4.044;0;0;0;0
4.049;0;0;0;0
4.054;0;0;0;0
4.059;0;0;0;0
4.064;0;0;0;0
4.069;0;0;0;0
4.074;0;0;0;0
4.079;0;0;0;0
4.084;0;0;0;0
4.089;0;0;0;0
4.094;0;0;0;0
4.099;0;0;0;0
4.104;0;0;0;0
4.109;0;0;0;0
4.114;0;0;0;0
4.119;0;0;0;0
4.124;0;0;0;0
4.129;0;0;0;0
4.134;0;0;0;0
4.139;0;0;0;0
4.144;0;0;0;0
4.149;0;0;0;0
4.154;0;0;0;0
4.159;0;0;0;0
4.164;0;0;0;0
4.169;0;0;0;0
4.174;0;0;0;0
4.179;0;0;0;0
4.184;0;0;0;0
4.189;0;0;0;0
4.194;0;0;0;0
4.199;0;0;0;0
4.204;0;0;0;0
4.209;0;0;0;0
4.214;0;0;0;0
4.219;0;0;0;0
4.224;0;0;0;0
4.229;0;0;0;0
4.234;0;0;0;0
4.239;0;0;0;0
4.244;0;0;0;0
4.249;0;0;0;0
4.254;0;0;0;0
4.259;0;0;0;0
4.264;0;0;0;0
4.269;0;0;0;0
4.274;0;0;0;0
4.279;0;0;0;0
4.284;0;0;0;0
4.289;0;0;0;0
4.294;0;0;0;0
4.299;0;0;0;0
4.304;0;0;0;0
4.309;0;0;0;0
4.314;0;0;0;0
4.319;0;0;0;0
4.324;0;0;0;0
4.329;0;0;0;0
4.334;0;0;0;0
4.339;0;0;0;0
4.344;0;0;0;0
4.349;0;0;0;0
4.354;0;0;0;0
4.359;0;0;0;0
4.364;0;0;0;0
4.369;0;0;0;0
4.374;0;0;0;0
4.379;0;0;0;0
4.384;0;0;0;0
4.389;0;0;0;0
4.394;0;0;0;0
4.399;0;0;0;0
4.404;0;0;0;0
4.409;0;0;0;0
4.414;0;0;0;0
4.419;0;0;0;0
4.424;0;0;0;0
4.429;0;0;0;0
4.434;0;0;0;0
4.439;0;0;0;0
4.444;0;0;0;0
4.449;0;0;0;0
4.454;0;0;0;0
4.459;0;0;0;0
4.464;0;0;0;0
4.469;0;0;0;0
4.474;0;0;0;0
4.479;0;0;0;0
4.484;0;0;0;0
4.489;0;0;0;0
4.494;0;0;0;0
4.499;0;0;0;0
4.504;0;0;0;0
4.509;0;0;0;0
4.514;0;0;0;0
4.519;0;0;0;0
4.524;0;0;0;0
4.529;0;0;0;0
4.534;0;0;0;0
4.539;0;0;0;0
4.544;0;0;0;0
4.549;0;0;0;0
4.554;0;0;0;0
4.559;0;0;0;0
4.564;0;0;0;0
4.569;0;0;0;0
4.574;0;0;0;0
4.579;0;0;0;0
4.584;0;0;0;0
4.589;0;0;0;0
4.594;0;0;0;0
4.599;0;0;0;0
4.604;0;0;0;0
4.609;0;0;0;0
4.614;0;0;0;0
4.619;0;0;0;0
4.624;0;0;0;0
4.629;0;0;0;0
4.634;0;0;0;0
4.639;0;0;0;0
4.644;0;0;0;0
4.649;0;0;0;0
4.654;-7;0;0;0
4.659;-31;0;0;0
4.664;-62;468;0;0
4.669;-109;384;0;0
4.674;-171;253;0;0
4.679;-241;224;0;0
4.684;-309;212;0;0
4.689;-382;214;0;0
4.694;-439;243;0;0
4.699;-502;230;0;0
4.704;-555;232;0;0
4.709;-600;284;0;0
4.714;-643;284;0;0
4.719;-684;268;0;0
4.724;-728;280;0;0
4.729;-755;343;0;0
4.734;-785;357;0;0
4.739;-809;358;0;0
4.744;-835;345;0;0
4.749;-852;383;0;0
4.754;-868;425;0;0
4.759;-876;629;0;0
4.764;-891;726;0;0
4.769;-898;726;0;0
4.774;-904;799;0;0
4.779;-904;799;0;0
4.784;-904;799;0;0
4.789;-904;799;0;0
4.794;-904;799;0;0
4.799;-898;799;0;0
4.804;-891;3054;0;0
4.809;-883;3054;0;0
4.814;-872;811;0;0
4.819;-860;754;0;0
4.824;-844;605;0;0
4.829;-827;474;0;0
4.834;-799;348;0;0
4.839;-775;376;0;0
4.844;-750;409;0;0
4.849;-718;393;0;0
4.854;-678;288;0;0
4.859;-631;251;0;0
4.864;-587;287;0;0
4.869;-535;267;0;0
4.874;-481;248;0;0
4.879;-425;242;0;0
4.884;-368;264;0;0
4.889;-309;233;0;0
4.894;-248;228;0;0
4.899;-179;232;0;0
4.904;-101;217;0;0
4.909;-31;217;0;0
4.914;39;216;0;0
4.919;109;216;0;0
4.924;179;229;0;0
4.929;248;229;0;0
4.934;309;235;0;0
4.939;368;238;0;0
4.944;432;241;0;0
4.949;488;241;0;0
4.954;542;259;0;0
4.959;587;269;0;0
4.964;637;288;0;0
4.969;673;296;0;0
4.974;707;336;0;0
4.979;734;365;0;0
4.984;765;363;0;0
4.989;790;401;0;0
4.994;804;519;0;0
4.999;822;546;0;0
5.004;835;546;0;0
5.009;848;545;0;0
5.014;860;685;0;0
5.019;864;685;0;0
5.024;872;854;0;0
5.029;872;854;0;0
5.034;872;854;0;0
5.039;872;854;0;0
5.044;868;854;0;0
5.049;864;854;0;0
5.054;856;854;0;0
5.059;844;3791;0;0
5.064;835;3791;0;0
5.069;818;672;0;0
5.074;799;558;0;0
5.079;780;506;0;0
5.084;755;440;0;0
5.089;728;370;0;0
5.094;695;355;0;0
5.099;661;338;0;0
5.104;625;325;0;0
5.109;587;317;0;0
5.114;535;271;0;0
5.119;481;242;0;0
5.124;425;245;0;0
5.129;368;257;0;0
5.134;309;258;0;0
5.139;248;241;0;0
5.144;187;231;0;0
5.149;117;223;0;0
5.154;47;232;0;0
5.159;-15;235;0;0
5.164;-94;224;0;0
5.169;-156;217;0;0
5.174;-218;248;0;0
5.179;-278;250;0;0
5.184;-346;242;0;0
5.189;-397;259;0;0
5.194;-453;289;0;0
5.199;-502;264;0;0
5.204;-555;283;0;0
5.209;-587;329;0;0
5.214;-631;312;0;0
5.219;-667;301;0;0
5.224;-701;346;0;0
5.229;-728;363;0;0
5.234;-755;389;0;0
5.239;-775;477;0;0
5.244;-794;493;0;0
5.249;-809;532;0;0
5.254;-822;748;0;0
5.259;-831;748;0;0
5.264;-840;930;0;0
5.269;-844;930;0;0
5.274;-848;930;0;0
5.279;-848;930;0;0
5.284;-848;930;0;0
5.289;-844;930;0;0
5.294;-840;930;0;0
5.299;-827;3414;0;0
5.304;-818;3414;0;0
5.309;-809;867;0;0
5.314;-790;693;0;0
5.319;-775;595;0;0
5.324;-750;440;0;0
5.329;-723;379;0;0
5.334;-695;416;0;0
5.339;-661;350;0;0
5.344;-625;312;0;0
5.349;-587;335;0;0
5.354;-549;315;0;0
5.359;-502;298;0;0
5.364;-453;278;0;0
5.369;-397;276;0;0
5.374;-353;290;0;0
5.379;-294;254;0;0
5.384;-233;258;0;0
5.389;-171;255;0;0
5.394;-109;238;0;0
5.399;-47;250;0;0
5.404;23;238;0;0
5.409;86;246;0;0
5.414;148;257;0;0
5.419;210;247;0;0
5.424;271;258;0;0
5.429;331;252;0;0
5.434;382;261;0;0
5.439;432;276;0;0
5.444;481;280;0;0
5.449;529;301;0;0
5.454;575;304;0;0
5.459;612;317;0;0
5.464;643;346;0;0
5.469;673;366;0;0
5.474;701;435;0;0
5.479;723;487;0;0
5.484;744;486;0;0
5.489;765;528;0;0
5.494;780;528;0;0
5.499;790;718;0;0
5.504;799;718;0;0
5.509;809;992;0;0
5.514;809;992;0;0
5.519;813;992;0;0
5.524;813;992;0;0
5.529;813;992;0;0
5.534;809;992;0;0
5.539;804;992;0;0
5.544;794;3689;0;0
5.549;780;3689;0;0
5.554;770;861;0;0
5.559;750;685;0;0
5.564;734;523;0;0
5.569;707;490;0;0
5.574;684;471;0;0
5.579;661;452;0;0
5.584;631;418;0;0
5.589;594;345;0;0
5.594;555;341;0;0
5.599;509;309;0;0
5.604;467;295;0;0
5.609;418;285;0;0
5.614;368;280;0;0
5.619;309;272;0;0
5.624;256;274;0;0
5.629;195;261;0;0
5.634;140;256;0;0
5.639;78;251;0;0
5.644;15;255;0;0
5.649;-47;255;0;0
5.654;-109;260;0;0
5.659;-171;249;0;0
5.664;-225;268;0;0
5.669;-278;278;0;0
5.674;-338;275;0;0
5.679;-389;292;0;0
5.684;-432;311;0;0
5.689;-481;302;0;0
5.694;-522;321;0;0
5.699;-562;323;0;0
5.704;-594;375;0;0
5.709;-625;379;0;0
5.714;-661;370;0;0
5.719;-684;485;0;0
5.724;-707;466;0;0
5.729;-728;475;0;0
5.734;-744;618;0;0
5.739;-755;618;0;0
5.744;-770;825;0;0
5.749;-780;825;0;0
5.754;-785;912;0;0
5.759;-790;912;0;0
5.764;-790;912;0;0
5.769;-790;912;0;0
5.774;-785;912;0;0
5.779;-780;912;0;0
5.784;-770;3037;0;0
5.789;-760;3037;0;0
5.794;-744;839;0;0
5.799;-728;578;0;0
5.804;-712;825;0;0
5.809;-690;521;0;0
5.814;-661;379;0;0
5.819;-637;438;0;0
5.824;-606;471;0;0
5.829;-568;306;0;0
5.834;-529;328;0;0
5.839;-495;348;0;0
5.844;-453;318;0;0
5.849;-404;313;0;0
5.854;-360;342;0;0
5.859;-309;274;0;0
5.864;-256;290;0;0
5.869;-202;295;0;0
5.874;-148;276;0;0
5.879;-94;272;0;0
5.884;-31;264;0;0
5.889;31;334;0;0
5.894;86;273;0;0
5.899;140;281;0;0
5.904;195;279;0;0
5.909;248;285;0;0
5.914;301;293;0;0
5.919;353;287;0;0
5.924;397;307;0;0
5.929;446;311;0;0
5.934;488;313;0;0
5.939;529;362;0;0
5.944;562;378;0;0
5.949;594;397;0;0
5.954;625;402;0;0
5.959;649;438;0;0
5.964;673;481;0;0
5.969;690;541;0;0
5.974;707;464;0;0
5.979;718;464;0;0
5.984;728;993;0;0
5.989;739;993;0;0
5.994;750;1028;0;0
5.999;750;1028;0;0
6.004;750;1028;0;0
6.009;750;1028;0;0
6.014;750;1028;0;0
6.019;744;1028;0;0
6.024;734;3339;0;0
6.029;728;3339;0;0
6.034;712;1006;0;0
6.039;701;1006;0;0
6.044;684;747;0;0
6.049;661;624;0;0
6.054;637;534;0;0
6.059;612;479;0;0
6.064;587;447;0;0
6.069;549;417;0;0
6.074;515;368;0;0
6.079;481;350;0;0
6.084;432;326;0;0
6.089;389;330;0;0
6.094;338;309;0;0
6.099;294;313;0;0
6.104;248;303;0;0
6.109;187;285;0;0
6.114;140;279;0;0
6.119;78;280;0;0
6.124;31;307;0;0
6.129;-31;282;0;0
6.134;-86;256;0;0
6.139;-140;255;0;0
6.144;-187;330;0;0
6.149;-241;308;0;0
6.154;-294;293;0;0
6.159;-338;290;0;0
6.164;-382;353;0;0
6.169;-425;348;0;0
6.174;-467;351;0;0
6.179;-495;348;0;0
6.184;-535;395;0;0
6.189;-562;386;0;0
6.194;-587;427;0;0
6.199;-612;503;0;0
6.204;-643;496;0;0
6.209;-661;527;0;0
6.214;-673;527;0;0
6.219;-690;765;0;0
6.224;-707;722;0;0
6.229;-712;722;0;0
6.234;-718;722;0;0
6.239;-723;1529;0;0
6.244;-723;1529;0;0
6.249;-723;1529;0;0
6.254;-718;1529;0;0
6.259;-712;1529;0;0
6.264;-707;1529;0;0
6.269;-695;1529;0;0
6.274;-678;3241;0;0
6.279;-661;727;0;0
6.284;-643;706;0;0
6.289;-625;706;0;0
6.294;-600;615;0;0
6.299;-568;417;0;0
6.304;-535;456;0;0
6.309;-509;488;0;0
6.314;-474;390;0;0
6.319;-439;339;0;0
6.324;-397;397;0;0
6.329;-353;339;0;0
6.334;-316;352;0;0
6.339;-271;332;0;0
6.344;-218;315;0;0
6.349;-171;311;0;0
6.354;-125;304;0;0
6.359;-70;313;0;0
6.364;-15;271;0;0
6.369;39;289;0;0
6.374;94;324;0;0
6.379;140;339;0;0
6.384;187;302;0;0
6.389;241;311;0;0
6.394;286;319;0;0
6.399;331;339;0;0
6.404;368;347;0;0
6.409;411;360;0;0
6.414;453;379;0;0
6.419;481;375;0;0
6.424;515;399;0;0
6.429;549;431;0;0
6.434;575;462;0;0
6.439;600;498;0;0
6.444;619;536;0;0
6.449;637;474;0;0
6.454;649;474;0;0
6.459;661;937;0;0
6.464;673;937;0;0
6.469;684;1072;0;0
6.474;684;1072;0;0
6.479;684;1072;0;0
6.484;690;1072;0;0
6.489;684;1072;0;0
6.494;684;1072;0;0
6.499;678;1072;0;0
6.504;673;1072;0;0
6.509;661;3890;0;0
6.514;643;976;0;0
6.519;631;976;0;0
6.524;612;752;0;0
6.529;587;627;0;0
6.534;562;546;0;0
6.539;535;489;0;0
6.544;509;454;0;0
6.549;481;424;0;0
6.554;439;405;0;0
6.559;404;389;0;0
6.564;368;368;0;0
6.569;323;350;0;0
6.574;278;361;0;0
6.579;233;338;0;0
6.584;187;320;0;0
6.589;140;315;0;0
6.594;94;320;0;0
6.599;39;318;0;0
6.604;-7;314;0;0
6.609;-62;300;0;0
6.614;-109;325;0;0
6.619;-156;308;0;0
6.624;-202;321;0;0
6.629;-248;341;0;0
6.634;-294;343;0;0
6.639;-338;354;0;0
6.644;-368;401;0;0
6.649;-411;389;0;0
6.654;-439;391;0;0
6.659;-474;438;0;0
6.664;-502;489;0;0
6.669;-535;462;0;0
6.674;-555;518;0;0
6.679;-575;518;0;0
6.684;-594;668;0;0
6.689;-612;641;0;0
6.694;-631;740;0;0
6.699;-637;740;0;0
6.704;-649;740;0;0
6.709;-649;740;0;0
6.714;-655;1567;0;0
6.719;-661;1567;0;0
6.724;-655;1567;0;0
6.729;-655;1567;0;0
6.734;-649;2018;0;0
6.739;-637;2018;0;0
6.744;-631;2018;0;0
6.749;-612;1773;0;0
6.754;-600;1773;0;0
6.759;-581;749;0;0
6.764;-562;626;0;0
6.769;-535;643;0;0
6.774;-509;551;0;0
6.779;-481;480;0;0
6.784;-453;422;0;0
6.789;-425;496;0;0
6.794;-389;436;0;0
6.799;-353;389;0;0
6.804;-316;419;0;0
6.809;-278;361;0;0
6.814;-233;358;0;0
6.819;-187;349;0;0
6.824;-140;339;0;0
6.829;-94;349;0;0
6.834;-47;352;0;0
6.839;0;309;0;0
6.844;47;325;0;0
6.849;94;366;0;0
6.854;133;365;0;0
6.859;187;346;0;0
6.864;225;355;0;0
6.869;263;358;0;0
6.874;309;375;0;0
6.879;346;374;0;0
6.884;382;395;0;0
6.889;411;415;0;0
6.894;446;450;0;0
6.899;474;451;0;0
6.904;502;497;0;0
6.909;529;579;0;0
6.914;549;579;0;0
6.919;562;644;0;0
6.924;587;692;0;0
6.929;600;692;0;0
6.934;612;911;0;0
6.939;612;911;0;0
6.944;625;911;0;0
6.949;625;911;0;0
6.954;631;1901;0;0
6.959;631;1901;0;0
6.964;625;1901;0;0
6.969;625;1901;0;0
6.974;612;1901;0;0
6.979;606;1901;0;0
6.984;594;3276;0;0
6.989;581;3276;0;0
6.994;562;869;0;0
6.999;542;683;0;0
7.004;522;683;0;0
7.009;502;615;0;0
7.014;474;558;0;0
7.019;446;509;0;0
7.024;411;477;0;0
7.029;382;451;0;0
7.034;338;400;0;0
7.039;309;423;0;0
7.044;271;422;0;0
7.049;233;386;0;0
7.054;187;358;0;0
7.059;140;354;0;0
7.064;101;368;0;0
7.069;62;360;0;0
7.074;7;336;0;0
7.079;-31;353;0;0
7.084;-78;352;0;0
7.089;-125;348;0;0
7.094;-164;338;0;0
7.099;-210;391;0;0
7.104;-248;385;0;0
7.109;-286;392;0;0
7.114;-323;400;0;0
7.119;-353;406;0;0
7.124;-389;448;0;0
7.129;-418;486;0;0
7.134;-439;486;0;0
7.139;-467;543;0;0
7.144;-488;514;0;0
7.149;-509;673;0;0
7.154;-535;583;0;0
7.159;-549;583;0;0
7.164;-562;897;0;0
7.169;-575;897;0;0
7.174;-581;1095;0;0
7.179;-587;1095;0;0
7.184;-587;1095;0;0
7.189;-594;1095;0;0
7.194;-594;1095;0;0
7.199;-587;1095;0;0
7.204;-587;1095;0;0
7.209;-581;1095;0;0
7.214;-568;0;0;0
7.219;-562;0;0;0
7.224;-542;1077;0;0
7.229;-529;1077;0;0
7.234;-509;829;0;0
7.239;-488;619;0;0
7.244;-467;619;0;0
7.249;-439;581;0;0
7.254;-418;633;0;0
7.259;-389;479;0;0
7.264;-360;508;0;0
7.269;-323;507;0;0
7.274;-286;430;0;0
7.279;-256;452;0;0
7.284;-218;398;0;0
7.289;-179;386;0;0
7.294;-133;385;0;0
7.299;-94;398;0;0
7.304;-54;378;0;0
7.309;-7;357;0;0
7.314;31;389;0;0
7.319;70;399;0;0
7.324;117;374;0;0
7.329;156;395;0;0
7.334;187;415;0;0
7.339;225;430;0;0
7.344;263;430;0;0
7.349;301;402;0;0
7.354;338;401;0;0
7.359;368;433;0;0
7.364;397;515;0;0
7.369;418;588;0;0
7.374;439;588;0;0
7.379;460;631;0;0
7.384;481;482;0;0
7.389;509;736;0;0
7.394;522;736;0;0
7.399;535;845;0;0
7.404;542;845;0;0
7.409;549;997;0;0
7.414;562;997;0;0
7.419;562;997;0;0
7.424;568;997;0;0
7.429;562;997;0;0
7.434;562;997;0;0
7.439;562;997;0;0
7.444;555;997;0;0
7.449;542;0;0;0
7.454;535;0;0;0
7.459;522;0;0;0
7.464;502;1076;0;0
7.469;481;820;0;0
7.474;467;820;0;0
7.479;439;699;0;0
7.484;418;628;0;0
7.489;397;570;0;0
7.494;368;516;0;0
7.499;338;485;0;0
7.504;309;516;0;0
7.509;271;494;0;0
7.514;233;428;0;0
7.519;202;424;0;0
7.524;164;424;0;0
7.529;125;412;0;0
7.534;86;405;0;0
7.539;47;393;0;0
7.544;0;391;0;0
7.549;-31;405;0;0
7.554;-70;394;0;0
7.559;-109;417;0;0
7.564;-156;381;0;0
7.569;-187;427;0;0
7.574;-218;447;0;0
7.579;-256;435;0;0
7.584;-286;443;0;0
7.589;-323;462;0;0
7.594;-346;513;0;0
7.599;-375;557;0;0
7.604;-397;532;0;0
7.609;-418;680;0;0
7.614;-439;680;0;0
7.619;-460;662;0;0
7.624;-474;810;0;0
7.629;-488;810;0;0
7.634;-502;992;0;0
7.639;-509;992;0;0
7.644;-522;992;0;0
7.649;-529;1485;0;0
7.654;-535;1485;0;0
7.659;-535;1485;0;0
7.664;-535;1485;0;0
7.669;-529;1485;0;0
7.674;-522;1485;0;0
7.679;-515;2946;0;0
7.684;-509;2946;0;0
7.689;-495;2946;0;0
7.694;-481;1243;0;0
7.699;-467;1243;0;0
7.704;-446;985;0;0
7.709;-425;796;0;0
7.714;-411;796;0;0
7.719;-382;693;0;0
7.724;-360;652;0;0
7.729;-338;568;0;0
7.734;-309;533;0;0
7.739;-278;542;0;0
7.744;-248;478;0;0
7.749;-218;456;0;0
7.754;-179;469;0;0
7.759;-140;455;0;0
7.764;-109;417;0;0
7.769;-70;455;0;0
7.774;-31;371;0;0
7.779;0;409;0;0
7.784;39;436;0;0
7.789;78;462;0;0
7.794;117;419;0;0
7.799;148;459;0;0
7.804;179;495;0;0
7.809;218;474;0;0
7.814;248;484;0;0
7.819;278;499;0;0
7.824;309;514;0;0
7.829;331;526;0;0
7.834;353;526;0;0
7.839;382;567;0;0
7.844;397;650;0;0
7.849;418;751;0;0
7.854;439;751;0;0
7.859;453;804;0;0
7.864;467;804;0;0
7.869;481;904;0;0
7.874;488;904;0;0
7.879;495;904;0;0
7.884;502;1837;0;0
7.889;502;1837;0;0
7.894;502;1837;0;0
7.899;502;1837;0;0
7.904;502;1837;0;0
7.909;495;1837;0;0
7.914;481;1837;0;0
7.919;481;1837;0;0
7.924;467;1837;0;0
7.929;453;0;0;0
7.934;439;0;0;0
7.939;425;1035;0;0
7.944;397;781;0;0
7.949;382;781;0;0
7.954;353;653;0;0
7.959;338;621;0;0
7.964;309;666;0;0
7.969;278;568;0;0
7.974;248;485;0;0
7.979;218;471;0;0
7.984;187;502;0;0
7.989;156;509;0;0
7.994;125;492;0;0
7.999;94;462;0;0
8.004;54;439;0;0
8.009;15;441;0;0
8.014;-15;447;0;0
8.019;-47;457;0;0
8.024;-86;477;0;0
8.029;-117;443;0;0
8.034;-156;427;0;0
8.039;-179;547;0;0
8.044;-210;522;0;0
8.049;-241;483;0;0
8.054;-271;504;0;0
8.059;-301;583;0;0
8.064;-323;583;0;0
8.069;-338;626;0;0
8.074;-368;693;0;0
8.079;-382;693;0;0
8.084;-397;731;0;0
8.089;-411;731;0;0
8.094;-425;966;0;0
8.099;-439;966;0;0
8.104;-453;1158;0;0
8.109;-453;1158;0;0
8.114;-460;1158;0;0
8.119;-467;1158;0;0
8.124;-467;1158;0;0
8.129;-467;1158;0;0
8.134;-467;1158;0;0
8.139;-460;3544;0;0
8.144;-453;3544;0;0
8.149;-446;3544;0;0
8.154;-439;3544;0;0
8.159;-425;1890;0;0
8.164;-411;1890;0;0
8.169;-397;1067;0;0
8.174;-382;1067;0;0
8.179;-368;963;0;0
8.184;-338;718;0;0
8.189;-323;718;0;0
8.194;-301;695;0;0
8.199;-278;636;0;0
8.204;-248;583;0;0
8.209;-218;550;0;0
8.214;-195;546;0;0
8.219;-156;516;0;0
8.224;-125;495;0;0
8.229;-101;549;0;0
8.234;-62;467;0;0
8.239;-31;424;0;0
8.244;0;504;0;0
8.249;31;538;0;0
8.254;62;455;0;0
8.259;94;455;0;0
8.264;125;525;0;0
8.269;156;562;0;0
8.274;187;528;0;0
8.279;218;500;0;0
8.284;241;553;0;0
8.289;263;553;0;0
8.294;286;667;0;0
8.299;309;690;0;0
8.304;331;682;0;0
8.309;346;682;0;0
8.314;368;742;0;0
8.319;382;742;0;0
8.324;397;898;0;0
8.329;411;898;0;0
8.334;418;1209;0;0
8.339;425;1209;0;0
8.344;432;1209;0;0
8.349;439;1209;0;0
8.354;439;1209;0;0
8.359;439;1209;0;0
8.364;439;1209;0;0
8.369;439;1209;0;0
8.374;432;3962;0;0
8.379;425;3962;0;0
8.384;418;3962;0;0
8.389;404;1701;0;0
8.394;397;1701;0;0
8.399;382;1701;0;0
8.404;368;1097;0;0
8.409;346;893;0;0
8.414;331;893;0;0
8.419;309;859;0;0
8.424;294;859;0;0
8.429;263;681;0;0
8.434;241;579;0;0
8.439;218;625;0;0
8.444;187;651;0;0
8.449;164;567;0;0
8.454;133;504;0;0
8.459;101;516;0;0
8.464;78;516;0;0
8.469;47;543;0;0
8.474;15;544;0;0
8.479;-15;504;0;0
8.484;-47;498;0;0
8.489;-70;536;0;0
8.494;-101;542;0;0
8.499;-133;486;0;0
8.504;-156;521;0;0
8.509;-187;670;0;0
8.514;-210;574;0;0
8.519;-241;559;0;0
8.524;-263;559;0;0
8.529;-278;684;0;0
8.534;-301;733;0;0
8.539;-323;733;0;0
8.544;-338;810;0;0
8.549;-353;810;0;0
8.554;-368;988;0;0
8.559;-375;988;0;0
8.564;-389;1214;0;0
8.569;-397;1214;0;0
8.574;-397;1214;0;0
8.579;-404;1214;0;0
8.584;-411;1214;0;0
8.589;-411;1214;0;0
8.594;-411;1214;0;0
8.599;-404;3597;0;0
8.604;-404;3597;0;0
8.609;-397;3597;0;0
8.614;-397;3597;0;0
8.619;-382;3597;0;0
8.624;-368;2219;0;0
8.629;-360;2219;0;0
8.634;-346;903;0;0
8.639;-331;903;0;0
8.644;-316;1231;0;0
8.649;-294;1231;0;0
8.654;-278;824;0;0
8.659;-256;710;0;0
8.664;-233;710;0;0
8.669;-210;683;0;0
8.674;-187;646;0;0
8.679;-156;611;0;0
8.684;-133;589;0;0
8.689;-109;589;0;0
8.694;-78;633;0;0
8.699;-47;530;0;0
8.704;-15;505;0;0
8.709;0;604;0;0
8.714;31;435;0;0
8.719;62;672;0;0
8.724;94;568;0;0
8.729;117;609;0;0
8.734;140;609;0;0
8.739;164;624;0;0
8.744;187;482;0;0
8.749;218;752;0;0
8.754;241;684;0;0
8.759;256;684;0;0
8.764;278;596;0;0
8.769;294;596;0;0
8.774;309;1136;0;0
8.779;323;1136;0;0
8.784;338;914;0;0
8.789;353;914;0;0
8.794;360;1134;0;0
8.799;368;1134;0;0
8.804;368;1134;0;0
8.809;375;1134;0;0
8.814;382;1797;0;0
8.819;382;1797;0;0
8.824;382;1797;0;0
8.829;382;1797;0;0
8.834;375;1797;0;0
8.839;368;1797;0;0
8.844;368;1797;0;0
8.849;360;1797;0;0
8.854;346;0;0;0
8.859;338;0;0;0
8.864;331;0;0;0
8.869;309;1315;0;0
8.874;294;1315;0;0
8.879;278;847;0;0
8.884;256;838;0;0
8.889;241;838;0;0
8.894;218;806;0;0
8.899;202;806;0;0
8.904;179;748;0;0
8.909;156;647;0;0
8.914;125;614;0;0
8.919;101;651;0;0
8.924;78;651;0;0
8.929;54;623;0;0
8.934;23;577;0;0
8.939;0;587;0;0
8.944;-31;622;0;0
8.949;-54;602;0;0
8.954;-78;602;0;0
8.959;-101;626;0;0
8.964;-133;567;0;0
8.969;-148;654;0;0
8.974;-171;654;0;0
8.979;-195;734;0;0
8.984;-218;651;0;0
8.989;-233;651;0;0
8.994;-248;850;0;0
8.999;-271;842;0;0
9.004;-286;842;0;0
9.009;-301;936;0;0
9.014;-309;936;0;0
9.019;-323;936;0;0
9.024;-338;1314;0;0
9.029;-338;1314;0;0
9.034;-346;1314;0;0
9.039;-353;1314;0;0
9.044;-353;1314;0;0
9.049;-360;2694;0;0
9.054;-360;2694;0;0
9.059;-353;2694;0;0
9.064;-353;2694;0;0
9.069;-346;2694;0;0
9.074;-338;2694;0;0
9.079;-338;2694;0;0
9.084;-331;2694;0;0
9.089;-316;0;0;0
9.094;-309;0;0;0
9.099;-294;0;0;0
9.104;-278;1233;0;0
9.109;-263;1233;0;0
9.114;-248;959;0;0
9.119;-225;875;0;0
9.124;-210;875;0;0
9.129;-187;808;0;0
9.134;-171;808;0;0
9.139;-148;726;0;0
9.144;-125;732;0;0
9.149;-101;705;0;0
9.154;-78;705;0;0
9.159;-54;646;0;0
9.164;-31;612;0;0
9.169;-7;700;0;0
9.174;15;700;0;0
9.179;39;642;0;0
9.184;62;495;0;0
9.189;94;796;0;0
9.194;109;796;0;0
9.199;125;744;0;0
9.204;156;741;0;0
9.209;171;741;0;0
9.214;187;755;0;0
9.219;218;789;0;0
9.224;225;789;0;0
9.229;248;890;0;0
9.234;256;890;0;0
9.239;271;1126;0;0
9.244;278;1126;0;0
9.249;294;1126;0;0
9.254;309;1325;0;0
9.259;309;1325;0;0
9.264;316;1325;0;0
9.269;323;1325;0;0
9.274;331;2083;0;0
9.279;331;2083;0;0
9.284;331;2083;0;0
9.289;331;2083;0;0
9.294;331;2083;0;0
9.299;323;2083;0;0
9.304;316;2083;0;0
9.309;309;2083;0;0
9.314;309;2083;0;0
9.319;294;2083;0;0
9.324;278;0;0;0
9.329;271;0;0;0
9.334;256;1239;0;0
9.339;248;1239;0;0
9.344;233;1239;0;0
9.349;218;1084;0;0
9.354;195;937;0;0
9.359;179;937;0;0
9.364;156;786;0;0
9.369;140;786;0;0
9.374;117;781;0;0
9.379;94;790;0;0
9.384;78;790;0;0
9.389;54;708;0;0
9.394;31;717;0;0
9.399;7;683;0;0
9.404;-15;683;0;0
9.409;-31;712;0;0
9.414;-54;732;0;0
9.419;-78;732;0;0
9.424;-101;701;0;0
9.429;-125;678;0;0
9.434;-140;678;0;0
9.439;-156;826;0;0
9.444;-179;879;0;0
9.449;-195;879;0;0
9.454;-210;885;0;0
9.459;-225;885;0;0
9.464;-241;1124;0;0
9.469;-248;1124;0;0
9.474;-263;1124;0;0
9.479;-271;1226;0;0
9.484;-278;1226;0;0
9.489;-286;1226;0;0
9.494;-294;1226;0;0
9.499;-301;1893;0;0
9.504;-301;1893;0;0
9.509;-309;1893;0;0
9.514;-309;1893;0;0
9.519;-309;1893;0;0
9.524;-309;1893;0;0
9.529;-301;1893;0;0
9.534;-294;1893;0;0
9.539;-294;1893;0;0
9.544;-278;0;0;0
9.549;-278;0;0;0
9.554;-263;0;0;0
9.559;-256;1710;0;0
9.564;-241;1710;0;0
9.569;-225;1245;0;0
9.574;-218;1245;0;0
9.579;-202;1245;0;0
9.584;-187;1075;0;0
9.589;-164;909;0;0
9.594;-148;909;0;0
9.599;-133;934;0;0
9.604;-117;934;0;0
9.609;-94;845;0;0
9.614;-78;845;0;0
9.619;-54;754;0;0
9.624;-31;761;0;0
9.629;-15;761;0;0
9.634;0;800;0;0
9.639;31;796;0;0
9.644;47;796;0;0
9.649;62;758;0;0
9.654;86;782;0;0
9.659;101;782;0;0
9.664;125;708;0;0
9.669;140;708;0;0
9.674;156;1098;0;0
9.679;171;1098;0;0
9.684;187;984;0;0
9.689;195;984;0;0
9.694;218;1115;0;0
9.699;218;1115;0;0
9.704;233;1115;0;0
9.709;248;1339;0;0
9.714;248;1339;0;0
9.719;263;1339;0;0
9.724;263;1339;0;0
9.729;271;2150;0;0
9.734;278;2150;0;0
9.739;278;2150;0;0
9.744;278;2150;0;0
9.749;278;2150;0;0
9.754;278;2150;0;0
9.759;271;2150;0;0
9.764;263;2150;0;0
9.769;263;2150;0;0
9.774;256;0;0;0
9.779;248;0;0;0
9.784;241;0;0;0
9.789;233;0;0;0
9.794;218;1929;0;0
9.799;210;1929;0;0
9.804;195;1303;0;0
9.809;187;1303;0;0
9.814;171;1303;0;0
9.819;156;1080;0;0
9.824;133;981;0;0
9.829;125;981;0;0
9.834;101;973;0;0
9.839;86;973;0;0
9.844;62;847;0;0
9.849;47;847;0;0
9.854;31;889;0;0
9.859;7;798;0;0
9.864;0;798;0;0
9.869;-23;879;0;0
9.874;-39;879;0;0
9.879;-62;875;0;0
9.884;-78;875;0;0
9.889;-94;834;0;0
9.894;-117;875;0;0
9.899;-125;875;0;0
9.904;-148;1033;0;0
9.909;-156;1033;0;0
9.914;-171;1033;0;0
9.919;-187;1139;0;0
9.924;-195;1139;0;0
9.929;-210;1293;0;0
9.934;-218;1293;0;0
9.939;-225;1293;0;0
9.944;-233;1293;0;0
9.949;-241;1838;0;0
9.954;-248;1838;0;0
9.959;-248;1838;0;0
9.964;-248;1838;0;0
9.969;-256;1838;0;0
9.974;-256;1838;0;0
9.979;-256;1838;0;0
9.984;-256;1838;0;0
9.989;-248;1838;0;0
9.994;-248;1838;0;0
9.999;-241;1838;0;0
10.004;-241;1838;0;0
10.009;-233;0;0;0
10.014;-218;0;0;0
10.019;-218;0;0;0
10.024;-202;0;0;0
10.029;-195;2166;0;0
10.034;-187;2166;0;0
10.039;-171;2166;0;0
10.044;-156;1289;0;0
10.049;-140;1289;0;0
10.054;-125;1203;0;0
10.059;-117;1203;0;0
10.064;-101;849;0;0
10.069;-86;849;0;0
10.074;-62;1141;0;0
10.079;-47;1141;0;0
10.084;-31;956;0;0
10.089;-15;956;0;0
10.094;0;978;0;0
10.099;15;978;0;0
10.104;31;970;0;0
10.109;47;970;0;0
10.114;62;915;0;0
10.119;78;915;0;0
10.124;94;1036;0;0
10.129;109;1036;0;0
10.134;125;1110;0;0
10.139;133;1110;0;0
10.144;148;1223;0;0
10.149;156;1223;0;0
10.154;171;1223;0;0
10.159;179;1401;0;0
10.164;187;1401;0;0
10.169;195;1401;0;0
10.174;202;1401;0;0
10.179;210;1862;0;0
10.184;218;1862;0;0
10.189;218;1862;0;0
10.194;218;1862;0;0
10.199;225;1862;0;0
10.204;225;1862;0;0
10.209;225;1862;0;0
10.214;225;1862;0;0
10.219;218;1862;0;0
10.224;218;1862;0;0
10.229;218;1862;0;0
10.234;210;1862;0;0
10.239;202;1862;0;0
10.244;195;0;0;0
10.249;187;0;0;0
10.254;179;0;0;0
10.259;171;0;0;0
10.264;156;1724;0;0
10.269;148;1724;0;0
10.274;140;1724;0;0
10.279;125;1383;0;0
10.284;117;1383;0;0
10.289;94;1276;0;0
10.294;86;1276;0;0
10.299;70;1098;0;0
10.304;62;1098;0;0
10.309;39;1079;0;0
10.314;31;1079;0;0
10.319;7;1035;0;0
10.324;0;1035;0;0
10.329;-15;1035;0;0
10.334;-31;1075;0;0
10.339;-47;1075;0;0
10.344;-62;1106;0;0
10.349;-78;1106;0;0
10.354;-94;1029;0;0
10.359;-101;1029;0;0
10.364;-117;1198;0;0
10.369;-125;1198;0;0
10.374;-140;1198;0;0
10.379;-148;1416;0;0
10.384;-156;1416;0;0
10.389;-164;1416;0;0
10.394;-171;1416;0;0
10.399;-179;1757;0;0
10.404;-187;1757;0;0
10.409;-195;1757;0;0
10.414;-195;1757;0;0
10.419;-202;1757;0;0
10.424;-202;1757;0;0
10.429;-202;1757;0;0
10.434;-202;1757;0;0
10.439;-202;1757;0;0
10.444;-202;1757;0;0
10.449;-202;1757;0;0
10.454;-195;0;0;0
10.459;-195;0;0;0
10.464;-187;0;0;0
10.469;-187;0;0;0
10.474;-179;0;0;0
10.479;-171;0;0;0
10.484;-164;2705;0;0
10.489;-156;2705;0;0
10.494;-148;2705;0;0
10.499;-133;1475;0;0
10.504;-125;1475;0;0
10.509;-117;1475;0;0
10.514;-101;1830;0;0
10.519;-94;1830;0;0
10.524;-78;1830;0;0
10.529;-62;1206;0;0
10.534;-54;1206;0;0
10.539;-39;944;0;0
10.544;-31;944;0;0
10.549;-15;944;0;0
10.554;0;1541;0;0
10.559;7;1541;0;0
10.564;23;1272;0;0
10.569;31;1272;0;0
10.574;47;1272;0;0
10.579;62;1216;0;0
10.584;70;1216;0;0
10.589;78;1216;0;0
10.594;94;1389;0;0
10.599;101;1389;0;0
10.604;109;1389;0;0
10.609;125;1645;0;0
10.614;125;1645;0;0
10.619;133;1645;0;0
10.624;140;1420;0;0
10.629;148;1420;0;0
10.634;156;1420;0;0
10.639;156;1420;0;0
10.644;164;1420;0;0
10.649;164;1420;0;0
10.654;171;1420;0;0
10.659;171;1420;0;0
10.664;171;1420;0;0
10.669;171;1420;0;0
10.674;171;1420;0;0
10.679;171;1420;0;0
10.684;164;0;0;0
10.689;164;0;0;0
10.694;156;0;0;0
10.699;156;0;0;0
10.704;148;0;0;0
10.709;140;0;0;0
10.714;133;3379;0;0
10.719;125;3379;0;0
10.724;125;3379;0;0
10.729;117;3379;0;0
10.734;101;1988;0;0
10.739;94;1988;0;0
10.744;86;1988;0;0
10.749;78;1988;0;0
10.754;62;1581;0;0
10.759;54;1581;0;0
10.764;39;1457;0;0
10.769;31;1457;0;0
10.774;23;1457;0;0
10.779;7;1465;0;0
10.784;0;1465;0;0
10.789;-15;1465;0;0
10.794;-23;1402;0;0
10.799;-31;1402;0;0
10.804;-47;1402;0;0
10.809;-54;1491;0;0
10.814;-62;1491;0;0
10.819;-78;1491;0;0
10.824;-86;1468;0;0
10.829;-94;1468;0;0
10.834;-101;1468;0;0
10.839;-109;1468;0;0
10.844;-117;1850;0;0
10.849;-125;1850;0;0
10.854;-125;1850;0;0
10.859;-133;1850;0;0
10.864;-140;1850;0;0
10.869;-140;1850;0;0
10.874;-148;2883;0;0
10.879;-148;2883;0;0
10.884;-148;2883;0;0
10.889;-156;2883;0;0
10.894;-156;2883;0;0
10.899;-156;2883;0;0
10.904;-148;2883;0;0
10.909;-148;2883;0;0
10.914;-148;2883;0;0
10.919;-148;2883;0;0
10.924;-140;0;0;0
10.929;-140;0;0;0
10.934;-133;0;0;0
10.939;-125;0;0;0
10.944;-125;0;0;0
10.949;-117;0;0;0
10.954;-109;0;0;0
10.959;-101;3630;0;0
10.964;-94;3630;0;0
10.969;-86;3630;0;0
10.974;-78;3630;0;0
10.979;-62;1875;0;0
10.984;-62;1875;0;0
10.989;-47;1875;0;0
10.994;-39;1725;0;0
10.999;-31;1725;0;0
11.004;-23;1725;0;0
11.009;-15;1725;0;0
11.014;0;1803;0;0
11.019;0;1803;0;0
11.024;15;1803;0;0
11.029;23;1799;0;0
11.034;31;1799;0;0
11.039;39;1799;0;0
11.044;47;1799;0;0
11.049;54;1759;0;0
11.054;62;1759;0;0
11.059;70;1759;0;0
11.064;78;1759;0;0
11.069;86;2190;0;0
11.074;94;2190;0;0
11.079;94;2190;0;0
11.084;94;2190;0;0
11.089;101;2190;0;0
11.094;109;2190;0;0
11.099;109;2190;0;0
11.104;117;3611;0;0
11.109;117;3611;0;0
11.114;117;3611;0;0
11.119;117;3611;0;0
11.124;117;3611;0;0
11.129;125;3611;0;0
11.134;125;3611;0;0
11.139;117;3611;0;0
11.144;117;3611;0;0
11.149;117;3611;0;0
11.154;109;3611;0;0
11.159;109;3611;0;0
11.164;101;0;0;0
11.169;101;0;0;0
11.174;94;0;0;0
11.179;94;0;0;0
11.184;86;0;0;0
11.189;78;0;0;0
11.194;70;3028;0;0
11.199;62;3028;0;0
11.204;62;3028;0;0
11.209;54;3028;0;0
11.214;47;3028;0;0
11.219;39;2286;0;0
11.224;31;2286;0;0
11.229;23;2286;0;0
11.234;15;2286;0;0
11.239;7;2096;0;0
11.244;0;2096;0;0
11.249;-7;2096;0;0
11.254;-15;2096;0;0
11.259;-23;2091;0;0
11.264;-31;2091;0;0
11.269;-31;2091;0;0
11.274;-39;2091;0;0
11.279;-47;2091;0;0
11.284;-54;2311;0;0
11.289;-62;2311;0;0
11.294;-62;2311;0;0
11.299;-70;2311;0;0
11.304;-78;2311;0;0
11.309;-86;2822;0;0
11.314;-86;2822;0;0
11.319;-94;2822;0;0
11.324;-94;2822;0;0
11.329;-94;2822;0;0
11.334;-94;2822;0;0
11.339;-101;2822;0;0
11.344;-101;2822;0;0
11.349;-101;2822;0;0
11.354;-101;2822;0;0
11.359;-101;2822;0;0
11.364;-101;2822;0;0
11.369;-101;2822;0;0
11.374;-94;2822;0;0
11.379;-94;2822;0;0
11.384;-94;2822;0;0
11.389;-94;2822;0;0
11.394;-86;2822;0;0
11.399;-86;2822;0;0
11.404;-78;2822;0;0
11.409;-70;0;0;0
11.414;-70;0;0;0
11.419;-62;0;0;0
11.424;-62;0;0;0
11.429;-54;0;0;0
11.434;-54;0;0;0
11.439;-47;0;0;0
11.444;-39;3349;0;0
11.449;-31;3349;0;0
11.454;-31;3349;0;0
11.459;-31;3349;0;0
11.464;-23;3349;0;0
11.469;-15;3349;0;0
11.474;-7;3164;0;0
11.479;0;3164;0;0
11.484;0;3164;0;0
11.489;0;3164;0;0
11.494;7;3164;0;0
11.499;15;3164;0;0
11.504;15;3164;0;0
11.509;23;3193;0;0
11.514;31;3193;0;0
11.519;31;3193;0;0
11.524;31;3193;0;0
11.529;39;3193;0;0
11.534;47;3193;0;0
11.539;47;3193;0;0
11.544;54;3870;0;0
11.549;54;3870;0;0
11.554;54;3870;0;0
11.559;62;3870;0;0
11.564;62;3870;0;0
11.569;62;3870;0;0
11.574;62;3870;0;0
11.579;62;3870;0;0
11.584;62;3870;0;0
11.589;62;3870;0;0
11.594;62;3870;0;0
11.599;62;3870;0;0
11.604;62;3870;0;0
11.609;62;3870;0;0
11.614;62;3870;0;0
11.619;62;3870;0;0
11.624;54;3870;0;0
11.629;54;3870;0;0
11.634;54;3870;0;0
11.639;47;3870;0;0
11.644;47;3870;0;0
11.649;39;0;0;0
11.654;39;0;0;0
11.659;31;0;0;0
11.664;31;0;0;0
11.669;31;0;0;0
11.674;31;0;0;0
11.679;23;0;0;0
11.684;15;0;0;0
11.689;15;0;0;0
11.694;7;0;0;0
11.699;7;0;0;0
11.704;0;0;0;0
11.709;0;0;0;0
11.714;0;0;0;0
11.719;-7;0;0;0
11.724;-15;0;0;0
11.729;-15;0;0;0
11.734;-15;0;0;0
11.739;-23;0;0;0
11.744;-31;0;0;0
11.749;-31;0;0;0
11.754;-31;0;0;0
11.759;-31;0;0;0
11.764;-31;0;0;0
11.769;-39;0;0;0
11.774;-39;0;0;0
11.779;-39;0;0;0
11.784;-39;0;0;0
11.789;-39;0;0;0
11.794;-47;0;0;0
11.799;-47;0;0;0
11.804;-47;0;0;0
11.809;-47;0;0;0
11.814;-47;0;0;0
11.819;-39;0;0;0
11.824;-39;0;0;0
11.829;-39;0;0;0
11.834;-39;0;0;0
11.839;-39;0;0;0
11.844;-39;0;0;0
11.849;-39;0;0;0
11.854;-31;0;0;0
11.859;-31;0;0;0
11.864;-31;0;0;0
11.869;-31;0;0;0
11.874;-31;0;0;0
11.879;-31;0;0;0
11.884;-31;0;0;0
11.889;-31;0;0;0
11.894;-23;0;0;0
11.899;-23;0;0;0
11.904;-23;0;0;0
11.909;-15;0;0;0
11.914;-15;0;0;0
11.919;-15;0;0;0
11.924;-15;0;0;0
11.929;-7;0;0;0
11.934;-7;0;0;0
11.939;0;0;0;0
11.944;0;0;0;0
11.949;0;0;0;0
11.954;0;0;0;0
11.959;0;0;0;0
11.964;0;0;0;0
11.969;0;0;0;0
11.974;7;0;0;0
11.979;7;0;0;0
11.984;7;0;0;0
11.989;7;0;0;0
11.994;15;0;0;0
11.999;15;0;0;0
12.004;15;0;0;0
12.009;15;0;0;0
12.014;15;0;0;0
12.019;15;0;0;0
12.024;15;0;0;0
12.029;15;0;0;0
12.034;15;0;0;0
12.039;15;0;0;0
12.044;15;0;0;0
12.049;15;0;0;0
12.054;15;0;0;0
12.059;15;0;0;0
12.064;15;0;0;0
12.069;15;0;0;0
12.074;15;0;0;0
12.079;15;0;0;0
12.084;15;0;0;0
12.089;15;0;0;0
12.094;15;0;0;0
12.099;15;0;0;0
12.104;15;0;0;0
12.109;15;0;0;0
12.114;15;0;0;0
12.119;15;0;0;0
12.124;7;0;0;0
12.129;7;0;0;0
12.134;7;0;0;0
12.139;7;0;0;0
12.144;7;0;0;0
12.149;0;0;0;0
12.154;0;0;0;0
12.159;0;0;0;0
12.164;0;0;0;0
12.169;0;0;0;0
12.174;0;0;0;0
12.179;0;0;0;0
12.184;0;0;0;0
12.189;0;0;0;0
12.194;0;0;0;0
12.199;0;0;0;0
12.204;0;0;0;0
12.209;0;0;0;0
12.214;0;0;0;0
12.219;-7;0;0;0
12.224;-7;0;0;0
12.229;-7;0;0;0
12.234;-7;0;0;0
12.239;-7;0;0;0
12.244;-7;0;0;0
12.249;-7;0;0;0
12.254;-7;0;0;0
12.259;-7;0;0;0
12.264;-7;0;0;0
12.269;-7;0;0;0
12.274;-7;0;0;0
12.279;-7;0;0;0
12.284;-7;0;0;0
12.289;-7;0;0;0
12.294;-7;0;0;0
12.299;-7;0;0;0
12.304;-7;0;0;0
12.309;-7;0;0;0
12.314;-7;0;0;0
12.319;-7;0;0;0
12.324;-7;0;0;0
12.329;-7;0;0;0
12.334;-7;0;0;0
12.339;-7;0;0;0
12.344;-7;0;0;0
12.349;-7;0;0;0
12.354;-7;0;0;0
12.359;-7;0;0;0
12.364;-7;0;0;0
12.369;-7;0;0;0
12.374;-7;0;0;0
12.379;-7;0;0;0
12.384;-7;0;0;0
12.389;-7;0;0;0
12.394;-7;0;0;0
12.399;-7;0;0;0
12.404;-7;0;0;0
12.409;-7;0;0;0
12.414;-7;0;0;0
12.419;-7;0;0;0
12.424;-7;0;0;0
12.429;-7;0;0;0
12.434;-7;0;0;0
12.439;-7;0;0;0
12.444;-7;0;0;0
12.449;-7;0;0;0
12.454;-7;0;0;0
12.459;-7;0;0;0
12.464;-7;0;0;0
12.469;-7;0;0;0
12.474;-7;0;0;0
12.479;-7;0;0;0
12.484;-7;0;0;0
12.489;-7;0;0;0
12.494;-7;0;0;0
12.499;-7;0;0;0
12.504;-7;0;0;0
12.509;-7;0;0;0
12.514;-7;0;0;0
12.519;-7;0;0;0
12.524;-7;0;0;0
12.529;-7;0;0;0
12.534;-7;0;0;0
12.539;-7;0;0;0
12.544;-7;0;0;0
12.549;-7;0;0;0
12.554;-7;0;0;0
12.559;-7;0;0;0
12.564;-7;0;0;0
12.569;-7;0;0;0
12.574;-7;0;0;0
12.579;-7;0;0;0
12.584;-7;0;0;0
12.589;-7;0;0;0
12.594;-7;0;0;0
12.599;-7;0;0;0
12.604;-7;0;0;0
12.609;-7;0;0;0
12.614;-7;0;0;0
12.619;-7;0;0;0
12.624;-7;0;0;0
12.629;-7;0;0;0
12.634;-7;0;0;0
12.639;-7;0;0;0
12.644;-7;0;0;0
12.649;-7;0;0;0
12.654;-7;0;0;0
12.659;-7;0;0;0
12.664;-7;0;0;0
12.669;-7;0;0;0
12.674;-7;0;0;0
12.679;-7;0;0;0
12.684;-7;0;0;0
12.689;-7;0;0;0
12.694;-7;0;0;0
12.699;-7;0;0;0
12.704;-7;0;0;0
12.709;-7;0;0;0
12.714;-7;0;0;0
12.719;-7;0;0;0
12.724;-7;0;0;0
12.729;-7;0;0;0
12.734;-7;0;0;0
12.739;-7;0;0;0
12.744;-7;0;0;0
12.749;-7;0;0;0
12.754;-7;0;0;0
12.759;-7;0;0;0
12.764;-7;0;0;0
12.769;-7;0;0;0
12.774;-7;0;0;0
12.779;-7;0;0;0
12.784;-7;0;0;0
12.789;-7;0;0;0
12.794;-7;0;0;0
12.799;-7;0;0;0
12.804;-7;0;0;0
12.809;-7;0;0;0
12.814;-7;0;0;0
12.819;-7;0;0;0
12.824;-7;0;0;0
12.829;-7;0;0;0
12.834;-7;0;0;0
12.839;-7;0;0;0
12.844;-7;0;0;0
12.849;-7;0;0;0
12.854;-7;0;0;0
12.859;-7;0;0;0
12.864;-7;0;0;0
12.869;-7;0;0;0
12.874;-7;0;0;0
12.879;-7;0;0;0
12.884;-7;0;0;0
12.889;-7;0;0;0
12.894;-7;0;0;0
12.899;-7;0;0;0
12.904;-7;0;0;0
12.909;-7;0;0;0
12.914;-7;0;0;0
12.919;-7;0;0;0
12.924;-7;0;0;0
12.929;-7;0;0;0
12.934;-7;0;0;0
12.939;-7;0;0;0
12.944;-7;0;0;0
12.949;-7;0;0;0
12.954;-7;0;0;0
12.959;-7;0;0;0
12.964;-7;0;0;0
12.969;-7;0;0;0
12.974;-7;0;0;0
12.979;-7;0;0;0
12.984;-7;0;0;0
12.989;-7;0;0;0
12.994;-7;0;0;0
12.999;-7;0;0;0
13.004;-7;0;0;0
13.009;-7;0;0;0
13.014;-7;0;0;0
13.019;-7;0;0;0
13.024;-7;0;0;0
13.029;-7;0;0;0
13.034;-7;0;0;0
13.039;-7;0;0;0
13.044;-7;0;0;0
13.049;-7;0;0;0
13.054;-7;0;0;0
13.059;-7;0;0;0
13.064;-7;0;0;0
13.069;-7;0;0;0
13.074;-7;0;0;0
13.079;-7;0;0;0
13.084;-7;0;0;0
13.089;-7;0;0;0
13.094;-7;0;0;0
13.099;-7;0;0;0
13.104;-7;0;0;0
13.109;-7;0;0;0
13.114;-7;0;0;0
13.119;-7;0;0;0
13.124;-7;0;0;0
13.129;-7;0;0;0
13.134;-7;0;0;0
13.139;-7;0;0;0
13.144;-7;0;0;0
13.149;-7;0;0;0
13.154;-7;0;0;0
13.159;-7;0;0;0
13.164;-7;0;0;0
13.169;-7;0;0;0
13.174;-7;0;0;0
13.179;-7;0;0;0
13.184;-7;0;0;0
13.189;-7;0;0;0
13.194;-7;0;0;0
13.199;-7;0;0;0
13.204;-7;0;0;0
13.209;-7;0;0;0
13.214;-7;0;0;0
13.219;-7;0;0;0
13.224;-7;0;0;0
13.229;-7;0;0;0
13.234;-7;0;0;0
13.239;-7;0;0;0
13.244;-7;0;0;0
13.249;-7;0;0;0
13.254;-7;0;0;0
13.259;-7;0;0;0
13.264;-7;0;0;0
13.269;-7;0;0;0
13.274;-7;0;0;0
13.279;-7;0;0;0
13.284;-7;0;0;0
13.289;-7;0;0;0
13.294;-7;0;0;0
13.299;-7;0;0;0
13.304;-7;0;0;0
13.309;-7;0;0;0
13.314;-7;0;0;0
13.319;-7;0;0;0
13.324;-7;0;0;0
13.329;-7;0;0;0
13.334;-7;0;0;0
13.339;-7;0;0;0
13.344;-7;0;0;0
13.349;-7;0;0;0
13.354;-7;0;0;0
13.359;-7;0;0;0
13.364;-7;0;0;0
13.369;-7;0;0;0
13.374;-7;0;0;0
13.379;-7;0;0;0
13.384;-7;0;0;0
13.389;-7;0;0;0
13.394;-7;0;0;0
13.399;-7;0;0;0
13.404;-7;0;0;0
13.409;-7;0;0;0
13.414;-7;0;0;0
13.419;-7;0;0;0
13.424;-7;0;0;0
13.429;-7;0;0;0
13.434;-7;0;0;0
13.439;-7;0;0;0
13.444;-7;0;0;0
13.449;-7;0;0;0
13.454;-7;0;0;0
13.459;-7;0;0;0
13.464;-7;0;0;0
13.469;-7;0;0;0
13.474;-7;0;0;0
13.479;-7;0;0;0
13.484;-7;0;0;0
13.489;-7;0;0;0
13.494;-7;0;0;0
13.499;-7;0;0;0
13.504;-7;0;0;0
13.509;-7;0;0;0
13.514;-7;0;0;0
13.519;-7;0;0;0
13.524;-7;0;0;0
13.529;-7;0;0;0
13.534;-7;0;0;0
13.539;-7;0;0;0
13.544;-7;0;0;0
13.549;-7;0;0;0
13.554;-7;0;0;0
13.559;-7;0;0;0
13.564;-7;0;0;0
13.569;-7;0;0;0
13.574;-7;0;0;0
13.579;-7;0;0;0
13.584;-7;0;0;0
13.589;-7;0;0;0
13.594;-7;0;0;0
13.599;-7;0;0;0
13.604;-7;0;0;0
13.609;-7;0;0;0
13.614;-7;0;0;0
13.619;-7;0;0;0
13.624;-7;0;0;0
13.629;-7;0;0;0
13.634;-7;0;0;0
13.639;-7;0;0;0
13.644;-7;0;0;0
13.649;-7;0;0;0
13.654;-7;0;0;0
13.659;-7;0;0;0
13.664;-7;0;0;0
13.669;-7;0;0;0
13.674;-7;0;0;0
13.679;-7;0;0;0
13.684;-7;0;0;0
13.689;-7;0;0;0
13.694;-7;0;0;0
13.699;-7;0;0;0
13.704;-7;0;0;0
13.709;-7;0;0;0
13.714;-7;0;0;0
13.719;-7;0;0;0
13.724;-7;0;0;0
13.729;-7;0;0;0
13.734;-7;0;0;0
13.739;-7;0;0;0
13.744;-7;0;0;0
13.749;-7;0;0;0
13.754;-7;0;0;0
13.759;-7;0;0;0
13.764;-7;0;0;0
13.769;-7;0;0;0
13.774;-7;0;0;0
13.779;-7;0;0;0
13.784;-7;0;0;0
13.789;-7;0;0;0
13.794;-7;0;0;0
13.799;-7;0;0;0
13.804;-7;0;0;0
13.809;-7;0;0;0
13.814;-7;0;0;0
13.819;-7;0;0;0
13.824;-7;0;0;0
13.829;-7;0;0;0
13.834;-7;0;0;0
13.839;-7;0;0;0
13.844;-7;0;0;0
13.849;-7;0;0;0
13.854;-7;0;0;0
13.859;-7;0;0;0
13.864;-7;0;0;0
13.869;-7;0;0;0
13.874;-7;0;0;0
13.879;-7;0;0;0
13.884;-7;0;0;0
13.889;-7;0;0;0
13.894;-7;0;0;0
13.899;-7;0;0;0
13.904;-7;0;0;0
13.909;-7;0;0;0
13.914;-7;0;0;0
13.919;-7;0;0;0
13.924;-7;0;0;0
13.929;-7;0;0;0
13.934;-7;0;0;0
13.939;-7;0;0;0
13.944;-7;0;0;0
13.949;-7;0;0;0
13.954;-7;0;0;0
13.959;-7;0;0;0
13.964;-7;0;0;0
13.969;-7;0;0;0
13.974;-7;0;0;0
13.979;-7;0;0;0
13.984;-7;0;0;0
13.989;-7;0;0;0
13.994;-7;0;0;0
13.999;-7;0;0;0
14.004;-7;0;0;0
14.009;-7;0;0;0
14.014;-7;0;0;0
14.019;-7;0;0;0
14.024;-7;0;0;0
14.029;-7;0;0;0
14.034;-7;0;0;0
14.039;-7;0;0;0
14.044;-7;0;0;0
14.049;-7;0;0;0
14.054;-7;0;0;0
14.059;-7;0;0;0
14.064;-7;0;0;0
14.069;-7;0;0;0
14.074;-7;0;0;0
14.079;-7;0;0;0
14.084;-7;0;0;0
14.089;-7;0;0;0
14.094;-7;0;0;0
14.099;-7;0;0;0
14.104;-7;0;0;0
14.109;-7;0;0;0
14.114;-7;0;0;0
14.119;-7;0;0;0
14.124;-7;0;0;0
14.129;-7;0;0;0
14.134;-7;0;0;0
14.139;-7;0;0;0
14.144;-7;0;0;0
14.149;-7;0;0;0
14.154;-7;0;0;0
14.159;-7;0;0;0
14.164;-7;0;0;0
14.169;-7;0;0;0
14.174;-7;0;0;0
14.179;-7;0;0;0
14.184;-7;0;0;0
14.189;-7;0;0;0
14.194;-7;0;0;0
14.199;-7;0;0;0
14.204;-7;0;0;0
14.209;-7;0;0;0
14.214;-7;0;0;0
14.219;-7;0;0;0
14.224;-7;0;0;0
14.229;-7;0;0;0
14.234;-7;0;0;0
14.239;-7;0;0;0
14.244;-7;0;0;0
14.249;-7;0;0;0
14.254;-7;0;0;0
14.259;-7;0;0;0
14.264;-7;0;0;0
14.269;-7;0;0;0
14.274;-7;0;0;0
14.279;-7;0;0;0
14.284;-7;0;0;0
14.289;-7;0;0;0
14.294;-7;0;0;0
14.299;-7;0;0;0
14.304;-7;0;0;0
14.309;-7;0;0;0
14.314;-7;0;0;0
14.319;-7;0;0;0
14.324;-7;0;0;0
14.329;-7;0;0;0
14.334;-7;0;0;0
14.339;-7;0;0;0
14.344;-7;0;0;0
14.349;-7;0;0;0
14.354;-7;0;0;0
14.359;-7;0;0;0
14.364;-7;0;0;0
14.369;-7;0;0;0
14.374;-7;0;0;0
14.379;-7;0;0;0
14.384;-7;0;0;0
14.389;-7;0;0;0
14.394;-7;0;0;0
14.399;-7;0;0;0
14.404;-7;0;0;0
14.409;-7;0;0;0
14.414;-7;0;0;0
14.419;-7;0;0;0
14.424;-7;0;0;0
14.429;-7;0;0;0
14.434;-7;0;0;0
14.439;-7;0;0;0
14.444;-7;0;0;0
14.449;-7;0;0;0
14.454;-7;0;0;0
14.459;-7;0;0;0
14.464;-7;0;0;0
14.469;-7;0;0;0
14.474;-7;0;0;0
14.479;-7;0;0;0
14.484;-7;0;0;0
14.489;-7;0;0;0
14.494;-7;0;0;0
14.499;-7;0;0;0
14.504;-7;0;0;0
14.509;-7;0;0;0
14.514;-7;0;0;0
14.519;-7;0;0;0
14.524;-7;0;0;0
14.529;-7;0;0;0
14.534;-7;0;0;0
14.539;-7;0;0;0
14.544;-7;0;0;0
14.549;-7;0;0;0
14.554;-7;0;0;0
14.559;-7;0;0;0
14.564;-7;0;0;0
14.569;-7;0;0;0
14.574;-7;0;0;0
14.579;-7;0;0;0
14.584;-7;0;0;0
14.589;-7;0;0;0
14.594;-7;0;0;0
14.599;-7;0;0;0
14.604;-7;0;0;0
14.609;-7;0;0;0
14.614;-7;0;0;0
14.619;-7;0;0;0
14.624;-7;0;0;0
14.629;-7;0;0;0
14.634;-7;0;0;0
14.639;-7;0;0;0
14.644;-7;0;0;0
14.649;-7;0;0;0
14.654;-7;0;0;0
14.659;-7;0;0;0
14.664;-7;0;0;0
14.669;-7;0;0;0
14.674;-7;0;0;0
14.679;-7;0;0;0
14.684;-7;0;0;0
14.689;-7;0;0;0
14.694;-7;0;0;0
14.699;-7;0;0;0
14.704;-7;0;0;0
14.709;-7;0;0;0
14.714;-7;0;0;0
14.719;-7;0;0;0
14.724;-7;0;0;0
14.729;-7;0;0;0
14.734;-7;0;0;0
14.739;-7;0;0;0
14.744;-7;0;0;0
14.749;-7;0;0;0
14.754;-7;0;0;0
14.759;-7;0;0;0
14.764;-7;0;0;0
14.769;-7;0;0;0
14.774;-7;0;0;0
14.779;-7;0;0;0
14.784;-7;0;0;0
14.789;-7;0;0;0
14.794;-7;0;0;0
14.799;-7;0;0;0
14.804;-7;0;0;0
14.809;-7;0;0;0
14.814;-7;0;0;0
14.819;-7;0;0;0
14.824;-7;0;0;0
14.829;-7;0;0;0
14.834;-7;0;0;0
14.839;-7;0;0;0
14.844;-7;0;0;0
14.849;-7;0;0;0
14.854;-7;0;0;0
14.859;-7;0;0;0
14.864;-7;0;0;0
14.869;-7;0;0;0
14.874;-7;0;0;0
14.879;-7;0;0;0
14.884;-7;0;0;0
14.889;-7;0;0;0
14.894;-7;0;0;0
14.899;-7;0;0;0
14.904;-7;0;0;0
14.909;-7;0;0;0
14.914;-7;0;0;0
14.919;-7;0;0;0
14.924;-7;0;0;0
14.929;-7;0;0;0
14.934;-7;0;0;0
14.939;-7;0;0;0
14.944;-7;0;0;0
14.949;-7;0;0;0
14.954;-7;0;0;0
14.959;-7;0;0;0
14.964;-7;0;0;0
14.969;-7;0;0;0
14.974;-7;0;0;0
14.979;-7;0;0;0
14.984;-7;0;0;0
14.989;-7;0;0;0
14.994;-7;0;0;0
14.999;-7;0;0;0
15.004;-7;0;0;0
15.009;-7;0;0;0
15.014;-7;0;0;0
15.019;-7;0;0;0
15.024;-7;0;0;0
15.029;-7;0;0;0
15.034;-7;0;0;0
15.039;-7;0;0;0
15.044;-7;0;0;0
15.049;-7;0;0;0
15.054;-7;0;0;0
15.059;-7;0;0;0
15.064;-7;0;0;0
15.069;-7;0;0;0
15.074;-7;0;0;0
15.079;-7;0;0;0
15.084;-7;0;0;0
15.089;-7;0;0;0
15.094;-7;0;0;0
15.099;-7;0;0;0
15.104;-7;0;0;0
15.109;-7;0;0;0
15.114;-7;0;0;0
15.119;-7;0;0;0
15.124;-7;0;0;0
15.129;-7;0;0;0
15.134;-7;0;0;0
15.139;-7;0;0;0
15.144;-7;0;0;0
15.149;-7;0;0;0
15.154;-7;0;0;0
15.159;-7;0;0;0
15.164;-7;0;0;0
15.169;-7;0;0;0
15.174;-7;0;0;0
15.179;-7;0;0;0
15.184;-7;0;0;0
15.189;-7;0;0;0
15.194;-7;0;0;0
15.199;-7;0;0;0
15.204;-7;0;0;0
15.209;-7;0;0;0
15.214;-7;0;0;0
15.219;-7;0;0;0
15.224;-7;0;0;0
15.229;-7;0;0;0
15.234;-7;0;0;0
15.239;-7;0;0;0
15.244;-7;0;0;0
15.249;-7;0;0;0
15.254;-7;0;0;0
15.259;-7;0;0;0
15.264;-7;0;0;0
15.269;-7;0;0;0
15.274;-7;0;0;0
15.279;-7;0;0;0
15.284;-7;0;0;0
15.289;-7;0;0;0
15.294;-7;0;0;0
15.299;-7;0;0;0
15.304;-7;0;0;0
15.309;-7;0;0;0
15.314;-7;0;0;0
15.319;-7;0;0;0
15.324;-7;0;0;0
15.329;-7;0;0;0
15.334;-7;0;0;0
15.339;-7;0;0;0
15.344;-7;0;0;0
15.349;-7;0;0;0
15.354;-7;0;0;0
15.359;-7;0;0;0
15.364;-7;0;0;0
15.369;-7;0;0;0
15.374;-7;0;0;0
15.379;-7;0;0;0
15.384;-7;0;0;0
15.389;-7;0;0;0
15.394;-7;0;0;0
15.399;-7;0;0;0
15.404;-7;0;0;0
15.409;-7;0;0;0
15.414;-7;0;0;0
15.419;-7;0;0;0
15.424;-7;0;0;0
15.429;-7;0;0;0
15.434;-7;0;0;0
15.439;-7;0;0;0
15.444;-7;0;0;0
15.449;-7;0;0;0
15.454;-7;0;0;0
15.459;-7;0;0;0
15.464;-7;0;0;0
15.469;-7;0;0;0
15.474;-7;0;0;0
15.479;-7;0;0;0
15.484;-7;0;0;0
15.489;-7;0;0;0
15.494;-7;0;0;0
15.499;-7;0;0;0
15.504;-7;0;0;0
15.509;-7;0;0;0
15.514;-7;0;0;0
15.519;-7;0;0;0
15.524;-7;0;0;0
15.529;-7;0;0;0
15.534;-7;0;0;0
15.539;-7;0;0;0
15.544;-7;0;0;0
15.549;-7;0;0;0
15.554;-7;0;0;0
15.559;-7;0;0;0
15.564;-7;0;0;0
15.569;-7;0;0;0
15.574;-7;0;0;0
15.579;-7;0;0;0
15.584;-7;0;0;0
15.589;-7;0;0;0
15.594;-7;0;0;0
15.599;-7;0;0;0
15.604;-7;0;0;0
15.609;-7;0;0;0
15.614;-7;0;0;0
15.619;-7;0;0;0
15.624;-7;0;0;0
15.629;-7;0;0;0
15.634;-7;0;0;0
15.639;-7;0;0;0
15.644;-7;0;0;0
15.649;-7;0;0;0
15.654;-7;0;0;0
15.659;-7;0;0;0
15.664;-7;0;0;0
15.669;-7;0;0;0
15.674;-7;0;0;0
15.679;-7;0;0;0
15.684;-7;0;0;0
15.689;-7;0;0;0
15.694;-7;0;0;0
15.699;-7;0;0;0
15.704;-7;0;0;0
15.709;-7;0;0;0
15.714;-7;0;0;0
15.719;-7;0;0;0
15.724;-7;0;0;0
15.729;-7;0;0;0
15.734;-7;0;0;0
15.739;-7;0;0;0
15.744;-7;0;0;0
15.749;-7;0;0;0
15.754;-7;0;0;0
15.759;-7;0;0;0
15.764;-7;0;0;0
15.769;-7;0;0;0
15.774;-7;0;0;0
15.779;-7;0;0;0
15.784;-7;0;0;0
15.789;-7;0;0;0
15.794;-7;0;0;0
15.799;-7;0;0;0
15.804;-7;0;0;0
15.809;-7;0;0;0
15.814;-7;0;0;0
15.819;-7;0;0;0
15.824;-7;0;0;0
15.829;-7;0;0;0
15.834;-7;0;0;0
15.839;-7;0;0;0
15.844;-7;0;0;0
15.849;-7;0;0;0
15.854;-7;0;0;0
15.859;-7;0;0;0
15.864;-7;0;0;0
15.869;-7;0;0;0
15.874;-7;0;0;0
15.879;-7;0;0;0
15.884;-7;0;0;0
15.889;-7;0;0;0
15.894;-7;0;0;0
15.899;-7;0;0;0
15.904;-7;0;0;0
15.909;-7;0;0;0
15.914;-7;0;0;0
15.919;-7;0;0;0
15.924;-7;0;0;0
15.929;-7;0;0;0
15.934;-7;0;0;0
15.939;-7;0;0;0
15.944;-7;0;0;0
15.949;-7;0;0;0
15.954;-7;0;0;0
15.959;-7;0;0;0
15.964;-7;0;0;0
15.969;-7;0;0;0
15.974;-7;0;0;0
15.979;-7;0;0;0
15.984;-7;0;0;0
15.989;-7;0;0;0
15.994;-7;0;0;0
15.999;-7;0;0;0
16.004;-7;0;0;0
16.009;-7;0;0;0
16.014;-7;0;0;0
16.019;-7;0;0;0
16.024;-7;0;0;0
16.029;-7;0;0;0
16.034;-7;0;0;0
16.039;-7;0;0;0
16.044;-7;0;0;0
16.049;-7;0;0;0
16.054;-7;0;0;0
16.059;-7;0;0;0
16.064;-7;0;0;0
16.069;-7;0;0;0
16.074;-7;0;0;0
16.079;-7;0;0;0
16.084;-7;0;0;0
16.089;-7;0;0;0
16.094;-7;0;0;0
16.099;-7;0;0;0
16.104;-7;0;0;0
16.109;-7;0;0;0
16.114;-7;0;0;0
16.119;-7;0;0;0
16.124;-7;0;0;0
16.129;-7;0;0;0
16.134;-7;0;0;0
16.139;-7;0;0;0
16.144;-7;0;0;0
16.149;-7;0;0;0
16.154;-7;0;0;0
16.159;-7;0;0;0
16.164;-7;0;0;0
16.169;-7;0;0;0
16.174;-7;0;0;0
16.179;-7;0;0;0
16.184;-7;0;0;0
16.189;-7;0;0;0
16.194;-7;0;0;0
16.199;-7;0;0;0
16.204;-7;0;0;0
16.209;-7;0;0;0
16.214;-7;0;0;0
16.219;-7;0;0;0
16.224;-7;0;0;0
16.229;-7;0;0;0
16.234;-7;0;0;0
16.239;-7;0;0;0
16.244;-7;0;0;0
16.249;-7;0;0;0
16.254;-7;0;0;0
16.259;-7;0;0;0
16.264;-7;0;0;0
16.269;-7;0;0;0
16.274;-7;0;0;0
16.279;-7;0;0;0
16.284;-7;0;0;0
16.289;-7;0;0;0
16.294;-7;0;0;0
16.299;-7;0;0;0
16.304;-7;0;0;0
16.309;-7;0;0;0
16.314;-7;0;0;0
16.319;-7;0;0;0
16.324;-7;0;0;0
16.329;-7;0;0;0
16.334;-7;0;0;0
16.339;-7;0;0;0
16.344;-7;0;0;0
16.349;-7;0;0;0
16.354;-7;0;0;0
16.359;-7;0;0;0
16.364;-7;0;0;0
16.369;-7;0;0;0
16.374;-7;0;0;0
16.379;-7;0;0;0
16.384;-7;0;0;0
16.389;-7;0;0;0
16.394;-7;0;0;0
16.399;-7;0;0;0
16.404;-7;0;0;0
16.409;-7;0;0;0
16.414;-7;0;0;0
16.419;-7;0;0;0
16.424;-7;0;0;0
16.429;-7;0;0;0
16.434;-7;0;0;0
16.439;-7;0;0;0
16.444;-7;0;0;0
16.449;-7;0;0;0
16.454;-7;0;0;0
16.459;-7;0;0;0
16.464;-7;0;0;0
16.469;-7;0;0;0
16.474;-7;0;0;0
16.479;-7;0;0;0
16.484;-7;0;0;0
16.489;-7;0;0;0
16.494;-7;0;0;0
16.499;-7;0;0;0
16.504;-7;0;0;0
16.509;-7;0;0;0
16.514;-7;0;0;0
16.519;-7;0;0;0
16.524;-7;0;0;0
16.529;-7;0;0;0
16.534;-7;0;0;0
16.539;-7;0;0;0
16.544;-7;0;0;0
16.549;-7;0;0;0
16.554;-7;0;0;0
16.559;-7;0;0;0
16.564;-7;0;0;0
16.569;-7;0;0;0
16.574;-7;0;0;0
16.579;-7;0;0;0
16.584;-7;0;0;0
16.589;-7;0;0;0
16.594;-7;0;0;0
16.599;-7;0;0;0
16.604;-7;0;0;0
16.609;-7;0;0;0
16.614;-7;0;0;0
16.619;-7;0;0;0
16.624;-7;0;0;0
16.629;-7;0;0;0
16.634;-7;0;0;0
16.639;-7;0;0;0
16.644;-7;0;0;0
16.649;-7;0;0;0
16.654;-7;0;0;0
16.659;-7;0;0;0
16.664;-7;0;0;0
16.669;-7;0;0;0
16.674;-7;0;0;0
16.679;-7;0;0;0
16.684;-7;0;0;0
16.689;-7;0;0;0
16.694;-7;0;0;0
16.699;-7;0;0;0
16.704;-7;0;0;0
16.709;-7;0;0;0
16.714;-7;0;0;0
16.719;-7;0;0;0
16.724;-7;0;0;0
16.729;-7;0;0;0
16.734;-7;0;0;0
16.739;-7;0;0;0
16.744;-7;0;0;0
16.749;-7;0;0;0
16.754;-7;0;0;0
16.759;-7;0;0;0
16.764;-7;0;0;0
16.769;-7;0;0;0
16.774;-7;0;0;0
16.779;-7;0;0;0
16.784;-7;0;0;0
16.789;-7;0;0;0
16.794;-7;0;0;0
16.799;-7;0;0;0
16.804;-7;0;0;0
16.809;-7;0;0;0
16.814;-7;0;0;0
16.819;-7;0;0;0
16.824;-7;0;0;0
16.829;-7;0;0;0
16.834;-7;0;0;0
16.839;-7;0;0;0
16.844;-7;0;0;0
16.849;-7;0;0;0
16.854;-7;0;0;0
16.859;-7;0;0;0
16.864;-7;0;0;0
16.869;-7;0;0;0
16.874;-7;0;0;0
16.879;-7;0;0;0
16.884;-7;0;0;0
16.889;-7;0;0;0
16.894;-7;0;0;0
16.899;-7;0;0;0
16.904;-7;0;0;0
16.909;-7;0;0;0
16.914;-7;0;0;0
16.919;-7;0;0;0
16.924;-7;0;0;0
16.929;-7;0;0;0
16.934;-7;0;0;0
16.939;-7;0;0;0
16.944;-7;0;0;0
16.949;-7;0;0;0
16.954;-7;0;0;0
16.959;-7;0;0;0
16.964;-7;0;0;0
16.969;-7;0;0;0
16.974;-7;0;0;0
16.979;-7;0;0;0
16.984;-7;0;0;0
16.989;-7;0;0;0
16.994;-7;0;0;0
16.999;-7;0;0;0
17.004;-7;0;0;0
17.009;-7;0;0;0
17.014;-7;0;0;0
17.019;-7;0;0;0
17.024;-7;0;0;0
17.029;-7;0;0;0
17.034;-7;0;0;0
17.039;-7;0;0;0
17.044;-7;0;0;0
17.049;-7;0;0;0
17.054;-7;0;0;0
17.059;-7;0;0;0
17.064;-7;0;0;0
17.069;-7;0;0;0
17.074;-7;0;0;0
17.079;-7;0;0;0
17.084;-7;0;0;0
17.089;-7;0;0;0
17.094;-7;0;0;0
17.099;-7;0;0;0
17.104;-7;0;0;0
17.109;-7;0;0;0
17.114;-7;0;0;0
17.119;-7;0;0;0
17.124;-7;0;0;0
17.129;-7;0;0;0
17.134;-7;0;0;0
17.139;-7;0;0;0
17.144;-7;0;0;0
17.149;-7;0;0;0
17.154;-7;0;0;0
17.159;-7;0;0;0
17.164;-7;0;0;0
17.169;-7;0;0;0
17.174;-7;0;0;0
17.179;-7;0;0;0
17.184;-7;0;0;0
17.189;-7;0;0;0
17.194;-7;0;0;0
17.199;-7;0;0;0
17.204;-7;0;0;0
17.209;-7;0;0;0
17.214;-7;0;0;0
17.219;-7;0;0;0
17.224;-7;0;0;0
17.229;-7;0;0;0
17.234;-7;0;0;0
17.239;-7;0;0;0
17.244;-7;0;0;0
17.249;-7;0;0;0
17.254;-7;0;0;0
17.259;-7;0;0;0
17.264;-7;0;0;0
17.269;-7;0;0;0
17.274;-7;0;0;0
17.279;-7;0;0;0
17.284;-7;0;0;0
17.289;-7;0;0;0
17.294;-7;0;0;0
17.299;-7;0;0;0
17.304;-7;0;0;0
17.309;-7;0;0;0
17.314;-7;0;0;0
17.319;-7;0;0;0
17.324;-7;0;0;0
17.329;-7;0;0;0
17.334;-7;0;0;0
17.339;-7;0;0;0
17.344;-7;0;0;0
17.349;-7;0;0;0
17.354;-7;0;0;0
17.359;-7;0;0;0
17.364;-7;0;0;0
17.369;-7;0;0;0
17.374;-7;0;0;0
17.379;-7;0;0;0
17.384;-7;0;0;0
17.389;-7;0;0;0
17.394;-7;0;0;0
17.399;-7;0;0;0
17.404;-7;0;0;0
17.409;-7;0;0;0
17.414;-7;0;0;0
17.419;-7;0;0;0
17.424;-7;0;0;0
17.429;-7;0;0;0
17.434;-7;0;0;0
17.439;-7;0;0;0
17.444;-7;0;0;0
17.449;-7;0;0;0
17.454;-7;0;0;0
17.459;-7;0;0;0
17.464;-7;0;0;0
17.469;-7;0;0;0
17.474;-7;0;0;0
17.479;-7;0;0;0
17.484;-7;0;0;0
17.489;-7;0;0;0
17.494;-7;0;0;0
17.499;-7;0;0;0
17.504;-7;0;0;0
17.509;-7;0;0;0
17.514;-7;0;0;0
17.519;-7;0;0;0
17.524;-7;0;0;0
17.529;-7;0;0;0
17.534;-7;0;0;0
17.539;-7;0;0;0
17.544;-7;0;0;0
17.549;-7;0;0;0
17.554;-7;0;0;0
17.559;-7;0;0;0
17.564;-7;0;0;0
17.569;-7;0;0;0
17.574;-7;0;0;0
17.579;-7;0;0;0
17.584;-7;0;0;0
17.589;-7;0;0;0
17.594;-7;0;0;0
17.599;-7;0;0;0
17.604;-7;0;0;0
17.609;-7;0;0;0
17.614;-7;0;0;0
17.619;-7;0;0;0
17.624;-7;0;0;0
17.629;-7;0;0;0
17.634;-7;0;0;0
17.639;-7;0;0;0
17.644;-7;0;0;0
17.649;-7;0;0;0
17.654;-7;0;0;0
17.659;-7;0;0;0
17.664;-7;0;0;0
17.669;-7;0;0;0
17.674;-7;0;0;0
17.679;-7;0;0;0
17.684;-7;0;0;0
17.689;-7;0;0;0
17.694;-7;0;0;0
17.699;-7;0;0;0
17.704;-7;0;0;0
17.709;-7;0;0;0
17.714;-7;0;0;0
17.719;-7;0;0;0
17.724;-7;0;0;0
17.729;-7;0;0;0
17.734;-7;0;0;0
17.739;-7;0;0;0
17.744;-7;0;0;0
17.749;-7;0;0;0
17.754;-7;0;0;0
17.759;-7;0;0;0
17.764;-7;0;0;0
17.769;-7;0;0;0
17.774;-7;0;0;0
17.779;-7;0;0;0
17.784;-7;0;0;0
17.789;-7;0;0;0
17.794;-7;0;0;0
17.799;-7;0;0;0
17.804;-7;0;0;0
17.809;-7;0;0;0
17.814;-7;0;0;0
17.819;-7;0;0;0
17.824;-7;0;0;0
17.829;-7;0;0;0
17.834;-7;0;0;0
17.839;-7;0;0;0
17.844;-7;0;0;0
17.849;-7;0;0;0
17.854;-7;0;0;0
17.859;-7;0;0;0
17.864;-7;0;0;0
17.869;-7;0;0;0
17.874;-7;0;0;0
17.879;-7;0;0;0
17.884;-7;0;0;0
17.889;-7;0;0;0
17.894;-7;0;0;0
17.899;-7;0;0;0
17.904;-7;0;0;0
17.909;-7;0;0;0
17.914;-7;0;0;0
17.919;-7;0;0;0
17.924;-7;0;0;0
17.929;-7;0;0;0
17.934;-7;0;0;0
17.939;-7;0;0;0
17.944;-7;0;0;0
17.949;-7;0;0;0
17.954;-7;0;0;0
17.959;-7;0;0;0
17.964;-7;0;0;0
17.969;-7;0;0;0
17.974;-7;0;0;0
17.979;-7;0;0;0
17.984;-7;0;0;0
17.989;-7;0;0;0
17.994;-7;0;0;0
17.999;-7;0;0;0
18.004;-7;0;0;0
18.009;-7;0;0;0
18.014;-7;0;0;0
18.019;-7;0;0;0
18.024;-7;0;0;0
18.029;-7;0;0;0
18.034;-7;0;0;0
18.039;-7;0;0;0
18.044;-7;0;0;0
18.049;-7;0;0;0
18.054;-7;0;0;0
18.059;-7;0;0;0
18.064;-7;0;0;0
18.069;-7;0;0;0
18.074;-7;0;0;0
18.079;-7;0;0;0
18.084;-7;0;0;0
18.089;-7;0;0;0
18.094;-7;0;0;0
18.099;-7;0;0;0
18.104;-7;0;0;0
18.109;-7;0;0;0
18.114;-7;0;0;0
18.119;-7;0;0;0
18.124;-7;0;0;0
18.129;-7;0;0;0
18.134;-7;0;0;0
18.139;-7;0;0;0
18.144;-7;0;0;0
18.149;-7;0;0;0
18.154;-7;0;0;0
18.159;-7;0;0;0
18.164;-7;0;0;0
18.169;-7;0;0;0
18.174;-7;0;0;0
18.179;-7;0;0;0
18.184;-7;0;0;0
18.189;-7;0;0;0
18.194;-7;0;0;0
18.199;-7;0;0;0
18.204;-7;0;0;0
18.209;-7;0;0;0
18.214;-7;0;0;0
18.219;-7;0;0;0
18.224;-7;0;0;0
18.229;-7;0;0;0
18.234;-7;0;0;0
18.239;-7;0;0;0
18.244;-7;0;0;0
18.249;-7;0;0;0
18.254;-7;0;0;0
18.259;-7;0;0;0
18.264;-7;0;0;0
18.269;-7;0;0;0
18.274;-7;0;0;0
18.279;-7;0;0;0
18.284;-7;0;0;0
18.289;-7;0;0;0
18.294;-7;0;0;0
18.299;-7;0;0;0
18.304;-7;0;0;0
18.309;-7;0;0;0
18.314;-7;0;0;0
18.319;-7;0;0;0
18.324;-7;0;0;0
18.329;-7;0;0;0
18.334;-7;0;0;0
18.339;-7;0;0;0
18.344;-7;0;0;0
18.349;-7;0;0;0
18.354;-7;0;0;0
18.359;-7;0;0;0
18.364;-7;0;0;0
18.369;-7;0;0;0
18.374;-7;0;0;0
18.379;-7;0;0;0
18.384;-7;0;0;0
18.389;-7;0;0;0
18.394;-7;0;0;0
18.399;-7;0;0;0
18.404;-7;0;0;0
18.409;-7;0;0;0
18.414;-7;0;0;0
18.419;-7;0;0;0
18.424;-7;0;0;0
18.429;-7;0;0;0
18.434;-7;0;0;0
18.439;-7;0;0;0
18.444;-7;0;0;0
18.449;-7;0;0;0
18.454;-7;0;0;0
18.459;-7;0;0;0
18.464;-7;0;0;0
18.469;-7;0;0;0
18.474;-7;0;0;0
18.479;-7;0;0;0
18.484;-7;0;0;0
18.489;-7;0;0;0
18.494;-7;0;0;0
18.499;-7;0;0;0
18.504;-7;0;0;0
18.509;-7;0;0;0
18.514;-7;0;0;0
18.519;-7;0;0;0
18.524;-7;0;0;0
18.529;-7;0;0;0
18.534;-7;0;0;0
18.539;-7;0;0;0
18.544;-7;0;0;0
18.549;-7;0;0;0
18.554;-7;0;0;0
18.559;-7;0;0;0
18.564;-7;0;0;0
18.569;-7;0;0;0
18.574;-7;0;0;0
18.579;-7;0;0;0
18.584;-7;0;0;0
18.589;-7;0;0;0
18.594;-7;0;0;0
18.599;-7;0;0;0
18.604;-7;0;0;0
18.609;-7;0;0;0
18.614;-7;0;0;0
18.619;-7;0;0;0
18.624;-7;0;0;0
18.629;-7;0;0;0
18.634;-7;0;0;0
18.639;-7;0;0;0
18.644;-7;0;0;0
18.649;-7;0;0;0
18.654;-7;0;0;0
18.659;-7;0;0;0
18.664;-7;0;0;0
18.669;-7;0;0;0
18.674;-7;0;0;0
18.679;-7;0;0;0
18.684;-7;0;0;0
18.689;-7;0;0;0
18.694;-7;0;0;0
18.699;-7;0;0;0
18.704;-7;0;0;0
18.709;-7;0;0;0
18.714;-7;0;0;0
18.719;-7;0;0;0
18.724;-7;0;0;0
18.729;-7;0;0;0
18.734;-7;0;0;0
18.739;-7;0;0;0
18.744;-7;0;0;0
18.749;-7;0;0;0
18.754;-7;0;0;0
18.759;-7;0;0;0
18.764;-7;0;0;0
18.769;-7;0;0;0
18.774;-7;0;0;0
18.779;-7;0;0;0
18.784;-7;0;0;0
18.789;-7;0;0;0
18.794;-7;0;0;0
18.799;-7;0;0;0
18.804;-7;0;0;0
18.809;-7;0;0;0
18.814;-7;0;0;0
18.819;-7;0;0;0
18.824;-7;0;0;0
18.829;-7;0;0;0
18.834;-7;0;0;0
18.839;-7;0;0;0
18.844;-7;0;0;0
18.849;-7;0;0;0
18.854;-7;0;0;0
18.859;-7;0;0;0
18.864;-7;0;0;0
18.869;-7;0;0;0
18.874;-7;0;0;0
18.879;-7;0;0;0
18.884;-7;0;0;0
18.889;-7;0;0;0
18.894;-7;0;0;0
18.899;-7;0;0;0
18.904;-7;0;0;0
18.909;-7;0;0;0
18.914;-7;0;0;0
18.919;-7;0;0;0
18.924;-7;0;0;0
18.929;-7;0;0;0
18.934;-7;0;0;0
18.939;-7;0;0;0
18.944;-7;0;0;0
18.949;-7;0;0;0
18.954;-7;0;0;0
18.959;-7;0;0;0
18.964;-7;0;0;0
18.969;-7;0;0;0
18.974;-7;0;0;0
18.979;-7;0;0;0
18.984;-7;0;0;0
18.989;-7;0;0;0
18.994;-7;0;0;0
18.999;-7;0;0;0
19.004;-7;0;0;0
19.009;-7;0;0;0
19.014;-7;0;0;0
19.019;-7;0;0;0
19.024;-7;0;0;0
19.029;-7;0;0;0
19.034;-7;0;0;0
19.039;-7;0;0;0
19.044;-7;0;0;0
19.049;-7;0;0;0
19.054;-7;0;0;0
19.059;-7;0;0;0
19.064;-7;0;0;0
19.069;-7;0;0;0
19.074;-7;0;0;0
19.079;-7;0;0;0
19.084;-7;0;0;0
19.089;-7;0;0;0
19.094;-7;0;0;0
19.099;-7;0;0;0
19.104;-7;0;0;0
19.109;-7;0;0;0
19.114;-7;0;0;0
19.119;-7;0;0;0
19.124;-7;0;0;0
19.129;-7;0;0;0
19.134;-7;0;0;0
19.139;-7;0;0;0
19.144;-7;0;0;0
19.149;-7;0;0;0
19.154;-7;0;0;0
19.159;-7;0;0;0
19.164;-7;0;0;0
19.169;-7;0;0;0
19.174;-7;0;0;0
19.179;-7;0;0;0
19.184;-7;0;0;0
19.189;-7;0;0;0
19.194;-7;0;0;0
19.199;-7;0;0;0
19.204;-7;0;0;0
19.209;-7;0;0;0
19.214;-7;0;0;0
19.219;-7;0;0;0
19.224;-7;0;0;0
19.229;-7;0;0;0
19.234;-7;0;0;0
19.239;-7;0;0;0
19.244;-7;0;0;0
19.249;-7;0;0;0
19.254;-7;0;0;0
19.259;-7;0;0;0
19.264;-7;0;0;0
19.269;-7;0;0;0
19.274;-7;0;0;0
19.279;-7;0;0;0
19.284;-7;0;0;0
19.289;-7;0;0;0
19.294;-7;0;0;0
19.299;-7;0;0;0
19.304;-7;0;0;0
19.309;-7;0;0;0
19.314;-7;0;0;0
19.319;-7;0;0;0
19.324;-7;0;0;0
19.329;-7;0;0;0
19.334;-7;0;0;0
19.339;-7;0;0;0
19.344;-7;0;0;0
19.349;-7;0;0;0
19.354;-7;0;0;0
19.359;-7;0;0;0
19.364;-7;0;0;0
19.369;-7;0;0;0
19.374;-7;0;0;0
19.379;-7;0;0;0
19.384;-7;0;0;0
19.389;-7;0;0;0
19.394;-7;0;0;0
19.399;-7;0;0;0
19.404;-7;0;0;0
19.409;-7;0;0;0
19.414;-7;0;0;0
19.419;-7;0;0;0
19.424;-7;0;0;0
19.429;-7;0;0;0
19.434;-7;0;0;0
19.439;-7;0;0;0
19.444;-7;0;0;0
19.449;-7;0;0;0
19.454;-7;0;0;0
19.459;-7;0;0;0
19.464;-7;0;0;0
19.469;-7;0;0;0
19.474;-7;0;0;0
19.479;-7;0;0;0
19.484;-7;0;0;0
19.489;-7;0;0;0
19.494;-7;0;0;0
19.499;-7;0;0;0
19.504;-7;0;0;0
19.509;-7;0;0;0
19.514;-7;0;0;0
19.519;-7;0;0;0
19.524;-7;0;0;0
19.529;-7;0;0;0
19.534;-7;0;0;0
19.539;-7;0;0;0
19.544;-7;0;0;0
19.549;-7;0;0;0
19.554;-7;0;0;0
19.559;-7;0;0;0
19.564;-7;0;0;0
19.569;-7;0;0;0
19.574;-7;0;0;0
19.579;-7;0;0;0
19.584;-7;0;0;0
19.589;-7;0;0;0
19.594;-7;0;0;0
19.599;-7;0;0;0
19.604;-7;0;0;0
19.609;-7;0;0;0
19.614;-7;0;0;0
19.619;-7;0;0;0
19.624;-7;0;0;0
19.629;-7;0;0;0
19.634;-7;0;0;0
19.639;-7;0;0;0
19.644;-7;0;0;0
19.649;-7;0;0;0
19.654;-7;0;0;0
19.659;-7;0;0;0
19.664;-7;0;0;0
19.669;-7;0;0;0
19.674;-7;0;0;0
19.679;-7;0;0;0
19.684;-7;0;0;0
19.689;-7;0;0;0
19.694;-7;0;0;0
19.699;-7;0;0;0
19.704;-7;0;0;0
19.709;-7;0;0;0
19.714;-7;0;0;0
19.719;-7;0;0;0
19.724;-7;0;0;0
19.729;-7;0;0;0
19.734;-7;0;0;0
19.739;-7;0;0;0
19.744;-7;0;0;0
19.749;-7;0;0;0
19.754;-7;0;0;0
19.759;-7;0;0;0
19.764;-7;0;0;0
19.769;-7;0;0;0
19.774;-7;0;0;0
19.779;-7;0;0;0
19.784;-7;0;0;0
19.789;-7;0;0;0
19.794;-7;0;0;0
19.799;-7;0;0;0
19.804;-7;0;0;0
19.809;-7;0;0;0
19.814;-7;0;0;0
19.819;-7;0;0;0
19.824;-7;0;0;0
19.829;-7;0;0;0
19.834;-7;0;0;0
19.839;-7;0;0;0
19.844;-7;0;0;0
19.849;-7;0;0;0
19.854;-7;0;0;0
19.859;-7;0;0;0
19.864;-7;0;0;0
19.869;-7;0;0;0
19.874;-7;0;0;0
19.879;-7;0;0;0
19.884;-7;0;0;0
19.889;-7;0;0;0
19.894;-7;0;0;0
19.899;-7;0;0;0
19.904;-7;0;0;0
19.909;-7;0;0;0
19.914;-7;0;0;0
19.919;-7;0;0;0
19.924;-7;0;0;0
19.929;-7;0;0;0
19.934;-7;0;0;0
19.939;-7;0;0;0
19.944;-7;0;0;0
19.949;-7;0;0;0
19.954;-7;0;0;0
19.959;-7;0;0;0
19.964;-7;0;0;0
19.969;-7;0;0;0
19.974;-7;0;0;0
19.979;-7;0;0;0
19.984;-7;0;0;0
19.989;-7;0;0;0
19.994;-7;0;0;0
19.999;-7;0;0;0
20.004;-7;0;0;0
20.009;-7;0;0;0
20.014;-7;0;0;0
20.019;-7;0;0;0
20.024;-7;0;0;0
20.029;-7;0;0;0
20.034;-7;0;0;0
20.039;-7;0;0;0
20.044;-7;0;0;0
20.049;-7;0;0;0
20.054;-7;0;0;0
20.059;-7;0;0;0
20.064;-7;0;0;0
20.069;-7;0;0;0
20.074;-7;0;0;0
20.079;-7;0;0;0
20.084;-7;0;0;0
20.089;-7;0;0;0
20.094;-7;0;0;0
20.099;-7;0;0;0
20.104;-7;0;0;0
20.109;-7;0;0;0
20.114;-7;0;0;0
20.119;-7;0;0;0
20.124;-7;0;0;0
20.129;-7;0;0;0
20.134;-7;0;0;0
20.139;-7;0;0;0
20.144;-7;0;0;0
20.149;-7;0;0;0
20.154;-7;0;0;0
20.159;-7;0;0;0
20.164;-7;0;0;0
20.169;-7;0;0;0
20.174;-7;0;0;0
20.179;-7;0;0;0
20.184;-7;0;0;0
20.189;-7;0;0;0
20.194;-7;0;0;0
20.199;-7;0;0;0
20.204;-7;0;0;0
20.209;-7;0;0;0
20.214;-7;0;0;0
20.219;-7;0;0;0
20.224;-7;0;0;0
20.229;-7;0;0;0
20.234;-7;0;0;0
20.239;-7;0;0;0
20.244;-7;0;0;0
20.249;-7;0;0;0
20.254;-7;0;0;0
20.259;-7;0;0;0
20.264;-7;0;0;0
20.269;-7;0;0;0
20.274;-7;0;0;0
20.279;-7;0;0;0
20.284;-7;0;0;0
20.289;-7;0;0;0
20.294;-7;0;0;0
20.299;-7;0;0;0
20.304;-7;0;0;0
20.309;-7;0;0;0
20.314;-7;0;0;0
20.319;-7;0;0;0
20.324;-7;0;0;0
20.329;-7;0;0;0
20.334;-7;0;0;0
20.339;-7;0;0;0
20.344;-7;0;0;0
20.349;-7;0;0;0
20.354;-7;0;0;0
20.359;-7;0;0;0
20.364;-7;0;0;0
20.369;-7;0;0;0
20.374;-7;0;0;0
20.379;-7;0;0;0
20.384;-7;0;0;0
20.389;-7;0;0;0
20.394;-7;0;0;0
20.399;-7;0;0;0
20.404;-7;0;0;0
20.409;-7;0;0;0
20.414;-7;0;0;0
20.419;-7;0;0;0
20.424;-7;0;0;0
20.429;-7;0;0;0
20.434;-7;0;0;0
20.439;-7;0;0;0
20.444;-7;0;0;0
20.449;-7;0;0;0
20.454;-7;0;0;0
20.459;-7;0;0;0
20.464;-7;0;0;0
20.469;-7;0;0;0
20.474;-7;0;0;0
20.479;-7;0;0;0
20.484;-7;0;0;0
20.489;-7;0;0;0
20.494;-7;0;0;0
20.499;-7;0;0;0
20.504;-7;0;0;0
20.509;-7;0;0;0
20.514;-7;0;0;0
20.519;-7;0;0;0
20.524;-7;0;0;0
20.529;-7;0;0;0
20.534;-7;0;0;0
20.539;-7;0;0;0
20.544;-7;0;0;0
20.549;-7;0;0;0
20.554;-7;0;0;0
20.559;-7;0;0;0
20.564;-7;0;0;0
20.569;-7;0;0;0
20.574;-7;0;0;0
20.579;-7;0;0;0
20.584;-7;0;0;0
20.589;-7;0;0;0
20.594;-7;0;0;0
20.599;-7;0;0;0
20.604;-7;0;0;0
20.609;-7;0;0;0
20.614;-7;0;0;0
20.619;-7;0;0;0
20.624;-7;0;0;0
20.629;-7;0;0;0
20.634;-7;0;0;0
20.639;-7;0;0;0
20.644;-7;0;0;0
20.649;-7;0;0;0
20.654;-7;0;0;0
20.659;-7;0;0;0
20.664;-7;0;0;0
20.669;-7;0;0;0
20.674;-7;0;0;0
20.679;-7;0;0;0
20.684;-7;0;0;0
20.689;-7;0;0;0
20.694;-7;0;0;0
20.699;-7;0;0;0
20.704;-7;0;0;0
20.709;-7;0;0;0
20.714;-7;0;0;0
20.719;-7;0;0;0
20.724;-7;0;0;0
20.729;-7;0;0;0
20.734;-7;0;0;0
20.739;-7;0;0;0
20.744;-7;0;0;0
20.749;-7;0;0;0
20.754;-7;0;0;0
20.759;-7;0;0;0
20.764;-7;0;0;0
20.769;-7;0;0;0
20.774;-7;0;0;0
20.779;-7;0;0;0
20.784;-7;0;0;0
20.789;-7;0;0;0
20.794;-7;0;0;0
20.799;-7;0;0;0
20.804;-7;0;0;0
20.809;-7;0;0;0
20.814;0;0;0;0
20.819;0;0;0;0
20.824;0;0;0;0
20.829;0;0;0;0
20.834;0;0;0;0
20.839;0;0;0;0
20.844;0;0;0;0
20.849;0;0;0;0
20.854;0;0;0;0
20.859;-7;0;0;0
20.864;-7;0;0;0
20.869;-7;0;0;0
20.874;0;0;0;0
20.879;0;0;0;0
20.884;0;0;0;0
20.889;0;0;0;0
20.894;0;0;0;0
20.899;0;0;0;0
20.904;0;0;0;0
20.909;0;0;0;0
20.914;0;0;0;0
20.919;0;0;0;0
20.924;0;0;0;0
20.929;0;0;0;0
20.934;0;0;0;0
20.939;0;0;0;0
20.944;0;0;0;0
20.949;0;0;0;0
20.954;0;0;0;0
20.959;0;0;0;0
20.964;0;0;0;0
20.969;0;0;0;0
20.974;0;0;0;0
20.979;0;0;0;0
20.984;0;0;0;0
20.989;0;0;0;0
20.994;0;0;0;0
20.999;0;0;0;0
21.004;0;0;0;0
21.009;0;0;0;0
21.014;0;0;0;0
21.019;0;0;0;0
21.024;0;0;0;0
21.029;0;0;0;0
21.034;0;0;0;0
21.039;0;0;0;0
21.044;0;0;0;0
21.049;0;0;0;0
21.054;0;0;0;0
21.059;0;0;0;0
21.064;0;0;0;0
21.069;0;0;0;0
21.074;0;0;0;0
21.079;0;0;0;0
21.084;0;0;0;0
21.089;0;0;0;0
21.094;0;0;0;0
21.099;0;0;0;0
21.104;0;0;0;0
21.109;0;0;0;0
21.114;0;0;0;0
21.119;0;0;0;0
21.124;0;0;0;0
21.129;0;0;0;0
21.134;0;0;0;0
21.139;0;0;0;0
21.144;0;0;0;0
21.149;0;0;0;0
21.154;0;0;0;0
21.159;0;0;0;0
21.164;0;0;0;0
21.169;0;0;0;0
21.174;0;0;0;0
21.179;0;0;0;0
21.184;0;0;0;0
21.189;0;0;0;0
21.194;0;0;0;0
21.199;0;0;0;0
21.204;0;0;0;0
21.209;0;0;0;0
21.214;0;0;0;0
21.219;0;0;0;0
21.224;0;0;0;0
21.229;0;0;0;0
21.234;0;0;0;0
21.239;0;0;0;0
21.244;0;0;0;0
21.249;0;0;0;0
21.254;0;0;0;0
21.259;0;0;0;0
21.264;0;0;0;0
21.269;0;0;0;0
21.274;0;0;0;0
21.279;0;0;0;0
21.284;0;0;0;0
21.289;0;0;0;0
21.294;0;0;0;0
21.299;0;0;0;0
21.304;0;0;0;0
21.309;0;0;0;0
21.314;0;0;0;0
21.319;0;0;0;0
21.324;0;0;0;0
21.329;0;0;0;0
21.334;0;0;0;0
21.339;0;0;0;0
21.344;0;0;0;0
21.349;0;0;0;0
21.354;0;0;0;0
21.359;0;0;0;0
21.364;0;0;0;0
21.369;0;0;0;0
21.374;0;0;0;0
21.379;0;0;0;0
21.384;0;0;0;0
21.389;0;0;0;0
21.394;0;0;0;0
21.399;0;0;0;0
21.404;0;0;0;0
21.409;0;0;0;0
21.414;0;0;0;0
21.419;0;0;0;0
21.424;0;0;0;0
21.429;0;0;0;0
21.434;0;0;0;0
21.439;0;0;0;0
21.444;0;0;0;0
21.449;0;0;0;0
21.454;0;0;0;0
21.459;0;0;0;0
21.464;0;0;0;0
21.469;0;0;0;0
21.474;0;0;0;0
21.479;0;0;0;0
21.484;0;0;0;0
21.489;0;0;0;0
21.494;0;0;0;0
21.499;0;0;0;0
21.504;0;0;0;0
21.509;0;0;0;0
21.514;0;0;0;0
21.519;0;0;0;0
21.524;0;0;0;0
21.529;0;0;0;0
21.534;0;0;0;0
21.539;0;0;0;0
21.544;0;0;0;0
21.549;0;0;0;0
21.554;0;0;0;0
21.559;0;0;0;0
21.564;0;0;0;0
21.569;0;0;0;0
21.574;0;0;0;0
21.579;0;0;0;0
21.584;0;0;0;0
21.589;0;0;0;0
21.594;0;0;0;0
21.599;0;0;0;0
21.604;0;0;0;0
21.609;0;0;0;0
21.614;0;0;0;0
21.619;0;0;0;0
21.624;0;0;0;0
21.629;0;0;0;0
21.634;0;0;0;0
21.639;0;0;0;0
21.644;0;0;0;0
21.649;0;0;0;0
21.654;0;0;0;0
21.659;0;0;0;0
21.664;0;0;0;0
21.669;0;0;0;0
21.674;0;0;0;0
21.679;0;0;0;0
21.684;0;0;0;0
21.689;0;0;0;0
21.694;0;0;0;0
21.699;0;0;0;0
21.704;0;0;0;0
21.709;0;0;0;0
21.714;0;0;0;0
21.719;0;0;0;0
21.724;0;0;0;0
21.729;0;0;0;0
21.734;0;0;0;0
21.739;0;0;0;0
21.744;0;0;0;0
21.749;0;0;0;0
21.754;0;0;0;0
21.759;0;0;0;0
21.764;0;0;0;0
21.769;0;0;0;0
21.774;0;0;0;0
21.779;0;0;0;0
21.784;0;0;0;0
21.789;0;0;0;0
21.794;0;0;0;0
21.799;0;0;0;0
21.804;0;0;0;0
21.809;0;0;0;0
21.814;0;0;0;0
21.819;0;0;0;0
21.824;0;0;0;0
21.829;0;0;0;0
21.834;0;0;0;0
21.839;0;0;0;0
21.844;0;0;0;0