t;e;d;i;set

29.314;0;75;0;0
29.319;0;75;0;0
29.324;0;75;0;0
29.329;0;75;0;0
29.334;0;75;0;0
29.339;0;75;0;0
29.344;0;75;0;0
29.349;0;75;0;0
29.354;0;75;0;0
29.359;0;75;0;0
29.364;0;75;0;0
29.369;0;75;0;0
29.374;0;75;0;0
29.379;0;75;0;0
29.384;0;75;0;0
29.389;0;75;0;0
29.394;0;75;0;0
29.399;0;75;0;0
29.404;0;75;0;0
29.409;0;75;0;0
29.414;0;75;0;0
29.419;0;75;0;0
29.424;0;75;0;0
29.429;0;75;0;0
29.434;0;75;0;0
29.439;0;75;0;0
29.444;0;75;0;0
29.449;0;75;0;0
29.454;0;75;0;0
29.459;0;75;0;0
29.464;0;75;0;0
29.469;0;75;0;0
29.474;0;75;0;0
29.479;0;75;0;0
29.484;0;75;0;0
29.489;0;75;0;0
29.494;0;75;0;0
29.499;0;75;0;0
29.504;0;75;0;0
29.509;0;75;0;0
29.514;0;75;0;0
29.519;0;75;0;0
29.524;0;75;0;0
29.529;0;75;0;0
29.534;0;75;0;0
29.539;0;75;0;0
29.544;0;75;0;0
29.549;0;75;0;0
29.554;0;75;0;0
29.559;0;75;0;0
29.564;0;75;0;0
29.569;0;75;0;0
29.574;0;75;0;0
29.579;0;75;0;0
29.584;0;75;0;0
29.589;0;75;0;0
29.594;0;75;0;0
29.599;0;75;0;0
29.604;0;75;0;0
29.609;0;75;0;0
29.614;0;75;0;0
29.619;0;75;0;0
29.624;0;75;0;0
29.629;0;75;0;0
29.634;0;75;0;0
29.639;0;75;0;0
29.644;0;75;0;0
29.649;0;75;0;0
29.654;0;75;0;0
29.659;0;75;0;0
29.664;0;75;0;0
29.669;0;75;0;0
29.674;0;75;0;0
29.679;0;75;0;0
29.684;0;75;0;0
29.689;0;75;0;0
29.694;0;75;0;0
29.699;0;75;0;0
29.704;0;75;0;0
29.709;0;75;0;0
29.714;0;75;0;0
29.719;0;75;0;0
29.724;0;75;0;0
29.729;0;75;0;0
29.734;0;75;0;0
29.739;0;75;0;0
29.744;0;75;0;0
29.749;0;75;0;0
29.754;0;75;0;0
29.759;0;75;0;0
29.764;0;75;0;0
29.769;0;75;0;0
29.774;0;75;0;0
29.779;0;75;0;0
29.784;0;75;0;0
29.789;0;75;0;0
29.794;0;75;0;0
29.799;0;75;0;0
29.804;0;75;0;0
29.809;0;75;0;0
29.814;0;75;0;0
29.819;0;75;0;0
29.824;0;75;0;0
29.829;0;75;0;0
29.834;0;75;0;0
29.839;0;75;0;0
29.844;0;75;0;0
29.849;0;75;0;0
29.854;0;75;0;0
29.859;0;75;0;0
29.864;0;75;0;0
29.869;0;75;0;0
29.874;0;75;0;0
29.879;0;75;0;0
29.884;0;75;0;0
29.889;0;75;0;0
29.894;0;75;0;0
29.899;0;75;0;0
29.904;0;75;0;0
29.909;0;75;0;0
29.914;0;75;0;0
29.919;0;75;0;0
29.924;0;75;0;0
29.929;0;75;0;0
29.934;0;75;0;0
29.939;0;75;0;0
29.944;0;75;0;0
29.949;0;75;0;0
29.954;0;75;0;0
29.959;0;75;0;0
29.964;0;75;0;0
29.969;0;75;0;0
29.974;0;75;0;0
29.979;0;75;0;0
29.984;0;75;0;0
29.989;0;75;0;0
29.994;0;75;0;0
29.999;0;75;0;0
30.004;0;75;0;0
30.009;0;75;0;0
30.014;0;75;0;0
30.019;0;75;0;0
30.024;0;75;0;0
30.029;0;75;0;0
30.034;0;75;0;0
30.039;0;75;0;0
30.044;0;75;0;0
30.049;0;75;0;0
30.054;0;75;0;0
30.059;0;75;0;0
30.064;0;75;0;0
30.069;0;75;0;0
30.074;0;75;0;0
30.079;0;75;0;0
30.084;0;75;0;0
30.089;0;75;0;0
30.094;0;75;0;0
30.099;0;75;0;0
30.104;0;75;0;0
30.109;0;75;0;0
30.114;0;75;0;0
30.119;0;75;0;0
30.124;0;75;0;0
30.129;0;75;0;0
30.134;0;75;0;0
30.139;0;75;0;0
30.144;0;75;0;0
30.149;0;75;0;0
30.154;0;75;0;0
30.159;0;75;0;0
30.164;0;75;0;0
30.169;0;75;0;0
30.174;0;75;0;0
30.179;0;75;0;0
30.184;0;75;0;0
30.189;0;75;0;0
30.194;0;75;0;0
30.199;0;75;0;0
30.204;0;75;0;0
30.209;0;75;0;0
30.214;0;75;0;0
30.219;0;75;0;0
30.224;0;75;0;0
30.229;0;75;0;0
30.234;0;75;0;0
30.239;0;75;0;0
30.244;0;75;0;0
30.249;0;75;0;0
30.254;0;75;0;0
30.259;0;75;0;0
30.264;0;75;0;0
30.269;0;75;0;0
30.274;0;75;0;0
30.279;0;75;0;0
30.284;0;75;0;0
30.289;0;75;0;0
30.294;0;75;0;0
30.299;0;75;0;0
30.304;0;75;0;0
30.309;0;75;0;0
30.314;0;75;0;0
30.319;0;75;0;0
30.324;0;75;0;0
30.329;0;75;0;0
30.334;0;75;0;0
30.339;0;75;0;0
30.344;0;75;0;0
30.349;0;75;0;0
30.354;0;75;0;0
30.359;0;75;0;0
30.364;0;75;0;0
30.369;0;75;0;0
30.374;0;75;0;0
30.379;0;75;0;0
30.384;0;75;0;0
30.389;0;75;0;0
30.394;0;75;0;0
30.399;0;75;0;0
30.404;0;75;0;0
30.409;0;75;0;0
30.414;0;75;0;0
30.419;0;75;0;0
30.424;0;75;0;0
30.429;0;75;0;0
30.434;0;75;0;0
30.439;0;75;0;0
30.444;0;75;0;0
30.449;0;75;0;0
30.454;0;75;0;0
30.459;0;75;0;0
30.464;0;75;0;0
30.469;0;75;0;0
30.474;0;75;0;0
30.479;0;75;0;0
30.484;0;75;0;0
30.489;0;75;0;0
30.494;0;75;0;0
30.499;0;75;0;0
30.504;0;75;0;0
30.509;0;75;0;0
30.514;0;75;0;0
30.519;0;75;0;0
30.524;0;75;0;0
30.529;0;75;0;0
30.534;0;75;0;0
30.539;0;75;0;0
30.544;0;75;0;0
30.549;0;75;0;0
30.554;0;75;0;0
30.559;0;75;0;0
30.564;0;75;0;0
30.569;0;75;0;0
30.574;0;75;0;0
30.579;0;75;0;0
30.584;0;75;0;0
30.589;0;75;0;0
30.594;0;75;0;0
30.599;0;75;0;0
30.604;0;75;0;0
30.609;0;75;0;0
30.614;0;75;0;0
30.619;0;75;0;0
30.624;0;75;0;0
30.629;0;75;0;0
30.634;0;75;0;0
30.639;0;75;0;0
30.644;0;75;0;0
30.649;0;75;0;0
30.654;0;75;0;0
30.659;0;75;0;0
30.664;0;75;0;0
30.669;0;75;0;0
30.674;0;75;0;0
30.679;0;75;0;0
30.684;0;75;0;0
30.689;0;75;0;0
30.694;0;75;0;0
30.699;0;75;0;0
30.704;0;75;0;0
30.709;0;75;0;0
30.714;0;75;0;0
30.719;0;75;0;0
30.724;0;75;0;0
30.729;0;75;0;0
30.734;0;75;0;0
30.739;0;75;0;0
30.744;0;75;0;0
30.749;0;75;0;0
30.754;0;75;0;0
30.759;0;75;0;0
30.764;0;75;0;0
30.769;0;75;0;0
30.774;0;75;0;0
30.779;0;75;0;0
30.784;0;75;0;0
30.789;0;75;0;0
30.794;0;75;0;0
30.799;0;75;0;0
30.804;0;75;0;0
30.809;0;75;0;0
30.814;0;75;0;0
30.819;0;75;0;0
30.824;0;75;0;0
30.829;0;75;0;0
30.834;0;75;0;0
30.839;0;75;0;0
30.844;0;75;0;0
30.849;0;75;0;0
30.854;0;75;0;0
30.859;0;75;0;0
30.864;0;75;0;0
30.869;0;75;0;0
30.874;0;75;0;0
30.879;0;75;0;0
30.884;0;75;0;0
30.889;0;75;0;0
30.894;0;75;0;0
30.899;0;75;0;0
30.904;0;75;0;0
30.909;0;75;0;0
30.914;0;75;0;0
30.919;0;75;0;0
30.924;0;75;0;0
30.929;0;75;0;0
30.934;0;75;0;0
30.939;0;75;0;0
30.944;0;75;0;0
30.949;0;75;0;0
30.954;0;75;0;0
30.959;0;75;0;0
30.964;0;75;0;0
30.969;0;75;0;0
30.974;0;75;0;0
30.979;0;75;0;0
30.984;0;75;0;0
30.989;0;75;0;0
30.994;0;75;0;0
30.999;0;75;0;0
31.004;0;75;0;0
31.009;0;75;0;0
31.014;0;75;0;0
31.019;0;75;0;0
31.024;0;75;0;0
31.029;0;75;0;0
31.034;0;75;0;0
31.039;0;75;0;0
31.044;0;75;0;0
31.049;0;75;0;0
31.054;0;75;0;0
31.059;0;75;0;0
31.064;0;75;0;0
31.069;0;75;0;0
31.074;0;75;0;0
31.079;0;75;0;0
31.084;0;75;0;0
31.089;0;75;0;0
31.094;0;75;0;0
31.099;0;75;0;0
31.104;0;75;0;0
31.109;0;75;0;0
31.114;0;75;0;0
31.119;0;75;0;0
31.124;0;75;0;0
31.129;0;75;0;0
31.134;0;75;0;0
31.139;0;75;0;0
31.144;0;75;0;0
31.149;0;75;0;0
31.154;0;75;0;0
31.159;0;75;0;0
31.164;0;75;0;0
31.169;0;75;0;0
31.174;0;75;0;0
31.179;0;75;0;0
31.184;0;75;0;0
31.189;0;75;0;0
31.194;0;75;0;0
31.199;0;75;0;0
31.204;0;75;0;0
31.209;0;75;0;0
31.214;0;75;0;0
31.219;0;75;0;0
31.224;0;75;0;0
31.229;0;75;0;0
31.234;0;75;0;0
31.239;0;75;0;0
31.244;0;75;0;0
31.249;0;75;0;0
31.254;0;75;0;0
31.259;0;75;0;0
31.264;0;75;0;0
31.269;0;75;0;0
31.274;0;75;0;0
31.279;0;75;0;0
31.284;0;75;0;0
31.289;0;75;0;0
31.294;0;75;0;0
31.299;0;75;0;0
31.304;0;75;0;0
31.309;0;75;0;0
31.314;0;75;0;0
31.319;0;75;0;0
31.324;0;75;0;0
31.329;0;75;0;0
31.334;0;75;0;0
31.339;0;75;0;0
31.344;0;75;0;0
31.349;0;75;0;0
31.354;0;75;0;0
31.359;0;75;0;0
31.364;0;75;0;0
31.369;0;75;0;0
31.374;0;75;0;0
31.379;0;75;0;0
31.384;0;75;0;0
31.389;0;75;0;0
31.394;0;75;0;0
31.399;0;75;0;0
31.404;0;75;0;0
31.409;0;75;0;0
31.414;0;75;0;0
31.419;0;75;0;0
31.424;0;75;0;0
31.429;0;75;0;0
31.434;0;75;0;0
31.439;0;75;0;0
31.444;0;75;0;0
31.449;0;75;0;0
31.454;0;75;0;0
31.459;0;75;0;0
31.464;0;75;0;0
31.469;0;75;0;0
31.474;0;75;0;0
31.479;0;75;0;0
31.484;0;75;0;0
31.489;0;75;0;0
31.494;0;75;0;0
31.499;0;75;0;0
31.504;0;75;0;0
31.509;0;75;0;0
31.514;0;75;0;0
31.519;0;75;0;0
31.524;0;75;0;0
31.529;0;75;0;0
31.534;0;75;0;0
31.539;0;75;0;0
31.544;0;75;0;0
31.549;0;75;0;0
31.554;0;75;0;0
31.559;0;75;0;0
31.564;0;75;0;0
31.569;0;75;0;0
31.574;0;75;0;0
31.579;0;75;0;0
31.584;0;75;0;0
31.589;0;75;0;0
31.594;0;75;0;0
31.599;0;75;0;0
31.604;0;75;0;0
31.609;0;75;0;0
31.614;0;75;0;0
31.619;0;75;0;0
31.624;0;75;0;0
31.629;0;75;0;0
31.634;0;75;0;0
31.639;0;75;0;0
31.644;0;75;0;0
31.649;0;75;0;0
31.654;0;75;0;0
31.659;0;75;0;0
31.664;0;75;0;0
31.669;0;75;0;0
31.674;0;75;0;0
31.679;0;75;0;0
31.684;0;75;0;0
31.689;0;75;0;0
31.694;0;75;0;0
31.699;0;75;0;0
31.704;0;75;0;0
31.709;0;75;0;0
31.714;0;75;0;0
31.719;0;75;0;0
31.724;0;75;0;0
31.729;0;75;0;0
31.734;0;75;0;0
31.739;0;75;0;0
31.744;0;75;0;0
31.749;0;75;0;0
31.754;0;75;0;0
31.759;0;75;0;0
31.764;0;75;0;0
31.769;0;75;0;0
31.774;0;75;0;0
31.779;0;75;0;0
31.784;0;75;0;0
31.789;0;75;0;0
31.794;0;75;0;0
31.799;0;75;0;0
31.804;0;75;0;0
31.809;0;75;0;0
31.814;0;75;0;0
31.819;0;75;0;0
31.824;0;75;0;0
31.829;0;75;0;0
31.834;0;75;0;0
31.839;0;75;0;0
31.844;0;75;0;0
31.849;0;75;0;0
31.854;0;75;0;0
31.859;0;75;0;0
31.864;0;75;0;0
31.869;0;75;0;0
31.874;0;75;0;0
31.879;0;75;0;0
31.884;0;75;0;0
31.889;0;75;0;0
31.894;0;75;0;0
31.899;0;75;0;0
31.904;0;75;0;0
31.909;0;75;0;0
31.914;0;75;0;0
31.919;0;75;0;0
31.924;0;75;0;0
31.929;0;75;0;0
31.934;0;75;0;0
31.939;0;75;0;0
31.944;0;75;0;0
31.949;0;75;0;0
31.954;0;75;0;0
31.959;0;75;0;0
31.964;0;75;0;0
31.969;0;75;0;0
31.974;0;75;0;0
31.979;0;75;0;0
31.984;0;75;0;0
31.989;0;75;0;0
31.994;0;75;0;0
31.999;0;75;0;0
32.004;0;75;0;0
32.009;0;75;0;0
32.014;0;75;0;0
32.019;0;75;0;0
32.024;0;75;0;0
32.029;0;75;0;0
32.034;0;75;0;0
32.039;0;75;0;0
32.044;0;75;0;0
32.049;0;75;0;0
32.054;0;75;0;0
32.059;0;75;0;0
32.064;0;75;0;0
32.069;0;75;0;0
32.074;0;75;0;0
32.079;0;75;0;0
32.084;0;75;0;0
32.089;0;75;0;0
32.094;0;75;0;0
32.099;0;75;0;0
32.104;0;75;0;0
32.109;0;75;0;0
32.114;0;75;0;0
32.119;0;75;0;0
32.124;0;75;0;0
32.129;0;75;0;0
32.134;0;75;0;0
32.139;0;75;0;0
32.144;0;75;0;0
32.149;0;75;0;0
32.154;0;75;0;0
32.159;0;75;0;0
32.164;0;75;0;0
32.169;0;75;0;0
32.174;0;75;0;0
32.179;0;75;0;0
32.184;0;75;0;0
32.189;0;75;0;0
32.194;0;75;0;0
32.199;0;75;0;0
32.204;0;75;0;0
32.209;0;75;0;0
32.214;0;75;0;0
32.219;0;75;0;0
32.224;0;75;0;0
32.229;0;75;0;0
32.234;0;75;0;0
32.239;0;75;0;0
32.244;0;75;0;0
32.249;0;75;0;0
32.254;0;75;0;0
32.259;0;75;0;0
32.264;0;75;0;0
32.269;0;75;0;0
32.274;0;75;0;0
32.279;0;75;0;0
32.284;0;75;0;0
32.289;0;75;0;0
32.294;0;75;0;0
32.299;0;75;0;0
32.304;0;75;0;0
32.309;0;75;0;0
32.314;0;75;0;0
32.319;0;75;0;0
32.324;0;75;0;0
32.329;0;75;0;0
32.334;0;75;0;0
32.339;0;75;0;0
32.344;0;75;0;0
32.349;0;75;0;0
32.354;0;75;0;0
32.359;0;75;0;0
32.364;0;75;0;0
32.369;0;75;0;0
32.374;0;75;0;0
32.379;0;75;0;0
32.384;0;75;0;0
32.389;0;75;0;0
32.394;0;75;0;0
32.399;0;75;0;0
32.404;0;75;0;0
32.409;0;75;0;0
32.414;0;75;0;0
32.419;0;75;0;0
32.424;0;75;0;0
32.429;0;75;0;0
32.434;0;75;0;0
32.439;0;75;0;0
32.444;0;75;0;0
32.449;0;75;0;0
32.454;0;75;0;0
32.459;0;75;0;0
32.464;0;75;0;0
32.469;0;75;0;0
32.474;0;75;0;0
32.479;0;75;0;0
32.484;0;75;0;0
32.489;0;75;0;0
32.494;0;75;0;0
32.499;0;75;0;0
32.504;0;75;0;0
32.509;0;75;0;0
32.514;0;75;0;0
32.519;0;75;0;0
32.524;0;75;0;0
32.529;0;75;0;0
32.534;0;75;0;0
32.539;0;75;0;0
32.544;0;75;0;0
32.549;0;75;0;0
32.554;0;75;0;0
32.559;0;75;0;0
32.564;0;75;0;0
32.569;0;75;0;0
32.574;0;75;0;0
32.579;0;75;0;0
32.584;0;75;0;0
32.589;0;75;0;0
32.594;0;75;0;0
32.599;0;75;0;0
32.604;0;75;0;0
32.609;0;75;0;0
32.614;0;75;0;0
32.619;0;75;0;0
32.624;0;75;0;0
32.629;0;75;0;0
32.634;0;75;0;0
32.639;0;75;0;0
32.644;0;75;0;0
32.649;0;75;0;0
32.654;0;75;0;0
32.659;0;75;0;0
32.664;0;75;0;0
32.669;0;75;0;0
32.674;0;75;0;0
32.679;0;75;0;0
32.684;0;75;0;0
32.689;0;75;0;0
32.694;0;75;0;0
32.699;0;75;0;0
32.704;0;75;0;0
32.709;0;75;0;0
32.714;0;75;0;0
32.719;0;75;0;0
32.724;0;75;0;0
32.729;0;75;0;0
32.734;0;75;0;0
32.739;0;75;0;0
32.744;0;75;0;0
32.749;0;75;0;0
32.754;0;75;0;0
32.759;0;75;0;0
32.764;0;75;0;0
32.769;0;75;0;0
32.774;0;75;0;0
32.779;0;75;0;0
32.784;0;75;0;0
32.789;0;75;0;0
32.794;0;75;0;0
32.799;0;75;0;0
32.804;0;75;0;0
32.809;0;75;0;0
32.814;0;75;0;0
32.819;0;75;0;0
32.824;0;75;0;0
32.829;0;75;0;0
32.834;0;75;0;0
32.839;0;75;0;0
32.844;0;75;0;0
32.849;0;75;0;0
32.854;0;75;0;0
32.859;0;75;0;0
32.864;0;75;0;0
32.869;0;75;0;0
32.874;0;75;0;0
32.879;0;75;0;0
32.884;0;75;0;0
32.889;0;75;0;0
32.894;0;75;0;0
32.899;0;75;0;0
32.904;0;75;0;0
32.909;0;75;0;0
32.914;0;75;0;0
32.919;0;75;0;0
32.924;0;75;0;0
32.929;0;75;0;0
32.934;0;75;0;0
32.939;0;75;0;0
32.944;0;75;0;0
32.949;0;75;0;0
32.954;0;75;0;0
32.959;0;75;0;0
32.964;0;75;0;0
32.969;0;75;0;0
32.974;0;75;0;0
32.979;0;75;0;0
32.984;0;75;0;0
32.989;0;75;0;0
32.994;0;75;0;0
32.999;0;75;0;0
33.004;0;75;0;0
33.009;0;75;0;0
33.014;0;75;0;0
33.019;0;75;0;0
33.024;0;75;0;0
33.029;0;75;0;0
33.034;0;75;0;0
33.039;0;75;0;0
33.044;0;75;0;0
33.049;0;75;0;0
33.054;0;75;0;0
33.059;0;75;0;0
33.064;0;75;0;0
33.069;0;75;0;0
33.074;0;75;0;0
33.079;0;75;0;0
33.084;0;75;0;0
33.089;0;75;0;0
33.094;0;75;0;0
33.099;0;75;0;0
33.104;0;75;0;0
33.109;0;75;0;0
33.114;0;75;0;0
33.119;0;75;0;0
33.124;0;75;0;0
33.129;0;75;0;0
33.134;0;75;0;0
33.139;0;75;0;0
33.144;0;75;0;0
33.149;0;75;0;0
33.154;0;75;0;0
33.159;0;75;0;0
33.164;0;75;0;0
33.169;0;75;0;0
33.174;0;75;0;0
33.179;0;75;0;0
33.184;0;75;0;0
33.189;0;75;0;0
33.194;0;75;0;0
33.199;0;75;0;0
33.204;0;75;0;0
33.209;0;75;0;0
33.214;0;75;0;0
33.219;0;75;0;0
33.224;0;75;0;0
33.229;0;75;0;0
33.234;0;75;0;0
33.239;0;75;0;0
33.244;0;75;0;0
33.249;0;75;0;0
33.254;0;75;0;0
33.259;0;75;0;0
33.264;0;75;0;0
33.269;0;75;0;0
33.274;0;75;0;0
33.279;0;75;0;0
33.284;0;75;0;0
33.289;0;75;0;0
33.294;0;75;0;0
33.299;0;75;0;0
33.304;0;75;0;0
33.309;0;75;0;0
33.314;0;75;0;0
33.319;0;75;0;0
33.324;0;75;0;0
33.329;0;75;0;0
33.334;0;75;0;0
33.339;0;75;0;0
33.344;0;75;0;0
33.349;0;75;0;0
33.354;0;75;0;0
33.359;0;75;0;0
33.364;0;75;0;0
33.369;0;75;0;0
33.374;0;75;0;0
33.379;0;75;0;0
33.384;0;75;0;0
33.389;0;75;0;0
33.394;0;75;0;0
33.399;0;75;0;0
33.404;0;75;0;0
33.409;0;75;0;0
33.414;0;75;0;0
33.419;0;75;0;0
33.424;0;75;0;0
33.429;0;75;0;0
33.434;0;75;0;0
33.439;0;75;0;0
33.444;0;75;0;0
33.449;0;75;0;0
33.454;0;75;0;0
33.459;0;75;0;0
33.464;0;75;0;0
33.469;0;75;0;0
33.474;0;75;0;0
33.479;0;75;0;0
33.484;0;75;0;0
33.489;0;75;0;0
33.494;0;75;0;0
33.499;0;75;0;0
33.504;0;75;0;0
33.509;0;75;0;0
33.514;0;75;0;0
33.519;0;75;0;0
33.524;0;75;0;0
33.529;0;75;0;0
33.534;0;75;0;0
33.539;0;75;0;0
33.544;0;75;0;0
33.549;0;75;0;0
33.554;0;75;0;0
33.559;0;75;0;0
33.564;0;75;0;0
33.569;0;75;0;0
33.574;0;75;0;0
33.579;0;75;0;0
33.584;0;75;0;0
33.589;0;75;0;0
33.594;0;75;0;0
33.599;0;75;0;0
33.604;0;75;0;0
33.609;0;75;0;0
33.614;0;75;0;0
33.619;0;75;0;0
33.624;0;75;0;0
33.629;0;75;0;0
33.634;0;75;0;0
33.639;0;75;0;0
33.644;0;75;0;0
33.649;0;75;0;0
33.654;0;75;0;0
33.659;0;75;0;0
33.664;0;75;0;0
33.669;0;75;0;0
33.674;0;75;0;0
33.679;0;75;0;0
33.684;0;75;0;0
33.689;0;75;0;0
33.694;0;75;0;0
33.699;0;75;0;0
33.704;0;75;0;0
33.709;0;75;0;0
33.714;0;75;0;0
33.719;0;75;0;0
33.724;0;75;0;0
33.729;0;75;0;0
33.734;0;75;0;0
33.739;0;75;0;0
33.744;0;75;0;0
33.749;0;75;0;0
33.754;0;75;0;0
33.759;0;75;0;0
33.764;0;75;0;0
33.769;0;75;0;0
33.774;0;75;0;0
33.779;0;75;0;0
33.784;0;75;0;0
33.789;0;75;0;0
33.794;0;75;0;0
33.799;0;75;0;0
33.804;0;75;0;0
33.809;0;75;0;0
33.814;0;75;0;0
33.819;0;75;0;0
33.824;0;75;0;0
33.829;0;75;0;0
33.834;0;75;0;0
33.839;0;75;0;0
33.844;0;75;0;0
33.849;0;75;0;0
33.854;0;75;0;0
33.859;0;75;0;0
33.864;0;75;0;0
33.869;0;75;0;0
33.874;0;75;0;0
33.879;0;75;0;0
33.884;0;75;0;0
33.889;0;75;0;0
33.894;0;75;0;0
33.899;0;75;0;0
33.904;0;75;0;0
33.909;0;75;0;0
33.914;0;75;0;0
33.919;0;75;0;0
33.924;0;75;0;0
33.929;0;75;0;0
33.934;0;75;0;0
33.939;0;75;0;0
33.944;0;75;0;0
33.949;0;75;0;0
33.954;0;75;0;0
33.959;0;75;0;0
33.964;0;75;0;0
33.969;0;75;0;0
33.974;0;75;0;0
33.979;0;75;0;0
33.984;0;75;0;0
33.989;0;75;0;0
33.994;0;75;0;0
33.999;0;75;0;0
34.004;0;75;0;0
34.009;0;75;0;0
34.014;0;75;0;0
34.019;0;75;0;0
34.024;0;75;0;0
34.029;0;75;0;0
34.034;0;75;0;0
34.039;0;75;0;0
34.044;0;75;0;0
34.049;0;75;0;0
34.054;0;75;0;0
34.059;0;75;0;0
34.064;0;75;0;0
34.069;0;75;0;0
34.074;0;75;0;0
34.079;0;75;0;0
34.084;0;75;0;0
34.089;0;75;0;0
34.094;0;75;0;0
34.099;0;75;0;0
34.104;0;75;0;0
34.109;0;75;0;0
34.114;0;75;0;0
34.119;0;75;0;0
34.124;0;75;0;0
34.129;0;75;0;0
34.134;0;75;0;0
34.139;0;75;0;0
34.144;0;75;0;0
34.149;0;75;0;0
34.154;0;75;0;0
34.159;0;75;0;0
34.164;0;75;0;0
34.169;0;75;0;0
34.174;0;75;0;0
34.179;0;75;0;0
34.184;0;75;0;0
34.189;0;75;0;0
34.194;0;75;0;0
34.199;0;75;0;0
34.204;0;75;0;0
34.209;0;75;0;0
34.214;0;75;0;0
34.219;0;75;0;0
34.224;0;75;0;0
34.229;0;75;0;0
34.234;0;75;0;0
34.239;0;75;0;0
34.244;0;75;0;0
34.249;0;75;0;0
34.254;0;75;0;0
34.259;0;75;0;0
34.264;0;75;0;0
34.269;0;75;0;0
34.274;0;75;0;0
34.279;0;75;0;0
34.284;0;75;0;0
34.289;0;75;0;0
34.294;0;75;0;0
34.299;0;75;0;0
34.304;0;75;0;0
34.309;0;75;0;0
34.314;0;75;0;0
34.319;0;75;0;0
34.324;0;75;0;0
34.329;0;75;0;0
34.334;0;75;0;0
34.339;0;75;0;0
34.344;0;75;0;0
34.349;0;75;0;0
34.354;0;75;0;0
34.359;0;75;0;0
34.364;0;75;0;0
34.369;0;75;0;0
34.374;0;75;0;0
34.379;0;75;0;0
34.384;0;75;0;0
34.389;0;75;0;0
34.394;0;75;0;0
34.399;0;75;0;0
34.404;0;75;0;0
34.409;0;75;0;0
34.414;0;75;0;0
34.419;0;75;0;0
34.424;0;75;0;0
34.429;0;75;0;0
34.434;0;75;0;0
34.439;0;75;0;0
34.444;0;75;0;0
34.449;0;75;0;0
34.454;0;75;0;0
34.459;0;75;0;0
34.464;0;75;0;0
34.469;0;75;0;0
34.474;0;75;0;0
34.479;0;75;0;0
34.484;0;75;0;0
34.489;0;75;0;0
34.494;0;75;0;0
34.499;0;75;0;0
34.504;0;75;0;0
34.509;0;75;0;0
34.514;0;75;0;0
34.519;0;75;0;0
34.524;0;75;0;0
34.529;0;75;0;0
34.534;0;75;0;0
34.539;0;75;0;0
34.544;0;75;0;0
34.549;0;75;0;0
34.554;0;75;0;0
34.559;0;75;0;0
34.564;0;75;0;0
34.569;0;75;0;0
34.574;0;75;0;0
34.579;0;75;0;0
34.584;0;75;0;0
34.589;0;75;0;0
34.594;0;75;0;0
34.599;0;75;0;0
34.604;0;75;0;0
34.609;0;75;0;0
34.614;0;75;0;0
34.619;0;75;0;0
34.624;0;75;0;0
34.629;0;75;0;0
34.634;0;75;0;0
34.639;0;75;0;0
34.644;0;75;0;0
34.649;0;75;0;0
34.654;0;75;0;0
34.659;0;75;0;0
34.664;0;75;0;0
34.669;0;75;0;0
34.674;0;75;0;0
34.679;0;75;0;0
34.684;0;75;0;0
34.689;0;75;0;0
34.694;0;75;0;0
34.699;0;75;0;0
34.704;0;75;0;0
34.709;0;75;0;0
34.714;0;75;0;0
34.719;0;75;0;0
34.724;0;75;0;0
34.729;0;75;0;0
34.734;0;75;0;0
34.739;0;75;0;0
34.744;0;75;0;0
34.749;0;75;0;0
34.754;0;75;0;0
34.759;0;75;0;0
34.764;0;75;0;0
34.769;0;75;0;0
34.774;0;75;0;0
34.779;0;75;0;0
34.784;0;75;0;0
34.789;0;75;0;0
34.794;0;75;0;0
34.799;0;75;0;0
34.804;0;75;0;0
34.809;0;75;0;0
34.814;0;75;0;0
34.819;0;75;0;0
34.824;0;75;0;0
34.829;0;75;0;0
34.834;0;75;0;0
34.839;0;75;0;0
34.844;0;75;0;0
34.849;0;75;0;0
34.854;0;75;0;0
34.859;0;75;0;0
34.864;0;75;0;0
34.869;0;75;0;0
34.874;0;75;0;0
34.879;0;75;0;0
34.884;0;75;0;0
34.889;0;75;0;0
34.894;0;75;0;0
34.899;0;75;0;0
34.904;0;75;0;0
34.909;0;75;0;0
34.914;0;75;0;0
34.919;0;75;0;0
34.924;0;75;0;0
34.929;0;75;0;0
34.934;0;75;0;0
34.939;0;75;0;0
34.944;0;75;0;0
34.949;0;75;0;0
34.954;0;75;0;0
34.959;0;75;0;0
34.964;0;75;0;0
34.969;0;75;0;0
34.974;0;75;0;0
34.979;0;75;0;0
34.984;0;75;0;0
34.989;0;75;0;0
34.994;0;75;0;0
34.999;0;75;0;0
35.004;0;75;0;0
35.009;0;75;0;0
35.014;0;75;0;0
35.019;0;75;0;0
35.024;0;75;0;0
35.029;0;75;0;0
35.034;0;75;0;0
35.039;0;75;0;0
35.044;0;75;0;0
35.049;0;75;0;0
35.054;0;75;0;0
35.059;0;75;0;0
35.064;0;75;0;0
35.069;0;75;0;0
35.074;0;75;0;0
35.079;0;75;0;0
35.084;0;75;0;0
35.089;0;75;0;0
35.094;0;75;0;0
35.099;0;75;0;0
35.104;0;75;0;0
35.109;0;75;0;0
35.114;0;75;0;0
35.119;0;75;0;0
35.124;0;75;0;0
35.129;0;75;0;0
35.134;0;75;0;0
35.139;0;75;0;0
35.144;0;75;0;0
35.149;0;75;0;0
35.154;0;75;0;0
35.159;0;75;0;0
35.164;0;75;0;0
35.169;0;75;0;0
35.174;0;75;0;0
35.179;0;75;0;0
35.184;0;75;0;0
35.189;0;75;0;0
35.194;0;75;0;0
35.199;0;75;0;0
35.204;0;75;0;0
35.209;0;75;0;0
35.214;0;75;0;0
35.219;0;75;0;0
35.224;0;75;0;0
35.229;0;75;0;0
35.234;0;75;0;0
35.239;0;75;0;0
35.244;0;75;0;0
35.249;0;75;0;0
35.254;0;75;0;0
35.259;0;75;0;0
35.264;0;75;0;0
35.269;0;75;0;0
35.274;0;75;0;0
35.279;0;75;0;0
35.284;0;75;0;0
35.289;0;75;0;0
35.294;0;75;0;0
35.299;0;75;0;0
35.304;0;75;0;0
35.309;0;75;0;0
35.314;0;75;0;0
35.319;0;75;0;0
35.324;0;75;0;0
35.329;0;75;0;0
35.334;0;75;0;0
35.339;0;75;0;0
35.344;0;75;0;0
35.349;0;75;0;0
35.354;0;75;0;0
35.359;0;75;0;0
35.364;0;75;0;0
35.369;0;75;0;0
35.374;0;75;0;0
35.379;0;75;0;0
35.384;0;75;0;0
35.389;0;75;0;0
35.394;0;75;0;0
35.399;0;75;0;0
35.404;0;75;0;0
35.409;0;75;0;0
35.414;0;75;0;0
35.419;0;75;0;0
35.424;0;75;0;0
35.429;0;75;0;0
35.434;0;75;0;0
35.439;0;75;0;0
35.444;0;75;0;0
35.449;0;75;0;0
35.454;0;75;0;0
35.459;0;75;0;0
35.464;0;75;0;0
35.469;0;75;0;0
35.474;0;75;0;0
35.479;0;75;0;0
35.484;0;75;0;0
35.489;0;75;0;0
35.494;0;75;0;0
35.499;0;75;0;0
35.504;0;75;0;0
35.509;0;75;0;0
35.514;0;75;0;0
35.519;0;75;0;0
35.524;0;75;0;0
35.529;0;75;0;0
35.534;0;75;0;0
35.539;0;75;0;0
35.544;0;75;0;0
35.549;0;75;0;0
35.554;0;75;0;0
35.559;0;75;0;0
35.564;0;75;0;0
35.569;0;75;0;0
35.574;0;75;0;0
35.579;0;75;0;0
35.584;0;75;0;0
35.589;0;75;0;0
35.594;0;75;0;0
35.599;0;75;0;0
35.604;0;75;0;0
35.609;0;75;0;0
35.614;0;75;0;0
35.619;0;75;0;0
35.624;0;75;0;0
35.629;0;75;0;0
35.634;0;75;0;0
35.639;0;75;0;0
35.644;0;75;0;0
35.649;0;75;0;0
35.654;0;75;0;0
35.659;0;75;0;0
35.664;0;75;0;0
35.669;0;75;0;0
35.674;0;75;0;0
35.679;0;75;0;0
35.684;0;75;0;0
35.689;0;75;0;0
35.694;0;75;0;0
35.699;0;75;0;0
35.704;0;75;0;0
35.709;0;75;0;0
35.714;0;75;0;0
35.719;0;75;0;0
35.724;0;75;0;0
35.729;0;75;0;0
35.734;0;75;0;0
35.739;0;75;0;0
35.744;0;75;0;0
35.749;0;75;0;0
35.754;0;75;0;0
35.759;0;75;0;0
35.764;0;75;0;0
35.769;0;75;0;0
35.774;0;75;0;0
35.779;0;75;0;0
35.784;0;75;0;0
35.789;0;75;0;0
35.794;0;75;0;0
35.799;0;75;0;0
35.804;0;75;0;0
35.809;0;75;0;0
35.814;0;75;0;0
35.819;0;75;0;0
35.824;0;75;0;0
35.829;0;75;0;0
35.834;0;75;0;0
35.839;0;75;0;0
35.844;0;75;0;0
35.849;0;75;0;0
35.854;0;75;0;0
35.859;0;75;0;0
35.864;0;75;0;0
35.869;0;75;0;0
35.874;0;75;0;0
35.879;0;75;0;0
35.884;0;75;0;0
35.889;0;75;0;0
35.894;0;75;0;0
35.899;0;75;0;0
35.904;0;75;0;0
35.909;0;75;0;0
35.914;0;75;0;0
35.919;0;75;0;0
35.924;0;75;0;0
35.929;0;75;0;0
35.934;0;75;0;0
35.939;0;75;0;0
35.944;0;75;0;0
35.949;0;75;0;0
35.954;0;75;0;0
35.959;0;75;0;0
35.964;0;75;0;0
35.969;0;75;0;0
35.974;0;75;0;0
35.979;0;75;0;0
35.984;0;75;0;0
35.989;0;75;0;0
35.994;0;75;0;0
35.999;0;75;0;0
36.004;0;75;0;0
36.009;0;75;0;0
36.014;0;75;0;0
36.019;0;75;0;0
36.024;0;75;0;0
36.029;0;75;0;0
36.034;0;75;0;0
36.039;0;75;0;0
36.044;0;75;0;0
36.049;0;75;0;0
36.054;0;75;0;0
36.059;0;75;0;0
36.064;0;75;0;0
36.069;0;75;0;0
36.074;0;75;0;0
36.079;0;75;0;0
36.084;0;75;0;0
36.089;0;75;0;0
36.094;0;75;0;0
36.099;0;75;0;0
36.104;0;75;0;0
36.109;0;75;0;0
36.114;0;75;0;0
36.119;0;75;0;0
36.124;0;75;0;0
36.129;0;75;0;0
36.134;0;75;0;0
36.139;0;75;0;0
36.144;0;75;0;0
36.149;0;75;0;0
36.154;0;75;0;0
36.159;0;75;0;0
36.164;0;75;0;0
36.169;0;75;0;0
36.174;0;75;0;0
36.179;0;75;0;0
36.184;0;75;0;0
36.189;0;75;0;0
36.194;0;75;0;0
36.199;0;75;0;0
36.204;0;75;0;0
36.209;0;75;0;0
36.214;0;75;0;0
36.219;0;75;0;0
36.224;0;75;0;0
36.229;0;75;0;0
36.234;0;75;0;0
36.239;0;75;0;0
36.244;0;75;0;0
36.249;0;75;0;0
36.254;0;75;0;0
36.259;0;75;0;0
36.264;0;75;0;0
36.269;0;75;0;0
36.274;0;75;0;0
36.279;0;75;0;0
36.284;0;75;0;0
36.289;0;75;0;0
36.294;0;75;0;0
36.299;0;75;0;0
36.304;0;75;0;0
36.309;0;75;0;0
36.314;0;75;0;0
36.319;0;75;0;0
36.324;0;75;0;0
36.329;0;75;0;0
36.334;0;75;0;0
36.339;0;75;0;0
36.344;0;75;0;0
36.349;0;75;0;0
36.354;0;75;0;0
36.359;0;75;0;0
36.364;0;75;0;0
36.369;0;75;0;0
36.374;0;75;0;0
36.379;0;75;0;0
36.384;0;75;0;0
36.389;0;75;0;0
36.394;0;75;0;0
36.399;0;75;0;0
36.404;0;75;0;0
36.409;0;75;0;0
36.414;0;75;0;0
36.419;0;75;0;0
36.424;0;75;0;0
36.429;0;75;0;0
36.434;0;75;0;0
36.439;0;75;0;0
36.444;0;75;0;0
36.449;0;75;0;0
36.454;0;75;0;0
36.459;0;75;0;0
36.464;0;75;0;0
36.469;0;75;0;0
36.474;0;75;0;0
36.479;0;75;0;0
36.484;0;75;0;0
36.489;0;75;0;0
36.494;0;75;0;0
36.499;0;75;0;0
36.504;0;75;0;0
36.509;0;75;0;0
36.514;0;75;0;0
36.519;0;75;0;0
36.524;0;75;0;0
36.529;0;75;0;0
36.534;0;75;0;0
36.539;0;75;0;0
36.544;0;75;0;0
36.549;0;75;0;0
36.554;0;75;0;0
36.559;0;75;0;0
36.564;0;75;0;0
36.569;0;75;0;0
36.574;0;75;0;0
36.579;0;75;0;0
36.584;0;75;0;0
36.589;0;75;0;0
36.594;0;75;0;0
36.599;0;75;0;0
36.604;0;75;0;0
36.609;0;75;0;0
36.614;0;75;0;0
36.619;0;75;0;0
36.624;0;75;0;0
36.629;0;75;0;0
36.634;0;75;0;0
36.639;0;75;0;0
36.644;0;75;0;0
36.649;0;75;0;0
36.654;0;75;0;0
36.659;0;75;0;0
36.664;0;75;0;0
36.669;0;75;0;0
36.674;0;75;0;0
36.679;0;75;0;0
36.684;0;75;0;0
36.689;0;75;0;0
36.694;0;75;0;0
36.699;0;75;0;0
36.704;0;75;0;0
36.709;0;75;0;0
36.714;0;75;0;0
36.719;0;75;0;0
36.724;0;75;0;0
36.729;0;75;0;0
36.734;0;75;0;0
36.739;0;75;0;0
36.744;0;75;0;0
36.749;0;75;0;0
36.754;0;75;0;0
36.759;0;75;0;0
36.764;0;75;0;0
36.769;0;75;0;0
36.774;0;75;0;0
36.779;0;75;0;0
36.784;0;75;0;0
36.789;0;75;0;0
36.794;0;75;0;0
36.799;0;75;0;0
36.804;0;75;0;0
36.809;0;75;0;0
36.814;0;75;0;0
36.819;0;75;0;0
36.824;0;75;0;0
36.829;0;75;0;0
36.834;0;75;0;0
36.839;0;75;0;0
36.844;0;75;0;0
36.849;0;75;0;0
36.854;0;75;0;0
36.859;0;75;0;0
36.864;0;75;0;0
36.869;0;75;0;0
36.874;0;75;0;0
36.879;0;75;0;0
36.884;0;75;0;0
36.889;0;75;0;0
36.894;0;75;0;0
36.899;0;75;0;0
36.904;0;75;0;0
36.909;0;75;0;0
36.914;0;75;0;0
36.919;0;75;0;0
36.924;0;75;0;0
36.929;0;75;0;0
36.934;0;75;0;0
36.939;0;75;0;0
36.944;0;75;0;0
36.949;0;75;0;0
36.954;0;75;0;0
36.959;0;75;0;0
36.964;0;75;0;0
36.969;0;75;0;0
36.974;0;75;0;0
36.979;0;75;0;0
36.984;0;75;0;0
36.989;0;75;0;0
36.994;0;75;0;0
36.999;0;75;0;0
37.004;0;75;0;0
37.009;0;75;0;0
37.014;0;75;0;0
37.019;0;75;0;0
37.024;0;75;0;0
37.029;0;75;0;0
37.034;0;75;0;0
37.039;0;75;0;0
37.044;0;75;0;0
37.049;0;75;0;0
37.054;0;75;0;0
37.059;0;75;0;0
37.064;0;75;0;0
37.069;0;75;0;0
37.074;0;75;0;0
37.079;0;75;0;0
37.084;0;75;0;0
37.089;0;75;0;0
37.094;0;75;0;0
37.099;0;75;0;0
37.104;0;75;0;0
37.109;0;75;0;0
37.114;0;75;0;0
37.119;0;75;0;0
37.124;0;75;0;0
37.129;0;75;0;0
37.134;0;75;0;0
37.139;0;75;0;0
37.144;0;75;0;0
37.149;0;75;0;0
37.154;0;75;0;0
37.159;0;75;0;0
37.164;0;75;0;0
37.169;0;75;0;0
37.174;0;75;0;0
37.179;0;75;0;0
37.184;0;75;0;0
37.189;0;75;0;0
37.194;0;75;0;0
37.199;0;75;0;0
37.204;0;75;0;0
37.209;0;75;0;0
37.214;0;75;0;0
37.219;0;75;0;0
37.224;0;75;0;0
37.229;0;75;0;0
37.234;0;75;0;0
37.239;0;75;0;0
37.244;0;75;0;0
37.249;0;75;0;0
37.254;0;75;0;0
37.259;0;75;0;0
37.264;0;75;0;0
37.269;0;75;0;0
37.274;0;75;0;0
37.279;0;75;0;0
37.284;0;75;0;0
37.289;0;75;0;0
37.294;0;75;0;0
37.299;0;75;0;0
37.304;0;75;0;0
37.309;0;75;0;0
37.314;0;75;0;0
37.319;0;75;0;0
37.324;0;75;0;0
37.329;0;75;0;0
37.334;0;75;0;0
37.339;0;75;0;0
37.344;0;75;0;0
37.349;0;75;0;0
37.354;0;75;0;0
37.359;0;75;0;0
37.364;0;75;0;0
37.369;0;75;0;0
37.374;0;75;0;0
37.379;0;75;0;0
37.384;0;75;0;0
37.389;0;75;0;0
37.394;0;75;0;0
37.399;0;75;0;0
37.404;0;75;0;0
37.409;0;75;0;0
37.414;0;75;0;0
37.419;0;75;0;0
37.424;0;75;0;0
37.429;0;75;0;0
37.434;0;75;0;0
37.439;0;75;0;0
37.444;0;75;0;0
37.449;0;75;0;0
37.454;0;75;0;0
37.459;0;75;0;0
37.464;0;75;0;0
37.469;0;75;0;0
37.474;0;75;0;0
37.479;0;75;0;0
37.484;0;75;0;0
37.489;0;75;0;0
37.494;0;75;0;0
37.499;0;75;0;0
37.504;0;75;0;0
37.509;0;75;0;0
37.514;0;75;0;0
37.519;0;75;0;0
37.524;0;75;0;0
37.529;0;75;0;0
37.534;0;75;0;0
37.539;0;75;0;0
37.544;0;75;0;0
37.549;0;75;0;0
37.554;0;75;0;0
37.559;0;75;0;0
37.564;0;75;0;0
37.569;0;75;0;0
37.574;0;75;0;0
37.579;0;75;0;0
37.584;0;75;0;0
37.589;0;75;0;0
37.594;0;75;0;0
37.599;0;75;0;0
37.604;0;75;0;0
37.609;0;75;0;0
37.614;0;75;0;0
37.619;0;75;0;0
37.624;0;75;0;0
37.629;0;75;0;0
37.634;0;75;0;0
37.639;0;75;0;0
37.644;0;75;0;0
37.649;0;75;0;0
37.654;0;75;0;0
37.659;0;75;0;0
37.664;0;75;0;0
37.669;0;75;0;0
37.674;0;75;0;0
37.679;0;75;0;0
37.684;0;75;0;0
37.689;0;75;0;0
37.694;0;75;0;0
37.699;0;75;0;0
37.704;0;75;0;0
37.709;0;75;0;0
37.714;0;75;0;0
37.719;0;75;0;0
37.724;0;75;0;0
37.729;0;75;0;0
37.734;0;75;0;0
37.739;0;75;0;0
37.744;0;75;0;0
37.749;0;75;0;0
37.754;0;75;0;0
37.759;0;75;0;0
37.764;0;75;0;0
37.769;0;75;0;0
37.774;0;75;0;0
37.779;0;75;0;0
37.784;0;75;0;0
37.789;0;75;0;0
37.794;0;75;0;0
37.799;0;75;0;0
37.804;0;75;0;0
37.809;0;75;0;0
37.814;0;75;0;0
37.819;0;75;0;0
37.824;0;75;0;0
37.829;0;75;0;0
37.834;0;75;0;0
37.839;0;75;0;0
37.844;0;75;0;0
37.849;0;75;0;0
37.854;0;75;0;0
37.859;0;75;0;0
37.864;0;75;0;0
37.869;0;75;0;0
37.874;0;75;0;0
37.879;0;75;0;0
37.884;0;75;0;0
37.889;0;75;0;0
37.894;0;75;0;0
37.899;0;75;0;0
37.904;0;75;0;0
37.909;0;75;0;0
37.914;0;75;0;0
37.919;0;75;0;0
37.924;0;75;0;0
37.929;0;75;0;0
37.934;0;75;0;0
37.939;0;75;0;0
37.944;0;75;0;0
37.949;0;75;0;0
37.954;0;75;0;0
37.959;0;75;0;0
37.964;0;75;0;0
37.969;0;75;0;0
37.974;0;75;0;0
37.979;0;75;0;0
37.984;0;75;0;0
37.989;0;75;0;0
37.994;0;75;0;0
37.999;0;75;0;0
38.004;0;75;0;0
38.009;0;75;0;0
38.014;0;75;0;0
38.019;0;75;0;0
38.024;0;75;0;0
38.029;0;75;0;0
38.034;0;75;0;0
38.039;0;75;0;0
38.044;0;75;0;0
38.049;0;75;0;0
38.054;0;75;0;0
38.059;0;75;0;0
38.064;0;75;0;0
38.069;0;75;0;0
38.074;0;75;0;0
38.079;0;75;0;0
38.084;0;75;0;0
38.089;0;75;0;0
38.094;0;75;0;0
38.099;0;75;0;0
38.104;0;75;0;0
38.109;0;75;0;0
38.114;0;75;0;0
38.119;0;75;0;0
38.124;0;75;0;0
38.129;0;75;0;0
38.134;0;75;0;0
38.139;0;75;0;0
38.144;0;75;0;0
38.149;0;75;0;0
38.154;0;75;0;0
38.159;0;75;0;0
38.164;0;75;0;0
38.169;0;75;0;0
38.174;0;75;0;0
38.179;0;75;0;0
38.184;0;75;0;0
38.189;0;75;0;0
38.194;0;75;0;0
38.199;0;75;0;0
38.204;0;75;0;0
38.209;0;75;0;0
38.214;0;75;0;0
38.219;0;75;0;0
38.224;0;75;0;0
38.229;0;75;0;0
38.234;0;75;0;0
38.239;0;75;0;0
38.244;0;75;0;0
38.249;0;75;0;0
38.254;0;75;0;0
38.259;0;75;0;0
38.264;0;75;0;0
38.269;0;75;0;0
38.274;0;75;0;0
38.279;0;75;0;0
38.284;0;75;0;0
38.289;0;75;0;0
38.294;0;75;0;0
38.299;0;75;0;0
38.304;0;75;0;0
38.309;0;75;0;0
38.314;0;75;0;0
38.319;0;75;0;0
38.324;0;75;0;0
38.329;0;75;0;0
38.334;0;75;0;0
38.339;0;75;0;0
38.344;0;75;0;0
38.349;0;75;0;0
38.354;0;75;0;0
38.359;0;75;0;0
38.364;0;75;0;0
38.369;0;75;0;0
38.374;0;75;0;0
38.379;0;75;0;0
38.384;0;75;0;0
38.389;0;75;0;0
38.394;0;75;0;0
38.399;0;75;0;0
38.404;0;75;0;0
38.409;0;75;0;0
38.414;0;75;0;0
38.419;0;75;0;0
38.424;0;75;0;0
38.429;0;75;0;0
38.434;0;75;0;0
38.439;0;75;0;0
38.444;0;75;0;0
38.449;0;75;0;0
38.454;0;75;0;0
38.459;0;75;0;0
38.464;0;75;0;0
38.469;0;75;0;0
38.474;0;75;0;0
38.479;0;75;0;0
38.484;0;75;0;0
38.489;0;75;0;0
38.494;0;75;0;0
38.499;0;75;0;0
38.504;0;75;0;0
38.509;0;75;0;0
38.514;0;75;0;0
38.519;0;75;0;0
38.524;0;75;0;0
38.529;0;75;0;0
38.534;0;75;0;0
38.539;0;75;0;0
38.544;0;75;0;0
38.549;0;75;0;0
38.554;0;75;0;0
38.559;0;75;0;0
38.564;0;75;0;0
38.569;0;75;0;0
38.574;0;75;0;0
38.579;0;75;0;0
38.584;0;75;0;0
38.589;0;75;0;0
38.594;0;75;0;0
38.599;0;75;0;0
38.604;0;75;0;0
38.609;0;75;0;0
38.614;0;75;0;0
38.619;0;75;0;0
38.624;0;75;0;0
38.629;0;75;0;0
38.634;0;75;0;0
38.639;0;75;0;0
38.644;0;75;0;0
38.649;0;75;0;0
38.654;0;75;0;0
38.659;0;75;0;0
38.664;0;75;0;0
38.669;0;75;0;0
38.674;0;75;0;0
38.679;0;75;0;0
38.684;0;75;0;0
38.689;0;75;0;0
38.694;0;75;0;0
38.699;0;75;0;0
38.704;0;75;0;0
38.709;0;75;0;0
38.714;0;75;0;0
38.719;0;75;0;0
38.724;0;75;0;0
38.729;0;75;0;0
38.734;0;75;0;0
38.739;0;75;0;0
38.744;0;75;0;0
38.749;0;75;0;0
38.754;0;75;0;0
38.759;0;75;0;0
38.764;0;75;0;0
38.769;0;75;0;0
38.774;0;75;0;0
38.779;0;75;0;0
38.784;0;75;0;0
38.789;0;75;0;0
38.794;0;75;0;0
38.799;0;75;0;0
38.804;0;75;0;0
38.809;0;75;0;0
38.814;0;75;0;0
38.819;0;75;0;0
38.824;0;75;0;0
38.829;0;75;0;0
38.834;0;75;0;0
38.839;0;75;0;0
38.844;0;75;0;0
38.849;0;75;0;0
38.854;0;75;0;0
38.859;0;75;0;0
38.864;0;75;0;0
38.869;0;75;0;0
38.874;0;75;0;0
38.879;0;75;0;0
38.884;0;75;0;0
38.889;0;75;0;0
38.894;0;75;0;0
38.899;0;75;0;0
38.904;0;75;0;0
38.909;0;75;0;0
38.914;0;75;0;0
38.919;0;75;0;0
38.924;0;75;0;0
38.929;0;75;0;0
38.934;0;75;0;0
38.939;0;75;0;0
38.944;0;75;0;0
38.949;0;75;0;0
38.954;0;75;0;0
38.959;0;75;0;0
38.964;0;75;0;0
38.969;0;75;0;0
38.974;0;75;0;0
38.979;0;75;0;0
38.984;0;75;0;0
38.989;0;75;0;0
38.994;0;75;0;0
38.999;0;75;0;0
39.004;0;75;0;0
39.009;0;75;0;0
39.014;0;75;0;0
39.019;0;75;0;0
39.024;0;75;0;0
39.029;0;75;0;0
39.034;0;75;0;0
39.039;0;75;0;0
39.044;0;75;0;0
39.049;0;75;0;0
39.054;0;75;0;0
39.059;0;75;0;0
39.064;0;75;0;0
39.069;0;75;0;0
39.074;0;75;0;0
39.079;0;75;0;0
39.084;0;75;0;0
39.089;0;75;0;0
39.094;0;75;0;0
39.099;0;75;0;0
39.104;0;75;0;0
39.109;0;75;0;0
39.114;0;75;0;0
39.119;0;75;0;0
39.124;0;75;0;0
39.129;0;75;0;0
39.134;0;75;0;0
39.139;0;75;0;0
39.144;0;75;0;0
39.149;0;75;0;0
39.154;0;75;0;0
39.159;0;75;0;0
39.164;0;75;0;0
39.169;0;75;0;0
39.174;0;75;0;0
39.179;0;75;0;0
39.184;0;75;0;0
39.189;0;75;0;0
39.194;0;75;0;0
39.199;0;75;0;0
39.204;0;75;0;0
39.209;0;75;0;0
39.214;0;75;0;0
39.219;0;75;0;0
39.224;0;75;0;0
39.229;0;75;0;0
39.234;0;75;0;0
39.239;0;75;0;0
39.244;0;75;0;0
39.249;0;75;0;0
39.254;0;75;0;0
39.259;0;75;0;0
39.264;0;75;0;0
39.269;0;75;0;0
39.274;0;75;0;0
39.279;0;75;0;0
39.284;0;75;0;0
39.289;0;75;0;0
39.294;0;75;0;0
39.299;0;75;0;0
39.304;0;75;0;0
39.309;0;75;0;0
39.314;0;75;0;0
39.319;0;75;0;0
39.324;0;75;0;0
39.329;0;75;0;0
39.334;0;75;0;0
39.339;0;75;0;0
39.344;0;75;0;0
39.349;0;75;0;0
39.354;0;75;0;0
39.359;0;75;0;0
39.364;0;75;0;0
39.369;0;75;0;0
39.374;0;75;0;0
39.379;0;75;0;0
39.384;0;75;0;0
39.389;0;75;0;0
39.394;0;75;0;0
39.399;0;75;0;0
39.404;0;75;0;0
39.409;0;75;0;0
39.414;0;75;0;0
39.419;0;75;0;0
39.424;0;75;0;0
39.429;0;75;0;0
39.434;0;75;0;0
39.439;0;75;0;0
39.444;0;75;0;0
39.449;0;75;0;0
39.454;0;75;0;0
39.459;0;75;0;0
39.464;0;75;0;0
39.469;0;75;0;0
39.474;0;75;0;0
39.479;0;75;0;0
39.484;0;75;0;0
39.489;0;75;0;0
39.494;0;75;0;0
39.499;0;75;0;0
39.504;0;75;0;0
39.509;0;75;0;0
39.514;0;75;0;0
39.519;0;75;0;0
39.524;0;75;0;0
39.529;0;75;0;0
39.534;0;75;0;0
39.539;0;75;0;0
39.544;0;75;0;0
39.549;0;75;0;0
39.554;0;75;0;0
39.559;0;75;0;0
39.564;0;75;0;0
39.569;0;75;0;0
39.574;0;75;0;0
39.579;0;75;0;0
39.584;0;75;0;0
39.589;0;75;0;0
39.594;0;75;0;0
39.599;0;75;0;0
39.604;0;75;0;0
39.609;0;75;0;0
39.614;0;75;0;0
39.619;0;75;0;0
39.624;0;75;0;0
39.629;0;75;0;0
39.634;0;75;0;0
39.639;0;75;0;0
39.644;0;75;0;0
39.649;0;75;0;0
39.654;0;75;0;0
39.659;0;75;0;0
39.664;0;75;0;0
39.669;0;75;0;0
39.674;0;75;0;0
39.679;0;75;0;0
39.684;0;75;0;0
39.689;0;75;0;0
39.694;0;75;0;0
39.699;0;75;0;0
39.704;0;75;0;0
39.709;0;75;0;0
39.714;0;75;0;0
39.719;0;75;0;0
39.724;0;75;0;0
39.729;0;75;0;0
39.734;0;75;0;0
39.739;0;75;0;0
39.744;0;75;0;0
39.749;0;75;0;0
39.754;0;75;0;0
39.759;0;75;0;0
39.764;0;75;0;0
39.769;0;75;0;0
39.774;0;75;0;0
39.779;0;75;0;0
39.784;0;75;0;0
39.789;0;75;0;0
39.794;0;75;0;0
39.799;0;75;0;0
39.804;0;75;0;0
39.809;0;75;0;0
39.814;0;75;0;0
39.819;0;75;0;0
39.824;0;75;0;0
39.829;0;75;0;0
39.834;0;75;0;0
39.839;0;75;0;0
39.844;0;75;0;0
39.849;0;75;0;0
39.854;0;75;0;0
39.859;0;75;0;0
39.864;0;75;0;0
39.869;0;75;0;0
39.874;0;75;0;0
39.879;0;75;0;0
39.884;0;75;0;0
39.889;0;75;0;0
39.894;0;75;0;0
39.899;0;75;0;0
39.904;0;75;0;0
39.909;0;75;0;0
39.914;0;75;0;0
39.919;0;75;0;0
39.924;0;75;0;0
39.929;0;75;0;0
39.934;0;75;0;0
39.939;0;75;0;0
39.944;0;75;0;0
39.949;0;75;0;0
39.954;0;75;0;0
39.959;0;75;0;0
39.964;0;75;0;0
39.969;0;75;0;0
39.974;0;75;0;0
39.979;0;75;0;0
39.984;0;75;0;0
39.989;0;75;0;0
39.994;0;75;0;0
39.999;0;75;0;0
40.004;0;75;0;0
40.009;0;75;0;0
40.014;0;75;0;0
40.019;0;75;0;0
40.024;0;75;0;0
40.029;0;75;0;0
40.034;0;75;0;0
40.039;0;75;0;0
40.044;0;75;0;0
40.049;0;75;0;0
40.054;0;75;0;0
40.059;0;75;0;0
40.064;0;75;0;0
40.069;0;75;0;0
40.074;0;75;0;0
40.079;0;75;0;0
40.084;0;75;0;0
40.089;0;75;0;0
40.094;0;75;0;0
40.099;0;75;0;0
40.104;0;75;0;0
40.109;0;75;0;0
40.114;0;75;0;0
40.119;0;75;0;0
40.124;0;75;0;0
40.129;0;75;0;0
40.134;0;75;0;0
40.139;0;75;0;0
40.144;0;75;0;0
40.149;0;75;0;0
40.154;0;75;0;0
40.159;0;75;0;0
40.164;0;75;0;0
40.169;0;75;0;0
40.174;0;75;0;0
40.179;0;75;0;0
40.184;0;75;0;0
40.189;0;75;0;0
40.194;0;75;0;0
40.199;0;75;0;0
40.204;0;75;0;0
40.209;0;75;0;0
40.214;0;75;0;0
40.219;0;75;0;0
40.224;0;75;0;0
40.229;0;75;0;0
40.234;0;75;0;0
40.239;0;75;0;0
40.244;0;75;0;0
40.249;0;75;0;0
40.254;0;75;0;0
40.259;0;75;0;0
40.264;0;75;0;0
40.269;0;75;0;0
40.274;0;75;0;0
40.279;0;75;0;0
40.284;0;75;0;0
40.289;0;75;0;0
40.294;0;75;0;0
40.299;0;75;0;0
40.304;0;75;0;0
40.309;0;75;0;0
40.314;0;75;0;0
40.319;0;75;0;0
40.324;0;75;0;0
40.329;0;75;0;0
40.334;0;75;0;0
40.339;0;75;0;0
40.344;0;75;0;0
40.349;0;75;0;0
40.354;0;75;0;0
40.359;0;75;0;0
40.364;0;75;0;0
40.369;0;75;0;0
40.374;0;75;0;0
40.379;0;75;0;0
40.384;0;75;0;0
40.389;0;75;0;0
40.394;0;75;0;0
40.399;0;75;0;0
40.404;0;75;0;0
40.409;0;75;0;0
40.414;0;75;0;0
40.419;0;75;0;0
40.424;0;75;0;0
40.429;0;75;0;0
40.434;0;75;0;0
40.439;0;75;0;0
40.444;0;75;0;0
40.449;0;75;0;0
40.454;0;75;0;0
40.459;0;75;0;0
40.464;0;75;0;0
40.469;0;75;0;0
40.474;0;75;0;0
40.479;0;75;0;0
40.484;0;75;0;0
40.489;0;75;0;0
40.494;0;75;0;0
40.499;0;75;0;0
40.504;0;75;0;0
40.509;0;75;0;0
40.514;0;75;0;0
40.519;0;75;0;0
40.524;0;75;0;0
40.529;0;75;0;0
40.534;0;75;0;0
40.539;0;75;0;0
40.544;0;75;0;0
40.549;0;75;0;0
40.554;0;75;0;0
40.559;0;75;0;0
40.564;0;75;0;0
40.569;0;75;0;0
40.574;0;75;0;0
40.579;0;75;0;0
40.584;0;75;0;0
40.589;0;75;0;0
40.594;0;75;0;0
40.599;0;75;0;0
40.604;0;75;0;0
40.609;0;75;0;0
40.614;0;75;0;0
40.619;0;75;0;0
40.624;0;75;0;0
40.629;0;75;0;0
40.634;0;75;0;0
40.639;0;75;0;0
40.644;0;75;0;0
40.649;0;75;0;0
40.654;0;75;0;0
40.659;0;75;0;0
40.664;0;75;0;0
40.669;0;75;0;0
40.674;0;75;0;0
40.679;0;75;0;0
40.684;0;75;0;0
40.689;0;75;0;0
40.694;0;75;0;0
40.699;0;75;0;0
40.704;0;75;0;0
40.709;0;75;0;0
40.714;0;75;0;0
40.719;0;75;0;0
40.724;0;75;0;0
40.729;0;75;0;0
40.734;0;75;0;0
40.739;0;75;0;0
40.744;0;75;0;0
40.749;0;75;0;0
40.754;0;75;0;0
40.759;0;75;0;0
40.764;0;75;0;0
40.769;0;75;0;0
40.774;0;75;0;0
40.779;0;75;0;0
40.784;0;75;0;0
40.789;0;75;0;0
40.794;0;75;0;0
40.799;0;75;0;0
40.804;0;75;0;0
40.809;0;75;0;0
40.814;0;75;0;0
40.819;0;75;0;0
40.824;0;75;0;0
40.829;0;75;0;0
40.834;0;75;0;0
40.839;0;75;0;0
40.844;0;75;0;0
40.849;0;75;0;0
40.854;0;75;0;0
40.859;0;75;0;0
40.864;0;75;0;0
40.869;0;75;0;0
40.874;0;75;0;0
40.879;0;75;0;0
40.884;0;75;0;0
40.889;0;75;0;0
40.894;0;75;0;0
40.899;0;75;0;0
40.904;0;75;0;0
40.909;0;75;0;0
40.914;0;75;0;0
40.919;0;75;0;0
40.924;0;75;0;0
40.929;0;75;0;0
40.934;0;75;0;0
40.939;0;75;0;0
40.944;0;75;0;0
40.949;0;75;0;0
40.954;0;75;0;0
40.959;0;75;0;0
40.964;0;75;0;0
40.969;0;75;0;0
40.974;0;75;0;0
40.979;0;75;0;0
40.984;0;75;0;0
40.989;0;75;0;0
40.994;0;75;0;0
40.999;0;75;0;0
41.004;0;75;0;0
41.009;0;75;0;0
41.014;0;75;0;0
41.019;0;75;0;0
41.024;0;75;0;0
41.029;0;75;0;0
41.034;0;75;0;0
41.039;0;75;0;0
41.044;0;75;0;0
41.049;0;75;0;0
41.054;0;75;0;0
41.059;0;75;0;0
41.064;0;75;0;0
41.069;0;75;0;0
41.074;0;75;0;0
41.079;0;75;0;0
41.084;0;75;0;0
41.089;0;75;0;0
41.094;0;75;0;0
41.099;0;75;0;0
41.104;0;75;0;0
41.109;0;75;0;0
41.114;0;75;0;0
41.119;0;75;0;0
41.124;0;75;0;0
41.129;0;75;0;0
41.134;0;75;0;0
41.139;0;75;0;0
41.144;0;75;0;0
41.149;0;75;0;0
41.154;0;75;0;0
41.159;0;75;0;0
41.164;0;75;0;0
41.169;0;75;0;0
41.174;0;75;0;0
41.179;0;75;0;0
41.184;0;75;0;0
41.189;0;75;0;0
41.194;0;75;0;0
41.199;0;75;0;0
41.204;0;75;0;0
41.209;0;75;0;0
41.214;0;75;0;0
41.219;0;75;0;0
41.224;0;75;0;0
41.229;0;75;0;0
41.234;0;75;0;0