t;e;d;i;set

20.459;0;-50;0;0
20.464;0;-51;0;0
20.469;0;-50;0;0
20.474;0;-51;0;0
20.479;0;-50;0;0
20.484;0;-51;0;0
20.489;0;-50;0;0
20.494;0;-51;0;0
20.499;0;-50;0;0
20.504;0;-51;0;0
20.509;0;-50;0;0
20.514;0;-51;0;0
20.519;0;-50;0;0
20.524;0;-51;0;0
20.529;0;-50;0;0
20.534;0;-51;0;0
20.539;0;-50;0;0
20.544;0;-51;0;0
20.549;0;-50;0;0
20.554;0;-51;0;0
20.559;0;-50;0;0
20.564;0;-51;0;0
20.569;0;-50;0;0
20.574;0;-51;0;0
20.579;0;-50;0;0
20.584;0;-51;0;0
20.589;0;-50;0;0
20.594;0;-51;0;0
20.599;0;-50;0;0
20.604;0;-51;0;0
20.609;0;-50;0;0
20.614;0;-51;0;0
20.619;0;-50;0;0
20.624;0;-51;0;0
20.629;0;-50;0;0
20.634;0;-51;0;0
20.639;0;-50;0;0
20.644;0;-51;0;0
20.649;0;-50;0;0
20.654;0;-51;0;0
20.659;0;-50;0;0
20.664;0;-51;0;0
20.669;0;-50;0;0
20.674;0;-51;0;0
20.679;0;-50;0;0
20.684;0;-51;0;0
20.689;0;-50;0;0
20.694;0;-51;0;0
20.699;0;-50;0;0
20.704;0;-51;0;0
20.709;0;-50;0;0
20.714;0;-51;0;0
20.719;0;-50;0;0
20.724;0;-51;0;0
20.729;0;-50;0;0
20.734;0;-51;0;0
20.739;0;-50;0;0
20.744;0;-51;0;0
20.749;0;-50;0;0
20.754;0;-51;0;0
20.759;0;-50;0;0
20.764;0;-51;0;0
20.769;0;-50;0;0
20.774;0;-51;0;0
20.779;0;-50;0;0
20.784;0;-51;0;0
20.789;0;-50;0;0
20.794;0;-51;0;0
20.799;0;-50;0;0
20.804;0;-51;0;0
20.809;0;-50;0;0
20.814;0;-51;0;0
20.819;0;-50;0;0
20.824;0;-51;0;0
20.829;0;-50;0;0
20.834;0;-51;0;0
20.839;0;-50;0;0
20.844;0;-51;0;0
20.849;0;-50;0;0
20.854;0;-51;0;0
20.859;0;-50;0;0
20.864;0;-51;0;0
20.869;0;-50;0;0
20.874;0;-51;0;0
20.879;0;-50;0;0
20.884;0;-51;0;0
20.889;0;-50;0;0
20.894;0;-51;0;0
20.899;0;-50;0;0
20.904;0;-51;0;0
20.909;0;-50;0;0
20.914;0;-51;0;0
20.919;0;-50;0;0
20.924;0;-51;0;0
20.929;0;-50;0;0
20.934;0;-51;0;0
20.939;0;-50;0;0
20.944;0;-51;0;0
20.949;0;-50;0;0
20.954;0;-51;0;0
20.959;0;-50;0;0
20.964;0;-51;0;0
20.969;0;-50;0;0
20.974;0;-51;0;0
20.979;0;-50;0;0
20.984;0;-51;0;0
20.989;0;-50;0;0
20.994;0;-51;0;0
20.999;0;-50;0;0
21.004;0;-51;0;0
21.009;0;-50;0;0
21.014;0;-51;0;0
21.019;0;-50;0;0
21.024;0;-51;0;0
21.029;0;-50;0;0
21.034;0;-51;0;0
21.039;0;-50;0;0
21.044;0;-51;0;0
21.049;0;-50;0;0
21.054;0;-51;0;0
21.059;0;-50;0;0
21.064;0;-51;0;0
21.069;0;-50;0;0
21.074;0;-51;0;0
21.079;0;-50;0;0
21.084;0;-51;0;0
21.089;0;-50;0;0
21.094;0;-51;0;0
21.099;0;-50;0;0
21.104;0;-51;0;0
21.109;0;-50;0;0
21.114;0;-51;0;0
21.119;0;-50;0;0
21.124;0;-51;0;0
21.129;0;-50;0;0
21.134;0;-51;0;0
21.139;0;-50;0;0
21.144;0;-51;0;0
21.149;0;-50;0;0
21.154;0;-51;0;0
21.159;0;-50;0;0
21.164;0;-51;0;0
21.169;0;-50;0;0
21.174;0;-51;0;0
21.179;0;-50;0;0
21.184;0;-51;0;0
21.189;0;-50;0;0
21.194;0;-51;0;0
21.199;0;-50;0;0
21.204;0;-51;0;0
21.209;0;-50;0;0
21.214;0;-51;0;0
21.219;0;-50;0;0
21.224;0;-51;0;0
21.229;0;-50;0;0
21.234;0;-51;0;0
21.239;0;-50;0;0
21.244;0;-51;0;0
21.249;0;-50;0;0
21.254;0;-51;0;0
21.259;0;-50;0;0
21.264;0;-51;0;0
21.269;0;-50;0;0
21.274;0;-51;0;0
21.279;0;-50;0;0
21.284;0;-51;0;0
21.289;0;-50;0;0
21.294;0;-51;0;0
21.299;0;-50;0;0
21.304;0;-51;0;0
21.309;0;-50;0;0
21.314;0;-51;0;0
21.319;0;-50;0;0
21.324;0;-51;0;0
21.329;0;-50;0;0
21.334;0;-51;0;0
21.339;0;-50;0;0
21.344;0;-51;0;0
21.349;0;-50;0;0
21.354;0;-51;0;0
21.359;0;-50;0;0
21.364;0;-51;0;0
21.369;0;-50;0;0
21.374;0;-51;0;0
21.379;0;-50;0;0
21.384;0;-51;0;0
21.389;0;-50;0;0
21.394;0;-51;0;0
21.399;0;-50;0;0
21.404;0;-51;0;0
21.409;0;-50;0;0
21.414;0;-51;0;0
21.419;0;-50;0;0
21.424;0;-51;0;0
21.429;0;-50;0;0
21.434;0;-51;0;0
21.439;0;-50;0;0
21.444;0;-51;0;0
21.449;-7;-42;0;0
21.454;-15;121;0;0
21.459;-23;255;0;0
21.464;-39;96;0;0
21.469;-54;-122;0;0
21.474;-62;-288;0;0
21.479;-78;-430;0;0
21.484;-94;-523;0;0
21.489;-109;-633;0;0
21.494;-109;-742;0;0
21.499;-125;-776;0;0
21.504;-133;-798;0;0
21.509;-140;-817;0;0
21.514;-140;-822;0;0
21.519;-133;-600;0;0
21.524;-125;-427;0;0
21.529;-109;-291;0;0
21.534;-109;-130;0;0
21.539;-101;0;0;0
21.544;-94;103;0;0
21.549;-94;172;0;0
21.554;-94;225;0;0
21.559;-94;265;0;0
21.564;-94;297;0;0
21.569;-94;321;0;0
21.574;-86;309;0;0
21.579;-78;327;0;0
21.584;-70;388;0;0
21.589;-54;436;0;0
21.594;-47;524;0;0
21.599;-31;591;0;0
21.604;-15;680;0;0
21.609;-7;776;0;0
21.614;15;882;0;0
21.619;31;1006;0;0
21.624;47;1138;0;0
21.629;62;1186;0;0
21.634;78;1209;0;0
21.639;86;1220;0;0
21.644;101;1192;0;0
21.649;109;1209;0;0
21.654;117;1192;0;0
21.659;117;1127;0;0
21.664;125;1153;0;0
21.669;125;1152;0;0
21.674;125;1138;0;0
21.679;117;1059;0;0
21.684;117;830;0;0
21.689;109;658;0;0
21.694;109;522;0;0
21.699;101;402;0;0
21.704;94;279;0;0
21.709;78;100;0;0
21.714;62;-73;0;0
21.719;47;-297;0;0
21.724;23;-484;0;0
21.729;0;-730;0;0
21.734;-15;-910;0;0
21.739;-23;-1015;0;0
21.744;-39;-1025;0;0
21.749;-47;-1033;0;0
21.754;-47;-1018;0;0
21.759;-47;-996;0;0
21.764;-47;-970;0;0
21.769;-47;-944;0;0
21.774;-47;-918;0;0
21.779;-39;-732;0;0
21.784;-31;-578;0;0
21.789;-31;-462;0;0
21.794;-15;-326;0;0
21.799;-7;-183;0;0
21.804;7;-27;0;0
21.809;15;190;0;0
21.814;31;350;0;0
21.819;47;514;0;0
21.824;62;619;0;0
21.829;70;680;0;0
21.834;78;927;0;0
21.839;78;1079;0;0
21.844;78;1181;0;0
21.849;78;1254;0;0
21.854;70;730;0;0
21.859;62;513;0;0
21.864;54;378;0;0
21.869;47;241;0;0
21.874;39;117;0;0
21.879;31;-3;0;0
21.884;15;-152;0;0
21.889;15;-276;0;0
21.894;7;-361;0;0
21.899;0;-396;0;0
21.904;0;-420;0;0
21.909;0;-435;0;0
21.914;0;-445;0;0
21.919;7;-341;0;0
21.924;7;-239;0;0
21.929;15;-103;0;0
21.934;15;4;0;0
21.939;15;89;0;0
21.944;15;157;0;0
21.949;15;211;0;0
21.954;15;255;0;0
21.959;15;289;0;0
21.964;15;318;0;0
21.969;15;338;0;0
21.974;15;356;0;0
21.979;15;371;0;0
21.984;15;381;0;0
21.989;15;388;0;0
21.994;15;394;0;0
21.999;15;400;0;0
22.004;15;404;0;0
22.009;15;406;0;0
22.014;15;406;0;0
22.019;15;406;0;0
22.024;15;405;0;0
22.029;15;405;0;0
22.034;15;405;0;0
22.039;15;405;0;0
22.044;15;405;0;0
22.049;15;405;0;0
22.054;15;405;0;0
22.059;15;405;0;0
22.064;15;401;0;0
22.069;15;398;0;0
22.074;15;395;0;0
22.079;15;392;0;0
22.084;15;390;0;0
22.089;15;389;0;0
22.094;15;387;0;0
22.099;15;386;0;0
22.104;15;385;0;0
22.109;15;384;0;0
22.114;15;383;0;0
22.119;15;382;0;0
22.124;15;382;0;0
22.129;15;381;0;0
22.134;15;381;0;0
22.139;15;381;0;0
22.144;15;380;0;0
22.149;15;380;0;0
22.154;15;380;0;0
22.159;15;380;0;0
22.164;15;380;0;0
22.169;15;379;0;0
22.174;15;379;0;0
22.179;15;379;0;0
22.184;15;379;0;0
22.189;15;379;0;0
22.194;15;379;0;0
22.199;15;379;0;0
22.204;15;379;0;0
22.209;15;379;0;0
22.214;15;379;0;0
22.219;15;375;0;0
22.224;15;372;0;0
22.229;15;369;0;0
22.234;15;366;0;0
22.239;15;364;0;0
22.244;15;363;0;0
22.249;15;361;0;0
22.254;15;360;0;0
22.259;15;359;0;0
22.264;15;358;0;0
22.269;15;357;0;0
22.274;15;357;0;0
22.279;15;356;0;0
22.284;15;356;0;0
22.289;15;355;0;0
22.294;15;355;0;0
22.299;15;355;0;0
22.304;15;354;0;0
22.309;15;354;0;0
22.314;15;354;0;0
22.319;15;354;0;0
22.324;15;354;0;0
22.329;15;354;0;0
22.334;15;353;0;0
22.339;15;353;0;0
22.344;15;353;0;0
22.349;15;353;0;0
22.354;15;353;0;0
22.359;15;353;0;0
22.364;15;353;0;0
22.369;15;353;0;0
22.374;15;353;0;0
22.379;15;353;0;0
22.384;15;353;0;0
22.389;15;353;0;0
22.394;15;353;0;0
22.399;15;353;0;0
22.404;15;353;0;0
22.409;7;339;0;0
22.414;7;292;0;0
22.419;0;532;0;0
22.424;-7;797;0;0
22.429;-15;604;0;0
22.434;-23;421;0;0
22.439;-39;237;0;0
22.444;-54;9;0;0
22.449;-70;-185;0;0
22.454;-78;-390;0;0
22.459;-94;-510;0;0
22.464;-109;-610;0;0
22.469;-109;-686;0;0
22.474;-117;-954;0;0
22.479;-117;-1125;0;0
22.484;-117;-1244;0;0
22.489;-117;-1333;0;0
22.494;-109;-1309;0;0
22.499;-109;-1042;0;0
22.504;-109;-820;0;0
22.509;-101;-656;0;0
22.514;-86;-449;0;0
22.519;-78;-189;0;0
22.524;-62;-11;0;0
22.529;-47;195;0;0
22.534;-31;372;0;0
22.539;-15;592;0;0
22.544;15;798;0;0
22.549;39;1016;0;0
22.554;62;1212;0;0
22.559;78;1367;0;0
22.564;101;1429;0;0
22.569;117;1503;0;0
22.574;140;1502;0;0
22.579;140;1507;0;0
22.584;148;1422;0;0
22.589;156;1455;0;0
22.594;156;1450;0;0
22.599;156;1429;0;0
22.604;148;1194;0;0
22.609;140;947;0;0
22.614;140;764;0;0
22.619;133;607;0;0
22.624;117;434;0;0
22.629;109;189;0;0
22.634;94;-182;0;0
22.639;78;-388;0;0
22.644;62;-521;0;0
22.649;47;-862;0;0
22.654;31;-938;0;0
22.659;15;-996;0;0
22.664;15;-1012;0;0
22.669;15;-1012;0;0
22.674;7;-1183;0;0
22.679;15;-691;0;0
22.684;15;-322;0;0
22.689;15;-31;0;0
22.694;15;201;0;0
22.699;31;261;0;0
22.704;39;271;0;0
22.709;47;406;0;0
22.714;62;503;0;0
22.719;78;661;0;0
22.724;94;749;0;0
22.729;109;860;0;0
22.734;125;909;0;0
22.739;125;923;0;0
22.744;125;752;0;0
22.749;125;470;0;0
22.754;117;275;0;0
22.759;109;165;0;0
22.764;101;53;0;0
22.769;86;-70;0;0
22.774;70;-253;0;0
22.779;47;-480;0;0
22.784;23;-683;0;0
22.789;7;-913;0;0
22.794;-7;-1007;0;0
22.799;-15;-1089;0;0
22.804;-31;-1101;0;0
22.809;-31;-1049;0;0
22.814;-31;-996;0;0
22.819;-31;-945;0;0
22.824;-23;-747;0;0
22.829;-23;-568;0;0
22.834;-15;-433;0;0
22.839;-15;-326;0;0
22.844;0;-210;0;0
22.849;15;65;0;0
22.854;47;292;0;0
22.859;62;521;0;0
22.864;78;745;0;0
22.869;101;887;0;0
22.874;125;1276;0;0
22.879;140;1386;0;0
22.884;156;1419;0;0
22.889;156;1394;0;0
22.894;164;1316;0;0
22.899;156;1079;0;0
22.904;156;793;0;0
22.909;140;403;0;0
22.914;140;190;0;0
22.919;133;48;0;0
22.924;117;-56;0;0
22.929;109;-228;0;0
22.934;86;-381;0;0
22.939;78;-551;0;0
22.944;54;-832;0;0
22.949;47;-951;0;0
22.954;31;-997;0;0
22.959;15;-1210;0;0
22.964;15;-1278;0;0
22.969;15;-1315;0;0
22.974;15;-1332;0;0
22.979;15;-1338;0;0
22.984;15;-1336;0;0
22.989;15;-1330;0;0
22.994;23;-1082;0;0
22.999;31;-853;0;0
23.004;47;-555;0;0
23.009;47;-356;0;0
23.014;62;-194;0;0
23.019;62;-66;0;0
23.024;78;47;0;0
23.029;78;155;0;0
23.034;78;237;0;0
23.039;78;300;0;0
23.044;78;350;0;0
23.049;78;388;0;0
23.054;78;417;0;0
23.059;78;440;0;0
23.064;78;457;0;0
23.069;78;470;0;0
23.074;78;479;0;0
23.079;78;486;0;0
23.084;78;492;0;0
23.089;78;494;0;0
23.094;70;436;0;0
23.099;70;344;0;0
23.104;70;266;0;0
23.109;62;208;0;0
23.114;62;169;0;0
23.119;62;136;0;0
23.124;62;108;0;0
23.129;62;85;0;0
23.134;62;64;0;0
23.139;62;47;0;0
23.144;62;32;0;0
23.149;54;14;0;0
23.154;54;-2;0;0
23.159;47;-21;0;0
23.164;47;-37;0;0
23.169;39;-52;0;0
23.174;31;-86;0;0
23.179;23;-136;0;0
23.184;15;-218;0;0
23.189;15;-286;0;0
23.194;0;-467;0;0
23.199;-7;-551;0;0
23.204;-15;-590;0;0
23.209;-15;-614;0;0
23.214;-23;-621;0;0
23.219;-31;-607;0;0
23.224;-39;-591;0;0
23.229;-39;-581;0;0
23.234;-47;-573;0;0
23.239;-47;-561;0;0
23.244;-47;-548;0;0
23.249;-54;-629;0;0
23.254;-62;-640;0;0
23.259;-62;-628;0;0
23.264;-70;-597;0;0
23.269;-78;-575;0;0
23.274;-78;-554;0;0
23.279;-78;-532;0;0
23.284;-86;-598;0;0
23.289;-94;-619;0;0
23.294;-94;-613;0;0
23.299;-101;-595;0;0
23.304;-101;-557;0;0
23.309;-109;-527;0;0
23.314;-109;-500;0;0
23.319;-109;-475;0;0
23.324;-117;-456;0;0
23.329;-117;-437;0;0
23.334;-125;-413;0;0
23.339;-125;-390;0;0
23.344;-133;-375;0;0
23.349;-133;-364;0;0
23.354;-140;-353;0;0
23.359;-140;-345;0;0
23.364;-140;-336;0;0
23.369;-140;-327;0;0
23.374;-140;-319;0;0
23.379;-140;-310;0;0
23.384;-140;-301;0;0
23.389;-140;-294;0;0
23.394;-140;-288;0;0
23.399;-140;-282;0;0
23.404;-140;-275;0;0
23.409;-140;-268;0;0
23.414;-140;-262;0;0
23.419;-140;-256;0;0
23.424;-140;-252;0;0
23.429;-133;-235;0;0
23.434;-125;-189;0;0
23.439;-117;-146;0;0
23.444;-109;4;0;0
23.449;-94;129;0;0
23.454;-78;273;0;0
23.459;-70;416;0;0
23.464;-54;530;0;0
23.469;-39;842;0;0
23.474;-15;1138;0;0
23.479;0;1224;0;0
23.484;15;1340;0;0
23.489;39;1426;0;0
23.494;54;1530;0;0
23.499;78;1543;0;0
23.504;86;1547;0;0
23.509;109;1509;0;0
23.514;117;1498;0;0
23.519;125;1429;0;0
23.524;133;1356;0;0
23.529;140;1279;0;0
23.534;140;1200;0;0
23.539;140;1124;0;0
23.544;133;954;0;0
23.549;133;723;0;0
23.554;125;544;0;0
23.559;125;424;0;0
23.564;117;320;0;0
23.569;109;204;0;0
23.574;94;77;0;0
23.579;86;-62;0;0
23.584;70;-232;0;0
23.589;54;-383;0;0
23.594;39;-568;0;0
23.599;15;-768;0;0
23.604;-7;-926;0;0
23.609;-23;-1082;0;0
23.614;-39;-1150;0;0
23.619;-54;-1220;0;0
23.624;-70;-1226;0;0
23.629;-78;-1236;0;0
23.634;-94;-1229;0;0
23.639;-101;-1173;0;0
23.644;-109;-1124;0;0
23.649;-109;-1073;0;0
23.654;-109;-1021;0;0
23.659;-109;-972;0;0
23.664;-109;-925;0;0
23.669;-101;-731;0;0
23.674;-94;-576;0;0
23.679;-86;-448;0;0
23.684;-78;-216;0;0
23.689;-62;0;0;0
23.694;-47;212;0;0
23.699;-31;384;0;0
23.704;-7;597;0;0
23.709;15;777;0;0
23.714;39;971;0;0
23.719;54;1161;0;0
23.724;78;1440;0;0
23.729;78;1474;0;0
23.734;94;1401;0;0
23.739;101;1320;0;0
23.744;101;1235;0;0
23.749;101;1155;0;0
23.754;94;1007;0;0
23.759;94;784;0;0
23.764;86;612;0;0
23.769;78;471;0;0
23.774;62;310;0;0
23.779;47;11;0;0
23.784;23;-265;0;0
23.789;0;-525;0;0
23.794;-15;-777;0;0
23.799;-47;-950;0;0
23.804;-62;-1103;0;0
23.809;-86;-1259;0;0
23.814;-109;-1328;0;0
23.819;-125;-1395;0;0
23.824;-140;-1643;0;0
23.829;-140;-1787;0;0
23.834;-148;-1671;0;0
23.839;-148;-1557;0;0
23.844;-148;-1451;0;0
23.849;-140;-1214;0;0
23.854;-140;-933;0;0
23.859;-140;-701;0;0
23.864;-133;-546;0;0
23.869;-109;-372;0;0
23.874;-101;-110;0;0
23.879;-78;105;0;0
23.884;-62;337;0;0
23.889;-47;541;0;0
23.894;-23;735;0;0
23.899;0;944;0;0
23.904;23;1195;0;0
23.909;54;1473;0;0
23.914;78;1803;0;0
23.919;101;1813;0;0
23.924;125;1862;0;0
23.929;148;1980;0;0
23.934;171;2190;0;0
23.939;187;2117;0;0
23.944;195;1980;0;0
23.949;202;1867;0;0
23.954;210;1724;0;0
23.959;210;1575;0;0
23.964;210;1442;0;0
23.969;210;1325;0;0
23.974;202;1082;0;0
23.979;202;853;0;0
23.984;195;668;0;0
23.989;187;532;0;0
23.994;179;391;0;0
23.999;164;191;0;0
24.004;140;-116;0;0
24.009;109;-405;0;0
24.014;94;-672;0;0
24.019;62;-946;0;0
24.024;39;-1217;0;0
24.029;7;-1763;0;0
24.034;-15;-1873;0;0
24.039;-39;-1894;0;0
24.044;-54;-1879;0;0
24.049;-62;-1791;0;0
24.054;-78;-1699;0;0
24.059;-78;-1595;0;0
24.064;-78;-1494;0;0
24.069;-78;-1399;0;0
24.074;-78;-1314;0;0
24.079;-78;-1237;0;0
24.084;-78;-1169;0;0
24.089;-70;-1031;0;0
24.094;-62;-846;0;0
24.099;-54;-682;0;0
24.104;-39;-449;0;0
24.109;-23;-221;0;0
24.114;-7;228;0;0
24.119;15;623;0;0
24.124;47;867;0;0
24.129;62;1056;0;0
24.134;86;1238;0;0
24.139;109;1422;0;0
24.144;140;1799;0;0
24.149;164;1840;0;0
24.154;187;1874;0;0
24.159;202;1822;0;0
24.164;202;1772;0;0
24.169;210;1649;0;0
24.174;210;1538;0;0
24.179;210;1436;0;0
24.184;202;1140;0;0
24.189;202;888;0;0
24.194;195;695;0;0
24.199;187;551;0;0
24.204;171;382;0;0
24.209;156;170;0;0
24.214;140;-150;0;0
24.219;109;-444;0;0
24.224;86;-708;0;0
24.229;62;-968;0;0
24.234;31;-1229;0;0
24.239;0;-1487;0;0
24.244;-31;-1714;0;0
24.249;-54;-1877;0;0
24.254;-78;-1886;0;0
24.259;-94;-1869;0;0
24.264;-109;-1818;0;0
24.269;-109;-1759;0;0
24.274;-117;-1913;0;0
24.279;-117;-1979;0;0
24.284;-109;-1891;0;0
24.289;-109;-1493;0;0
24.294;-109;-1165;0;0
24.299;-109;-892;0;0
24.304;-94;-711;0;0
24.309;-86;-548;0;0
24.314;-70;-295;0;0
24.319;-54;-71;0;0
24.324;-39;189;0;0
24.329;-15;453;0;0
24.334;7;670;0;0
24.339;39;941;0;0
24.344;62;1178;0;0
24.349;86;1373;0;0
24.354;109;1445;0;0
24.359;125;1493;0;0
24.364;140;1558;0;0
24.369;156;1526;0;0
24.374;164;1464;0;0
24.379;171;1569;0;0
24.384;171;1608;0;0
24.389;164;1591;0;0
24.394;156;1268;0;0
24.399;148;1019;0;0
24.404;140;771;0;0
24.409;133;548;0;0
24.414;109;295;0;0
24.419;94;-10;0;0
24.424;62;-359;0;0
24.429;39;-707;0;0
24.434;7;-1042;0;0
24.439;-23;-1351;0;0
24.444;-54;-1589;0;0
24.449;-78;-1715;0;0
24.454;-101;-1743;0;0
24.459;-117;-1800;0;0
24.464;-133;-1753;0;0
24.469;-140;-1684;0;0
24.474;-140;-1607;0;0
24.479;-140;-1529;0;0
24.484;-133;-1212;0;0
24.489;-125;-973;0;0
24.494;-109;-762;0;0
24.499;-101;-546;0;0
24.504;-86;-291;0;0
24.509;-70;-15;0;0
24.514;-47;263;0;0
24.519;-23;492;0;0
24.524;0;756;0;0
24.529;31;1063;0;0
24.534;62;1401;0;0
24.539;86;1619;0;0
24.544;109;1755;0;0
24.549;125;1737;0;0
24.554;140;1712;0;0
24.559;148;1652;0;0
24.564;148;1539;0;0
24.569;140;1394;0;0
24.574;140;1074;0;0
24.579;133;832;0;0
24.584;117;642;0;0
24.589;109;382;0;0
24.594;86;128;0;0
24.599;62;-171;0;0
24.604;47;-486;0;0
24.609;15;-803;0;0
24.614;-15;-1111;0;0
24.619;-47;-1342;0;0
24.624;-70;-1516;0;0
24.629;-94;-1619;0;0
24.634;-117;-1992;0;0
24.639;-140;-2027;0;0
24.644;-148;-2006;0;0
24.649;-156;-1865;0;0
24.654;-156;-1705;0;0
24.659;-148;-1527;0;0
24.664;-148;-1209;0;0
24.669;-140;-867;0;0
24.674;-140;-581;0;0
24.679;-133;-379;0;0
24.684;-117;-84;0;0
24.689;-101;140;0;0
24.694;-86;288;0;0
24.699;-78;455;0;0
24.704;-62;573;0;0
24.709;-47;698;0;0
24.714;-31;803;0;0
24.719;-15;943;0;0
24.724;7;1011;0;0
24.729;23;1122;0;0
24.734;47;1386;0;0
24.739;47;1427;0;0
24.744;47;1430;0;0
24.749;47;1415;0;0
24.754;47;1393;0;0
24.759;47;1367;0;0
24.764;31;1109;0;0
24.769;15;879;0;0
24.774;7;608;0;0
24.779;-15;297;0;0
24.784;-31;-16;0;0
24.789;-54;-566;0;0
24.794;-78;-837;0;0
24.799;-94;-951;0;0
24.804;-109;-1052;0;0
24.809;-125;-1312;0;0
24.814;-140;-1335;0;0
24.819;-140;-1327;0;0
24.824;-140;-1306;0;0
24.829;-140;-1277;0;0
24.834;-140;-1247;0;0
24.839;-140;-1216;0;0
24.844;-133;-987;0;0
24.849;-117;-737;0;0
24.854;-109;-468;0;0
24.859;-94;-258;0;0
24.864;-78;-10;0;0
24.869;-62;206;0;0
24.874;-47;438;0;0
24.879;-23;634;0;0
24.884;0;836;0;0
24.889;31;1102;0;0
24.894;54;1373;0;0
24.899;78;1511;0;0
24.904;94;1565;0;0
24.909;109;1602;0;0
24.914;125;1554;0;0
24.919;140;1508;0;0
24.924;140;1469;0;0
24.929;140;1416;0;0
24.934;140;1359;0;0
24.939;140;1301;0;0
24.944;140;1247;0;0
24.949;133;679;0;0
24.954;125;457;0;0
24.959;109;331;0;0
24.964;101;175;0;0
24.969;86;-15;0;0
24.974;62;-271;0;0
24.979;47;-563;0;0
24.984;15;-866;0;0
24.989;-15;-1119;0;0
24.994;-39;-1300;0;0
24.999;-54;-1418;0;0
25.004;-78;-1442;0;0
25.009;-78;-1456;0;0
25.014;-94;-1399;0;0
25.019;-94;-1313;0;0
25.024;-94;-1232;0;0
25.029;-94;-1157;0;0
25.034;-94;-1088;0;0
25.039;-86;-933;0;0
25.044;-86;-744;0;0
25.049;-78;-597;0;0
25.054;-62;-455;0;0
25.059;-47;-236;0;0
25.064;-31;-1;0;0
25.069;-15;260;0;0
25.074;7;481;0;0
25.079;31;764;0;0
25.084;62;1048;0;0
25.089;78;1233;0;0
25.094;101;1297;0;0
25.099;117;1402;0;0
25.104;125;1391;0;0
25.109;140;1354;0;0
25.114;140;1308;0;0
25.119;140;1252;0;0
25.124;133;709;0;0
25.129;125;507;0;0
25.134;117;353;0;0
25.139;109;212;0;0
25.144;94;67;0;0
25.149;70;-217;0;0
25.154;47;-610;0;0
25.159;15;-986;0;0
25.164;-23;-1285;0;0
25.169;-47;-1499;0;0
25.174;-78;-1632;0;0
25.179;-94;-1695;0;0
25.184;-109;-2015;0;0
25.189;-125;-2154;0;0
25.194;-133;-2041;0;0
25.199;-133;-1879;0;0
25.204;-125;-1449;0;0
25.209;-125;-1098;0;0
25.214;-117;-871;0;0
25.219;-109;-683;0;0
25.224;-101;-522;0;0
25.229;-78;-291;0;0
25.234;-62;-22;0;0
25.239;-47;236;0;0
25.244;-23;475;0;0
25.249;0;907;0;0
25.254;31;1166;0;0
25.259;54;1451;0;0
25.264;78;1595;0;0
25.269;101;1627;0;0
25.274;109;1664;0;0
25.279;125;1587;0;0
25.284;133;1497;0;0
25.289;140;1579;0;0
25.294;140;1604;0;0
25.299;140;1603;0;0
25.304;140;1591;0;0
25.309;133;1421;0;0
25.314;125;1151;0;0
25.319;117;943;0;0
25.324;109;711;0;0
25.329;101;482;0;0
25.334;86;263;0;0
25.339;78;46;0;0
25.344;62;-286;0;0
25.349;47;-600;0;0
25.354;39;-760;0;0
25.359;31;-768;0;0
25.364;15;-911;0;0
25.369;15;-994;0;0
25.374;7;-1021;0;0
25.379;0;-960;0;0
25.384;-7;-900;0;0
25.389;-15;-862;0;0
25.394;-15;-825;0;0
25.399;-23;-788;0;0
25.404;-31;-751;0;0
25.409;-39;-714;0;0
25.414;-47;-709;0;0
25.419;-47;-704;0;0
25.424;-54;-824;0;0
25.429;-62;-849;0;0
25.434;-70;-834;0;0
25.439;-78;-791;0;0
25.444;-78;-749;0;0
25.449;-78;-710;0;0
25.454;-86;-673;0;0
25.459;-86;-636;0;0
25.464;-94;-587;0;0
25.469;-94;-545;0;0
25.474;-94;-507;0;0
25.479;-101;-475;0;0
25.484;-101;-446;0;0
25.489;-101;-421;0;0
25.494;-101;-397;0;0
25.499;-101;-375;0;0
25.504;-101;-357;0;0
25.509;-101;-339;0;0
25.514;-101;-323;0;0
25.519;-101;-308;0;0
25.524;-94;-214;0;0
25.529;-94;-94;0;0
25.534;-94;0;0;0
25.539;-94;77;0;0
25.544;-94;139;0;0
25.549;-94;190;0;0
25.554;-86;227;0;0
25.559;-86;212;0;0
25.564;-86;200;0;0
25.569;-86;189;0;0
25.574;-78;183;0;0
25.579;-78;179;0;0
25.584;-78;171;0;0
25.589;-78;164;0;0
25.594;-78;159;0;0
25.599;-70;176;0;0
25.604;-70;192;0;0
25.609;-62;190;0;0
25.614;-62;188;0;0
25.619;-54;192;0;0
25.624;-54;198;0;0
25.629;-47;220;0;0
25.634;-47;237;0;0
25.639;-47;247;0;0
25.644;-39;256;0;0
25.649;-31;268;0;0
25.654;-31;276;0;0
25.659;-23;288;0;0
25.664;-15;316;0;0
25.669;-15;338;0;0
25.674;-15;352;0;0
25.679;-7;350;0;0
25.684;0;352;0;0
25.689;7;351;0;0
25.694;15;368;0;0
25.699;15;397;0;0
25.704;15;416;0;0
25.709;15;427;0;0
25.714;23;417;0;0
25.719;31;404;0;0
25.724;31;388;0;0
25.729;31;372;0;0
25.734;39;359;0;0
25.739;39;344;0;0
25.744;47;339;0;0
25.749;47;337;0;0
25.754;47;332;0;0
25.759;47;328;0;0
25.764;47;320;0;0
25.769;47;314;0;0
25.774;47;309;0;0
25.779;47;301;0;0
25.784;47;294;0;0
25.789;47;288;0;0
25.794;47;282;0;0
25.799;47;278;0;0
25.804;47;271;0;0
25.809;47;264;0;0
25.814;47;259;0;0
25.819;47;254;0;0
25.824;47;250;0;0
25.829;39;106;0;0
25.834;39;-7;0;0
25.839;31;-58;0;0
25.844;31;-65;0;0
25.849;31;-70;0;0
25.854;31;-75;0;0
25.859;23;-79;0;0
25.864;23;-82;0;0
25.869;15;-138;0;0
25.874;15;-183;0;0
25.879;15;-219;0;0
25.884;15;-247;0;0
25.889;15;-270;0;0
25.894;7;-279;0;0
25.899;7;-268;0;0
25.904;0;-256;0;0
25.909;0;-244;0;0
25.914;0;-234;0;0
25.919;-7;-227;0;0
25.924;-7;-227;0;0
25.929;-7;-227;0;0
25.934;-15;-228;0;0
25.939;-15;-228;0;0
25.944;-15;-224;0;0
25.949;-15;-221;0;0
25.954;-15;-219;0;0
25.959;-15;-217;0;0
25.964;-15;-215;0;0
25.969;-15;-210;0;0
25.974;-15;-206;0;0
25.979;-23;-199;0;0
25.984;-23;-192;0;0
25.989;-23;-186;0;0
25.994;-23;-179;0;0
25.999;-23;-171;0;0
26.004;-23;-165;0;0
26.009;-23;-159;0;0
26.014;-23;-154;0;0
26.019;-23;-150;0;0
26.024;-23;-147;0;0
26.029;-23;-144;0;0
26.034;-23;-141;0;0
26.039;-23;-139;0;0
26.044;-23;-138;0;0
26.049;-23;-132;0;0
26.054;-23;-128;0;0
26.059;-23;-124;0;0
26.064;-15;-34;0;0
26.069;-15;37;0;0
26.074;-15;95;0;0
26.079;-15;142;0;0
26.084;-15;178;0;0
26.089;-15;209;0;0
26.094;-15;231;0;0
26.099;-15;250;0;0
26.104;-15;265;0;0
26.109;-15;277;0;0
26.114;-15;285;0;0
26.119;-7;289;0;0
26.124;-7;254;0;0
26.129;-7;223;0;0
26.134;-7;198;0;0
26.139;-7;176;0;0
26.144;0;157;0;0
26.149;0;141;0;0
26.154;0;128;0;0
26.159;0;116;0;0
26.164;0;106;0;0
26.169;0;98;0;0
26.174;0;91;0;0
26.179;0;85;0;0
26.184;0;80;0;0
26.189;0;72;0;0
26.194;0;65;0;0
26.199;0;59;0;0
26.204;0;54;0;0
26.209;0;49;0;0
26.214;0;46;0;0
26.219;0;43;0;0
26.224;0;40;0;0
26.229;0;38;0;0
26.234;0;36;0;0
26.239;0;34;0;0
26.244;0;33;0;0
26.249;0;31;0;0
26.254;0;30;0;0
26.259;0;30;0;0
26.264;0;29;0;0
26.269;0;28;0;0
26.274;0;28;0;0
26.279;0;27;0;0
26.284;0;27;0;0
26.289;0;27;0;0
26.294;0;26;0;0
26.299;0;26;0;0
26.304;0;26;0;0
26.309;0;26;0;0
26.314;0;26;0;0
26.319;0;25;0;0
26.324;0;25;0;0
26.329;0;25;0;0
26.334;0;25;0;0
26.339;0;25;0;0
26.344;0;25;0;0
26.349;0;25;0;0
26.354;0;25;0;0
26.359;0;25;0;0
26.364;0;25;0;0
26.369;0;25;0;0
26.374;0;25;0;0
26.379;0;25;0;0
26.384;0;25;0;0
26.389;0;25;0;0
26.394;0;25;0;0
26.399;0;25;0;0
26.404;0;25;0;0
26.409;0;25;0;0
26.414;0;25;0;0
26.419;0;25;0;0
26.424;0;25;0;0
26.429;0;25;0;0
26.434;0;25;0;0
26.439;0;25;0;0
26.444;0;25;0;0
26.449;0;25;0;0
26.454;0;25;0;0
26.459;0;25;0;0
26.464;0;25;0;0
26.469;0;25;0;0
26.474;0;25;0;0
26.479;0;25;0;0
26.484;0;25;0;0
26.489;0;25;0;0
26.494;0;25;0;0
26.499;0;25;0;0
26.504;0;25;0;0
26.509;0;25;0;0
26.514;0;25;0;0
26.519;0;25;0;0
26.524;0;25;0;0
26.529;0;25;0;0
26.534;0;25;0;0
26.539;0;25;0;0
26.544;0;25;0;0
26.549;0;25;0;0
26.554;0;25;0;0
26.559;0;25;0;0
26.564;0;25;0;0
26.569;0;25;0;0
26.574;0;25;0;0
26.579;0;25;0;0
26.584;0;25;0;0
26.589;0;25;0;0
26.594;0;25;0;0
26.599;0;25;0;0
26.604;0;25;0;0
26.609;0;25;0;0
26.614;0;25;0;0
26.619;0;25;0;0
26.624;0;25;0;0
26.629;0;25;0;0
26.634;0;25;0;0
26.639;0;25;0;0
26.644;0;25;0;0
26.649;0;25;0;0
26.654;0;25;0;0
26.659;0;25;0;0
26.664;0;25;0;0
26.669;0;25;0;0
26.674;0;25;0;0
26.679;0;25;0;0
26.684;0;25;0;0
26.689;0;25;0;0
26.694;0;25;0;0
26.699;0;25;0;0
26.704;0;25;0;0
26.709;0;25;0;0
26.714;0;25;0;0
26.719;0;25;0;0
26.724;0;25;0;0
26.729;0;25;0;0
26.734;0;25;0;0
26.739;0;25;0;0
26.744;0;25;0;0
26.749;0;25;0;0
26.754;0;25;0;0
26.759;0;25;0;0
26.764;0;25;0;0
26.769;0;25;0;0
26.774;0;25;0;0
26.779;0;25;0;0
26.784;0;25;0;0
26.789;0;25;0;0
26.794;0;25;0;0
26.799;0;25;0;0
26.804;0;25;0;0
26.809;0;25;0;0
26.814;0;25;0;0
26.819;0;25;0;0
26.824;0;25;0;0
26.829;0;25;0;0
26.834;0;25;0;0
26.839;0;25;0;0
26.844;0;25;0;0
26.849;0;25;0;0
26.854;0;25;0;0
26.859;0;25;0;0
26.864;0;25;0;0
26.869;0;25;0;0
26.874;0;25;0;0
26.879;0;25;0;0
26.884;0;25;0;0
26.889;0;25;0;0
26.894;0;25;0;0
26.899;0;25;0;0
26.904;0;25;0;0
26.909;0;25;0;0
26.914;0;25;0;0
26.919;0;25;0;0
26.924;0;25;0;0
26.929;7;23;0;0
26.934;15;12;0;0
26.939;15;-164;0;0
26.944;15;-389;0;0
26.949;23;-785;0;0
26.954;31;-657;0;0
26.959;31;-506;0;0
26.964;39;-373;0;0
26.969;47;-228;0;0
26.974;47;-114;0;0
26.979;47;-21;0;0
26.984;54;42;0;0
26.989;62;91;0;0
26.994;62;127;0;0
26.999;62;155;0;0
27.004;70;176;0;0
27.009;70;188;0;0
27.014;70;198;0;0
27.019;70;206;0;0
27.024;78;213;0;0
27.029;78;219;0;0
27.034;78;220;0;0
27.039;78;222;0;0
27.044;78;222;0;0
27.049;78;219;0;0
27.054;78;217;0;0
27.059;86;212;0;0
27.064;86;199;0;0
27.069;94;207;0;0
27.074;94;212;0;0
27.079;101;290;0;0
27.084;109;314;0;0
27.089;109;329;0;0
27.094;117;339;0;0
27.099;117;344;0;0
27.104;125;405;0;0
27.109;125;447;0;0
27.114;125;475;0;0
27.119;125;495;0;0
27.124;125;507;0;0
27.129;125;514;0;0
27.134;125;518;0;0
27.139;125;520;0;0
27.144;125;520;0;0
27.149;125;517;0;0
27.154;125;515;0;0
27.159;125;512;0;0
27.164;125;507;0;0
27.169;117;409;0;0
27.174;117;325;0;0
27.179;117;254;0;0
27.184;117;193;0;0
27.189;117;146;0;0
27.194;117;105;0;0
27.199;117;70;0;0
27.204;117;41;0;0
27.209;109;20;0;0
27.214;109;9;0;0
27.219;109;0;0;0
27.224;109;-7;0;0
27.229;109;-13;0;0
27.234;101;-19;0;0
27.239;94;-28;0;0
27.244;94;-43;0;0
27.249;86;-69;0;0
27.254;78;-112;0;0
27.259;78;-156;0;0
27.264;78;-191;0;0
27.269;70;-226;0;0
27.274;62;-252;0;0
27.279;62;-268;0;0
27.284;54;-289;0;0
27.289;54;-307;0;0
27.294;47;-321;0;0
27.299;47;-330;0;0
27.304;47;-334;0;0
27.309;47;-337;0;0
27.314;39;-338;0;0
27.319;39;-330;0;0
27.324;31;-318;0;0
27.329;31;-298;0;0
27.334;31;-280;0;0
27.339;23;-268;0;0
27.344;23;-264;0;0
27.349;15;-263;0;0
27.354;15;-261;0;0
27.359;15;-261;0;0
27.364;15;-260;0;0
27.369;15;-256;0;0
27.374;7;-254;0;0
27.379;7;-250;0;0
27.384;0;-244;0;0
27.389;0;-234;0;0
27.394;0;-225;0;0
27.399;-7;-230;0;0
27.404;-7;-231;0;0
27.409;-15;-235;0;0
27.414;-15;-238;0;0
27.419;-15;-240;0;0
27.424;-15;-241;0;0
27.429;-15;-239;0;0
27.434;-15;-238;0;0
27.439;-15;-236;0;0
27.444;-23;-283;0;0
27.449;-23;-316;0;0
27.454;-23;-340;0;0
27.459;-23;-357;0;0
27.464;-23;-368;0;0
27.469;-23;-375;0;0
27.474;-31;-346;0;0
27.479;-31;-321;0;0
27.484;-31;-296;0;0
27.489;-31;-275;0;0
27.494;-31;-257;0;0
27.499;-31;-241;0;0
27.504;-31;-228;0;0
27.509;-23;-190;0;0
27.514;-23;-124;0;0
27.519;-23;-67;0;0
27.524;-23;-18;0;0
27.529;-23;22;0;0
27.534;-23;57;0;0
27.539;-23;86;0;0
27.544;-23;112;0;0
27.549;-23;133;0;0
27.554;-15;140;0;0
27.559;-15;133;0;0
27.564;-15;124;0;0
27.569;-15;117;0;0
27.574;-15;111;0;0
27.579;-15;106;0;0
27.584;-15;101;0;0
27.589;-15;97;0;0
27.594;-15;94;0;0
27.599;-15;91;0;0
27.604;-15;89;0;0
27.609;-7;87;0;0
27.614;-7;82;0;0
27.619;-7;77;0;0
27.624;-7;73;0;0
27.629;-7;70;0;0
27.634;-7;67;0;0
27.639;0;64;0;0
27.644;0;62;0;0
27.649;0;61;0;0
27.654;0;59;0;0
27.659;0;58;0;0
27.664;0;57;0;0
27.669;0;56;0;0
27.674;0;55;0;0
27.679;0;54;0;0
27.684;0;54;0;0
27.689;0;53;0;0
27.694;0;53;0;0
27.699;0;53;0;0
27.704;0;52;0;0
27.709;0;52;0;0
27.714;0;52;0;0
27.719;0;52;0;0
27.724;0;51;0;0
27.729;0;51;0;0
27.734;0;51;0;0
27.739;0;51;0;0
27.744;0;51;0;0
27.749;0;51;0;0
27.754;0;51;0;0
27.759;0;51;0;0
27.764;0;51;0;0
27.769;0;47;0;0
27.774;0;44;0;0
27.779;0;41;0;0
27.784;0;38;0;0
27.789;0;36;0;0
27.794;0;35;0;0
27.799;0;33;0;0
27.804;0;32;0;0
27.809;0;31;0;0
27.814;0;30;0;0
27.819;0;29;0;0
27.824;0;29;0;0
27.829;0;28;0;0
27.834;0;27;0;0
27.839;0;27;0;0
27.844;0;27;0;0
27.849;0;26;0;0
27.854;0;26;0;0
27.859;0;26;0;0
27.864;0;26;0;0
27.869;0;26;0;0
27.874;0;26;0;0
27.879;0;25;0;0
27.884;0;25;0;0
27.889;0;25;0;0
27.894;0;25;0;0
27.899;0;25;0;0
27.904;0;25;0;0
27.909;0;25;0;0
27.914;0;25;0;0
27.919;0;25;0;0
27.924;0;25;0;0
27.929;0;25;0;0
27.934;0;25;0;0
27.939;0;25;0;0
27.944;0;25;0;0
27.949;0;25;0;0
27.954;0;25;0;0
27.959;0;25;0;0
27.964;0;25;0;0
27.969;0;25;0;0
27.974;0;25;0;0
27.979;0;25;0;0
27.984;0;25;0;0
27.989;0;25;0;0
27.994;0;25;0;0
27.999;0;25;0;0
28.004;0;25;0;0
28.009;0;25;0;0
28.014;0;25;0;0
28.019;0;25;0;0
28.024;0;25;0;0
28.029;0;25;0;0
28.034;0;25;0;0
28.039;0;25;0;0
28.044;0;25;0;0
28.049;0;25;0;0
28.054;0;25;0;0
28.059;0;25;0;0
28.064;0;25;0;0
28.069;0;25;0;0
28.074;0;25;0;0
28.079;0;25;0;0
28.084;0;25;0;0
28.089;0;25;0;0
28.094;0;25;0;0
28.099;0;25;0;0
28.104;0;25;0;0
28.109;0;25;0;0
28.114;0;25;0;0
28.119;0;25;0;0
28.124;0;25;0;0
28.129;0;25;0;0
28.134;0;25;0;0
28.139;0;25;0;0
28.144;0;25;0;0
28.149;0;25;0;0
28.154;0;25;0;0
28.159;0;25;0;0
28.164;0;25;0;0
28.169;0;25;0;0
28.174;0;25;0;0
28.179;0;25;0;0
28.184;0;25;0;0
28.189;0;25;0;0
28.194;0;25;0;0
28.199;0;25;0;0
28.204;0;25;0;0
28.209;0;25;0;0
28.214;0;25;0;0
28.219;0;25;0;0
28.224;0;25;0;0
28.229;0;25;0;0
28.234;0;25;0;0
28.239;0;25;0;0
28.244;0;25;0;0
28.249;0;25;0;0
28.254;0;25;0;0
28.259;0;25;0;0
28.264;0;25;0;0
28.269;0;25;0;0
28.274;0;25;0;0
28.279;0;25;0;0
28.284;0;25;0;0
28.289;0;25;0;0
28.294;0;25;0;0
28.299;0;25;0;0
28.304;0;25;0;0
28.309;0;25;0;0
28.314;0;25;0;0
28.319;0;25;0;0
28.324;0;25;0;0
28.329;0;25;0;0
28.334;0;25;0;0
28.339;0;25;0;0
28.344;0;25;0;0
28.349;0;25;0;0
28.354;0;25;0;0
28.359;0;25;0;0
28.364;0;25;0;0
28.369;0;25;0;0
28.374;0;25;0;0
28.379;0;25;0;0
28.384;0;25;0;0
28.389;0;25;0;0
28.394;0;25;0;0
28.399;0;25;0;0
28.404;0;25;0;0
28.409;0;25;0;0
28.414;0;25;0;0
28.419;0;25;0;0
28.424;0;25;0;0
28.429;0;25;0;0
28.434;0;25;0;0
28.439;0;25;0;0
28.444;0;25;0;0
28.449;0;25;0;0
28.454;0;25;0;0
28.459;0;25;0;0
28.464;0;25;0;0
28.469;0;25;0;0
28.474;0;25;0;0
28.479;0;25;0;0
28.484;0;25;0;0
28.489;0;25;0;0
28.494;0;25;0;0
28.499;0;25;0;0
28.504;0;25;0;0
28.509;0;25;0;0
28.514;0;25;0;0
28.519;0;25;0;0
28.524;0;25;0;0
28.529;0;25;0;0
28.534;0;25;0;0
28.539;0;25;0;0
28.544;0;25;0;0
28.549;0;25;0;0
28.554;0;25;0;0
28.559;0;25;0;0
28.564;0;25;0;0
28.569;0;25;0;0
28.574;0;25;0;0
28.579;0;25;0;0
28.584;0;25;0;0
28.589;0;25;0;0
28.594;0;25;0;0
28.599;0;25;0;0
28.604;0;25;0;0
28.609;0;25;0;0
28.614;0;25;0;0
28.619;0;25;0;0
28.624;0;25;0;0
28.629;0;25;0;0
28.634;0;25;0;0
28.639;0;25;0;0
28.644;0;25;0;0
28.649;0;25;0;0
28.654;0;25;0;0
28.659;0;25;0;0
28.664;0;25;0;0
28.669;0;25;0;0
28.674;-7;26;0;0
28.679;-7;29;0;0
28.684;-15;198;0;0
28.689;-15;778;0;0
28.694;-15;365;0;0
28.699;-31;292;0;0
28.704;-31;134;0;0
28.709;-47;17;0;0
28.714;-54;-95;0;0
28.719;-62;-206;0;0
28.724;-78;-345;0;0
28.729;-86;-458;0;0
28.734;-101;-519;0;0
28.739;-109;-622;0;0
28.744;-117;-693;0;0
28.749;-133;-712;0;0
28.754;-140;-737;0;0
28.759;-140;-749;0;0
28.764;-156;-743;0;0
28.769;-164;-723;0;0
28.774;-171;-720;0;0
28.779;-171;-714;0;0
28.784;-171;-702;0;0
28.789;-179;-677;0;0
28.794;-179;-646;0;0
28.799;-179;-616;0;0
28.804;-179;-587;0;0
28.809;-179;-559;0;0
28.814;-179;-533;0;0
28.819;-179;-510;0;0
28.824;-171;-384;0;0
28.829;-171;-278;0;0
28.834;-171;-191;0;0
28.839;-164;-133;0;0
28.844;-156;-94;0;0
28.849;-156;-57;0;0
28.854;-140;10;0;0
28.859;-140;94;0;0
28.864;-133;161;0;0
28.869;-125;222;0;0
28.874;-109;330;0;0
28.879;-109;433;0;0
28.884;-94;490;0;0
28.889;-78;546;0;0
28.894;-78;622;0;0
28.899;-62;648;0;0
28.904;-54;672;0;0
28.909;-47;718;0;0
28.914;-39;735;0;0
28.919;-23;870;0;0
28.924;-15;926;0;0
28.929;-7;926;0;0
28.934;0;910;0;0
28.939;15;950;0;0
28.944;23;966;0;0
28.949;39;1105;0;0
28.954;47;1125;0;0
28.959;47;1100;0;0
28.964;62;1038;0;0
28.969;70;977;0;0
28.974;78;954;0;0
28.979;78;933;0;0
28.984;86;889;0;0
28.989;94;835;0;0
28.994;101;787;0;0
28.999;109;750;0;0
29.004;109;726;0;0
29.009;109;701;0;0
29.014;117;665;0;0
29.019;117;622;0;0
29.024;125;642;0;0
29.029;125;650;0;0
29.034;125;649;0;0
29.039;125;642;0;0
29.044;125;633;0;0
29.049;125;621;0;0
29.054;125;610;0;0
29.059;117;482;0;0
29.064;117;373;0;0
29.069;109;295;0;0
29.074;109;231;0;0
29.079;109;177;0;0
29.084;101;129;0;0
29.089;94;79;0;0
29.094;94;27;0;0
29.099;86;-71;0;0
29.104;78;-214;0;0
29.109;78;-321;0;0
29.114;70;-367;0;0
29.119;62;-381;0;0
29.124;47;-493;0;0
29.129;47;-612;0;0
29.134;39;-659;0;0
29.139;31;-646;0;0
29.144;23;-652;0;0
29.149;15;-672;0;0
29.154;7;-684;0;0
29.159;0;-671;0;0
29.164;-7;-666;0;0
29.169;-15;-682;0;0
29.174;-15;-685;0;0
29.179;-23;-800;0;0
29.184;-31;-824;0;0
29.189;-47;-894;0;0
29.194;-47;-965;0;0
29.199;-54;-965;0;0
29.204;-62;-907;0;0
29.209;-62;-844;0;0
29.214;-70;-871;0;0
29.219;-78;-882;0;0
29.224;-78;-880;0;0
29.229;-78;-872;0;0
29.234;-86;-830;0;0
29.239;-86;-764;0;0
29.244;-94;-698;0;0
29.249;-94;-632;0;0
29.254;-94;-576;0;0
29.259;-94;-528;0;0
29.264;-94;-483;0;0
29.269;-94;-445;0;0
29.274;-94;-413;0;0
29.279;-94;-385;0;0
29.284;-94;-362;0;0
29.289;-94;-339;0;0
29.294;-86;-266;0;0
29.299;-86;-204;0;0
29.304;-86;-151;0;0
29.309;-78;-113;0;0
29.314;-78;-81;0;0
29.319;-78;-53;0;0
29.324;-78;-30;0;0
29.329;-70;-10;0;0
29.334;-62;18;0;0
29.339;-62;50;0;0
29.344;-54;79;0;0
29.349;-54;109;0;0
29.354;-47;212;0;0
29.359;-47;289;0;0
29.364;-39;351;0;0
29.369;-39;382;0;0
29.374;-31;427;0;0
29.379;-23;464;0;0
29.384;-23;517;0;0
29.389;-15;586;0;0
29.394;-15;630;0;0
29.399;-7;651;0;0
29.404;-7;640;0;0
29.409;0;598;0;0
29.414;7;564;0;0
29.419;15;555;0;0
29.424;15;549;0;0
29.429;15;540;0;0
29.434;23;525;0;0
29.439;23;496;0;0
29.444;31;467;0;0
29.449;31;441;0;0
29.454;31;417;0;0
29.459;39;395;0;0
29.464;39;374;0;0
29.469;39;356;0;0
29.474;47;396;0;0
29.479;47;422;0;0
29.484;47;439;0;0
29.489;47;450;0;0
29.494;47;455;0;0
29.499;47;458;0;0
29.504;47;458;0;0
29.509;47;458;0;0
29.514;47;453;0;0
29.519;47;450;0;0
29.524;47;447;0;0
29.529;47;441;0;0
29.534;39;408;0;0
29.539;39;324;0;0
29.544;39;253;0;0
29.549;31;201;0;0
29.554;31;159;0;0
29.559;31;124;0;0
29.564;31;94;0;0
29.569;23;66;0;0
29.574;23;41;0;0
29.579;15;15;0;0
29.584;15;-13;0;0
29.589;15;-37;0;0
29.594;15;-58;0;0
29.599;15;-76;0;0
29.604;15;-91;0;0
29.609;7;-104;0;0
29.614;7;-118;0;0
29.619;0;-124;0;0
29.624;0;-129;0;0
29.629;0;-132;0;0
29.634;0;-133;0;0
29.639;-7;-143;0;0
29.644;-7;-152;0;0
29.649;-7;-158;0;0
29.654;-15;-167;0;0
29.659;-15;-172;0;0
29.664;-15;-177;0;0
29.669;-15;-181;0;0
29.674;-15;-184;0;0
29.679;-15;-186;0;0
29.684;-15;-185;0;0
29.689;-15;-184;0;0
29.694;-15;-183;0;0
29.699;-15;-182;0;0
29.704;-15;-181;0;0
29.709;-23;-219;0;0
29.714;-23;-247;0;0
29.719;-23;-267;0;0
29.724;-23;-283;0;0
29.729;-23;-294;0;0
29.734;-23;-302;0;0
29.739;-23;-306;0;0
29.744;-23;-310;0;0
29.749;-23;-313;0;0
29.754;-23;-311;0;0
29.759;-23;-310;0;0
29.764;-23;-309;0;0
29.769;-23;-308;0;0
29.774;-23;-308;0;0
29.779;-23;-303;0;0
29.784;-15;-296;0;0
29.789;-15;-236;0;0
29.794;-15;-186;0;0
29.799;-15;-143;0;0
29.804;-15;-106;0;0
29.809;-15;-75;0;0
29.814;-15;-48;0;0
29.819;-15;-26;0;0
29.824;-15;-7;0;0
29.829;-15;7;0;0
29.834;-15;17;0;0
29.839;-15;26;0;0
29.844;-15;33;0;0
29.849;-15;40;0;0
29.854;-15;45;0;0
29.859;-7;45;0;0
29.864;-7;42;0;0
29.869;-7;40;0;0
29.874;-7;37;0;0
29.879;-7;36;0;0
29.884;-7;34;0;0
29.889;-7;33;0;0
29.894;-7;32;0;0
29.899;-7;31;0;0
29.904;-7;30;0;0
29.909;-7;29;0;0
29.914;-7;29;0;0
29.919;-7;28;0;0
29.924;-7;28;0;0
29.929;-7;27;0;0
29.934;-7;27;0;0
29.939;-7;27;0;0
29.944;-7;27;0;0
29.949;-7;26;0;0
29.954;-7;26;0;0
29.959;-7;26;0;0
29.964;-7;26;0;0
29.969;-7;26;0;0
29.974;-7;26;0;0
29.979;-7;26;0;0
29.984;-7;26;0;0
29.989;-7;26;0;0
29.994;-7;26;0;0
29.999;-7;25;0;0
30.004;-7;25;0;0
30.009;-7;25;0;0
30.014;-7;25;0;0
30.019;-7;25;0;0
30.024;-7;25;0;0
30.029;-7;25;0;0
30.034;-7;25;0;0
30.039;-7;25;0;0
30.044;-7;25;0;0
30.049;-7;25;0;0
30.054;-7;25;0;0
30.059;-7;25;0;0
30.064;-7;25;0;0
30.069;-7;25;0;0
30.074;-7;25;0;0
30.079;-7;25;0;0
30.084;-7;25;0;0
30.089;-7;25;0;0
30.094;-7;25;0;0
30.099;-7;25;0;0
30.104;-7;25;0;0
30.109;-7;25;0;0
30.114;-7;25;0;0
30.119;-7;25;0;0
30.124;-7;25;0;0
30.129;-7;25;0;0
30.134;-7;25;0;0
30.139;-7;25;0;0
30.144;-7;25;0;0
30.149;-7;25;0;0
30.154;-7;25;0;0
30.159;-7;25;0;0
30.164;-7;25;0;0
30.169;-7;25;0;0
30.174;-7;25;0;0
30.179;-7;25;0;0
30.184;-7;25;0;0
30.189;-7;25;0;0
30.194;-7;25;0;0
30.199;-7;25;0;0
30.204;-7;25;0;0
30.209;-7;25;0;0
30.214;-7;25;0;0
30.219;-7;25;0;0
30.224;-7;25;0;0
30.229;-7;25;0;0
30.234;-7;25;0;0
30.239;-7;25;0;0
30.244;-7;25;0;0
30.249;-7;25;0;0
30.254;-7;25;0;0
30.259;-7;25;0;0
30.264;-7;25;0;0
30.269;-7;25;0;0
30.274;-7;25;0;0
30.279;-7;25;0;0
30.284;-7;25;0;0
30.289;-7;25;0;0
30.294;-7;25;0;0
30.299;-7;25;0;0
30.304;-7;25;0;0
30.309;-7;25;0;0
30.314;-7;25;0;0
30.319;-7;25;0;0
30.324;-7;25;0;0
30.329;-7;25;0;0
30.334;-7;25;0;0
30.339;-7;25;0;0
30.344;-7;25;0;0
30.349;-7;25;0;0
30.354;-7;25;0;0
30.359;-7;25;0;0
30.364;-7;25;0;0
30.369;-7;25;0;0
30.374;-7;25;0;0
30.379;-7;25;0;0
30.384;-7;25;0;0
30.389;-7;25;0;0
30.394;-7;25;0;0
30.399;-7;25;0;0
30.404;-7;25;0;0
30.409;-7;25;0;0
30.414;-7;25;0;0
30.419;-7;25;0;0
30.424;-7;25;0;0
30.429;-7;25;0;0
30.434;-7;25;0;0
30.439;-7;25;0;0
30.444;-7;25;0;0
30.449;-7;25;0;0
30.454;-7;25;0;0
30.459;-7;25;0;0
30.464;-7;25;0;0
30.469;-7;25;0;0
30.474;-7;25;0;0
30.479;-7;25;0;0
30.484;-7;25;0;0
30.489;-7;25;0;0
30.494;-7;25;0;0
30.499;-7;25;0;0
30.504;-7;25;0;0
30.509;-7;25;0;0
30.514;-7;25;0;0
30.519;-7;25;0;0
30.524;-7;25;0;0
30.529;-7;25;0;0
30.534;-7;25;0;0
30.539;-7;25;0;0
30.544;-7;25;0;0
30.549;-7;25;0;0
30.554;-7;25;0;0
30.559;-7;25;0;0
30.564;-7;25;0;0
30.569;-7;25;0;0
30.574;-7;25;0;0
30.579;-7;25;0;0
30.584;-7;25;0;0
30.589;-7;25;0;0
30.594;-7;25;0;0
30.599;-7;25;0;0
30.604;-7;25;0;0
30.609;-7;25;0;0
30.614;-7;25;0;0
30.619;-7;25;0;0
30.624;-7;25;0;0
30.629;-7;25;0;0
30.634;-7;25;0;0
30.639;-7;25;0;0
30.644;-7;25;0;0
30.649;-7;25;0;0
30.654;-7;25;0;0
30.659;-7;25;0;0
30.664;-7;25;0;0
30.669;-7;25;0;0
30.674;-7;25;0;0
30.679;-7;25;0;0
30.684;-7;25;0;0
30.689;-7;25;0;0
30.694;-7;25;0;0
30.699;-7;25;0;0
30.704;-7;25;0;0
30.709;-7;25;0;0
30.714;-7;25;0;0
30.719;-7;25;0;0
30.724;-7;25;0;0
30.729;-7;25;0;0
30.734;-7;25;0;0
30.739;-7;25;0;0
30.744;-7;25;0;0
30.749;-7;25;0;0
30.754;-7;25;0;0
30.759;-7;25;0;0
30.764;-7;25;0;0
30.769;-7;25;0;0
30.774;-7;25;0;0
30.779;-7;25;0;0
30.784;-7;25;0;0
30.789;-7;25;0;0
30.794;-7;25;0;0
30.799;-7;25;0;0
30.804;-7;25;0;0