t;e;d;i;set

0.704;0;0.2;0;0
0.709;0;0.2;0;0
0.714;0;0.2;0;0
0.719;0;0.2;0;0
0.724;0;0.2;0;0
0.729;0;0.2;0;0
0.734;0;0.2;0;0
0.739;0;0.2;0;0
0.744;0;0.2;0;0
0.749;0;0.2;0;0
0.754;0;0.2;0;0
0.759;0;0.2;0;0
0.764;0;0.2;0;0
0.769;0;0.2;0;0
0.774;0;0.2;0;0
0.779;0;0.2;0;0
0.784;0;0.2;0;0
0.789;0;0.2;0;0
0.794;0;0.2;0;0
0.799;0;0.2;0;0
0.804;0;0.2;0;0
0.809;0;0.2;0;0
0.814;0;0.2;0;0
0.819;0;0.2;0;0
0.824;0;0.2;0;0
0.829;0;0.2;0;0
0.834;0;0.2;0;0
0.839;0;0.2;0;0
0.844;0;0.2;0;0
0.849;0;0.2;0;0
0.854;0;0.2;0;0
0.859;0;0.2;0;0
0.864;0;0.2;0;0
0.869;0;0.2;0;0
0.874;0;0.2;0;0
0.879;0;0.2;0;0
0.884;0;0.2;0;0
0.889;0;0.2;0;0
0.894;0;0.2;0;0
0.899;0;0.2;0;0
0.904;0;0.2;0;0
0.909;0;0.2;0;0
0.914;0;0.2;0;0
0.919;0;0.2;0;0
0.924;0;0.2;0;0
0.929;0;0.2;0;0
0.934;0;0.2;0;0
0.939;0;0.2;0;0
0.944;0;0.2;0;0
0.949;0;0.2;0;0
0.954;0;0.2;0;0
0.959;0;0.2;0;0
0.964;0;0.2;0;0
0.969;0;0.2;0;0
0.974;0;0.2;0;0
0.979;0;0.2;0;0
0.984;0;0.2;0;0
0.989;0;0.2;0;0
0.994;0;0.2;0;0
0.999;0;0.2;0;0
1.004;0;0.2;0;0
1.009;0;0.2;0;0
1.014;0;0.2;0;0
1.019;0;0.2;0;0
1.024;0;0.2;0;0
1.029;0;0.2;0;0
1.034;0;0.2;0;0
1.039;0;0.2;0;0
1.044;0;0.2;0;0
1.049;0;0.2;0;0
1.054;0;0.2;0;0
1.059;0;0.2;0;0
1.064;0;0.2;0;0
1.069;0;0.2;0;0
1.074;0;0.2;0;0
1.079;0;0.2;0;0
1.084;0;0.2;0;0
1.089;0;0.2;0;0
1.094;0;0.2;0;0
1.099;0;0.2;0;0
1.104;0;0.2;0;0
1.109;0;0.2;0;0
1.114;0;0.2;0;0
1.119;0;0.2;0;0
1.124;0;0.2;0;0
1.129;0;0.2;0;0
1.134;0;0.2;0;0
1.139;0;0.2;0;0
1.144;0;0.2;0;0
1.149;0;0.2;0;0
1.154;0;0.2;0;0
1.159;0;0.2;0;0
1.164;0;0.2;0;0
1.169;0;0.2;0;0
1.174;0;0.2;0;0
1.179;0;0.2;0;0
1.184;0;0.2;0;0
1.189;0;0.2;0;0
1.194;0;0.2;0;0
1.199;0;0.2;0;0
1.204;0;0.2;0;0
1.209;-7;-2.336448598130841;0;0
1.214;-23;-3.1826861871419476;0;0
1.219;-78;-39.37007874015748;0;0
1.224;-148;-54.94505494505494;0;0
1.229;-241;-76.92307692307692;0;0
1.234;-338;-65.78947368421052;0;0
1.239;-432;-60.24096385542169;0;0
1.244;-522;-65.78947368421052;0;0
1.249;-600;-61.72839506172839;0;0
1.254;-678;-73.52941176470588;0;0
1.259;-744;-64.93506493506493;0;0
1.264;-794;-45.45454545454545;0;0
1.269;-840;-55.55555555555556;0;0
1.274;-880;-40.98360655737705;0;0
1.279;-914;-47.61904761904762;0;0
1.284;-943;-37.878787878787875;0;0
1.289;-962;-37.878787878787875;0;0
1.294;-979;-42.3728813559322;0;0
1.299;-987;-29.41176470588235;0;0
1.304;-994;-35.2112676056338;0;0
1.309;-998;-29.41176470588235;0;0
1.314;-999;-27.17391304347826;0;0
1.319;-999;-35.46099290780142;0;0
1.324;-998;-28.90173410404624;0;0
1.329;-996;-18.315018315018314;0;0
1.334;-993;-16.233766233766232;0;0
1.339;-992;-13.123359580052494;0;0
1.344;-990;-8.561643835616438;0;0
1.349;-988;-12.919896640826874;0;0
1.354;-987;-6.329113924050633;0;0
1.359;-987;-17.123287671232877;0;0
1.364;-988;4.340277777777778;0;0
1.369;-990;3.0883261272390365;0;0
1.374;-991;3.0883261272390365;0;0
1.379;-993;20.66115702479339;0;0
1.384;-996;17.064846416382252;0;0
1.389;-998;20.080321285140563;0;0
1.394;-999;19.68503937007874;0;0
1.399;-999;24.390243902439025;0;0
1.404;-998;24.03846153846154;0;0
1.409;-995;25.12562814070352;0;0
1.414;-990;31.645569620253166;0;0
1.419;-980;21.1864406779661;0;0
1.424;-966;39.0625;0;0
1.429;-948;45.04504504504504;0;0
1.434;-926;48.07692307692308;0;0
1.439;-894;42.3728813559322;0;0
1.444;-856;55.55555555555556;0;0
1.449;-813;51.02040816326531;0;0
1.454;-760;56.17977528089887;0;0
1.459;-701;54.94505494505494;0;0
1.464;-631;61.72839506172839;0;0
1.469;-549;61.72839506172839;0;0
1.474;-467;61.72839506172839;0;0
1.479;-382;62.5;0;0
1.484;-294;60.97560975609756;0;0
1.489;-195;55.55555555555556;0;0
1.494;-94;65.78947368421052;0;0
1.499;7;67.56756756756756;0;0
1.504;109;64.1025641025641;0;0
1.509;210;58.8235294117647;0;0
1.514;309;62.5;0;0
1.519;404;70.4225352112676;0;0
1.524;488;71.42857142857143;0;0
1.529;568;69.44444444444444;0;0
1.534;643;64.93506493506493;0;0
1.539;701;49.504950495049506;0;0
1.544;760;52.63157894736842;0;0
1.549;809;52.083333333333336;0;0
1.554;852;47.16981132075472;0;0
1.559;887;39.0625;0;0
1.564;914;37.59398496240601;0;0
1.569;940;41.32231404958678;0;0
1.574;958;30.67484662576687;0;0
1.579;972;34.24657534246575;0;0
1.584;983;34.01360544217687;0;0
1.589;990;29.069767441860463;0;0
1.594;994;21.83406113537118;0;0
1.599;998;19.607843137254903;0;0
1.604;999;19.083969465648856;0;0
1.609;999;11.363636363636363;0;0
1.614;999;14.005602240896359;0;0
1.619;999;8.264462809917354;0;0
1.624;999;4.940711462450593;0;0
1.629;998;5.861664712778429;0;0
1.634;998;3.026634382566586;0;0
1.639;998;2.039151712887439;0;0
1.644;999;-3.178639542275906;0;0
1.649;999;-4.317789291882556;0;0
1.654;999;-8.818342151675486;0;0
1.659;999;-11.961722488038278;0;0
1.664;999;-15.67398119122257;0;0
1.669;998;-19.305019305019304;0;0
1.674;995;-20.0;0;0
1.679;991;-19.37984496124031;0;0
1.684;983;-28.735632183908045;0;0
1.689;972;-35.2112676056338;0;0
1.694;958;-30.120481927710845;0;0
1.699;943;-33.557046979865774;0;0
1.704;920;-39.37007874015748;0;0
1.709;894;-41.666666666666664;0;0
1.714;856;-42.3728813559322;0;0
1.719;813;-55.55555555555556;0;0
1.724;770;-48.07692307692308;0;0
1.729;718;-52.63157894736842;0;0
1.734;655;-50.505050505050505;0;0
1.739;581;-51.02040816326531;0;0
1.744;509;-53.763440860215056;0;0
1.749;432;-63.29113924050633;0;0
1.754;346;-73.52941176470588;0;0
1.759;248;-64.93506493506493;0;0
1.764;156;-53.763440860215056;0;0
1.769;62;-62.5;0;0
1.774;-39;-56.81818181818182;0;0
1.779;-133;-51.54639175257732;0;0
1.784;-233;-64.1025641025641;0;0
1.789;-323;-56.17977528089887;0;0
1.794;-404;-51.54639175257732;0;0
1.799;-488;-52.63157894736842;0;0
1.804;-562;-53.191489361702125;0;0
1.809;-631;-64.93506493506493;0;0
1.814;-695;-56.17977528089887;0;0
1.819;-750;-52.63157894736842;0;0
1.824;-799;-49.01960784313726;0;0
1.829;-840;-43.10344827586207;0;0
1.834;-876;-41.666666666666664;0;0
1.839;-901;-33.11258278145695;0;0
1.844;-926;-39.682539682539684;0;0
1.849;-948;-45.87155963302752;0;0
1.854;-962;-23.58490566037736;0;0
1.859;-972;-25.380710659898476;0;0
1.864;-980;-26.17801047120419;0;0
1.869;-987;-25.380710659898476;0;0
1.874;-992;-19.23076923076923;0;0
1.879;-994;-47.16981132075472;0;0
1.884;-996;-17.6678445229682;0;0
1.889;-998;-14.577259475218659;0;0
1.894;-998;-8.726003490401396;0;0
1.899;-999;-7.352941176470588;0;0
1.904;-999;-62.5;0;0
1.909;-999;9.615384615384615;0;0
1.914;-998;2.828054298642534;0;0
1.919;-998;13.333333333333334;0;0
1.924;-997;4.484304932735426;0;0
1.929;-995;8.726003490401396;0;0
1.934;-993;9.980039920159681;0;0
1.939;-988;17.123287671232877;0;0
1.944;-982;21.459227467811157;0;0
1.949;-974;28.90173410404624;0;0
1.954;-964;29.069767441860463;0;0
1.959;-951;30.67484662576687;0;0
1.964;-935;31.84713375796178;0;0
1.969;-914;21.551724137931036;0;0
1.974;-887;39.0625;0;0
1.979;-852;42.73504273504273;0;0
1.984;-813;41.666666666666664;0;0
1.989;-770;45.45454545454545;0;0
1.994;-718;53.763440860215056;0;0
1.999;-655;62.5;0;0
2.004;-594;44.24778761061947;0;0
2.009;-522;60.24096385542169;0;0
2.014;-446;59.523809523809526;0;0
2.019;-368;52.63157894736842;0;0
2.024;-286;53.763440860215056;0;0
2.029;-195;51.02040816326531;0;0
2.034;-109;55.55555555555556;0;0
2.039;-7;57.47126436781609;0;0
2.044;78;56.17977528089887;0;0
2.049;164;62.5;0;0
2.054;256;58.8235294117647;0;0
2.059;346;61.72839506172839;0;0
2.064;425;54.34782608695652;0;0
2.069;495;56.81818181818182;0;0
2.074;568;56.17977528089887;0;0
2.079;637;47.61904761904762;0;0
2.084;690;45.45454545454545;0;0
2.089;739;45.87155963302752;0;0
2.094;790;47.61904761904762;0;0
2.099;827;40.98360655737705;0;0
2.104;856;29.761904761904763;0;0
2.109;883;35.714285714285715;0;0
2.114;908;35.97122302158273;0;0
2.119;932;38.75968992248062;0;0
2.124;946;26.455026455026456;0;0
2.129;958;20.5761316872428;0;0
2.134;966;18.181818181818183;0;0
2.139;974;16.233766233766232;0;0
2.144;979;13.966480446927374;0;0
2.149;983;9.345794392523365;0;0
2.154;986;6.402048655569782;0;0
2.159;988;5.181347150259067;0;0
2.164;990;4.780114722753346;0;0
2.169;990;2.7085590465872156;0;0
2.174;990;1.8896447467876039;0;0
2.179;988;-4.5787545787545785;0;0
2.184;987;-2.3551577955723033;0;0
2.189;985;-8.771929824561404;0;0
2.194;980;-10.775862068965518;0;0
2.199;975;-17.123287671232877;0;0
2.204;968;-19.011406844106464;0;0
2.209;960;-19.37984496124031;0;0
2.214;948;-19.607843137254903;0;0
2.219;932;-34.96503496503497;0;0
2.224;914;-28.24858757062147;0;0
2.229;894;-31.055900621118013;0;0
2.234;868;-34.72222222222222;0;0
2.239;835;-42.016806722689076;0;0
2.244;799;-40.32258064516129;0;0
2.249;760;-40.98360655737705;0;0
2.254;712;-50.505050505050505;0;0
2.259;661;-48.07692307692308;0;0
2.264;594;-58.8235294117647;0;0
2.269;535;-49.504950495049506;0;0
2.274;467;-51.02040816326531;0;0
2.279;389;-50.505050505050505;0;0
2.284;301;-55.55555555555556;0;0
2.289;218;-52.083333333333336;0;0
2.294;140;-53.191489361702125;0;0
2.299;47;-59.523809523809526;0;0
2.304;-39;-49.01960784313726;0;0
2.309;-117;-50.505050505050505;0;0
2.314;-210;-68.4931506849315;0;0
2.319;-301;-56.17977528089887;0;0
2.324;-368;-50.0;0;0
2.329;-446;-58.8235294117647;0;0
2.334;-515;-42.016806722689076;0;0
2.339;-581;-56.17977528089887;0;0
2.344;-637;-51.02040816326531;0;0
2.349;-695;-45.45454545454545;0;0
2.354;-744;-50.0;0;0
2.359;-785;-40.98360655737705;0;0
2.364;-822;-35.46099290780142;0;0
2.369;-852;-34.24657534246575;0;0
2.374;-880;-29.940119760479043;0;0
2.379;-901;-30.303030303030305;0;0
2.384;-920;-23.14814814814815;0;0
2.389;-932;-24.271844660194176;0;0
2.394;-946;-21.551724137931036;0;0
2.399;-955;-21.008403361344538;0;0
2.404;-962;-13.192612137203167;0;0
2.409;-966;1250.0;0;0
2.414;-972;-15.105740181268882;0;0
2.419;-974;-500.0;0;0
2.424;-975;-17.857142857142858;0;0
2.429;-977;-4.440497335701599;0;0
2.434;-975;3.7509377344336086;0;0
2.439;-974;4.2408821034775235;0;0
2.444;-972;3.4746351633078527;0;0
2.449;-968;6.345177664974619;0;0
2.454;-962;10.989010989010989;0;0
2.459;-958;7.874015748031496;0;0
2.464;-948;13.404825737265416;0;0
2.469;-938;21.92982456140351;0;0
2.474;-920;23.474178403755868;0;0
2.479;-904;24.875621890547265;0;0
2.484;-887;29.239766081871345;0;0
2.489;-856;40.98360655737705;0;0
2.494;-831;29.069767441860463;0;0
2.499;-799;34.96503496503497;0;0
2.504;-760;40.98360655737705;0;0
2.509;-712;42.3728813559322;0;0
2.514;-661;40.98360655737705;0;0
2.519;-612;40.32258064516129;0;0
2.524;-542;48.07692307692308;0;0
2.529;-481;42.3728813559322;0;0
2.534;-418;50.0;0;0
2.539;-338;50.0;0;0
2.544;-271;51.54639175257732;0;0
2.549;-187;51.02040816326531;0;0
2.554;-101;48.54368932038835;0;0
2.559;-23;54.94505494505494;0;0
2.564;62;53.191489361702125;0;0
2.569;148;45.87155963302752;0;0
2.574;225;60.97560975609756;0;0
2.579;301;47.16981132075472;0;0
2.584;375;57.47126436781609;0;0
2.589;446;44.24778761061947;0;0
2.594;515;59.523809523809526;0;0
2.599;575;47.16981132075472;0;0
2.604;631;36.496350364963504;0;0
2.609;678;32.6797385620915;0;0
2.614;723;33.78378378378378;0;0
2.619;765;34.72222222222222;0;0
2.624;804;34.72222222222222;0;0
2.629;831;33.333333333333336;0;0
2.634;852;26.041666666666668;0;0
2.639;876;28.571428571428573;0;0
2.644;894;28.735632183908045;0;0
2.649;911;24.752475247524753;0;0
2.654;923;20.66115702479339;0;0
2.659;932;11.737089201877934;0;0
2.664;938;7.183908045977011;0;0
2.669;943;6.127450980392157;0;0
2.674;951;9.82318271119843;0;0
2.679;953;5.025125628140704;0;0
2.684;953;2.785515320334262;0;0
2.689;953;1.9267822736030829;0;0
2.694;953;1.4727540500736378;0;0
2.699;951;-4.9603174603174605;0;0
2.704;943;-9.82318271119843;0;0
2.709;938;-9.765625;0;0
2.714;932;-67.56756756756756;0;0
2.719;920;-25.380710659898476;0;0
2.724;908;-19.53125;0;0
2.729;894;-41.32231404958678;0;0
2.734;872;-24.271844660194176;0;0
2.739;848;-34.01360544217687;0;0
2.744;827;-27.3224043715847;0;0
2.749;794;-35.46099290780142;0;0
2.754;765;-30.303030303030305;0;0
2.759;723;-37.59398496240601;0;0
2.764;673;-44.642857142857146;0;0
2.769;631;-35.2112676056338;0;0
2.774;581;-31.055900621118013;0;0
2.779;522;-42.73504273504273;0;0
2.784;460;-47.16981132075472;0;0
2.789;389;-44.642857142857146;0;0
2.794;309;-50.505050505050505;0;0
2.799;241;-38.46153846153846;0;0
2.804;164;-54.94505494505494;0;0
2.809;86;-44.642857142857146;0;0
2.814;7;-50.0;0;0
2.819;-78;-49.01960784313726;0;0
2.824;-148;-47.16981132075472;0;0
2.829;-233;-51.54639175257732;0;0
2.834;-301;-42.016806722689076;0;0
2.839;-375;-42.016806722689076;0;0
2.844;-439;-47.16981132075472;0;0
2.849;-502;-49.01960784313726;0;0
2.854;-555;-39.682539682539684;0;0
2.859;-612;-43.10344827586207;0;0
2.864;-661;-38.75968992248062;0;0
2.869;-707;-37.59398496240601;0;0
2.874;-744;-35.46099290780142;0;0
2.879;-785;-40.0;0;0
2.884;-813;-28.735632183908045;0;0
2.889;-835;-24.63054187192118;0;0
2.894;-856;-48.07692307692308;0;0
2.899;-880;-22.123893805309734;0;0
2.904;-891;-17.985611510791365;0;0
2.909;-904;-18.050541516245488;0;0
2.914;-914;-51.02040816326531;0;0
2.919;-923;-13.623978201634877;0;0
2.924;-926;-166.66666666666666;0;0
2.929;-932;-15.19756838905775;0;0
2.934;-935;-9.22509225092251;0;0
2.939;-935;86.20689655172414;0;0
2.944;-935;7.598784194528875;0;0
2.949;-932;3.244646333549643;0;0
2.954;-926;2.770083102493075;0;0
2.959;-920;7.052186177715091;0;0
2.964;-914;7.898894154818326;0;0
2.969;-904;13.192612137203167;0;0
2.974;-891;21.008403361344538;0;0
2.979;-872;24.63054187192118;0;0
2.984;-856;15.432098765432098;0;0
2.989;-840;14.577259475218659;0;0
2.994;-809;36.231884057971016;0;0
2.999;-775;30.303030303030305;0;0
3.004;-744;33.333333333333336;0;0
3.009;-712;31.055900621118013;0;0
3.014;-667;38.75968992248062;0;0
3.019;-612;39.0625;0;0
3.024;-568;32.89473684210526;0;0
3.029;-509;41.32231404958678;0;0
3.034;-453;43.47826086956522;0;0
3.039;-389;48.54368932038835;0;0
3.044;-331;43.10344827586207;0;0
3.049;-256;43.10344827586207;0;0
3.054;-179;51.54639175257732;0;0
3.059;-117;45.87155963302752;0;0
3.064;-31;53.763440860215056;0;0
3.069;39;47.61904761904762;0;0
3.074;109;43.85964912280702;0;0
3.079;195;60.97560975609756;0;0
3.084;263;46.728971962616825;0;0
3.089;323;41.666666666666664;0;0
3.094;389;37.878787878787875;0;0
3.099;460;54.34782608695652;0;0
3.104;515;45.45454545454545;0;0
3.109;568;40.0;0;0
3.114;619;40.98360655737705;0;0
3.119;655;29.585798816568047;0;0
3.124;695;38.46153846153846;0;0
3.129;734;34.01360544217687;0;0
3.134;765;26.041666666666668;0;0
3.139;794;27.77777777777778;0;0
3.144;813;23.58490566037736;0;0
3.149;831;15.060240963855422;0;0
3.154;848;14.836795252225519;0;0
3.159;864;14.164305949008499;0;0
3.164;880;18.181818181818183;0;0
3.169;887;11.061946902654867;0;0
3.174;894;11.086474501108647;0;0
3.179;894;3.9968025579536373;0;0
3.184;901;4.844961240310077;0;0
3.189;901;2.7292576419213974;0;0
3.194;901;1.8996960486322187;0;0
3.199;898;-4.612546125461255;0;0
3.204;894;-3.538570417551309;0;0
3.209;887;-23.04147465437788;0;0
3.214;880;-55.55555555555556;0;0
3.219;864;-14.792899408284024;0;0
3.224;852;-16.025641025641026;0;0
3.229;835;-19.23076923076923;0;0
3.234;813;-26.595744680851062;0;0
3.239;794;-39.682539682539684;0;0
3.244;770;-23.25581395348837;0;0
3.249;739;-28.571428571428573;0;0
3.254;701;-32.6797385620915;0;0
3.259;661;-34.96503496503497;0;0
3.264;619;-38.16793893129771;0;0
3.269;575;-34.24657534246575;0;0
3.274;529;-31.84713375796178;0;0
3.279;474;-36.76470588235294;0;0
3.284;411;-43.85964912280702;0;0
3.289;346;-52.63157894736842;0;0
3.294;286;-38.75968992248062;0;0
3.299;218;-42.73504273504273;0;0
3.304;148;-39.37007874015748;0;0
3.309;78;-47.61904761904762;0;0
3.314;7;-45.87155963302752;0;0
3.319;-70;-37.03703703703704;0;0
3.324;-133;-39.682539682539684;0;0
3.329;-210;-53.191489361702125;0;0
3.334;-278;-42.73504273504273;0;0
3.339;-338;-40.65040650406504;0;0
3.344;-397;-42.3728813559322;0;0
3.349;-453;-39.37007874015748;0;0
3.354;-502;-34.24657534246575;0;0
3.359;-555;-36.496350364963504;0;0
3.364;-606;-40.32258064516129;0;0
3.369;-643;-27.027027027027028;0;0
3.374;-684;-31.446540880503143;0;0
3.379;-718;-30.48780487804878;0;0
3.384;-750;-29.239766081871345;0;0
3.389;-775;-20.833333333333332;0;0
3.394;-799;-24.154589371980677;0;0
3.399;-818;-21.645021645021647;0;0
3.404;-831;-18.115942028985508;0;0
3.409;-844;-20.66115702479339;0;0
3.414;-856;-33.11258278145695;0;0
3.419;-864;-54.94505494505494;0;0
3.424;-872;-11.494252873563218;0;0
3.429;-872;30.303030303030305;0;0
3.434;-876;41.32231404958678;0;0
3.439;-876;6.934812760055478;0;0
3.444;-872;3.8402457757296466;0;0
3.449;-872;2.378686964795433;0;0
3.454;-864;2.320185614849188;0;0
3.459;-856;6.693440428380187;0;0
3.464;-844;12.254901960784315;0;0
3.469;-831;13.88888888888889;0;0
3.474;-813;18.726591760299627;0;0
3.479;-794;17.24137931034483;0;0
3.484;-775;16.286644951140065;0;0
3.489;-744;34.72222222222222;0;0
3.494;-712;26.455026455026456;0;0
3.499;-678;32.25806451612903;0;0
3.504;-643;28.089887640449437;0;0
3.509;-606;34.96503496503497;0;0
3.514;-555;44.642857142857146;0;0
3.519;-515;27.3224043715847;0;0
3.524;-460;35.46099290780142;0;0
3.529;-404;33.11258278145695;0;0
3.534;-353;38.16793893129771;0;0
3.539;-286;37.878787878787875;0;0
3.544;-225;36.231884057971016;0;0
3.549;-164;37.3134328358209;0;0
3.554;-94;44.642857142857146;0;0
3.559;-23;51.54639175257732;0;0
3.564;39;44.642857142857146;0;0
3.569;109;44.24778761061947;0;0
3.574;171;43.10344827586207;0;0
3.579;241;35.97122302158273;0;0
3.584;301;36.496350364963504;0;0
3.589;353;39.37007874015748;0;0
3.594;411;39.682539682539684;0;0
3.599;467;39.37007874015748;0;0
3.604;522;39.0625;0;0
3.609;568;39.0625;0;0
3.614;606;26.881720430107528;0;0
3.619;643;31.84713375796178;0;0
3.624;673;26.595744680851062;0;0
3.629;707;27.932960893854748;0;0
3.634;734;26.595744680851062;0;0
3.639;755;16.181229773462782;0;0
3.644;775;11.086474501108647;0;0
3.649;794;17.6056338028169;0;0
3.654;809;14.084507042253522;0;0
3.659;818;11.363636363636363;0;0
3.664;827;18.726591760299627;0;0
3.669;831;6.426735218508997;0;0
3.674;835;4.863813229571984;0;0
3.679;840;3.5285815102328866;0;0
3.684;840;2.2552999548940007;0;0
3.689;835;-4.878048780487805;0;0
3.694;831;-2.6136957658128592;0;0
3.699;827;-3.0048076923076925;0;0
3.704;818;-9.398496240601503;0;0
3.709;809;-13.477088948787062;0;0
3.714;794;-42.016806722689076;0;0
3.719;775;-17.857142857142858;0;0
3.724;760;-17.064846416382252;0;0
3.729;734;-26.041666666666668;0;0
3.734;707;-27.77777777777778;0;0
3.739;678;-21.551724137931036;0;0
3.744;643;-30.48780487804878;0;0
3.749;612;-27.77777777777778;0;0
3.754;575;-29.585798816568047;0;0
3.759;535;-32.89473684210526;0;0
3.764;488;-35.714285714285715;0;0
3.769;432;-43.10344827586207;0;0
3.774;375;-45.45454545454545;0;0
3.779;316;-44.24778761061947;0;0
3.784;256;-42.3728813559322;0;0
3.789;195;-45.87155963302752;0;0
3.794;133;-45.45454545454545;0;0
3.799;70;-49.01960784313726;0;0
3.804;7;-48.07692307692308;0;0
3.809;-54;-41.666666666666664;0;0
3.814;-117;-40.32258064516129;0;0
3.819;-179;-39.0625;0;0
3.824;-241;-36.76470588235294;0;0
3.829;-301;-41.32231404958678;0;0
3.834;-353;-35.46099290780142;0;0
3.839;-411;-39.0625;0;0
3.844;-460;-28.24858757062147;0;0
3.849;-502;-33.78378378378378;0;0
3.854;-549;-33.333333333333336;0;0
3.859;-581;-60.24096385542169;0;0
3.864;-619;-23.04147465437788;0;0
3.869;-655;-68.4931506849315;0;0
3.874;-678;-113.63636363636364;0;0
3.879;-707;-21.83406113537118;0;0
3.884;-734;-18.939393939393938;0;0
3.889;-755;-16.949152542372882;0;0
3.894;-770;-15.105740181268882;0;0
3.899;-785;-22.831050228310502;0;0
3.904;-799;-14.749262536873156;0;0
3.909;-804;185.1851851851852;0;0
3.914;-809;-10.416666666666666;0;0
3.919;-813;-7.363770250368188;0;0
3.924;-813;-63.29113924050633;0;0
3.929;-813;9.596928982725528;0;0
3.934;-809;3.770739064856712;0;0
3.939;-804;2.190100744634253;0;0
3.944;-799;2.478929102627665;0;0
3.949;-790;5.555555555555555;0;0
3.954;-775;10.822510822510823;0;0
3.959;-755;17.793594306049823;0;0
3.964;-734;16.181229773462782;0;0
3.969;-718;16.556291390728475;0;0
3.974;-701;10.16260162601626;0;0
3.979;-661;31.055900621118013;0;0
3.984;-631;26.17801047120419;0;0
3.989;-606;24.50980392156863;0;0
3.994;-555;39.0625;0;0
3.999;-529;16.39344262295082;0;0
4.004;-481;32.89473684210526;0;0
4.009;-432;29.940119760479043;0;0
4.014;-389;32.25806451612903;0;0
4.019;-338;31.84713375796178;0;0
4.024;-278;37.3134328358209;0;0
4.029;-225;31.84713375796178;0;0
4.034;-171;39.37007874015748;0;0
4.039;-109;40.32258064516129;0;0
4.044;-47;35.714285714285715;0;0
4.049;7;38.75968992248062;0;0
4.054;70;42.73504273504273;0;0
4.059;133;38.75968992248062;0;0
4.064;195;40.98360655737705;0;0
4.069;241;28.089887640449437;0;0
4.074;301;33.78378378378378;0;0
4.079;353;36.76470588235294;0;0
4.084;404;40.0;0;0
4.089;446;27.624309392265193;0;0
4.094;495;32.89473684210526;0;0
4.099;535;29.41176470588235;0;0
4.104;568;18.050541516245488;0;0
4.109;606;21.92982456140351;0;0
4.114;631;18.867924528301888;0;0
4.119;661;20.0;0;0
4.124;678;12.077294685990339;0;0
4.129;701;12.31527093596059;0;0
4.134;723;15.151515151515152;0;0
4.139;739;15.105740181268882;0;0
4.144;750;7.8125;0;0
4.149;760;7.633587786259542;0;0
4.154;770;8.210180623973727;0;0
4.159;775;6.321112515802781;0;0
4.164;775;3.14070351758794;0;0
4.169;775;2.0911752404851525;0;0
4.174;775;1.5669069257286117;0;0
4.179;770;-5.055611729019211;0;0
4.184;765;-2.556237218813906;0;0
4.189;755;-11.11111111111111;0;0
4.194;739;-10.989010989010989;0;0
4.199;728;-16.89189189189189;0;0
4.204;707;-16.722408026755854;0;0
4.209;690;-50.505050505050505;0;0
4.214;667;-28.40909090909091;0;0
4.219;643;-31.25;0;0
4.224;619;-100.0;0;0
4.229;587;-22.52252252252252;0;0
4.234;549;-27.3224043715847;0;0
4.239;515;-59.523809523809526;0;0
4.244;467;-31.25;0;0
4.249;425;-32.467532467532465;0;0
4.254;375;-39.37007874015748;0;0
4.259;323;-35.714285714285715;0;0
4.264;271;-32.6797385620915;0;0
4.269;218;-34.96503496503497;0;0
4.274;164;-39.0625;0;0
4.279;109;-36.76470588235294;0;0
4.284;54;-31.25;0;0
4.289;-7;-33.557046979865774;0;0
4.294;-62;-33.78378378378378;0;0
4.299;-117;-37.59398496240601;0;0
4.304;-179;-43.10344827586207;0;0
4.309;-233;-35.46099290780142;0;0
4.314;-278;-29.41176470588235;0;0
4.319;-331;-35.97122302158273;0;0
4.324;-382;-33.11258278145695;0;0
4.329;-425;-31.446540880503143;0;0
4.334;-460;-21.645021645021647;0;0
4.339;-502;-28.40909090909091;0;0
4.344;-542;-22.22222222222222;0;0
4.349;-568;-18.38235294117647;0;0
4.354;-600;-23.04147465437788;0;0
4.359;-631;-24.154589371980677;0;0
4.364;-655;-19.157088122605366;0;0
4.369;-673;-15.822784810126583;0;0
4.374;-690;-12.853470437017995;0;0
4.379;-707;-23.474178403755868;0;0
4.384;-723;-16.666666666666668;0;0
4.389;-728;-10.940919037199125;0;0
4.394;-739;-7.320644216691069;0;0
4.399;-744;-11.79245283018868;0;0
4.404;-744;28.40909090909091;0;0
4.409;-744;6.443298969072165;0;0
4.414;-744;3.633720930232558;0;0
4.419;-739;2.1958717610891525;0;0
4.424;-728;2.983293556085919;0;0
4.429;-723;4.317789291882556;0;0
4.434;-712;5.181347150259067;0;0
4.439;-695;5.2301255230125525;0;0
4.444;-673;19.157088122605366;0;0
4.449;-655;10.351966873706004;0;0
4.454;-631;19.011406844106464;0;0
4.459;-606;24.63054187192118;0;0
4.464;-575;25.641025641025642;0;0
4.469;-549;17.18213058419244;0;0
4.474;-509;26.455026455026456;0;0
4.479;-474;27.624309392265193;0;0
4.484;-432;25.77319587628866;0;0
4.489;-397;23.14814814814815;0;0
4.494;-353;31.84713375796178;0;0
4.499;-301;35.714285714285715;0;0
4.504;-256;28.24858757062147;0;0
4.509;-210;33.557046979865774;0;0
4.514;-148;43.10344827586207;0;0
4.519;-101;28.40909090909091;0;0
4.524;-47;33.11258278145695;0;0
4.529;7;37.3134328358209;0;0
4.534;62;32.6797385620915;0;0
4.539;109;33.333333333333336;0;0
4.544;164;36.231884057971016;0;0
4.549;225;42.016806722689076;0;0
4.554;271;24.875621890547265;0;0
4.559;309;28.089887640449437;0;0
4.564;353;31.055900621118013;0;0
4.569;397;26.737967914438503;0;0
4.574;439;29.239766081871345;0;0
4.579;481;28.735632183908045;0;0
4.584;515;17.793594306049823;0;0
4.589;542;11.990407673860911;0;0
4.594;575;20.32520325203252;0;0
4.599;594;10.683760683760683;0;0
4.604;619;13.368983957219251;0;0
4.609;637;13.123359580052494;0;0
4.614;655;12.5;0;0
4.619;667;6.613756613756614;0;0
4.624;684;11.286681715575622;0;0
4.629;690;5.030181086519114;0;0
4.634;695;4.0551500405515;0;0
4.639;701;3.602305475504323;0;0
4.644;707;3.690036900369004;0;0
4.649;707;2.320185614849188;0;0
4.654;701;-7.163323782234957;0;0
4.659;695;-3.1826861871419476;0;0
4.664;690;-3.119151590767311;0;0
4.669;678;-6.561679790026247;0;0
4.674;667;-12.853470437017995;0;0
4.679;655;-11.389521640091116;0;0
4.684;637;-13.477088948787062;0;0
4.689;619;-37.03703703703704;0;0
4.694;594;-18.050541516245488;0;0
4.699;568;-20.491803278688526;0;0
4.704;542;-21.551724137931036;0;0
4.709;515;-38.75968992248062;0;0
4.714;481;-24.271844660194176;0;0
4.719;439;-26.041666666666668;0;0
4.724;404;-27.17391304347826;0;0
4.729;360;-23.474178403755868;0;0
4.734;316;-66.66666666666667;0;0
4.739;271;-23.58490566037736;0;0
4.744;225;-64.93506493506493;0;0
4.749;171;-32.25806451612903;0;0
4.754;125;-30.864197530864196;0;0
4.759;70;-33.78378378378378;0;0
4.764;23;-24.752475247524753;0;0
4.769;-23;-79.36507936507937;0;0
4.774;-86;-39.0625;0;0
4.779;-133;-27.027027027027028;0;0
4.784;-179;-27.624309392265193;0;0
4.789;-225;-23.474178403755868;0;0
4.794;-271;-28.571428571428573;0;0
4.799;-316;-28.24858757062147;0;0
4.804;-360;-29.761904761904763;0;0
4.809;-397;-26.041666666666668;0;0
4.814;-432;-34.01360544217687;0;0
4.819;-467;-22.93577981651376;0;0
4.824;-502;-23.58490566037736;0;0
4.829;-529;-20.491803278688526;0;0
4.834;-555;-18.867924528301888;0;0
4.839;-581;-21.92982456140351;0;0
4.844;-600;-15.576323987538942;0;0
4.849;-619;-14.044943820224718;0;0
4.854;-631;79.36507936507937;0;0
4.859;-643;-31.25;0;0
4.864;-655;-24.390243902439025;0;0
4.869;-661;-19.455252918287936;0;0
4.874;-667;-12.195121951219512;0;0
4.879;-673;416.6666666666667;0;0
4.884;-673;8.156606851549755;0;0
4.889;-673;4.122011541632316;0;0
4.894;-667;2.844141069397042;0;0
4.899;-661;1.8559762435040832;0;0
4.904;-655;2.1141649048625792;0;0
4.909;-643;4.716981132075472;0;0
4.914;-631;5.5432372505543235;0;0
4.919;-612;9.00900900900901;0;0
4.924;-587;16.556291390728475;0;0
4.929;-568;12.72264631043257;0;0
4.934;-549;14.326647564469914;0;0
4.939;-522;16.778523489932887;0;0
4.944;-495;16.611295681063122;0;0
4.949;-460;20.833333333333332;0;0
4.954;-425;21.27659574468085;0;0
4.959;-389;29.761904761904763;0;0
4.964;-360;16.89189189189189;0;0
4.969;-316;25.12562814070352;0;0
4.974;-271;32.467532467532465;0;0
4.979;-233;27.027027027027028;0;0
4.984;-187;29.761904761904763;0;0
4.989;-140;31.645569620253166;0;0
4.994;-86;34.01360544217687;0;0
4.999;-47;31.84713375796178;0;0
5.004;7;33.78378378378378;0;0
5.009;54;25.0;0;0
5.014;101;36.76470588235294;0;0
5.019;140;24.50980392156863;0;0
5.024;195;35.46099290780142;0;0
5.029;241;25.12562814070352;0;0
5.034;278;25.380710659898476;0;0
5.039;316;26.881720430107528;0;0
5.044;346;16.44736842105263;0;0
5.049;389;22.93577981651376;0;0
5.054;432;30.67484662576687;0;0
5.059;460;16.949152542372882;0;0
5.064;488;11.135857461024498;0;0
5.069;515;19.23076923076923;0;0
5.074;535;15.105740181268882;0;0
5.079;555;13.477088948787062;0;0
5.084;568;6.8493150684931505;0;0
5.089;594;16.129032258064516;0;0
5.094;606;8.976660682226212;0;0
5.099;619;6.8212824010914055;0;0
5.104;625;5.561735261401557;0;0
5.109;631;3.63901018922853;0;0
5.114;631;2.2999080036798527;0;0
5.119;637;2.9797377830750893;0;0
5.124;631;-6.5359477124183005;0;0
5.129;631;-7.961783439490445;0;0
5.134;631;-178.57142857142858;0;0
5.139;619;-2.339728591483388;0;0
5.144;612;-4.310344827586207;0;0
5.149;600;-12.88659793814433;0;0
5.154;587;-12.135922330097088;0;0
5.159;568;-16.722408026755854;0;0
5.164;549;-13.698630136986301;0;0
5.169;529;-12.345679012345679;0;0
5.174;502;-15.67398119122257;0;0
5.179;474;-17.18213058419244;0;0
5.184;446;-17.123287671232877;0;0
5.189;411;-22.52252252252252;0;0
5.194;375;-28.571428571428573;0;0
5.199;346;-47.61904761904762;0;0
5.204;301;-23.14814814814815;0;0
5.209;263;-26.041666666666668;0;0
5.214;225;-53.191489361702125;0;0
5.219;179;-24.154589371980677;0;0
5.224;133;-31.84713375796178;0;0
5.229;94;-28.571428571428573;0;0
5.234;47;-28.089887640449437;0;0
5.239;7;-59.523809523809526;0;0
5.244;-39;-22.624434389140273;0;0
5.249;-86;-27.47252747252747;0;0
5.254;-133;-25.77319587628866;0;0
5.259;-179;-32.467532467532465;0;0
5.264;-218;-26.31578947368421;0;0
5.269;-256;-20.66115702479339;0;0
5.274;-301;-30.303030303030305;0;0
5.279;-331;-40.32258064516129;0;0
5.284;-368;-22.831050228310502;0;0
5.289;-397;-21.27659574468085;0;0
5.294;-432;-18.181818181818183;0;0
5.299;-453;-17.24137931034483;0;0
5.304;-481;-18.796992481203006;0;0
5.309;-502;-44.642857142857146;0;0
5.314;-529;-17.482517482517483;0;0
5.319;-542;-13.698630136986301;0;0
5.324;-555;-200.0;0;0
5.329;-568;-28.735632183908045;0;0
5.334;-581;-34.24657534246575;0;0
5.339;-587;24.390243902439025;0;0
5.344;-600;-6.476683937823834;0;0
5.349;-600;-17.793594306049823;0;0
5.354;-606;-8.474576271186441;0;0
5.359;-606;500.0;0;0
5.364;-600;2.7948574622694244;0;0
5.369;-594;4.29553264604811;0;0
5.374;-581;5.643340857787811;0;0
5.379;-581;3.146633102580239;0;0
5.384;-562;8.012820512820513;0;0
5.389;-555;4.916420845624385;0;0
5.394;-529;15.24390243902439;0;0
5.399;-515;11.363636363636363;0;0
5.404;-495;14.970059880239521;0;0
5.409;-474;10.37344398340249;0;0
5.414;-446;18.587360594795538;0;0
5.419;-418;20.32520325203252;0;0
5.424;-389;22.93577981651376;0;0
5.429;-360;25.0;0;0
5.434;-331;22.727272727272727;0;0
5.439;-294;23.14814814814815;0;0
5.444;-256;22.026431718061673;0;0
5.449;-218;24.03846153846154;0;0
5.454;-179;30.67484662576687;0;0
5.459;-140;23.25581395348837;0;0
5.464;-94;25.641025641025642;0;0
5.469;-54;29.761904761904763;0;0
5.474;-7;25.0;0;0
5.479;31;24.50980392156863;0;0
5.484;70;29.069767441860463;0;0
5.489;117;23.25581395348837;0;0
5.494;156;24.03846153846154;0;0
5.499;195;27.932960893854748;0;0
5.504;225;16.778523489932887;0;0
5.509;263;23.58490566037736;0;0
5.514;301;20.408163265306122;0;0
5.519;331;19.157088122605366;0;0
5.524;360;17.6056338028169;0;0
5.529;389;16.89189189189189;0;0
5.534;418;12.626262626262626;0;0
5.539;446;12.106537530266344;0;0
5.544;474;14.836795252225519;0;0
5.549;488;6.925207756232687;0;0
5.554;509;9.157509157509157;0;0
5.559;522;8.130081300813009;0;0
5.564;535;6.418485237483954;0;0
5.569;542;4.798464491362764;0;0
5.574;555;4.71253534401508;0;0
5.579;568;6.944444444444445;0;0
5.584;568;3.289473684210526;0;0
5.589;568;2.1551724137931036;0;0
5.594;568;1.6025641025641026;0;0
5.599;568;1.2755102040816326;0;0
5.604;562;-3.1685678073510775;0;0
5.609;555;-1.725327812284334;0;0
5.614;549;-2.8768699654775602;0;0
5.619;542;-14.005602240896359;0;0
5.624;522;-8.650519031141869;0;0
5.629;515;-100.0;0;0
5.634;488;-14.705882352941176;0;0
5.639;474;-19.53125;0;0
5.644;446;-14.409221902017292;0;0
5.649;425;-16.722408026755854;0;0
5.654;397;-19.157088122605366;0;0
5.659;368;-21.1864406779661;0;0
5.664;338;-20.32520325203252;0;0
5.669;301;-18.726591760299627;0;0
5.674;271;-20.242914979757085;0;0
5.679;233;-24.154589371980677;0;0
5.684;195;-27.932960893854748;0;0
5.689;164;-22.727272727272727;0;0
5.694;125;-23.58490566037736;0;0
5.699;86;-20.242914979757085;0;0
5.704;47;-23.58490566037736;0;0
5.709;7;-25.77319587628866;0;0
5.714;-31;-24.875621890547265;0;0
5.719;-70;-18.115942028985508;0;0
5.724;-117;-31.25;0;0
5.729;-148;-46.2962962962963;0;0
5.734;-187;-22.026431718061673;0;0
5.739;-225;-20.833333333333332;0;0
5.744;-256;-18.115942028985508;0;0
5.749;-294;-20.080321285140563;0;0
5.754;-323;-20.0;0;0
5.759;-353;-19.68503937007874;0;0
5.764;-375;-21.367521367521366;0;0
5.769;-404;-14.124293785310735;0;0
5.774;-425;-15.772870662460567;0;0
5.779;-446;-13.812154696132596;0;0
5.784;-460;-74.6268656716418;0;0
5.789;-481;-12.437810945273633;0;0
5.794;-495;-13.623978201634877;0;0
5.799;-509;-9.84251968503937;0;0
5.804;-515;-24.63054187192118;0;0
5.809;-529;-6.63129973474801;0;0
5.814;-529;-32.467532467532465;0;0
5.819;-529;11.210762331838565;0;0
5.824;-535;87.71929824561404;0;0
5.829;-529;6.329113924050633;0;0
5.834;-529;3.348961821835231;0;0
5.839;-529;2.1805494984736153;0;0
5.844;-522;1.7717930545712262;0;0
5.849;-509;3.9936102236421727;0;0
5.854;-502;4.038772213247173;0;0
5.859;-488;5.08130081300813;0;0
5.864;-474;5.197505197505198;0;0
5.869;-453;15.060240963855422;0;0
5.874;-432;11.682242990654206;0;0
5.879;-418;8.561643835616438;0;0
5.884;-389;17.793594306049823;0;0
5.889;-368;14.367816091954023;0;0
5.894;-338;18.115942028985508;0;0
5.899;-309;20.491803278688526;0;0
5.904;-278;20.408163265306122;0;0
5.909;-248;20.0;0;0
5.914;-218;21.09704641350211;0;0
5.919;-179;26.737967914438503;0;0
5.924;-148;16.835016835016834;0;0
5.929;-117;11.682242990654206;0;0
5.934;-78;22.52252252252252;0;0
5.939;-31;28.24858757062147;0;0
5.944;0;18.38235294117647;0;0
5.949;39;26.595744680851062;0;0
5.954;70;13.123359580052494;0;0
5.959;109;21.459227467811157;0;0
5.964;140;20.0;0;0
5.969;179;22.624434389140273;0;0
5.974;218;23.25581395348837;0;0
5.979;241;9.633911368015415;0;0
5.984;263;9.940357852882704;0;0
5.989;301;21.27659574468085;0;0
5.994;331;18.248175182481752;0;0
5.999;360;15.337423312883436;0;0
6.004;375;8.80281690140845;0;0
6.009;397;13.927576601671309;0;0
6.014;418;13.58695652173913;0;0
6.019;432;6.648936170212766;0;0
6.024;453;9.074410163339383;0;0
6.029;467;10.1010101010101;0;0
6.034;474;4.557885141294439;0;0
6.039;488;6.321112515802781;0;0
6.044;488;3.1426775612822127;0;0
6.049;495;3.443526170798898;0;0
6.054;502;3.248862897985705;0;0
6.059;502;2.1376656690893543;0;0
6.064;502;1.5928639694170117;0;0
6.069;495;-19.841269841269842;0;0
6.074;488;-4.035512510088782;0;0
6.079;488;-7.82472613458529;0;0
6.084;474;-4.078303425774878;0;0
6.089;460;-8.305647840531561;0;0
6.094;453;-9.727626459143968;0;0
6.099;432;-11.990407673860911;0;0
6.104;418;-9.633911368015415;0;0
6.109;397;-14.409221902017292;0;0
6.114;375;-22.93577981651376;0;0
6.119;353;-21.645021645021647;0;0
6.124;331;-16.33986928104575;0;0
6.129;301;-14.534883720930232;0;0
6.134;278;-18.115942028985508;0;0
6.139;248;-19.9203187250996;0;0
6.144;218;-19.76284584980237;0;0
6.149;187;-18.726591760299627;0;0
6.154;156;-18.38235294117647;0;0
6.159;125;-20.491803278688526;0;0
6.164;86;-19.9203187250996;0;0
6.169;54;-17.064846416382252;0;0
6.174;23;-24.154589371980677;0;0
6.179;-15;-22.624434389140273;0;0
6.184;-54;-24.390243902439025;0;0
6.189;-86;-26.737967914438503;0;0
6.194;-117;-45.45454545454545;0;0
6.199;-148;-28.735632183908045;0;0
6.204;-179;-19.011406844106464;0;0
6.209;-210;-33.11258278145695;0;0
6.214;-241;-32.467532467532465;0;0
6.219;-271;-19.305019305019304;0;0
6.224;-294;-15.527950310559007;0;0
6.229;-316;-17.857142857142858;0;0
6.234;-338;-22.026431718061673;0;0
6.239;-360;-29.585798816568047;0;0
6.244;-382;-12.345679012345679;0;0
6.249;-397;-14.925373134328359;0;0
6.254;-418;-12.376237623762377;0;0
6.259;-425;-15.527950310559007;0;0
6.264;-439;-10.0;0;0
6.269;-446;-22.026431718061673;0;0
6.274;-453;-9.861932938856016;0;0
6.279;-460;-8.992805755395683;0;0
6.284;-467;-4.638218923933209;0;0
6.289;-467;-8.620689655172415;0;0
6.294;-467;250.0;0;0
6.299;-460;3.8819875776397517;0;0
6.304;-460;2.3946360153256707;0;0
6.309;-453;1.7379214459506431;0;0
6.314;-446;2.336448598130841;0;0
6.319;-432;5.307855626326964;0;0
6.324;-425;4.725897920604915;0;0
6.329;-411;8.077544426494345;0;0
6.334;-397;7.656967840735069;0;0
6.339;-382;7.633587786259542;0;0
6.344;-360;10.964912280701755;0;0
6.349;-338;13.089005235602095;0;0
6.354;-316;14.409221902017292;0;0
6.359;-294;15.337423312883436;0;0
6.364;-271;16.89189189189189;0;0
6.369;-241;19.9203187250996;0;0
6.374;-218;15.105740181268882;0;0
6.379;-187;18.587360594795538;0;0
6.384;-156;18.65671641791045;0;0
6.389;-125;19.37984496124031;0;0
6.394;-101;11.185682326621924;0;0
6.399;-62;23.696682464454977;0;0
6.404;-31;18.050541516245488;0;0
6.409;0;17.482517482517483;0;0
6.414;31;21.27659574468085;0;0
6.419;70;26.17801047120419;0;0
6.424;94;15.873015873015873;0;0
6.429;117;10.416666666666666;0;0
6.434;148;12.468827930174564;0;0
6.439;187;20.74688796680498;0;0
6.444;218;18.587360594795538;0;0
6.449;241;13.404825737265416;0;0
6.454;256;8.650519031141869;0;0
6.459;278;12.594458438287154;0;0
6.464;309;17.482517482517483;0;0
6.469;331;14.005602240896359;0;0
6.474;346;7.541478129713424;0;0
6.479;360;6.648936170212766;0;0
6.484;375;7.898894154818326;0;0
6.489;389;7.936507936507937;0;0
6.494;404;9.107468123861567;0;0
6.499;411;5.688282138794084;0;0
6.504;425;7.5075075075075075;0;0
6.509;432;6.234413965087282;0;0
6.514;432;3.315649867374005;0;0
6.519;432;2.166377816291161;0;0
6.524;432;1.6087516087516087;0;0
6.529;432;1.2794268167860798;0;0
6.534;432;1.0620220900594732;0;0
6.539;425;-3.136762860727729;0;0
6.544;418;-1.6909029421711195;0;0
6.549;411;-2.57201646090535;0;0
6.554;404;-9.578544061302683;0;0
6.559;389;-9.70873786407767;0;0
6.564;375;-32.89473684210526;0;0
6.569;360;-14.619883040935672;0;0
6.574;346;5000;0;0
6.579;323;-10.845986984815617;0;0
6.584;301;-12.106537530266344;0;0
6.589;286;-64.1025641025641;0;0
6.594;256;-22.93577981651376;0;0
6.599;233;-21.551724137931036;0;0
6.604;210;-15.527950310559007;0;0
6.609;187;-14.245014245014245;0;0
6.614;164;-200.0;0;0
6.619;133;-58.13953488372093;0;0
6.624;101;-83.33333333333333;0;0
6.629;70;-28.40909090909091;0;0
6.634;39;-20.66115702479339;0;0
6.639;7;-22.727272727272727;0;0
6.644;-23;-19.607843137254903;0;0
6.649;-47;-15.527950310559007;0;0
6.654;-78;-20.491803278688526;0;0
6.659;-109;-21.367521367521366;0;0
6.664;-133;-12.56281407035176;0;0
6.669;-156;-15.625;0;0
6.674;-187;-17.54385964912281;0;0
6.679;-210;-52.083333333333336;0;0
6.684;-233;-19.607843137254903;0;0
6.689;-256;-14.577259475218659;0;0
6.694;-278;-13.26259946949602;0;0
6.699;-301;-15.527950310559007;0;0
6.704;-316;-10.141987829614605;0;0
6.709;-331;-19.23076923076923;0;0
6.714;-346;-9.652509652509652;0;0
6.719;-360;-14.492753623188406;0;0
6.724;-375;-8.012820512820513;0;0
6.729;-382;-10.91703056768559;0;0
6.734;-389;-17.482517482517483;0;0
6.739;-397;-6.273525721455458;0;0
6.744;-404;-4.248088360237893;0;0
6.749;-404;-6.218905472636816;0;0
6.754;-404;-24.50980392156863;0;0
6.759;-404;12.626262626262626;0;0
6.764;-404;5.025125628140704;0;0
6.769;-397;1.9297568506368197;0;0
6.774;-389;1.7464198393293748;0;0
6.779;-389;1.365001365001365;0;0
6.784;-375;4.152823920265781;0;0
6.789;-368;3.9001560062402496;0;0
6.794;-353;7.396449704142012;0;0
6.799;-338;8.896797153024911;0;0
6.804;-331;4.940711462450593;0;0
6.809;-309;8.130081300813009;0;0
6.814;-294;7.961783439490445;0;0
6.819;-271;11.52073732718894;0;0
6.824;-248;13.227513227513228;0;0
6.829;-233;10.683760683760683;0;0
6.834;-210;11.876484560570072;0;0
6.839;-179;18.939393939393938;0;0
6.844;-156;14.792899408284024;0;0
6.849;-133;13.020833333333334;0;0
6.854;-109;13.698630136986301;0;0
6.859;-86;8.403361344537815;0;0
6.864;-47;20.408163265306122;0;0
6.869;-23;12.5;0;0
6.874;0;13.404825737265416;0;0
6.879;31;18.181818181818183;0;0
6.884;62;18.939393939393938;0;0
6.889;86;13.698630136986301;0;0
6.894;101;6.7658998646820026;0;0
6.899;133;17.18213058419244;0;0
6.904;164;21.459227467811157;0;0
6.909;187;16.949152542372882;0;0
6.914;210;12.88659793814433;0;0
6.919;225;7.496251874062969;0;0
6.924;241;6.657789613848203;0;0
6.929;256;5.701254275940707;0;0
6.934;278;10.615711252653927;0;0
6.939;301;11.764705882352942;0;0
6.944;316;9.487666034155598;0;0
6.949;323;6.090133982947624;0;0
6.954;338;15.527950310559007;0;0
6.959;346;4.5787545787545785;0;0
6.964;353;4.562043795620438;0;0
6.969;360;3.4059945504087192;0;0
6.974;368;3.506311360448808;0;0
6.979;368;2.2461814914645104;0;0
6.984;375;4.6992481203007515;0;0
6.989;375;2.6824034334763946;0;0
6.994;368;-4.3029259896729775;0;0
6.999;368;-7.451564828614009;0;0
7.004;360;-2.4026910139356077;0;0
7.009;353;-2.345215759849906;0;0
7.014;346;-4.835589941972921;0;0
7.019;338;-4.8076923076923075;0;0
7.024;331;-7.002801120448179;0;0
7.029;316;-26.595744680851062;0;0
7.034;301;-9.074410163339383;0;0
7.039;286;-16.556291390728475;0;0
7.044;271;-13.623978201634877;0;0
7.049;256;-51.54639175257732;0;0
7.054;233;-15.105740181268882;0;0
7.059;218;-14.662756598240469;0;0
7.064;195;-15.772870662460567;0;0
7.069;171;-14.285714285714286;0;0
7.074;148;-12.787723785166241;0;0
7.079;125;-15.92356687898089;0;0
7.084;101;-43.47826086956522;0;0
7.089;78;-19.455252918287936;0;0
7.094;54;-10.799136069114471;0;0
7.099;23;-15.873015873015873;0;0
7.104;0;-17.18213058419244;0;0
7.109;-23;-19.76284584980237;0;0
7.114;-47;-13.736263736263735;0;0
7.119;-70;-17.24137931034483;0;0
7.124;-101;-15.479876160990711;0;0
7.129;-117;79.36507936507937;0;0
7.134;-148;-15.527950310559007;0;0
7.139;-164;-14.164305949008499;0;0
7.144;-187;-14.367816091954023;0;0
7.149;-210;-13.513513513513514;0;0
7.154;-225;-12.755102040816327;0;0
7.159;-241;-32.89473684210526;0;0
7.164;-263;-10.59322033898305;0;0
7.169;-271;-37.59398496240601;0;0
7.174;-286;-25.906735751295336;0;0
7.179;-301;-13.513513513513514;0;0
7.184;-309;-22.42152466367713;0;0
7.189;-323;-6.8119891008174385;0;0
7.194;-331;-8.012820512820513;0;0
7.199;-338;-5.549389567147614;0;0
7.204;-338;-12.468827930174564;0;0
7.209;-346;-4.770992366412214;0;0
7.214;-346;-11.160714285714286;0;0
7.219;-346;33.11258278145695;0;0
7.224;-346;6.648936170212766;0;0
7.229;-346;3.698224852071006;0;0
7.234;-338;1.7611835153222966;0;0
7.239;-331;1.669449081803005;0;0
7.244;-331;1.3175230566534915;0;0
7.249;-316;3.8639876352395675;0;0
7.254;-309;3.717472118959108;0;0
7.259;-301;3.8550501156515034;0;0
7.264;-286;5.62429696287964;0;0
7.269;-271;7.183908045977011;0;0
7.274;-256;7.8125;0;0
7.279;-241;10.526315789473685;0;0
7.284;-225;9.140767824497258;0;0
7.289;-210;8.116883116883116;0;0
7.294;-187;11.312217194570136;0;0
7.299;-164;12.195121951219512;0;0
7.304;-148;8.605851979345955;0;0
7.309;-125;13.698630136986301;0;0
7.314;-101;11.961722488038278;0;0
7.319;-86;7.751937984496124;0;0
7.324;-54;13.812154696132596;0;0
7.329;-31;13.774104683195592;0;0
7.334;-15;11.013215859030836;0;0
7.339;7;11.286681715575622;0;0
7.344;31;10.482180293501049;0;0
7.349;54;10.37344398340249;0;0
7.354;78;23.923444976076556;0;0
7.359;101;13.88888888888889;0;0
7.364;117;9.727626459143968;0;0
7.369;133;6.459948320413437;0;0
7.374;164;16.39344262295082;0;0
7.379;179;9.416195856873824;0;0
7.384;195;6.127450980392157;0;0
7.389;210;6.226650062266501;0;0
7.394;225;6.265664160401003;0;0
7.399;241;7.6923076923076925;0;0
7.404;256;9.293680297397769;0;0
7.409;263;6.839945280437757;0;0
7.414;271;3.9032006245121;0;0
7.419;286;5.681818181818182;0;0
7.424;294;5.13347022587269;0;0
7.429;301;3.8051750380517504;0;0
7.434;309;5.005005005005005;0;0
7.439;309;2.6910656620021527;0;0
7.444;316;2.9779630732578917;0;0
7.449;316;2.016942315449778;0;0
7.454;316;1.5248551387618177;0;0
7.459;309;-3.566333808844508;0;0
7.464;309;-6.234413965087282;0;0
7.469;301;-2.3299161230195713;0;0
7.474;294;-2.113271344040575;0;0
7.479;286;-4.065040650406504;0;0
7.484;278;-4.591368227731864;0;0
7.489;271;-7.363770250368188;0;0
7.494;256;-16.778523489932887;0;0
7.499;248;-9.765625;0;0
7.504;233;-9.276437847866418;0;0
7.509;225;-32.25806451612903;0;0
7.514;210;-14.005602240896359;0;0
7.519;195;-70.4225352112676;0;0
7.524;171;-11.441647597254004;0;0
7.529;148;-11.547344110854503;0;0
7.534;133;-16.722408026755854;0;0
7.539;117;-15.151515151515152;0;0
7.544;94;-12.31527093596059;0;0
7.549;70;-13.550135501355014;0;0
7.554;54;-9.242144177449168;0;0
7.559;39;-50.505050505050505;0;0
7.564;7;-15.97444089456869;0;0
7.569;-7;-70.4225352112676;0;0
7.574;-23;-100.0;0;0
7.579;-47;-14.662756598240469;0;0
7.584;-70;-10.893246187363834;0;0
7.589;-86;200.0;0;0
7.594;-117;-15.67398119122257;0;0
7.599;-133;-9.861932938856016;0;0
7.604;-148;-14.619883040935672;0;0
7.609;-164;-8.865248226950355;0;0
7.614;-179;-18.45018450184502;0;0
7.619;-195;-9.578544061302683;0;0
7.624;-210;-24.63054187192118;0;0
7.629;-225;-7.451564828614009;0;0
7.634;-233;-19.305019305019304;0;0
7.639;-241;-20.32520325203252;0;0
7.644;-256;-6.031363088057901;0;0
7.649;-263;-12.254901960784315;0;0
7.654;-271;-14.534883720930232;0;0
7.659;-278;-5.117707267144319;0;0
7.664;-278;-10.309278350515465;0;0
7.669;-286;-4.71253534401508;0;0
7.674;-286;-10.845986984815617;0;0
7.679;-294;-2.891844997108155;0;0
7.684;-286;4.266211604095563;0;0
7.689;-286;2.535496957403651;0;0
7.694;-286;1.8037518037518037;0;0
7.699;-278;1.9267822736030829;0;0
7.704;-271;1.8389113644722324;0;0
7.709;-271;1.4204545454545454;0;0
7.714;-263;1.9833399444664817;0;0
7.719;-256;2.556237218813906;0;0
7.724;-241;6.038647342995169;0;0
7.729;-233;5.411255411255412;0;0
7.734;-218;7.496251874062969;0;0
7.739;-210;4.955401387512389;0;0
7.744;-195;6.321112515802781;0;0
7.749;-179;6.63129973474801;0;0
7.754;-164;7.173601147776184;0;0
7.759;-148;6.426735218508997;0;0
7.764;-133;6.353240152477763;0;0
7.769;-117;5.813953488372093;0;0
7.774;-94;11.11111111111111;0;0
7.779;-78;17.24137931034483;0;0
7.784;-54;9.242144177449168;0;0
7.789;-39;6.934812760055478;0;0
7.794;-23;6.8119891008174385;0;0
7.799;0;10.080645161290322;0;0
7.804;15;10.729613733905579;0;0
7.809;39;13.774104683195592;0;0
7.814;54;8.620689655172415;0;0
7.819;70;6.234413965087282;0;0
7.824;86;5.159958720330238;0;0
7.829;101;4.985044865403789;0;0
7.834;117;5.181347150259067;0;0
7.839;133;5.213764337851929;0;0
7.844;148;5.555555555555555;0;0
7.849;164;5.170630816959669;0;0
7.854;179;5.319148936170213;0;0
7.859;195;6.188118811881188;0;0
7.864;202;5.62429696287964;0;0
7.869;210;3.692762186115214;0;0
7.874;225;5.567928730512249;0;0
7.879;225;2.944640753828033;0;0
7.884;241;4.677268475210477;0;0
7.889;241;2.820078962210942;0;0
7.894;248;2.965599051008304;0;0
7.899;256;3.717472118959108;0;0
7.904;256;2.331002331002331;0;0
7.909;256;1.697792869269949;0;0
7.914;256;1.335113484646195;0;0
7.919;256;1.1001100110011002;0;0
7.924;256;0.9354536950420954;0;0
7.929;248;-3.331112591605596;0;0
7.934;241;-1.7889087656529516;0;0
7.939;241;-2.2789425706472195;0;0
7.944;225;-3.7509377344336086;0;0
7.949;225;-5.387931034482759;0;0
7.954;218;-5.192107995846314;0;0
7.959;210;-5.834305717619603;0;0
7.964;195;-8.0;0;0
7.969;187;-7.485029940119761;0;0
7.974;171;-11.933174224343675;0;0
7.979;156;-8.605851979345955;0;0
7.984;140;-9.140767824497258;0;0
7.989;133;-52.083333333333336;0;0
7.994;117;172.41379310344828;0;0
7.999;101;-200.0;0;0
8.004;78;-10.504201680672269;0;0
8.009;70;-119.04761904761905;0;0
8.014;54;-67.56756756756756;0;0
8.019;39;227.27272727272728;0;0
8.024;15;-14.577259475218659;0;0
8.029;0;-19.841269841269842;0;0
8.034;-23;-11.547344110854503;0;0
8.039;-31;-11.547344110854503;0;0
8.044;-54;-10.845986984815617;0;0
8.049;-62;-12.285012285012286;0;0
8.054;-86;-11.160714285714286;0;0
8.059;-101;-9.191176470588236;0;0
8.064;-117;-12.755102040816327;0;0
8.069;-125;-12.56281407035176;0;0
8.074;-140;-9.416195856873824;0;0
8.079;-148;-31.446540880503143;0;0
8.084;-164;-10.59322033898305;0;0
8.089;-179;-8.771929824561404;0;0
8.094;-187;-7.800312012480499;0;0
8.099;-195;-11.312217194570136;0;0
8.104;-210;-6.226650062266501;0;0
8.109;-210;-24.63054187192118;0;0
8.114;-218;-10.2880658436214;0;0
8.119;-225;-4.132231404958677;0;0
8.124;-225;-8.19672131147541;0;0
8.129;-233;-5.107252298263535;0;0
8.134;-233;-13.227513227513228;0;0
8.139;-233;22.52252252252252;0;0
8.144;-233;6.082725060827251;0;0
8.149;-233;3.5161744022503516;0;0
8.154;-233;2.472799208704253;0;0
8.159;-233;1.876172607879925;0;0
8.164;-225;1.7307026652821045;0;0
8.169;-218;1.3915947676036737;0;0
8.174;-210;2.1645021645021645;0;0
8.179;-210;1.607717041800643;0;0
8.184;-202;2.485089463220676;0;0
8.189;-187;5.370569280343717;0;0
8.194;-179;4.677268475210477;0;0
8.199;-171;4.351610095735422;0;0
8.204;-156;16.025641025641026;0;0
8.209;-148;4.71253534401508;0;0
8.214;-133;6.510416666666667;0;0
8.219;-125;5.2631578947368425;0;0
8.224;-117;4.370629370629371;0;0
8.229;-101;4.366812227074236;0;0
8.234;-86;4.757373929590866;0;0
8.239;-62;24.50980392156863;0;0
8.244;-54;5.025125628140704;0;0
8.249;-31;9.765625;0;0
8.254;-23;5.336179295624333;0;0
8.259;-7;6.112469437652812;0;0
8.264;7;8.503401360544217;0;0
8.269;23;8.0;0;0
8.274;39;9.596928982725528;0;0
8.279;54;8.928571428571429;0;0
8.284;70;9.652509652509652;0;0
8.289;78;7.032348804500703;0;0
8.294;94;8.375209380234505;0;0
8.299;101;4.464285714285714;0;0
8.304;109;4.651162790697675;0;0
8.309;125;5.08130081300813;0;0
8.314;133;4.397537379067722;0;0
8.319;148;5.44069640914037;0;0
8.324;156;4.549590536851683;0;0
8.329;164;5.319148936170213;0;0
8.334;171;5.720823798627002;0;0
8.339;179;3.289473684210526;0;0
8.344;187;3.90625;0;0
8.349;195;3.756574004507889;0;0
8.354;195;2.346316283435007;0;0
8.359;195;1.7059024223814399;0;0
8.364;195;1.3401232913428036;0;0
8.369;195;1.1035091591260207;0;0
8.374;195;0.9379103357719002;0;0
8.379;195;0.8155276463872125;0;0
8.384;195;0.7206687806284232;0;0
8.389;195;0.6461617989144481;0;0
8.394;195;0.5856172405715624;0;0
8.399;187;-2.3073373327180433;0;0
8.404;179;-1.5561780267662622;0;0
8.409;179;-1.9135093761959434;0;0
8.414;164;-4.424778761061947;0;0
8.419;164;-6.993006993006993;0;0
8.424;156;-5.4945054945054945;0;0
8.429;148;-6.377551020408164;0;0
8.434;133;-7.575757575757576;0;0
8.439;125;-5.813953488372093;0;0
8.444;117;-10.351966873706004;0;0
8.449;101;-13.089005235602095;0;0
8.454;94;-9.380863039399625;0;0
8.459;78;-7.204610951008646;0;0
8.464;70;-22.831050228310502;0;0
8.469;54;-6.195786864931846;0;0
8.474;39;-9.689922480620154;0;0
8.479;31;-8.460236886632826;0;0
8.484;15;-10.775862068965518;0;0
8.489;7;-60.24096385542169;0;0
8.494;-7;-10.351966873706004;0;0
8.499;-23;-15.105740181268882;0;0
8.504;-31;-10.2880658436214;0;0
8.509;-47;-6.993006993006993;0;0
8.514;-54;-27.932960893854748;0;0
8.519;-70;-7.183908045977011;0;0
8.524;-86;-10.526315789473685;0;0
8.529;-94;-9.363295880149813;0;0
8.534;-109;-7.788161993769471;0;0
8.539;-117;-11.235955056179776;0;0
8.544;-125;-5.91016548463357;0;0
8.549;-133;-5.3418803418803416;0;0
8.554;-140;-6.402048655569782;0;0
8.559;-148;-11.185682326621924;0;0
8.564;-156;-5.070993914807302;0;0
8.569;-164;-3.9401103230890464;0;0
8.574;-164;-5.73394495412844;0;0
8.579;-171;-20.833333333333332;0;0
8.584;-171;13.88888888888889;0;0
8.589;-179;-8.635578583765112;0;0
8.594;-179;238.0952380952381;0;0
8.599;-179;8.051529790660226;0;0
8.604;-179;4.095004095004095;0;0
8.609;-179;2.7159152634437804;0;0
8.614;-179;1.9677292404565132;0;0
8.619;-179;1.54273372415921;0;0
8.624;-171;1.8241517694272162;0;0
8.629;-171;1.4530659691950014;0;0
8.634;-164;1.3206550449022716;0;0
8.639;-156;1.7649135192375573;0;0
8.644;-148;3.0807147258163896;0;0
8.649;-148;2.063557573256294;0;0
8.654;-140;2.735229759299781;0;0
8.659;-133;2.535496957403651;0;0
8.664;-125;2.995805871779509;0;0
8.669;-117;3.3967391304347827;0;0
8.674;-109;3.43878954607978;0;0
8.679;-101;3.0807147258163896;0;0
8.684;-86;4.743833017077799;0;0
8.689;-78;4.29553264604811;0;0
8.694;-62;5.7537399309551205;0;0
8.699;-54;4.3029259896729775;0;0
8.704;-39;6.053268765133172;0;0
8.709;-31;4.8076923076923075;0;0
8.714;-23;5.580357142857143;0;0
8.719;-15;4.789272030651341;0;0
8.724;0;5.675368898978434;0;0
8.729;7;3.802281368821293;0;0
8.734;23;6.112469437652812;0;0
8.739;39;8.976660682226212;0;0
8.744;39;3.977724741447892;0;0
8.749;54;4.901960784313726;0;0
8.754;62;4.095004095004095;0;0
8.759;70;3.7965072133637054;0;0
8.764;78;3.756574004507889;0;0
8.769;86;4.686035613870666;0;0
8.774;94;4.385964912280702;0;0
8.779;101;3.2743942370661427;0;0
8.784;109;4.41306266548985;0;0
8.789;117;3.455425017277125;0;0
8.794;117;2.2251891410769917;0;0
8.799;125;2.5536261491317673;0;0
8.804;133;2.857142857142857;0;0
8.809;133;1.9607843137254901;0;0
8.814;133;1.492537313432836;0;0
8.819;140;2.799552071668533;0;0
8.824;140;1.7452006980802792;0;0
8.829;140;1.364256480218281;0;0
8.834;140;1.1296882060551288;0;0
8.839;140;0.9754194303550526;0;0
8.844;140;0.8582217645039478;0;0
8.849;140;0.7661661048115231;0;0
8.854;133;-1.890359168241966;0;0
8.859;133;-2.570694087403599;0;0
8.864;133;-4.016064257028113;0;0
8.869;125;-1.5571473061351604;0;0
8.874;117;-1.816860465116279;0;0
8.879;117;-2.323420074349442;0;0
8.884;109;-4.088307440719542;0;0
8.889;101;-5.605381165919282;0;0
8.894;101;-17.123287671232877;0;0
8.899;86;-7.462686567164179;0;0
8.904;86;-20.74688796680498;0;0
8.909;70;-5.1493305870236865;0;0
8.914;70;-9.090909090909092;0;0
8.919;62;-5.353319057815845;0;0
8.924;54;-6.002400960384153;0;0
8.929;39;-6.87757909215956;0;0
8.934;39;-39.37007874015748;0;0
8.939;23;-6.954102920723226;0;0
8.944;7;-14.577259475218659;0;0
8.949;7;58.13953488372093;0;0
8.954;-7;-9.689922480620154;0;0
8.959;-15;-6.361323155216285;0;0
8.964;-23;-15.290519877675841;0;0
8.969;-23;18.315018315018314;0;0
8.974;-39;-4.366812227074236;0;0
8.979;-47;-5.319148936170213;0;0
8.984;-54;-10.683760683760683;0;0
8.989;-54;37.878787878787875;0;0
8.994;-70;-4.8169556840077075;0;0
8.999;-78;-5.452562704471101;0;0
9.004;-86;-6.993006993006993;0;0
9.009;-86;-43.47826086956522;0;0
9.014;-94;-7.716049382716049;0;0
9.019;-101;-5.296610169491525;0;0
9.024;-109;-4.019292604501608;0;0
9.029;-109;-7.763975155279503;0;0
9.034;-117;-4.504504504504505;0;0
9.039;-117;-9.803921568627452;0;0
9.044;-117;55.55555555555556;0;0
9.049;-117;7.246376811594203;0;0
9.054;-117;3.875968992248062;0;0
9.059;-125;-17.6056338028169;0;0
9.064;-125;15.822784810126583;0;0
9.069;-125;5.458515283842795;0;0
9.074;-117;2.6896180742334588;0;0
9.079;-117;1.8804061677322301;0;0
9.084;-117;1.4455044810638913;0;0
9.089;-117;1.173984503404555;0;0
9.094;-117;0.9883376161296699;0;0
9.099;-117;0.8533879501621437;0;0
9.104;-109;1.416029453412631;0;0
9.109;-101;1.366867140513942;0;0
9.114;-101;1.1215791834903543;0;0
9.119;-94;1.5782828282828283;0;0
9.124;-86;2.416626389560174;0;0
9.129;-86;1.7427675148135238;0;0
9.134;-70;3.5260930888575457;0;0
9.139;-70;2.253267237494367;0;0
9.144;-54;4.8828125;0;0
9.149;-54;2.741228070175439;0;0
9.154;-47;3.589375448671931;0;0
9.159;-39;2.9673590504451037;0;0
9.164;-31;4.1806020066889635;0;0
9.169;-23;4.5004500450045;0;0
9.174;-23;2.6178010471204187;0;0
9.179;-15;3.115264797507788;0;0
9.184;-7;3.190810465858328;0;0
9.189;0;3.4458993797381114;0;0
9.194;7;4.11522633744856;0;0
9.199;7;2.4813895781637716;0;0
9.204;15;2.8042624789680315;0;0
9.209;23;2.6246719160104988;0;0
9.214;31;2.8216704288939054;0;0
9.219;39;3.367003367003367;0;0
9.224;39;2.1881838074398248;0;0
9.229;47;2.5627883136852896;0;0
9.234;54;2.4461839530332683;0;0
9.239;62;2.927400468384075;0;0
9.244;70;3.4223134839151266;0;0
9.249;70;2.21141088014153;0;0
9.254;70;1.633453119895459;0;0
9.259;70;1.295001295001295;0;0
9.264;78;1.9142419601837672;0;0
9.269;78;1.464986815118664;0;0
9.274;78;1.1870845204178537;0;0
9.279;86;1.4823599169878448;0;0
9.284;86;1.1981787682722262;0;0
9.289;86;1.0054293183189222;0;0
9.294;86;0.8661008141347653;0;0
9.299;86;0.7606876616461281;0;0
9.304;86;0.6781500067815001;0;0
9.309;86;0.6160670280926565;0;0
9.314;86;0.5607895917451772;0;0
9.319;86;0.514615067929189;0;0
9.324;78;-2.073828287017835;0;0
9.329;78;-2.7609055770292654;0;0
9.334;70;-1.43143429716576;0;0
9.339;70;-1.7283097131005876;0;0
9.344;70;-2.1805494984736153;0;0
9.349;70;-2.9533372711163617;0;0
9.354;62;-11.990407673860911;0;0
9.359;62;27.3224043715847;0;0
9.364;54;-1.864975755315181;0;0
9.369;54;-2.4026910139356077;0;0
9.374;47;-2.834467120181406;0;0
9.379;39;-4.065040650406504;0;0
9.384;39;-7.936507936507937;0;0
9.389;31;-3.7064492216456633;0;0
9.394;23;-2.9886431560071727;0;0
9.399;23;-4.659832246039143;0;0
9.404;15;-4.686035613870666;0;0
9.409;7;-5.44069640914037;0;0
9.414;7;-15.67398119122257;0;0
9.419;0;-3.7230081906180192;0;0
9.424;-7;-3.0921459492888066;0;0
9.429;-15;-3.4364261168384878;0;0
9.434;-15;-5.186721991701245;0;0
9.439;-23;-5.313496280552604;0;0
9.444;-23;-14.662756598240469;0;0
9.449;-23;19.305019305019304;0;0
9.454;-31;-3.745318352059925;0;0
9.459;-39;-2.295684113865932;0;0
9.464;-39;-3.1685678073510775;0;0
9.469;-47;-2.4962556165751373;0;0
9.474;-47;-3.3200531208499338;0;0
9.479;-54;-2.7793218454697053;0;0
9.484;-54;-4.170141784820684;0;0
9.489;-54;-8.347245409015025;0;0
9.494;-54;5000.0;0;0
9.499;-54;8.319467554076539;0;0
9.504;-54;3.9556962025316458;0;0
9.509;-54;2.545824847250509;0;0
9.514;-54;1.8768768768768769;0;0
9.519;-54;1.4863258026159334;0;0
9.524;-54;1.2303149606299213;0;0
9.529;-54;1.0495382031905962;0;0
9.534;-54;0.9150805270863837;0;0
9.539;-54;0.8111615833874107;0;0
9.544;-54;0.7284382284382285;0;0
9.549;-54;0.6610259122157589;0;0
9.554;-54;0.6050338818973863;0;0
9.559;-54;0.5577867023650156;0;0
9.564;-54;0.5173841059602649;0;0
9.569;-47;1.9984012789768186;0;0
9.574;-47;1.3361838588989845;0;0
9.579;-47;1.125619090499775;0;0
9.584;-39;1.36986301369863;0;0
9.589;-39;1.1235955056179776;0;0
9.594;-39;0.9521995810321844;0;0
9.599;-39;0.8264462809917356;0;0
9.604;-31;1.2272950417280315;0;0
9.609;-31;1.0258514567090686;0;0
9.614;-23;1.4064697609001406;0;0
9.619;-23;1.148105625717566;0;0
9.624;-23;0.9699321047526673;0;0
9.629;-23;0.8396305625524769;0;0
9.634;-15;1.3401232913428036;0;0
9.639;-15;1.1035091591260207;0;0
9.644;-7;1.4330753797649756;0;0
9.649;-7;1.165772907437631;0;0
9.654;0;1.7630465444287728;0;0
9.659;0;1.337971635001338;0;0
9.664;7;2.1570319240724762;0;0
9.669;7;1.603592046183451;0;0
9.674;7;1.2761613067891782;0;0
9.679;7;1.05977108944468;0;0
9.684;7;0.9061254077564335;0;0
9.689;15;1.3781697905181918;0;0
9.694;23;1.598976654940838;0;0
9.699;23;1.3054830287206267;0;0
9.704;23;1.079913606911447;0;0
9.709;23;0.9208103130755064;0;0
9.714;31;1.3192612137203166;0;0
9.719;31;1.0893246187363834;0;0
9.724;31;0.9276437847866419;0;0
9.729;31;0.8160600620205647;0;0
9.734;39;2.6455026455026456;0;0
9.739;39;1.858736059479554;0;0
9.744;39;1.4326647564469914;0;0
9.749;39;1.1655011655011656;0;0
9.754;39;0.9821253191907288;0;0
9.759;39;0.8488964346349746;0;0
9.764;39;0.7509762691498949;0;0
9.769;31;1.247193813918683;0;0
9.774;31;1.0848340203948796;0;0
9.779;31;0.959877135726627;0;0
9.784;31;0.8607333448097779;0;0
9.789;23;-3.125;0;0
9.794;23;-3.178639542275906;0;0
9.799;23;-5.319148936170213;0;0
9.804;23;-20.833333333333332;0;0
9.809;23;10.869565217391305;0;0
9.814;15;2.9120559114735003;0;0
9.819;15;2.1579628830384117;0;0
9.824;15;1.7140898183064792;0;0
9.829;7;1.4216661927779357;0;0
9.834;7;1.2144765606023804;0;0
9.839;7;1.0599957600169598;0;0
9.844;7;0.9328358208955224;0;0
9.849;7;0.8116883116883117;0;0
9.854;7;0.7183908045977011;0;0
9.859;0;-1.80635838150289;0;0
9.864;0;-2.4177949709864603;0;0
9.869;-7;-3.654970760233918;0;0
9.874;-7;-6.510416666666667;0;0
9.879;-7;-29.761904761904763;0;0
9.884;-7;11.574074074074074;0;0
9.889;-7;4.716981132075472;0;0
9.894;-15;-4.230118443316413;0;0
9.899;-15;-8.59106529209622;0;0
9.904;-15;277.77777777777777;0;0
9.909;-15;8.090614886731391;0;0
9.914;-23;4.105090311986864;0;0
9.919;-23;2.75027502750275;0;0
9.924;-23;2.032520325203252;0;0
9.929;-23;1.5822784810126582;0;0
9.934;-23;1.2953367875647668;0;0
9.939;-23;1.0964912280701755;0;0
9.944;-23;0.9505703422053232;0;0
9.949;-23;0.8389261744966443;0;0
9.954;-23;0.7507507507507507;0;0
9.959;-23;0.6793478260869565;0;0
9.964;-23;0.6203473945409429;0;0
9.969;-23;0.5707762557077626;0;0
9.974;-23;0.5285412262156448;0;0
9.979;-23;0.4921259842519685;0;0
9.984;-23;0.4604051565377532;0;0
9.989;-23;0.43252595155709345;0;0
9.994;-23;0.4078303425774878;0;0
9.999;-23;0.38580246913580246;0;0
10.004;-23;0.36603221083455345;0;0
10.009;-23;0.34818941504178275;0;0
10.014;-23;0.33200531208499334;0;0
10.019;-23;0.31725888324873097;0;0
10.024;-23;0.3037667071688943;0;0
10.029;-23;0.2913752913752914;0;0
10.034;-15;0.22381378692927484;0;0
10.039;-15;0.2170138888888889;0;0
10.044;-15;0.21061499578770007;0;0
10.049;-15;0.20458265139116202;0;0
10.054;-15;0.2;0;0
10.059;-15;0.2;0;0
10.064;-7;1.4104372355430184;0;0
10.069;-7;1.1507479861910241;0;0
10.074;-7;0.9718172983479106;0;0
10.079;-7;0.8409014463504877;0;0
10.084;-7;0.7412898443291327;0;0
10.089;-7;0.6626905235255136;0;0
10.094;-7;0.5995203836930456;0;0
10.099;-7;0.5470459518599562;0;0
10.104;0;0.5030181086519114;0;0
10.109;0;0.4655493482309125;0;0
10.114;0;0.43327556325823224;0;0
10.119;0;0.4051863857374392;0;0
10.124;0;0.380517503805175;0;0
10.129;0;0.3586800573888092;0;0
10.134;0;0.33921302578018997;0;0
10.139;0;0.32175032175032175;0;0
10.144;0;0.30599755201958384;0;0
10.149;7;0.3028100775193798;0;0
10.154;7;0.2888170055452865;0;0
10.159;7;0.2760600706713781;0;0
10.164;7;0.2643824027072758;0;0
10.169;7;0.2536525974025974;0;0
10.174;7;0.2437597503900156;0;0
10.179;7;0.2346096096096096;0;0
10.184;7;0.22686025408348456;0;0
10.189;7;0.21891418563922943;0;0
10.194;7;0.21150592216582065;0;0
10.199;7;0.20458265139116202;0;0
10.204;7;0.2;0;0
10.209;7;0.2;0;0
10.214;7;0.2;0;0
10.219;7;0.2;0;0
10.224;7;0.2;0;0
10.229;7;0.2;0;0
10.234;7;0.2;0;0
10.239;0;0.2;0;0
10.244;0;0.2;0;0
10.249;0;0.2;0;0
10.254;0;0.2;0;0
10.259;0;0.2;0;0
10.264;0;0.2;0;0
10.269;0;0.2;0;0
10.274;0;0.2;0;0
10.279;0;0.2;0;0
10.284;0;0.2;0;0
10.289;0;0.2;0;0
10.294;0;0.2;0;0
10.299;0;0.2;0;0
10.304;0;0.2;0;0
10.309;0;0.2;0;0
10.314;0;0.2;0;0
10.319;0;0.2;0;0
10.324;0;0.2;0;0
10.329;0;0.2;0;0
10.334;0;0.2;0;0
10.339;0;0.2;0;0
10.344;0;0.2;0;0
10.349;0;0.2;0;0
10.354;0;0.2;0;0
10.359;0;0.2;0;0
10.364;0;0.2;0;0
10.369;0;0.2;0;0
10.374;0;0.2;0;0
10.379;0;0.2;0;0
10.384;0;0.2;0;0
10.389;0;0.2;0;0
10.394;0;0.2;0;0
10.399;0;0.2;0;0
10.404;0;0.2;0;0
10.409;0;0.2;0;0
10.414;0;0.2;0;0
10.419;0;0.2;0;0
10.424;0;0.2;0;0
10.429;0;0.2;0;0
10.434;0;0.2;0;0
10.439;0;0.2;0;0
10.444;0;0.2;0;0
10.449;0;0.2;0;0
10.454;0;0.2;0;0
10.459;0;0.2;0;0
10.464;0;0.2;0;0
10.469;0;0.2;0;0
10.474;0;0.2;0;0
10.479;0;0.2;0;0
10.484;0;0.2;0;0
10.489;0;0.2;0;0
10.494;0;0.2;0;0
10.499;0;0.2;0;0
10.504;0;0.2;0;0
10.509;0;0.2;0;0
10.514;0;0.2;0;0
10.519;0;0.2;0;0
10.524;0;0.2;0;0
10.529;0;0.2;0;0
10.534;0;0.2;0;0
10.539;0;0.2;0;0
10.544;0;0.2;0;0
10.549;0;0.2;0;0
10.554;0;0.2;0;0
10.559;0;0.2;0;0
10.564;0;0.2;0;0
10.569;0;0.2;0;0
10.574;0;0.2;0;0
10.579;0;0.2;0;0
10.584;0;0.2;0;0
10.589;0;0.2;0;0
10.594;0;0.2;0;0
10.599;0;0.2;0;0
10.604;0;0.2;0;0
10.609;0;0.2;0;0
10.614;0;0.2;0;0
10.619;0;0.2;0;0
10.624;0;0.2;0;0
10.629;0;0.2;0;0
10.634;0;0.2;0;0
10.639;0;0.2;0;0
10.644;0;0.2;0;0
10.649;0;0.2;0;0
10.654;0;0.2;0;0
10.659;0;0.2;0;0
10.664;0;0.2;0;0
10.669;0;0.2;0;0
10.674;0;0.2;0;0
10.679;0;0.2;0;0
10.684;0;0.2;0;0
10.689;0;0.2;0;0
10.694;0;0.2;0;0
10.699;0;0.2;0;0
10.704;0;0.2;0;0
10.709;0;0.2;0;0
10.714;0;0.2;0;0
10.719;0;0.2;0;0
10.724;0;0.2;0;0
10.729;0;0.2;0;0
10.734;0;0.2;0;0
10.739;0;0.2;0;0
10.744;0;0.2;0;0
10.749;0;0.2;0;0
10.754;0;0.2;0;0
10.759;0;0.2;0;0
10.764;0;0.2;0;0
10.769;0;0.2;0;0
10.774;0;0.2;0;0
10.779;0;0.2;0;0
10.784;0;0.2;0;0
10.789;0;0.2;0;0
10.794;0;0.2;0;0
10.799;0;0.2;0;0
10.804;0;0.2;0;0
10.809;0;0.2;0;0
10.814;0;0.2;0;0
10.819;0;0.2;0;0
10.824;0;0.2;0;0
10.829;0;0.2;0;0
10.834;0;0.2;0;0
10.839;0;0.2;0;0
10.844;0;0.2;0;0
10.849;0;0.2;0;0
10.854;0;0.2;0;0
10.859;0;0.2;0;0
10.864;0;0.2;0;0
10.869;0;0.2;0;0
10.874;0;0.2;0;0
10.879;0;0.2;0;0
10.884;0;0.2;0;0
10.889;0;0.2;0;0
10.894;0;0.2;0;0
10.899;0;0.2;0;0
10.904;0;0.2;0;0
10.909;0;0.2;0;0
10.914;0;0.2;0;0
10.919;0;0.2;0;0
10.924;0;0.2;0;0
10.929;0;0.2;0;0
10.934;0;0.2;0;0
10.939;0;0.2;0;0
10.944;0;0.2;0;0
10.949;0;0.2;0;0
10.954;0;0.2;0;0
10.959;0;0.2;0;0
10.964;0;0.2;0;0
10.969;0;0.2;0;0
10.974;0;0.2;0;0
10.979;0;0.2;0;0
10.984;0;0.2;0;0
10.989;0;0.2;0;0
10.994;0;0.2;0;0
10.999;0;0.2;0;0
11.004;0;0.2;0;0
11.009;0;0.2;0;0
11.014;0;0.2;0;0
11.019;0;0.2;0;0
11.024;0;0.2;0;0
11.029;0;0.2;0;0
11.034;0;0.2;0;0
11.039;0;0.2;0;0
11.044;0;0.2;0;0
11.049;0;0.2;0;0
11.054;0;0.2;0;0
11.059;0;0.2;0;0
11.064;0;0.2;0;0
11.069;0;0.2;0;0
11.074;0;0.2;0;0
11.079;0;0.2;0;0
11.084;0;0.2;0;0
11.089;0;0.2;0;0
11.094;0;0.2;0;0
11.099;0;0.2;0;0
11.104;0;0.2;0;0
11.109;0;0.2;0;0
11.114;0;0.2;0;0
11.119;0;0.2;0;0
11.124;0;0.2;0;0
11.129;0;0.2;0;0
11.134;0;0.2;0;0
11.139;0;0.2;0;0
11.144;0;0.2;0;0
11.149;0;0.2;0;0
11.154;0;0.2;0;0
11.159;0;0.2;0;0
11.164;0;0.2;0;0
11.169;0;0.2;0;0
11.174;0;0.2;0;0
11.179;0;0.2;0;0
11.184;0;0.2;0;0
11.189;0;0.2;0;0
11.194;0;0.2;0;0
11.199;0;0.2;0;0
11.204;0;0.2;0;0
11.209;0;0.2;0;0
11.214;0;0.2;0;0
11.219;0;0.2;0;0