t;e;d;i;set

64.664;-7;-40;-500;0
64.669;-7;100;-500;0
64.674;7;296;-465;0
64.679;15;416;-377;0
64.684;23;565;-193;0
64.689;23;594;-9;0
64.694;23;580;175;0
64.699;23;550;359;0
64.704;15;442;495;0
64.709;7;191;500;0
64.714;-7;-145;458;0
64.719;-23;-455;282;0
64.724;-23;-538;98;0
64.729;-23;-546;-86;0
64.734;-23;-527;-270;0
64.739;-23;-497;-454;0
64.744;-7;-292;-500;0
64.749;0;-44;-500;0
64.754;7;169;-444;0
64.759;7;257;-388;0
64.764;15;308;-276;0
64.769;23;424;-92;0
64.774;23;329;116;0
64.779;23;193;300;0
64.784;15;91;468;0
64.789;7;-113;500;0
64.794;-7;-336;479;0
64.799;-23;-575;343;0
64.804;-23;-676;159;0
64.809;-23;-676;-25;0
64.814;-23;-643;-209;0
64.819;-23;-599;-393;0
64.824;-15;-515;-500;0
64.829;-7;-284;-500;0
64.834;7;37;-472;0
64.839;7;218;-416;0
64.844;7;287;-360;0
64.849;23;424;-216;0
64.854;31;539;0;0
64.859;23;437;208;0
64.864;23;294;392;0
64.869;7;117;496;0
64.874;0;-88;500;0
64.879;-15;-343;428;0
64.884;-23;-590;244;0
64.889;-23;-630;60;0
64.894;-23;-616;-124;0
64.899;-23;-582;-308;0
64.904;-23;-541;-492;0
64.909;-7;-382;-500;0
64.914;0;-101;-500;0
64.919;7;125;-444;0
64.924;7;218;-388;0
64.929;15;307;-284;0
64.934;23;442;-100;0
64.939;23;279;92;0
64.944;23;150;276;0
64.949;15;25;396;0
64.954;7;-98;468;0
64.959;-7;-876;447;0
64.964;-15;-948;351;0
64.969;-23;-1032;167;0
64.974;-23;-987;-17;0
64.979;-23;-911;-201;0
64.984;-23;-829;-385;0
64.989;-15;-723;-500;0
64.994;-7;-389;-500;0
64.999;7;-45;-465;0
65.004;7;118;-409;0
65.009;15;197;-337;0
65.014;23;305;-185;0
65.019;23;392;-1;0
65.024;23;415;183;0
65.029;15;322;319;0
65.034;7;195;415;0
65.039;0;24;443;0
65.044;-7;-206;387;0
65.049;-23;-343;259;0
65.054;-23;-450;75;0
65.059;-23;-473;-109;0
65.064;-23;-467;-293;0
65.069;-23;-447;-477;0
65.074;-7;-243;-500;0
65.079;0;1;-500;0
65.084;7;215;-444;0
65.089;7;295;-388;0
65.094;15;336;-292;0
65.099;23;473;-108;0
65.104;23;512;76;0
65.109;15;453;236;0
65.114;15;331;356;0
65.119;7;167;412;0
65.124;-7;-87;377;0
65.129;-15;-244;289;0
65.134;-23;-356;137;0
65.139;-23;-419;-47;0
65.144;-23;-432;-231;0
65.149;-23;-423;-415;0
65.154;-15;-368;-500;0
65.159;0;-87;-500;0
65.164;7;207;-451;0
65.169;7;312;-395;0
65.174;7;349;-339;0
65.179;23;424;-195;0
65.184;23;509;-11;0
65.189;23;521;173;0
65.194;15;379;293;0
65.199;7;218;373;0
65.204;0;71;408;0
65.209;-7;-178;352;0
65.214;-15;-317;240;0
65.219;-23;-442;56;0
65.224;-23;-477;-128;0
65.229;-23;-439;-360;0
65.234;-23;-311;-500;0
65.239;-7;-22;-500;0
65.244;0;213;-500;0
65.249;7;347;-444;0
65.254;7;391;-388;0
65.259;15;419;-284;0
65.264;23;535;-100;0
65.269;23;561;84;0
65.274;15;425;212;0
65.279;7;249;292;0
65.284;0;112;341;0
65.289;-7;-77;313;0
65.294;-15;-206;249;0
65.299;-23;-380;89;0
65.304;-23;-466;-95;0
65.309;-23;-482;-279;0
65.314;-23;-471;-463;0
65.319;-7;-322;-500;0
65.324;0;-103;-500;0
65.329;7;139;-458;0
65.334;7;251;-402;0
65.339;15;308;-314;0
65.344;23;364;-170;0
65.349;23;426;14;0
65.354;15;343;158;0
65.359;7;202;254;0
65.364;7;59;310;0
65.369;0;-57;317;0
65.374;-7;-210;261;0
65.379;-23;-306;141;0
65.384;-23;-440;-43;0
65.389;-23;-473;-227;0
65.394;-23;-469;-411;0
65.399;-15;-421;-500;0
65.404;-7;-139;-500;0
65.409;7;125;-465;0
65.414;7;257;-409;0
65.419;7;308;-353;0
65.424;15;334;-257;0
65.429;23;478;-73;0
65.434;15;443;87;0
65.439;7;299;199;0
65.444;7;133;255;0
65.449;0;26;290;0
65.454;-7;-185;241;0
65.459;-15;-285;169;0
65.464;-23;-374;25;0
65.469;-23;-445;-159;0
65.474;-23;-459;-343;0
65.479;-23;-448;-500;0
65.484;-7;-240;-500;0
65.489;7;-35;-493;0
65.494;7;187;-437;0
65.499;7;268;-381;0
65.504;15;341;-277;0
65.509;23;437;-109;0
65.514;15;422;67;0
65.519;15;287;187;0
65.524;7;120;243;0
65.529;0;14;285;0
65.534;-7;-188;243;0
65.539;-15;-298;171;0
65.544;-23;-395;27;0
65.549;-23;-469;-157;0
65.554;-23;-481;-341;0
65.559;-15;-450;-500;0
65.564;-7;-214;-500;0
65.569;7;23;-486;0
65.574;7;206;-430;0
65.579;7;276;-374;0
65.584;15;307;-310;0
65.589;23;366;-166;0
65.594;15;388;2;0
65.599;15;246;122;0
65.604;7;48;178;0
65.609;7;-39;234;0
65.614;-7;-158;220;0
65.619;-7;-295;164;0
65.624;-15;-365;60;0
65.629;-23;-438;-100;0
65.634;-23;-476;-284;0
65.639;-23;-474;-468;0
65.644;-7;-217;-500;0
65.649;0;-7;-500;0
65.654;7;197;-444;0
65.659;7;277;-388;0
65.664;7;309;-332;0
65.669;23;364;-204;0
65.674;23;461;-20;0
65.679;15;267;100;0
65.684;7;84;156;0
65.689;7;-19;212;0
65.694;0;-96;226;0
65.699;-7;-218;184;0
65.704;-15;-331;80;0
65.709;-23;-450;-96;0
65.714;-23;-490;-280;0
65.719;-23;-488;-464;0
65.724;-7;-370;-500;0
65.729;0;-134;-500;0
65.734;7;155;-444;0
65.739;7;259;-388;0
65.744;15;307;-316;0
65.749;15;328;-196;0
65.754;15;243;-52;0
65.759;15;125;68;0
65.764;7;11;140;0
65.769;7;-63;196;0
65.774;-7;-140;196;0
65.779;-7;-306;140;0
65.784;-7;-362;84;0
65.789;-15;-391;-36;0
65.794;-23;-479;-220;0
65.799;-23;-496;-404;0
65.804;-15;-435;-500;0
65.809;-7;-142;-500;0
65.814;7;160;-465;0
65.819;7;292;-409;0
65.824;7;339;-353;0
65.829;15;361;-257;0
65.834;23;393;-113;0
65.839;15;223;7;0
65.844;7;101;111;0
65.849;7;-4;167;0
65.854;0;-81;202;0
65.859;-7;-276;153;0
65.864;-7;-359;97;0
65.869;-15;-396;-7;0
65.874;-23;-444;-159;0
65.879;-23;-482;-343;0
65.884;-23;-480;-500;0
65.889;-7;-256;-500;0
65.894;7;-2;-486;0
65.899;7;199;-430;0
65.904;7;274;-374;0
65.909;7;304;-318;0
65.914;23;361;-190;0
65.919;15;379;-14;0
65.924;7;208;90;0
65.929;7;36;146;0
65.934;7;-54;202;0
65.939;0;-121;216;0
65.944;-7;-274;160;0
65.949;-23;-411;16;0
65.954;-23;-504;-168;0
65.959;-23;-519;-352;0
65.964;-23;-505;-500;0
65.969;-7;-253;-500;0
65.974;7;-51;-493;0
65.979;7;190;-437;0
65.984;7;275;-381;0
65.989;7;309;-325;0
65.994;15;357;-205;0
65.999;15;130;-61;0
66.004;7;10;51;0
66.009;7;-103;107;0
66.014;7;-161;163;0
66.019;-7;-275;142;0
66.024;-7;-390;86;0
66.029;-7;-422;30;0
66.034;-15;-438;-90;0
66.039;-23;-472;-250;0
66.044;-23;-490;-434;0
66.049;-15;-414;-500;0
66.054;-7;-139;-500;0
66.059;7;159;-465;0
66.064;7;289;-409;0
66.069;7;337;-353;0
66.074;15;359;-249;0
66.079;15;361;-129;0
66.084;15;350;-9;0
66.089;7;272;63;0
66.094;7;201;119;0
66.099;0;145;168;0
66.104;-7;-20;140;0
66.109;-15;-155;76;0
66.114;-23;-287;-68;0
66.119;-23;-385;-252;0
66.124;-23;-413;-436;0
66.129;-15;-318;-500;0
66.134;-7;-96;-500;0
66.139;7;167;-472;0
66.144;7;302;-416;0
66.149;7;350;-360;0
66.154;15;403;-248;0
66.159;15;399;-128;0
66.164;15;383;-8;0
66.169;7;282;48;0
66.174;7;209;104;0
66.179;0;151;153;0
66.184;-7;-11;125;0
66.189;-7;-151;69;0
66.194;-23;-239;-59;0
66.199;-23;-350;-243;0
66.204;-23;-385;-427;0
66.209;-15;-293;-500;0
66.214;-7;-71;-500;0
66.219;7;199;-465;0
66.224;7;322;-409;0
66.229;7;365;-353;0
66.234;15;376;-281;0
66.239;15;375;-161;0
66.244;15;361;-41;0
66.249;7;290;39;0
66.254;7;216;95;0
66.259;7;160;151;0
66.264;-7;42;137;0
66.269;-15;-121;73;0
66.274;-23;-290;-79;0
66.279;-23;-389;-263;0
66.284;-23;-417;-447;0
66.289;-7;-263;-500;0
66.294;0;-75;-500;0
66.299;7;151;-465;0
66.304;7;270;-409;0
66.309;7;317;-353;0
66.314;7;331;-297;0
66.319;15;363;-177;0
66.324;15;351;-57;0
66.329;7;242;7;0
66.334;7;176;63;0
66.339;7;126;119;0
66.344;0;48;126;0
66.349;-7;-125;70;0
66.354;-15;-261;-42;0
66.359;-15;-314;-162;0
66.364;-23;-354;-330;0
66.369;-15;-275;-474;0
66.374;-7;-90;-500;0
66.379;0;55;-500;0
66.384;7;256;-444;0
66.389;7;331;-388;0
66.394;7;357;-332;0
66.399;15;391;-212;0
66.404;15;382;-92;0
66.409;7;287;-28;0
66.414;7;212;28;0
66.419;7;150;84;0
66.424;0;87;112;0
66.429;-7;-142;56;0
66.434;-7;-240;0;0
66.439;-15;-310;-120;0
66.444;-23;-349;-248;0
66.449;-15;-357;-424;0
66.454;-7;-192;-500;0
66.459;-7;-29;-500;0
66.464;7;209;-458;0
66.469;7;320;-402;0
66.474;7;359;-346;0
66.479;15;372;-258;0
66.484;15;369;-138;0
66.489;7;314;-42;0
66.494;7;233;14;0
66.499;7;168;70;0
66.504;7;120;126;0
66.509;-7;-43;98;0
66.514;-15;-197;18;0
66.519;-23;-402;-166;0
66.524;-23;-461;-350;0
66.529;-15;-331;-478;0
66.534;-7;-121;-500;0
66.539;7;47;-493;0
66.544;7;210;-437;0
66.549;7;274;-381;0
66.554;7;300;-325;0
66.559;15;315;-213;0
66.564;15;314;-93;0
66.569;7;237;-21;0
66.574;7;171;35;0
66.579;7;118;91;0
66.584;0;65;126;0
66.589;-7;-137;77;0
66.594;-15;-250;-11;0
66.599;-23;-370;-171;0
66.604;-15;-187;-291;0
66.609;-15;-84;-411;0
66.614;-7;21;-467;0
66.619;0;109;-495;0
66.624;7;260;-453;0
66.629;7;337;-397;0
66.634;7;361;-341;0
66.639;7;363;-285;0
66.644;15;359;-189;0
66.649;15;347;-69;0
66.654;7;288;19;0
66.659;7;215;75;0
66.664;7;160;131;0
66.669;0;86;152;0
66.674;-7;-107;96;0
66.679;-23;-264;-40;0
66.684;-23;-400;-224;0
66.689;-23;-437;-408;0
66.694;-7;-277;-500;0
66.699;0;-54;-500;0
66.704;7;151;-465;0
66.709;7;260;-409;0
66.714;7;303;-353;0
66.719;15;320;-289;0
66.724;15;327;-169;0
66.729;7;288;-65;0
66.734;7;209;-9;0
66.739;7;148;47;0
66.744;7;102;103;0
66.749;0;36;110;0
66.754;-7;-133;54;0
66.759;-23;-293;-82;0
66.764;-23;-415;-266;0
66.769;-15;-328;-410;0
66.774;-7;-128;-482;0
66.779;0;30;-500;0
66.784;7;176;-465;0
66.789;7;262;-409;0
66.794;7;298;-353;0
66.799;15;320;-257;0
66.804;15;328;-137;0
66.809;7;272;-49;0
66.814;7;195;7;0
66.819;7;135;63;0
66.824;7;90;119;0
66.829;-7;-9;105;0
66.834;-15;-175;41;0
66.839;-15;-279;-79;0
66.844;-15;-319;-199;0
66.849;-15;-330;-319;0
66.854;-7;-272;-407;0
66.859;-7;-194;-463;0
66.864;0;-121;-500;0
66.869;7;25;-472;0
66.874;7;147;-416;0
66.879;7;206;-360;0
66.884;15;258;-240;0
66.889;15;275;-120;0
66.894;7;218;-32;0
66.899;7;150;24;0
66.904;7;97;80;0
66.909;0;56;129;0
66.914;-7;-152;87;0
66.919;-15;-266;15;0
66.924;-15;-333;-105;0
66.929;-23;-388;-273;0
66.934;-15;-383;-449;0
66.939;-7;-184;-500;0
66.944;0;-4;-500;0
66.949;7;243;-444;0
66.954;7;332;-388;0
66.959;7;361;-332;0
66.964;15;369;-260;0
66.969;15;363;-140;0
66.974;7;306;-44;0
66.979;7;228;12;0
66.984;7;163;68;0
66.989;7;116;124;0
66.994;-7;-8;103;0
66.999;-15;-151;39;0
67.004;-23;-352;-129;0
67.009;-23;-432;-313;0
67.014;-15;-347;-457;0
67.019;-7;-93;-500;0
67.024;0;78;-500;0
67.029;7;230;-444;0
67.034;7;292;-388;0
67.039;7;316;-332;0
67.044;7;319;-276;0
67.049;15;318;-180;0
67.054;15;309;-60;0
67.059;7;221;-4;0
67.064;7;158;52;0
67.069;7;112;108;0
67.074;0;44;122;0
67.079;-15;-126;58;0
67.084;-23;-285;-86;0
67.089;-23;-383;-270;0
67.094;-15;-217;-390;0
67.099;-7;-58;-462;0
67.104;-7;46;-500;0
67.109;0;128;-500;0
67.114;7;282;-444;0
67.119;7;344;-388;0
67.124;7;362;-332;0
67.129;-7;81;-325;0
67.134;0;-96;-367;0
67.139;-7;-107;-402;0
67.144;-7;-168;-458;0
67.149;-7;-161;-500;0
67.154;-15;-333;-500;0
67.159;-23;-452;-500;0
67.164;-23;-484;-500;0
67.169;-23;-480;-500;0
67.174;-31;-467;-500;0
67.179;-39;-570;-500;0
67.184;-47;-600;-500;0
67.189;-54;-648;-500;0
67.194;-54;-692;-500;0
67.199;-62;-687;-500;0
67.204;-70;-725;-500;0
67.209;-70;-731;-500;0
67.214;-78;-727;-500;0
67.219;-86;-782;-500;0
67.224;-86;-761;-500;0
67.229;-94;-736;-500;0
67.234;-101;-787;-500;0
67.239;-109;-815;-500;0
67.244;-117;-861;-500;0
67.249;-117;-845;-500;0
67.254;-133;-887;-500;0
67.259;-140;-933;-500;0
67.264;-148;-1012;-500;0
67.269;-156;-1006;-500;0
67.274;-171;-1069;-500;0
67.279;-179;-1168;-500;0
67.284;-195;-1267;-500;0
67.289;-210;-1333;-500;0
67.294;-225;-1315;-500;0
67.299;-241;-1366;-500;0
67.304;-248;-1399;-500;0
67.309;-263;-1469;-500;0
67.314;-278;-1502;-500;0
67.319;-301;-1707;-500;0
67.324;-323;-1789;-500;0
67.329;-338;-1916;-500;0
67.334;-360;-1997;-500;0
67.339;-2479;0;500;0
67.344;-2502;0;500;0
67.349;-2609;0;500;0
67.354;-2762;0;500;0
67.359;-2863;0;500;0
67.364;-3134;0;500;0
67.369;-3139;0;500;0
67.374;-3377;0;500;0
67.379;-3526;0;500;0
67.384;-3665;0;500;0
67.389;-3853;0;500;0
67.394;-3972;0;500;0
67.399;-4212;0;500;0
67.404;-4357;0;500;0
67.409;-4541;0;500;0
67.414;-4712;0;500;0
67.419;-4880;0;291;0
67.424;-5010;0;-500;0
67.429;-5114;0;-500;0
67.434;-5176;0;-500;0
67.439;-5193;0;-500;0
67.444;-5142;0;-500;0
67.449;-5020;0;-500;0
67.454;-4803;0;49;0
67.459;-4525;0;500;0
67.464;-4110;0;500;0
67.469;-3670;0;500;0
67.474;-3079;0;500;0
67.479;-2444;0;500;0
67.484;-1698;0;500;0
67.489;-902;0;500;0
67.494;-68;0;500;0
67.499;791;0;500;0
67.504;1670;0;500;0
67.509;2549;0;500;0
67.514;3474;0;500;0
67.519;4289;0;500;0
67.524;5084;0;500;0
67.529;5893;0;500;0
67.534;6577;0;500;0
67.539;7216;0;500;0
67.544;7881;0;500;0
67.549;8390;0;500;0
67.554;8854;0;500;0
67.559;9272;0;500;0
67.564;9612;0;500;0
67.569;9913;0;500;0
67.574;10155;0;500;0
67.579;10352;0;500;0
67.584;10517;0;500;0
67.589;10642;0;500;0
67.594;10755;0;500;0
67.599;10841;0;500;0
67.604;10928;0;500;0
67.609;10995;0;500;0
67.614;11062;0;500;0
67.619;11129;0;500;0
67.624;11189;0;500;0
67.629;11263;0;500;0
67.634;11349;0;500;0
67.639;11416;0;500;0
67.644;11536;0;500;0
67.649;11616;0;500;0
67.654;11735;0;500;0
67.659;11854;0;500;0
67.664;11973;0;500;0
67.669;12131;0;500;0
67.674;12283;0;500;0
67.679;12441;0;500;0
67.684;12605;0;500;0
67.689;12770;0;500;0
67.694;12942;0;500;0
67.699;13119;0;500;0
67.704;13290;0;500;0
67.709;13448;0;500;0
67.714;13600;0;500;0
67.719;13738;0;500;0
67.724;13857;0;500;0
67.729;13957;0;500;0
67.734;14017;0;500;0
67.739;14052;0;500;0
67.744;14047;0;500;0
67.749;13997;0;500;0
67.754;13889;0;500;0
67.759;13735;0;500;0
67.764;13509;0;500;0
67.769;13238;0;500;0
67.774;12889;0;500;0
67.779;12534;0;500;0
67.784;12100;0;500;0
67.789;11559;0;500;0
67.794;11097;0;500;0
67.799;10484;0;500;0
67.804;9867;0;-500;0
67.809;9265;0;-500;0
67.814;8644;0;-500;0
67.819;7988;0;-500;0
67.824;7319;0;-500;0
67.829;6804;0;-500;0
67.834;6145;0;-500;0
67.839;5558;0;-500;0
67.844;5029;0;-500;0
67.849;4513;0;-500;0
67.854;4056;0;-500;0
67.859;3580;0;-500;0
67.864;3194;0;-500;0
67.869;2828;0;-500;0
67.874;2469;0;-500;0
67.879;2161;0;-500;0
67.884;1860;0;-500;0
67.889;1598;0;-500;0
67.894;1349;0;-500;0
67.899;1126;0;-500;0
67.904;936;0;-500;0
67.909;752;0;-500;0
67.914;568;0;-500;0
67.919;410;0;-500;0
67.924;252;0;-500;0
67.929;132;0;-500;0
67.934;13;0;-500;0
67.939;-106;0;-500;0
67.944;-225;0;-500;0
67.949;-305;0;-500;0
67.954;-385;0;-500;0
67.959;-459;0;-500;0
67.964;-514;0;-500;0
67.969;-561;0;-500;0
67.974;-583;0;-500;0
67.979;-598;0;-500;0
67.984;-581;0;-500;0
67.989;-557;0;-500;0
67.994;-488;0;-500;0
67.999;-405;0;-500;0
68.004;-291;0;-500;0
68.009;-110;0;-500;0
68.014;58;0;-500;0
68.019;294;0;-500;0
68.024;600;0;-500;0