t;e;d;i;set

3.773;-179;7.002801120448179;0;0
3.782;-179;10.570824524312897;0;0
3.79;-164;70.4225352112676;0;0
3.799;-156;9.433962264150944;0;0
3.808;-148;13.774104683195592;0;0
3.816;-140;6.337135614702155;0;0
3.825;-125;12.690355329949238;0;0
3.834;-117;14.164305949008499;0;0
3.842;-101;48.54368932038835;0;0
3.851;-86;29.761904761904763;0;0
3.86;-78;8.038585209003216;0;0
3.868;-54;116.27906976744185;0;0
3.877;-54;10.121457489878543;0;0
3.886;-31;8.976660682226212;0;0
3.894;-23;16.077170418006432;0;0
3.903;-7;6.97350069735007;0;0
3.911;0;11.312217194570136;0;0
3.92;7;11.363636363636363;0;0
3.929;23;22.93577981651376;0;0
3.938;39;21.459227467811157;0;0
3.946;54;52.083333333333336;0;0
3.954;62;9.345794392523365;0;0
3.963;70;10.940919037199125;0;0
3.972;86;23.364485981308412;0;0
3.981;94;7.575757575757576;0;0
3.989;101;11.82033096926714;0;0
3.998;117;25.0;0;0
4.007;125;7.680491551459293;0;0
4.015;133;14.164305949008499;0;0
4.024;140;6.211180124223603;0;0
4.032;148;18.050541516245488;0;0
4.041;156;6.868131868131868;0;0
4.05;164;14.285714285714286;0;0
4.059;164;6.226650062266501;0;0
4.067;171;3.9904229848363926;0;0
4.076;179;21.92982456140351;0;0
4.084;179;7.396449704142012;0;0
4.093;187;4.29553264604811;0;0
4.102;187;3.0921459492888066;0;0
4.111;187;2.413127413127413;0;0
4.119;187;1.9809825673534074;0;0
4.128;187;1.6812373907195697;0;0
4.136;187;1.4590020426028596;0;0
4.145;187;1.2768130745658837;0;0
4.154;179;-1.1439029970258523;0;0
4.163;179;-1.0351966873706004;0;0
4.171;171;-24.875621890547265;0;0
4.18;164;-5.875440658049354;0;0
4.188;164;-4.512635379061372;0;0
4.197;156;-98.03921568627452;0;0
4.205;148;-9.940357852882704;0;0
4.214;140;-4.452359750667854;0;0
4.223;133;-10.121457489878543;0;0
4.232;133;-5.091649694501018;0;0
4.241;117;-12.437810945273633;0;0
4.249;109;-45.45454545454545;0;0
4.258;101;-8.865248226950355;0;0
4.266;94;-24.271844660194176;0;0
4.275;86;-7.6452599388379205;0;0
4.283;70;-12.5;0;0
4.292;62;-80.64516129032258;0;0
4.301;54;-9.242144177449168;0;0
4.31;39;-11.764705882352942;0;0
4.318;23;-7.716049382716049;0;0
4.327;15;-26.737967914438503;0;0
4.335;7;-7.874015748031496;0;0
4.344;-7;-14.925373134328359;0;0
4.353;-15;-20.408163265306122;0;0
4.362;-23;-7.112375533428165;0;0
4.37;-39;-16.666666666666668;0;0
4.378;-47;-28.90173410404624;0;0
4.387;-54;-7.874015748031496;0;0
4.396;-70;-6.289308176100629;0;0
4.405;-78;-75.75757575757575;0;0
4.413;-86;-9.560229445506693;0;0
4.422;-94;-6.075334143377885;0;0
4.431;-101;-10.060362173038229;0;0
4.44;-109;-21.09704641350211;0;0
4.448;-117;-7.496251874062969;0;0
4.457;-117;-4.397537379067722;0;0
4.466;-125;-19.157088122605366;0;0
4.474;-133;-7.23589001447178;0;0
4.482;-133;-4.3140638481449525;0;0
4.492;-140;-14.285714285714286;0;0
4.5;-140;-6.418485237483954;0;0
4.508;-148;-4.012841091492777;0;0
4.517;-148;-2.9120559114735003;0;0
4.525;-148;-2.3255813953488373;0;0
4.534;-148;-1.9062142584826534;0;0
4.543;-148;-1.6139444803098772;0;0
4.552;-148;-1.414827391058291;0;0
4.561;-148;-1.2487512487512487;0;0
4.569;-148;-1.118067978533095;0;0
4.578;-148;-1.019367991845056;0;0
4.586;-148;-0.9305788200260562;0;0
4.595;-140;0.8551393877201984;0;0
4.603;-133;63.29113924050633;0;0
4.612;-133;9.363295880149813;0;0
4.621;-125;4.995004995004995;0;0
4.63;-117;102.04081632653062;0;0
4.638;-117;9.881422924901186;0;0
4.647;-117;5.159958720330238;0;0
4.655;-109;3.586800573888092;0;0
4.664;-101;11.52073732718894;0;0
4.673;-86;27.932960893854748;0;0
4.682;-86;7.849293563579278;0;0
4.69;-78;4.5787545787545785;0;0
4.699;-70;14.925373134328359;0;0
4.708;-62;6.297229219143577;0;0
4.716;-54;14.749262536873156;0;0
4.725;-54;6.313131313131313;0;0
4.734;-39;4.078303425774878;0;0
4.742;-39;10.080645161290322;0;0
4.751;-23;60.24096385542169;0;0
4.759;-23;9.380863039399625;0;0
4.768;-15;5.060728744939271;0;0
4.777;-7;42.3728813559322;0;0
4.786;0;8.896797153024911;0;0
4.794;7;46.728971962616825;0;0
4.803;7;8.787346221441124;0;0
4.812;15;4.780114722753346;0;0
4.82;23;20.92050209205021;0;0
4.829;31;7.299270072992701;0;0
4.837;39;17.857142857142858;0;0
4.846;39;6.896551724137931;0;0
4.855;47;4.139072847682119;0;0
4.864;54;14.204545454545455;0;0
4.872;54;6.297229219143577;0;0
4.88;62;4.032258064516129;0;0
4.889;70;10.869565217391305;0;0
4.898;70;5.518763796909492;0;0
4.906;78;3.7037037037037037;0;0
4.915;78;2.7292576419213974;0;0
4.924;86;24.875621890547265;0;0
4.932;86;7.716049382716049;0;0
4.941;86;4.432624113475177;0;0
4.95;86;3.1625553447185326;0;0
4.958;94;2.46669955599408;0;0
4.967;94;2.0193861066235863;0;0
4.976;94;1.6897600540723217;0;0
4.985;94;1.464986815118664;0;0
4.993;94;1.2966804979253113;0;0
5.002;94;1.1515430677107323;0;0
5.011;94;1.0427528675703859;0;0
5.019;94;0.9531071292413267;0;0
5.028;94;0.8781173164734809;0;0
5.036;86;-0.8135372600065083;0;0
5.045;86;-0.7568876778686043;0;0
5.053;86;-0.7086167800453514;0;0
5.062;86;-0.6657789613848203;0;0
5.071;78;-17.123287671232877;0;0
5.08;78;-6.443298969072165;0;0
5.088;70;-4.074979625101874;0;0
5.097;70;-2.972651605231867;0;0
5.106;70;-2.337540906965872;0;0
5.114;62;-23.696682464454977;0;0
5.123;54;-7.552870090634441;0;0
5.132;54;-4.370629370629371;0;0
5.14;47;-19.157088122605366;0;0
5.149;39;-7.002801120448179;0;0
5.157;39;-4.299226139294927;0;0
5.166;31;-50.505050505050505;0;0
5.175;23;-8.576329331046312;0;0
5.184;15;-4.1356492969396195;0;0
5.192;15;-10.16260162601626;0;0
5.201;7;-5.347593582887701;0;0
5.21;7;-3.5536602700781805;0;0
5.218;0;-18.587360594795538;0;0
5.227;-7;-6.896551724137931;0;0
5.235;-7;-4.248088360237893;0;0
5.244;-15;-11.415525114155251;0;0
5.253;-23;-5.549389567147614;0;0
5.262;-23;-3.663003663003663;0;0
5.27;-23;-2.727768685215494;0;0
5.279;-31;-13.020833333333334;0;0
5.287;-39;-5.903187721369539;0;0
5.296;-39;-3.802281368821293;0;0
5.305;-47;-2.860411899313501;0;0
5.314;-47;-10.121457489878543;0;0
5.322;-47;-5.458515283842795;0;0
5.33;-54;-3.6284470246734397;0;0
5.339;-54;-2.7114967462039044;0;0
5.348;-54;-2.158894645941278;0;0
5.357;-54;-1.7985611510791366;0;0
5.365;-54;-1.5571473061351604;0;0
5.374;-47;1.3594344752582925;0;0
5.383;-47;1.208313194780087;0;0
5.391;-47;1.0879025239338556;0;0
5.4;-47;0.9889240506329114;0;0
5.409;-39;14.836795252225519;0;0
5.417;-39;6.305170239596469;0;0
5.426;-39;4.006410256410256;0;0
5.435;-39;2.9171528588098017;0;0
5.443;-39;2.296738631143776;0;0
5.452;-31;1.9215987701767872;0;0
5.46;-31;1.6318537859007833;0;0
5.469;-23;15.24390243902439;0;0
5.478;-23;6.369426751592357;0;0
5.486;-23;4.012841091492777;0;0
5.495;-23;2.918855808523059;0;0
5.504;-23;2.295684113865932;0;0
5.512;-15;1.9223375624759709;0;0
5.521;-15;1.6329196603527107;0;0
5.529;-15;1.419244961680386;0;0
5.538;-7;16.666666666666668;0;0
5.547;-7;6.3938618925831205;0;0
5.556;-7;4.081632653061225;0;0
5.565;0;2.935995302407516;0;0
5.573;0;2.328830926874709;0;0
5.582;7;111.11111111111111;0;0
5.59;7;9.784735812133073;0;0
5.599;7;5.307855626326964;0;0
5.608;7;3.536067892503536;0;0
5.616;7;2.7012425715829282;0;0
5.625;7;2.152389151958674;0;0
5.633;15;1.804402742692169;0;0
5.642;15;1.5513496742165684;0;0
5.651;15;1.360914534567229;0;0
5.66;23;25.906735751295336;0;0
5.668;23;7.874015748031496;0;0
5.677;23;4.488330341113106;0;0
5.686;23;3.201024327784891;0;0
5.694;23;2.486325211337643;0;0
5.702;23;2.035830618892508;0;0
5.712;23;1.7001020061203673;0;0
5.72;31;1.4736221632773356;0;0
5.728;31;1.3024225058609014;0;0
5.738;31;1.1568718186024989;0;0
5.746;31;1.0482180293501049;0;0
5.755;31;0.957670944263551;0;0
5.763;31;0.8813678829543451;0;0
5.772;31;0.8116883116883117;0;0
5.781;31;0.7563152321887763;0;0
5.789;23;-0.7080147267063155;0;0
5.798;23;-0.6648052120728627;0;0
5.807;23;-0.6269592476489029;0;0
5.815;23;-0.5934718100890207;0;0
5.824;23;-0.5631264782070053;0;0
5.832;23;-0.5355612682090831;0;0
5.841;23;-0.510673067102441;0;0
5.85;23;-0.4879476920074168;0;0
5.858;15;-17.24137931034483;0;0
5.867;15;-6.443298969072165;0;0
5.876;15;-4.068348250610252;0;0
5.885;15;-2.9708853238265003;0;0
5.893;7;-2.3408239700374533;0;0
5.902;7;-1.9364833462432223;0;0
5.911;7;-1.6345210853220007;0;0
5.919;7;-1.4289797084881395;0;0
5.928;7;-1.2575452716297786;0;0
5.936;7;-1.1319900384876613;0;0
5.945;7;-1.021659174499387;0;0
5.954;7;-0.9373828271466067;0;0
5.962;0;-14.367816091954023;0;0
5.971;0;-6.024096385542169;0;0
5.98;0;-3.9001560062402496;0;0
5.988;0;-2.880184331797235;0;0
5.997;-7;-2.270663033605813;0;0
6.006;-7;-1.8804061677322301;0;0
6.015;-7;-1.6046213093709885;0;0
6.023;-15;-1.148105625717566;0;0
6.031;-15;-10.775862068965518;0;0
6.04;-23;-5.376344086021505;0;0
6.049;-39;-16.233766233766232;0;0
6.058;-54;-16.129032258064516;0;0
6.066;-70;-17.36111111111111;0;0
6.075;-94;-14.705882352941176;0;0
6.083;-117;-22.52252252252252;0;0
6.092;-140;-100.0;0;0
6.101;-164;-30.303030303030305;0;0
6.109;-187;-116.27906976744185;0;0
6.118;-210;-16.33986928104575;0;0
6.127;-241;-23.58490566037736;0;0
6.135;-263;-16.286644951140065;0;0
6.144;-286;-25.510204081632654;0;0
6.153;-309;-16.835016835016834;0;0
6.161;-323;-43.10344827586207;0;0
6.17;-346;-11.933174224343675;0;0
6.178;-360;-16.233766233766232;0;0
6.187;-375;-18.050541516245488;0;0
6.196;-389;-12.345679012345679;0;0
6.205;-404;-16.129032258064516;0;0
6.213;-411;-19.76284584980237;0;0
6.222;-418;-7.299270072992701;0;0
6.231;-425;-15.24390243902439;0;0
6.239;-432;-6.242197253433209;0;0
6.248;-432;-3.937007874015748;0;0
6.257;-439;-11.52073732718894;0;0
6.265;-439;-5.549389567147614;0;0
6.274;-432;48.07692307692308;0;0
6.282;-432;9.505703422053232;0;0
6.291;-425;3.158559696778269;0;0
6.3;-418;59.523809523809526;0;0
6.309;-418;9.191176470588236;0;0
6.317;-404;64.93506493506493;0;0
6.326;-397;9.22509225092251;0;0
6.335;-382;12.953367875647668;0;0
6.343;-368;16.666666666666668;0;0
6.352;-353;11.11111111111111;0;0
6.36;-338;16.778523489932887;0;0
6.369;-323;12.31527093596059;0;0
6.378;-301;13.88888888888889;0;0
6.386;-286;63.29113924050633;0;0
6.395;-263;18.867924528301888;0;0
6.404;-241;57.47126436781609;0;0
6.412;-218;16.181229773462782;0;0
6.421;-195;14.662756598240469;0;0
6.43;-171;17.6056338028169;0;0
6.439;-148;27.77777777777778;0;0
6.447;-117;96.15384615384616;0;0
6.455;-101;43.47826086956522;0;0
6.464;-70;41.32231404958678;0;0
6.473;-39;15.105740181268882;0;0
6.482;-15;18.181818181818183;0;0
6.49;7;23.923444976076556;0;0
6.499;39;43.47826086956522;0;0
6.507;70;98.03921568627452;0;0
6.516;94;19.9203187250996;0;0
6.525;117;38.46153846153846;0;0
6.533;140;14.925373134328359;0;0
6.542;164;52.083333333333336;0;0
6.55;195;20.491803278688526;0;0
6.56;210;26.737967914438503;0;0
6.568;233;13.550135501355014;0;0
6.577;248;15.527950310559007;0;0
6.585;271;12.626262626262626;0;0
6.594;286;25.380710659898476;0;0
6.603;309;17.985611510791365;0;0
6.611;316;13.623978201634877;0;0
6.62;331;19.23076923076923;0;0
6.628;346;22.52252252252252;0;0
6.637;353;7.4183976261127595;0;0
6.646;368;10.729613733905579;0;0
6.655;375;18.45018450184502;0;0
6.663;382;6.180469715698393;0;0
6.672;389;33.333333333333336;0;0
6.68;389;8.278145695364238;0;0
6.69;389;4.5787545787545785;0;0
6.698;397;3.2299741602067185;0;0
6.707;397;2.4962556165751373;0;0
6.715;389;-2.0308692120227456;0;0
6.724;389;-1.7076502732240437;0;0
6.732;382;-43.10344827586207;0;0
6.741;375;-8.680555555555555;0;0
6.75;375;-4.826254826254826;0;0
6.759;360;-12.106537530266344;0;0
6.767;353;-21.09704641350211;0;0
6.776;346;-7.163323782234957;0;0
6.785;331;-11.26126126126126;0;0
6.793;316;-13.368983957219251;0;0
6.802;301;-20.080321285140563;0;0
6.811;286;-14.925373134328359;0;0
6.819;263;-71.42857142857143;0;0
6.828;248;-35.714285714285715;0;0
6.836;225;-18.248175182481752;0;0
6.845;210;-16.025641025641026;0;0
6.854;187;-89.28571428571429;0;0
6.862;164;-22.727272727272727;0;0
6.871;140;-46.728971962616825;0;0
6.88;117;-21.367521367521366;0;0
6.888;94;-71.42857142857143;0;0
6.897;70;-21.1864406779661;0;0
6.905;47;-73.52941176470588;0;0
6.915;23;-21.551724137931036;0;0
6.923;-7;-32.467532467532465;0;0
6.932;-23;-13.020833333333334;0;0
6.94;-54;-34.72222222222222;0;0
6.949;-78;-68.4931506849315;0;0
6.957;-101;-27.932960893854748;0;0
6.966;-125;-66.66666666666667;0;0
6.975;-148;-18.45018450184502;0;0
6.983;-164;-21.83406113537118;0;0
6.992;-187;-15.527950310559007;0;0
7.001;-210;-20.242914979757085;0;0
7.009;-225;-26.041666666666668;0;0
7.018;-241;-15.576323987538942;0;0
7.027;-263;-12.787723785166241;0;0
7.035;-271;-11.26126126126126;0;0
7.044;-286;-12.626262626262626;0;0
7.053;-301;-11.682242990654206;0;0
7.061;-309;-20.161290322580644;0;0
7.07;-323;-44.24778761061947;0;0
7.079;-331;-8.620689655172415;0;0
7.087;-338;-61.72839506172839;0;0
7.096;-346;-9.174311926605505;0;0
7.105;-353;-4.748338081671415;0;0
7.113;-353;-11.185682326621924;0;0
7.122;-353;-5.422993492407809;0;0
7.13;-353;-3.695491500369549;0;0
7.139;-353;-2.7307482250136537;0;0
7.148;-353;-2.2045855379188715;0;0
7.157;-346;51.02040816326531;0;0
7.165;-346;8.992805755395683;0;0
7.174;-338;4.892367906066537;0;0
7.182;-331;12.594458438287154;0;0
7.191;-323;5.800464037122969;0;0
7.2;-316;14.409221902017292;0;0
7.209;-301;27.3224043715847;0;0
7.217;-294;7.716049382716049;0;0
7.226;-278;12.345679012345679;0;0
7.234;-263;12.077294685990339;0;0
7.243;-248;16.233766233766232;0;0
7.252;-233;14.367816091954023;0;0
7.26;-210;14.409221902017292;0;0
7.269;-202;10.729613733905579;0;0
7.278;-179;34.96503496503497;0;0
7.287;-156;23.364485981308412;0;0
7.295;-140;13.623978201634877;0;0
7.303;-125;15.576323987538942;0;0
7.312;-101;45.87155963302752;0;0
7.321;-78;15.24390243902439;0;0
7.33;-54;43.10344827586207;0;0
7.338;-31;14.619883040935672;0;0
7.347;-15;13.227513227513228;0;0
7.355;7;54.94505494505494;0;0
7.364;23;32.467532467532465;0;0
7.373;47;15.24390243902439;0;0
7.381;70;39.0625;0;0
7.391;86;24.63054187192118;0;0
7.399;109;12.820512820512821;0;0
7.408;133;128.2051282051282;0;0
7.416;148;94.33962264150944;0;0
7.425;164;37.59398496240601;0;0
7.433;179;28.089887640449437;0;0
7.442;195;20.92050209205021;0;0
7.451;210;23.58490566037736;0;0
7.46;225;26.737967914438503;0;0
7.468;241;8.333333333333334;0;0
7.477;248;10.204081632653061;0;0
7.485;263;8.635578583765112;0;0
7.494;271;19.9203187250996;0;0
7.503;286;31.645569620253166;0;0
7.511;294;7.299270072992701;0;0
7.52;301;29.585798816568047;0;0
7.529;309;8.0;0;0
7.537;309;4.655493482309125;0;0
7.546;316;12.345679012345679;0;0
7.555;316;5.834305717619603;0;0
7.563;316;3.8138825324180017;0;0
7.572;316;2.82326369282891;0;0
7.581;316;2.244165170556553;0;0
7.589;316;1.8642803877703207;0;0
7.598;309;-20.161290322580644;0;0
7.607;301;-7.072135785007072;0;0
7.615;294;-1.9215987701767872;0;0
7.624;286;-10.526315789473685;0;0
7.633;286;-5.353319057815845;0;0
7.641;271;-11.26126126126126;0;0
7.65;256;-8.064516129032258;0;0
7.658;248;-100.0;0;0
7.667;233;-8.771929824561404;0;0
7.676;225;-10.121457489878543;0;0
7.685;210;-14.880952380952381;0;0
7.693;195;-16.556291390728475;0;0
7.702;179;-17.857142857142858;0;0
7.711;164;-14.084507042253522;0;0
7.719;148;-13.404825737265416;0;0
7.728;133;-10.989010989010989;0;0
7.737;109;-53.763440860215056;0;0
7.745;94;-40.98360655737705;0;0
7.754;70;-22.624434389140273;0;0
7.762;54;-23.14814814814815;0;0
7.771;39;-15.97444089456869;0;0
7.779;15;-45.87155963302752;0;0
7.789;-7;-24.03846153846154;0;0
7.797;-23;-16.44736842105263;0;0
7.805;-39;-20.408163265306122;0;0
7.814;-54;-12.165450121654501;0;0
7.823;-78;-39.0625;0;0
7.832;-101;-11.46788990825688;0;0
7.84;-117;-16.778523489932887;0;0
7.849;-133;-16.89189189189189;0;0
7.857;-148;-15.290519877675841;0;0
7.866;-164;-8.389261744966444;0;0
7.875;-179;-20.74688796680498;0;0
7.883;-187;-58.8235294117647;0;0
7.892;-202;-34.96503496503497;0;0
7.901;-210;-8.237232289950576;0;0
7.91;-225;-13.550135501355014;0;0
7.918;-233;-18.867924528301888;0;0
7.927;-241;-6.802721088435374;0;0
7.936;-256;-11.312217194570136;0;0
7.944;-256;-5.720823798627002;0;0
7.953;-271;-5.470459518599562;0;0
7.961;-271;-5.376344086021505;0;0
7.97;-271;-3.57653791130186;0;0
7.978;-278;-24.271844660194176;0;0
7.987;-278;-7.374631268436578;0;0
7.996;-278;-4.363001745200698;0;0
8.004;-278;-3.1605562579013906;0;0
8.013;-278;-2.4330900243309004;0;0
8.022;-278;-2.0056157240272765;0;0
8.031;-271;11.764705882352942;0;0
8.039;-271;5.611672278338945;0;0
8.048;-263;3.6845983787767134;0;0
8.056;-256;33.11258278145695;0;0
8.065;-248;8.116883116883116;0;0
8.074;-241;26.041666666666668;0;0
8.082;-233;7.6923076923076925;0;0
8.091;-225;18.181818181818183;0;0
8.1;-210;25.906735751295336;0;0
8.109;-202;7.610350076103501;0;0
8.117;-187;15.576323987538942;0;0
8.125;-179;14.705882352941176;0;0
8.134;-164;21.367521367521366;0;0
8.143;-148;25.252525252525253;0;0
8.152;-133;119.04761904761905;0;0
8.16;-117;64.93506493506493;0;0
8.169;-109;9.31098696461825;0;0
8.178;-86;43.85964912280702;0;0
8.186;-70;73.52941176470588;0;0
8.195;-54;37.59398496240601;0;0
8.203;-39;51.54639175257732;0;0
8.213;-23;26.17801047120419;0;0
8.221;-7;38.46153846153846;0;0
8.23;7;40.65040650406504;0;0
8.239;23;73.52941176470588;0;0
8.247;39;34.01360544217687;0;0
8.255;54;49.01960784313726;0;0
8.265;70;33.78378378378378;0;0
8.273;86;98.03921568627452;0;0
8.282;94;10.16260162601626;0;0
8.29;109;11.990407673860911;0;0
8.299;125;14.970059880239521;0;0
8.308;133;14.925373134328359;0;0
8.316;148;78.125;0;0
8.325;164;10.16260162601626;0;0
8.333;171;8.650519031141869;0;0
8.342;179;32.467532467532465;0;0
8.351;187;7.788161993769471;0;0
8.36;195;14.285714285714286;0;0
8.368;202;6.226650062266501;0;0
8.377;210;16.077170418006432;0;0
8.385;218;6.578947368421052;0;0
8.394;225;58.13953488372093;0;0
8.402;225;9.469696969696969;0;0
8.412;225;4.921259842519685;0;0
8.42;225;3.4036759700476513;0;0
8.429;233;2.596053997923157;0;0
8.437;233;2.103491796381994;0;0
8.446;233;1.7642907551164433;0;0
8.454;225;-1.52114390021296;0;0
8.463;225;-1.335826876836762;0;0
8.472;225;-1.1887779362815025;0;0
8.481;225;-1.0713520462824084;0;0
8.489;218;-12.690355329949238;0;0
8.498;210;-5.91016548463357;0;0
8.506;202;-39.0625;0;0
8.515;195;-8.547008547008547;0;0
8.524;187;-98.03921568627452;0;0
8.532;179;-10.060362173038229;0;0
8.541;171;-17.54385964912281;0;0
8.55;164;-6.7114093959731544;0;0
8.559;148;-11.441647597254004;0;0
8.567;133;-15.772870662460567;0;0
8.576;125;-64.1025641025641;0;0
8.584;117;-9.505703422053232;0;0
8.593;101;-11.600928074245939;0;0
8.602;86;-17.73049645390071;0;0
8.61;70;-9.541984732824428;0;0
8.619;62;-8.250825082508252;0;0
8.628;47;-76.92307692307692;0;0
8.636;31;-10.526315789473685;0;0
8.645;15;-60.97560975609756;0;0
8.654;7;-8.976660682226212;0;0
8.662;-7;-13.66120218579235;0;0
8.671;-23;-13.157894736842104;0;0
8.68;-39;-7.886435331230284;0;0
8.688;-47;-32.05128205128205;0;0
8.697;-62;-9.22509225092251;0;0
8.706;-70;-10.526315789473685;0;0
8.714;-86;-10.799136069114471;0;0
8.723;-101;-19.23076923076923;0;0
8.731;-109;-25.906735751295336;0;0
8.74;-117;-7.610350076103501;0;0
8.749;-133;-6.142506142506143;0;0
8.758;-140;-32.89473684210526;0;0
8.766;-148;-8.635578583765112;0;0
8.775;-148;-4.780114722753346;0;0
8.783;-164;-4.258943781942079;0;0
8.792;-164;-6.119951040391677;0;0
8.801;-171;-12.88659793814433;0;0
8.81;-179;-5.834305717619603;0;0
8.818;-179;-3.8910505836575875;0;0
8.827;-179;-2.852253280091272;0;0
8.836;-187;-11.11111111111111;0;0
8.844;-195;-5.452562704471101;0;0
8.853;-195;-3.7147102526002973;0;0
8.861;-195;-2.7517886626307098;0;0
8.87;-195;-2.183406113537118;0;0
8.879;-195;-1.834862385321101;0;0
8.887;-187;1.563966218329684;0;0
8.896;-187;1.3646288209606987;0;0
8.904;-179;22.624434389140273;0;0
8.914;-179;6.954102920723226;0;0
8.922;-179;4.382120946538125;0;0
8.93;-171;3.1113876789047916;0;0
8.939;-164;2.182453077258839;0;0
8.948;-164;10.37344398340249;0;0
8.956;-156;5.5005500550055;0;0
8.965;-148;15.97444089456869;0;0
8.974;-148;6.443298969072165;0;0
8.983;-133;3.885003885003885;0;0
8.991;-125;10.526315789473685;0;0
9.0;-117;33.557046979865774;0;0
9.008;-117;8.756567425569177;0;0
9.017;-101;42.3728813559322;0;0
9.026;-86;68.4931506849315;0;0
9.034;-86;9.560229445506693;0;0
9.043;-70;36.496350364963504;0;0
9.052;-62;8.403361344537815;0;0
9.06;-54;12.5;0;0
9.069;-47;5.834305717619603;0;0
9.078;-31;10.660980810234541;0;0
9.087;-23;19.23076923076923;0;0
9.095;-15;6.934812760055478;0;0
9.104;-7;32.467532467532465;0;0
9.112;0;8.445945945945946;0;0
9.121;7;14.619883040935672;0;0
9.13;15;6.369426751592357;0;0
9.138;23;18.587360594795538;0;0
9.147;39;6.925207756232687;0;0
9.156;39;9.784735812133073;0;0
9.164;47;5.213764337851929;0;0
9.173;54;11.312217194570136;0;0
9.181;70;121.95121951219512;0;0
9.19;70;9.652509652509652;0;0
9.199;78;5.186721991701245;0;0
9.208;86;26.31578947368421;0;0
9.216;86;7.874015748031496;0;0
9.225;94;4.608294930875576;0;0
9.233;101;16.025641025641026;0;0
9.242;101;6.544502617801047;0;0
9.251;109;4.0;0;0
9.26;109;2.9291154071470418;0;0
9.268;117;15.873015873015873;0;0
9.277;117;6.544502617801047;0;0
9.285;117;4.122011541632316;0;0
9.294;117;2.9940119760479043;0;0
9.303;125;2.3507287259050305;0;0
9.311;125;1.937984496124031;0;0
9.32;125;1.6297262059973925;0;0
9.329;125;1.4196479273140261;0;0
9.337;125;1.2588116817724069;0;0
9.346;117;-1.1296882060551288;0;0
9.355;117;-1.0235414534288638;0;0
9.363;117;-0.9356287425149701;0;0
9.372;117;-0.8608815426997245;0;0
9.381;109;-15.290519877675841;0;0
9.389;101;-1.1630611770179111;0;0
9.398;101;-4.016064257028113;0;0
9.407;101;-2.9342723004694835;0;0
9.415;94;-23.58490566037736;0;0
9.424;86;-7.485029940119761;0;0
9.433;86;-4.47227191413238;0;0
9.441;78;-20.32520325203252;0;0
9.45;70;-7.183908045977011;0;0
9.458;70;-4.382120946538125;0;0
9.467;62;-24.03846153846154;0;0
9.476;54;-7.575757575757576;0;0
9.485;47;-20.491803278688526;0;0
9.493;39;-7.194244604316546;0;0
9.502;31;-73.52941176470588;0;0
9.511;23;-9.025270758122744;0;0
9.519;15;-18.726591760299627;0;0
9.528;7;-7.042253521126761;0;0
9.537;0;-4.897159647404505;0;0
9.545;-7;-11.600928074245939;0;0
9.554;-15;-4.887585532746823;0;0
9.562;-23;-5.422993492407809;0;0
9.571;-23;-5.470459518599562;0;0
9.58;-31;-4.336513443191674;0;0
9.588;-39;-10.395010395010395;0;0
9.597;-39;-5.324813631522897;0;0
9.606;-47;-13.227513227513228;0;0
9.615;-54;-5.959475566150179;0;0
9.623;-54;-3.9556962025316458;0;0
9.632;-54;-2.881844380403458;0;0
9.64;-62;-16.556291390728475;0;0
9.649;-62;-6.544502617801047;0;0
9.658;-70;-4.095004095004095;0;0
9.666;-70;-2.960331557134399;0;0
9.675;-70;-2.3223409196470044;0;0
9.683;-70;-1.9372336303758233;0;0
9.692;-70;-1.6388069485414618;0;0
9.701;-70;-1.4216661927779357;0;0
9.71;-70;-1.2556504269211453;0;0
9.718;-70;-1.1335298118340513;0;0
9.727;-70;-1.0245901639344261;0;0
9.736;-70;-0.9349289454001496;0;0
9.744;-70;-0.8653513326410522;0;0
9.753;-70;-0.8007687379884689;0;0
9.761;-70;-0.7449344457687723;0;0
9.77;-70;-0.6962818548948614;0;0
9.779;-62;0.6541933795629988;0;0
9.788;-62;0.6172077521293667;0;0
9.796;-62;0.5838393274170948;0;0
9.805;-62;0.554139421478444;0;0
9.814;-62;0.5273705305347537;0;0
9.822;-62;0.503068719187041;0;0
9.831;-62;0.4807692307692308;0;0
9.839;-62;0.46172315079878107;0;0
9.848;-62;0.44251703690592087;0;0
9.857;-62;0.42506163393692087;0;0
9.866;-62;0.4088307440719542;0;0
9.874;-62;0.3950071101279823;0;0
9.882;-62;0.38109756097560976;0;0
9.891;-62;0.3680259090239953;0;0
9.9;-62;0.35589721688376397;0;0
9.909;-62;0.3444237790177034;0;0
9.917;-62;0.33375609104866166;0;0
9.926;-62;0.3245067497403946;0;0
9.934;-62;0.315059861373661;0;0
9.943;-62;0.30616618700630704;0;0
9.952;-62;0.2976899261728983;0;0
9.96;-62;0.289636795458495;0;0
9.969;-62;0.2820715333408552;0;0
9.978;-62;0.274830978947947;0;0
9.987;-62;0.2679959264619178;0;0
9.995;-62;0.2620407735443635;0;0
10.004;-62;0.255780642520974;0;0
10.012;-62;0.24978768047159913;0;0
10.021;-62;0.24398575123212804;0;0
10.029;-62;0.23896004588032882;0;0
10.038;-62;0.2337322363500374;0;0
10.047;-62;0.228675966155957;0;0
10.055;-62;0.22424541418128;0;0
10.064;-62;0.21962575770886408;0;0
10.073;-62;0.21517407582734432;0;0
10.081;-62;0.21121108435770708;0;0
10.09;-62;0.20707363538474283;0;0
10.099;-62;0.20340086241965666;0;0
10.108;-62;0.19956893110880497;0;0
10.116;-62;0.19587871190159054;0;0
10.125;-62;0.19264853201818602;0;0
10.133;-62;0.18919327985469955;0;0
10.142;-62;0.1858874265744665;0;0
10.151;-62;0.18292906011048915;0;0
10.159;-62;0.17983670826889184;0;0
10.168;-62;0.17685342388228636;0;0
10.176;-62;0.1742099578411902;0;0
10.185;-62;0.1713913550200528;0;0
10.194;-62;0.16866250632484397;0;0
10.203;-62;0.16622893048306128;0;0
10.212;-62;0.16365005073151573;0;0
10.22;-62;0.1611707442864971;0;0
10.229;-62;0.1589622941438291;0;0
10.238;-62;0.15661216563302638;0;0
10.246;-62;0.1543448062972681;0;0
10.254;-62;-0.15286312635666024;0;0
10.263;-62;-0.1551012811365822;0;0
10.272;-62;-0.15742081732888358;0;0
10.281;-62;-0.1596169193934557;0;0
10.289;-62;-0.1620693008330362;0;0
10.298;-62;-0.16438176019988823;0;0
10.307;-62;-0.16697835960459526;0;0
10.315;-62;-0.16965830816735095;0;0
10.324;-62;-0.17221782110012746;0;0
10.333;-62;-0.17507002801120447;0;0
10.342;-62;-0.17802463860998363;0;0
10.35;-62;-0.1808122084403139;0;0
10.359;-62;-0.1839858698851928;0;0
10.367;-62;-0.18699977560026929;0;0
10.376;-62;-0.19038190610364392;0;0
10.384;-62;-0.1936108422071636;0;0
10.393;-62;-0.1972308784663327;0;0
10.402;-62;-0.20074677801421287;0;0
10.41;-62;-0.20464963981663392;0;0
10.419;-62;-0.20837674515524068;0;0
10.428;-62;-0.21260311250956715;0;0
10.436;-62;-0.21664716842150872;0;0
10.445;-62;-0.22120957395036056;0;0
10.454;-62;-0.22597848684805208;0;0
10.462;-62;-0.23055286577212156;0;0
10.471;-62;-0.23571563266075807;0;0
10.48;-62;-0.2406970586819429;0;0
10.489;-62;-0.24634182391486426;0;0
10.497;-62;-0.25173698519786525;0;0
10.506;-62;-0.25791808521613535;0;0
10.515;-62;-0.26439638305747976;0;0
10.523;-62;-0.27065064414853307;0;0
10.532;-62;-0.277808645405045;0;0
10.54;-62;-0.2846894038603883;0;0
10.549;-62;-0.292654375182909;0;0
10.557;-62;-0.30031833743768394;0;0
10.566;-62;-0.3091572373709269;0;0
10.575;-62;-0.31851191234552173;0;0
10.583;-62;-0.32758959575443886;0;0
10.592;-62;-0.338089120292109;0;0
10.601;-62;-0.34923517496682266;0;0
10.609;-62;-0.36025650262987247;0;0
10.618;-62;-0.37302297821545805;0;0
10.627;-62;-0.38574294090418143;0;0
10.636;-62;-0.4004485023226013;0;0
10.644;-62;-0.414868901427149;0;0
10.653;-62;-0.4318908180012093;0;0
10.662;-62;-0.4503693028283192;0;0
10.67;-62;-0.46886721680420107;0;0
10.679;-62;-0.49077345897133884;0;0
10.687;-62;-0.5126102111954071;0;0
10.696;-62;-0.5385609651012495;0;0
10.705;-62;-0.5672793283412753;0;0
10.713;-62;-0.5965875193890944;0;0
10.722;-62;-0.6317119393556538;0;0
10.73;-62;-0.6713211600429646;0;0
10.739;-62;-0.7164350193437455;0;0
10.748;-62;-0.7679311933650745;0;0
10.756;-62;-0.8229098090849243;0;0
10.765;-62;-0.8923790826343031;0;0
10.774;-62;-0.9738994935722634;0;0
10.782;-62;-1.0629251700680271;0;0
10.791;-62;-1.1809163911195086;0;0
10.8;-62;-1.3290802764486975;0;0
10.809;-62;-1.5183723048891589;0;0
10.817;-62;-1.7458100558659218;0;0
10.826;-62;-2.092050209205021;0;0
10.835;-62;-2.6109660574412534;0;0
10.843;-62;-3.3647375504710633;0;0
10.852;-62;-4.935834155972359;0;0
10.86;-62;-8.650519031141869;0;0
10.869;-62;-46.728971962616825;0;0
10.878;-62;13.736263736263735;0;0