t;e;d;i;set

0.674;0;0;0;0
0.679;0;0;0;0
0.684;0;0;0;0
0.689;0;0;0;0
0.694;0;0;0;0
0.699;0;0;0;0
0.704;0;0;0;0
0.709;0;0;0;0
0.714;0;0;0;0
0.719;0;0;0;0
0.724;0;0;0;0
0.729;0;0;0;0
0.734;0;0;0;0
0.739;0;0;0;0
0.744;0;0;0;0
0.749;0;0;0;0
0.754;0;0;0;0
0.759;0;0;0;0
0.764;0;0;0;0
0.769;0;0;0;0
0.774;0;0;0;0
0.779;0;0;0;0
0.784;0;0;0;0
0.789;0;0;0;0
0.794;0;0;0;0
0.799;0;0;0;0
0.804;0;0;0;0
0.809;0;0;0;0
0.814;0;0;0;0
0.819;0;0;0;0
0.824;0;0;0;0
0.829;0;0;0;0
0.834;0;0;0;0
0.839;0;0;0;0
0.844;0;0;0;0
0.849;0;0;0;0
0.854;0;0;0;0
0.859;0;0;0;0
0.864;0;0;0;0
0.869;0;0;0;0
0.874;0;0;0;0
0.879;0;0;0;0
0.884;0;0;0;0
0.889;0;0;0;0
0.894;0;0;0;0
0.899;0;0;0;0
0.904;0;0;0;0
0.909;0;0;0;0
0.914;0;0;0;0
0.919;0;0;0;0
0.924;0;0;0;0
0.929;0;0;0;0
0.934;0;0;0;0
0.939;0;0;0;0
0.944;0;0;0;0
0.949;0;0;0;0
0.954;0;0;0;0
0.959;0;0;0;0
0.964;15;0;0;0
0.969;31;1;0;0
0.974;70;12;0;0
0.979;101;24;0;0
0.984;133;30;0;0
0.989;179;37;0;0
0.994;225;46;0;0
0.999;271;49;0;0
1.004;316;53;0;0
1.009;375;61;0;0
1.014;425;63;0;0
1.019;467;64;0;0
1.024;515;66;0;0
1.029;562;68;0;0
1.034;594;65;0;0
1.039;625;60;0;0
1.044;655;56;0;0
1.049;690;54;0;0
1.054;712;53;0;0
1.059;728;48;0;0
1.064;744;43;0;0
1.069;760;39;0;0
1.074;775;36;0;0
1.079;790;34;0;0
1.084;794;30;0;0
1.089;799;28;0;0
1.094;804;25;0;0
1.099;804;22;0;0
1.104;804;19;0;0
1.109;799;13;0;0
1.114;794;5;0;0
1.119;790;1;0;0
1.124;775;-2;0;0
1.129;765;-8;0;0
1.134;750;-20;0;0
1.139;734;-24;0;0
1.144;712;-28;0;0
1.149;684;-34;0;0
1.154;655;-39;0;0
1.159;625;-41;0;0
1.164;594;-45;0;0
1.169;555;-49;0;0
1.174;515;-50;0;0
1.179;474;-55;0;0
1.184;425;-59;0;0
1.189;375;-63;0;0
1.194;316;-68;0;0
1.199;263;-69;0;0
1.204;210;-71;0;0
1.209;148;-72;0;0
1.214;86;-73;0;0
1.219;31;-74;0;0
1.224;-31;-77;0;0
1.229;-86;-75;0;0
1.234;-156;-79;0;0
1.239;-210;-76;0;0
1.244;-263;-74;0;0
1.249;-316;-75;0;0
1.254;-368;-73;0;0
1.259;-418;-71;0;0
1.264;-460;-70;0;0
1.269;-502;-67;0;0
1.274;-542;-65;0;0
1.279;-575;-61;0;0
1.284;-606;-58;0;0
1.289;-637;-56;0;0
1.294;-661;-54;0;0
1.299;-678;-47;0;0
1.304;-707;-45;0;0
1.309;-723;-43;0;0
1.314;-734;-55;0;0
1.319;-744;-44;0;0
1.324;-760;-36;0;0
1.329;-765;-31;0;0
1.334;-765;-27;0;0
1.339;-770;-25;0;0
1.344;-770;-23;0;0
1.349;-765;-5;0;0
1.354;-760;4;0;0
1.359;-750;5;0;0
1.364;-744;7;0;0
1.369;-728;10;0;0
1.374;-712;14;0;0
1.379;-695;19;0;0
1.384;-667;38;0;0
1.389;-649;40;0;0
1.394;-625;39;0;0
1.399;-587;42;0;0
1.404;-555;47;0;0
1.409;-522;46;0;0
1.414;-488;51;0;0
1.419;-446;52;0;0
1.424;-404;56;0;0
1.429;-360;55;0;0
1.434;-309;59;0;0
1.439;-256;62;0;0
1.444;-210;62;0;0
1.449;-148;75;0;0
1.454;-94;75;0;0
1.459;-39;71;0;0
1.464;15;74;0;0
1.469;70;72;0;0
1.474;125;71;0;0
1.479;179;71;0;0
1.484;233;72;0;0
1.489;286;69;0;0
1.494;323;66;0;0
1.499;375;64;0;0
1.504;418;65;0;0
1.509;460;64;0;0
1.514;502;63;0;0
1.519;535;59;0;0
1.524;562;55;0;0
1.529;594;50;0;0
1.534;619;47;0;0
1.539;643;45;0;0
1.544;661;43;0;0
1.549;678;40;0;0
1.554;690;35;0;0
1.559;701;32;0;0
1.564;712;28;0;0
1.569;718;25;0;0
1.574;723;22;0;0
1.579;723;20;0;0
1.584;723;18;0;0
1.589;723;17;0;0
1.594;718;9;0;0
1.599;712;3;0;0
1.604;701;0;0;0
1.609;690;-5;0;0
1.614;673;-10;0;0
1.619;655;-15;0;0
1.624;631;-20;0;0
1.629;612;-25;0;0
1.634;587;-30;0;0
1.639;555;-34;0;0
1.644;529;-47;0;0
1.649;488;-47;0;0
1.654;453;-49;0;0
1.659;418;-52;0;0
1.664;375;-54;0;0
1.669;323;-57;0;0
1.674;278;-64;0;0
1.679;225;-64;0;0
1.684;179;-65;0;0
1.689;133;-63;0;0
1.694;78;-65;0;0
1.699;23;-66;0;0
1.704;-31;-68;0;0
1.709;-78;-65;0;0
1.714;-140;-69;0;0
1.719;-179;-66;0;0
1.724;-233;-65;0;0
1.729;-278;-66;0;0
1.734;-323;-62;0;0
1.739;-360;-60;0;0
1.744;-411;-61;0;0
1.749;-446;-59;0;0
1.754;-474;-55;0;0
1.759;-509;-54;0;0
1.764;-542;-58;0;0
1.769;-568;-53;0;0
1.774;-587;-49;0;0
1.779;-606;-44;0;0
1.784;-631;-41;0;0
1.789;-643;-39;0;0
1.794;-655;-34;0;0
1.799;-667;-29;0;0
1.804;-678;-25;0;0
1.809;-678;-24;0;0
1.814;-684;-23;0;0
1.819;-684;-22;0;0
1.824;-684;-22;0;0
1.829;-678;-11;0;0
1.834;-673;-3;0;0
1.839;-667;0;0;0
1.844;-655;3;0;0
1.849;-643;8;0;0
1.854;-625;12;0;0
1.859;-606;16;0;0
1.864;-581;23;0;0
1.869;-555;28;0;0
1.874;-529;31;0;0
1.879;-502;33;0;0
1.884;-474;36;0;0
1.889;-439;41;0;0
1.894;-404;51;0;0
1.899;-368;51;0;0
1.904;-331;50;0;0
1.909;-286;54;0;0
1.914;-241;55;0;0
1.919;-195;55;0;0
1.924;-148;58;0;0
1.929;-101;61;0;0
1.934;-54;59;0;0
1.939;0;62;0;0
1.944;47;62;0;0
1.949;94;61;0;0
1.954;140;61;0;0
1.959;187;60;0;0
1.964;233;60;0;0
1.969;271;65;0;0
1.974;316;60;0;0
1.979;353;58;0;0
1.984;389;56;0;0
1.989;425;53;0;0
1.994;460;52;0;0
1.999;488;51;0;0
2.004;515;48;0;0
2.009;542;45;0;0
2.014;568;41;0;0
2.019;581;38;0;0
2.024;600;36;0;0
2.029;612;32;0;0
2.034;625;29;0;0
2.039;631;26;0;0
2.044;643;22;0;0
2.049;643;19;0;0
2.054;643;17;0;0
2.059;649;16;0;0
2.064;643;8;0;0
2.069;643;3;0;0
2.074;631;-3;0;0
2.079;625;-4;0;0
2.084;612;-6;0;0
2.089;594;-10;0;0
2.094;581;-15;0;0
2.099;562;-24;0;0
2.104;542;-25;0;0
2.109;515;-28;0;0
2.114;488;-31;0;0
2.119;460;-34;0;0
2.124;432;-37;0;0
2.129;397;-41;0;0
2.134;353;-44;0;0
2.139;316;-47;0;0
2.144;278;-55;0;0
2.149;233;-55;0;0
2.154;195;-55;0;0
2.159;148;-56;0;0
2.164;101;-56;0;0
2.169;54;-58;0;0
2.174;7;-58;0;0
2.179;-31;-60;0;0
2.184;-78;-57;0;0
2.189;-133;-62;0;0
2.194;-164;-59;0;0
2.199;-210;-57;0;0
2.204;-256;-59;0;0
2.209;-286;-55;0;0
2.214;-331;-53;0;0
2.219;-360;-52;0;0
2.224;-397;-52;0;0
2.229;-425;-49;0;0
2.234;-453;-46;0;0
2.239;-481;-44;0;0
2.244;-502;-41;0;0
2.249;-529;-38;0;0
2.254;-542;-36;0;0
2.259;-562;-33;0;0
2.264;-575;-30;0;0
2.269;-581;-27;0;0
2.274;-594;-29;0;0
2.279;-600;-30;0;0
2.284;-606;-25;0;0
2.289;-606;-21;0;0
2.294;-606;-19;0;0
2.299;-606;-17;0;0
2.304;-600;-12;0;0
2.309;-594;-6;0;0
2.314;-581;3;0;0
2.319;-568;8;0;0
2.324;-555;10;0;0
2.329;-542;13;0;0
2.334;-529;16;0;0
2.339;-502;26;0;0
2.344;-481;28;0;0
2.349;-460;31;0;0
2.354;-432;32;0;0
2.359;-404;34;0;0
2.364;-375;36;0;0
2.369;-338;37;0;0
2.374;-301;40;0;0
2.379;-271;43;0;0
2.384;-233;45;0;0
2.389;-195;46;0;0
2.394;-148;50;0;0
2.399;-109;52;0;0
2.404;-70;52;0;0
2.409;-23;53;0;0
2.414;15;54;0;0
2.419;54;62;0;0
2.424;101;61;0;0
2.429;140;59;0;0
2.434;179;54;0;0
2.439;225;55;0;0
2.444;256;54;0;0
2.449;286;48;0;0
2.454;323;47;0;0
2.459;360;48;0;0
2.464;389;47;0;0
2.469;411;44;0;0
2.474;432;40;0;0
2.479;460;37;0;0
2.484;481;35;0;0
2.489;502;36;0;0
2.494;522;34;0;0
2.499;535;32;0;0
2.504;542;28;0;0
2.509;549;25;0;0
2.514;555;21;0;0
2.519;562;18;0;0
2.524;568;15;0;0
2.529;568;14;0;0
2.534;568;13;0;0
2.539;562;7;0;0
2.544;555;1;0;0
2.549;542;0;0;0
2.554;542;-2;0;0
2.559;522;-5;0;0
2.564;515;-9;0;0
2.569;488;-13;0;0
2.574;474;-18;0;0
2.579;453;-22;0;0
2.584;432;-24;0;0
2.589;404;-27;0;0
2.594;375;-30;0;0
2.599;346;-33;0;0
2.604;316;-36;0;0
2.609;278;-39;0;0
2.614;241;-42;0;0
2.619;210;-43;0;0
2.624;171;-43;0;0
2.629;133;-44;0;0
2.634;101;-46;0;0
2.639;54;-49;0;0
2.644;15;-48;0;0
2.649;-23;-48;0;0
2.654;-54;-50;0;0
2.659;-101;-50;0;0
2.664;-140;-52;0;0
2.669;-179;-49;0;0
2.674;-210;-47;0;0
2.679;-248;-52;0;0
2.684;-278;-49;0;0
2.689;-309;-45;0;0
2.694;-338;-43;0;0
2.699;-368;-43;0;0
2.704;-389;-40;0;0
2.709;-418;-46;0;0
2.714;-432;-42;0;0
2.719;-453;-37;0;0
2.724;-474;-33;0;0
2.729;-488;-31;0;0
2.734;-502;-27;0;0
2.739;-509;-25;0;0
2.744;-515;-23;0;0
2.749;-522;-20;0;0
2.754;-529;-18;0;0
2.759;-529;-16;0;0
2.764;-529;-14;0;0
2.769;-522;-10;0;0
2.774;-515;-4;0;0
2.779;-509;0;0;0
2.784;-502;1;0;0
2.789;-488;3;0;0
2.794;-474;7;0;0
2.799;-460;11;0;0
2.804;-446;14;0;0
2.809;-425;18;0;0
2.814;-411;21;0;0
2.819;-389;23;0;0
2.824;-360;25;0;0
2.829;-338;28;0;0
2.834;-309;31;0;0
2.839;-278;33;0;0
2.844;-248;35;0;0
2.849;-218;37;0;0
2.854;-179;38;0;0
2.859;-148;43;0;0
2.864;-117;43;0;0
2.869;-78;42;0;0
2.874;-31;47;0;0
2.879;-7;47;0;0
2.884;31;44;0;0
2.889;70;46;0;0
2.894;101;46;0;0
2.899;133;45;0;0
2.904;171;44;0;0
2.909;210;46;0;0
2.914;241;46;0;0
2.919;256;43;0;0
2.924;286;38;0;0
2.929;316;40;0;0
2.934;346;40;0;0
2.939;368;38;0;0
2.944;382;35;0;0
2.949;404;31;0;0
2.954;425;29;0;0
2.959;439;29;0;0
2.964;460;27;0;0
2.969;460;26;0;0
2.974;474;24;0;0
2.979;481;20;0;0
2.984;488;18;0;0
2.989;488;16;0;0
2.994;488;14;0;0
2.999;488;14;0;0
3.004;488;13;0;0
3.009;481;9;0;0
3.014;474;3;0;0
3.019;460;0;0;0
3.024;453;-2;0;0
3.029;439;-5;0;0
3.034;432;-9;0;0
3.039;411;-12;0;0
3.044;389;-16;0;0
3.049;368;-20;0;0
3.054;346;-23;0;0
3.059;323;-26;0;0
3.064;301;-27;0;0
3.069;271;-29;0;0
3.074;241;-32;0;0
3.079;210;-35;0;0
3.084;187;-37;0;0
3.089;156;-36;0;0
3.094;125;-38;0;0
3.099;86;-40;0;0
3.104;54;-42;0;0
3.109;23;-41;0;0
3.114;-15;-41;0;0
3.119;-47;-43;0;0
3.124;-78;-41;0;0
3.129;-117;-44;0;0
3.134;-140;-43;0;0
3.139;-171;-40;0;0
3.144;-210;-41;0;0
3.149;-233;-42;0;0
3.154;-256;-40;0;0
3.159;-278;-46;0;0
3.164;-309;-43;0;0
3.169;-331;-39;0;0
3.174;-353;-35;0;0
3.179;-368;-33;0;0
3.184;-389;-31;0;0
3.189;-404;-29;0;0
3.194;-418;-26;0;0
3.199;-425;-24;0;0
3.204;-432;-22;0;0
3.209;-439;-19;0;0
3.214;-446;-17;0;0
3.219;-446;-16;0;0
3.224;-446;-15;0;0
3.229;-446;-14;0;0
3.234;-446;-14;0;0
3.239;-446;-14;0;0
3.244;-439;-7;0;0
3.249;-432;-3;0;0
3.254;-418;2;0;0
3.259;-411;7;0;0
3.264;-397;10;0;0
3.269;-382;17;0;0
3.274;-360;22;0;0
3.279;-346;26;0;0
3.284;-323;25;0;0
3.289;-301;26;0;0
3.294;-278;27;0;0
3.299;-256;30;0;0
3.304;-233;31;0;0
3.309;-210;40;0;0
3.314;-179;39;0;0
3.319;-148;39;0;0
3.324;-117;38;0;0
3.329;-86;37;0;0
3.334;-54;39;0;0
3.339;-23;40;0;0
3.344;7;38;0;0
3.349;39;38;0;0
3.354;70;39;0;0
3.359;101;39;0;0
3.364;125;39;0;0
3.369;148;37;0;0
3.374;179;38;0;0
3.379;210;39;0;0
3.384;233;38;0;0
3.389;256;34;0;0
3.394;271;31;0;0
3.399;294;31;0;0
3.404;316;30;0;0
3.409;338;29;0;0
3.414;353;28;0;0
3.419;368;26;0;0
3.424;375;23;0;0
3.429;389;22;0;0
3.434;397;19;0;0
3.439;404;18;0;0
3.444;411;17;0;0
3.449;418;16;0;0
3.454;418;15;0;0
3.459;418;14;0;0
3.464;418;13;0;0
3.469;411;10;0;0
3.474;404;4;0;0
3.479;404;0;0;0
3.484;389;-1;0;0
3.489;375;-3;0;0
3.494;368;-6;0;0
3.499;353;-9;0;0
3.504;346;-11;0;0
3.509;323;-14;0;0
3.514;309;-16;0;0
3.519;286;-19;0;0
3.524;263;-21;0;0
3.529;241;-25;0;0
3.534;225;-26;0;0
3.539;195;-27;0;0
3.544;171;-28;0;0
3.549;148;-30;0;0
3.554;117;-32;0;0
3.559;86;-34;0;0
3.564;70;-32;0;0
3.569;39;-33;0;0
3.574;0;-36;0;0
3.579;-23;-36;0;0
3.584;-47;-34;0;0
3.589;-86;-34;0;0
3.594;-109;-36;0;0
3.599;-133;-37;0;0
3.604;-156;-35;0;0
3.609;-179;-33;0;0
3.614;-210;-32;0;0
3.619;-233;-33;0;0
3.624;-248;-32;0;0
3.629;-271;-29;0;0
3.634;-286;-28;0;0
3.639;-309;-32;0;0
3.644;-323;-31;0;0
3.649;-331;-28;0;0
3.654;-346;-25;0;0
3.659;-360;-25;0;0
3.664;-368;-28;0;0
3.669;-375;-26;0;0
3.674;-382;-22;0;0
3.679;-389;-18;0;0
3.684;-389;-15;0;0
3.689;-389;-14;0;0
3.694;-389;-12;0;0
3.699;-389;-12;0;0
3.704;-382;-5;0;0
3.709;-375;-1;0;0
3.714;-368;0;0;0
3.719;-360;1;0;0
3.724;-346;4;0;0
3.729;-338;6;0;0
3.734;-323;9;0;0
3.739;-309;15;0;0
3.744;-294;25;0;0
3.749;-271;31;0;0
3.754;-256;31;0;0
3.759;-241;28;0;0
3.764;-210;26;0;0
3.769;-195;27;0;0
3.774;-164;28;0;0
3.779;-148;30;0;0
3.784;-117;29;0;0
3.789;-94;29;0;0
3.794;-70;31;0;0
3.799;-39;33;0;0
3.804;-15;32;0;0
3.809;7;31;0;0
3.814;39;31;0;0
3.819;62;33;0;0
3.824;86;34;0;0
3.829;101;32;0;0
3.834;133;37;0;0
3.839;156;37;0;0
3.844;179;35;0;0
3.849;195;34;0;0
3.854;218;31;0;0
3.859;233;29;0;0
3.864;256;26;0;0
3.869;271;25;0;0
3.874;286;23;0;0
3.879;301;23;0;0
3.884;316;21;0;0
3.889;323;20;0;0
3.894;331;19;0;0
3.899;338;17;0;0
3.904;346;16;0;0
3.909;346;15;0;0
3.914;346;14;0;0
3.919;353;14;0;0
3.924;353;14;0;0
3.929;346;9;0;0
3.934;346;4;0;0
3.939;346;0;0;0
3.944;338;-3;0;0
3.949;331;-3;0;0
3.954;316;-4;0;0
3.959;309;-5;0;0
3.964;294;-8;0;0
3.969;286;-11;0;0
3.974;263;-13;0;0
3.979;248;-15;0;0
3.984;233;-17;0;0
3.989;218;-19;0;0
3.994;195;-19;0;0
3.999;179;-20;0;0
4.004;156;-22;0;0
4.009;133;-25;0;0
4.014;109;-27;0;0
4.019;86;-28;0;0
4.024;70;-27;0;0
4.029;39;-27;0;0
4.034;15;-29;0;0
4.039;-7;-31;0;0
4.044;-23;-37;0;0
4.049;-54;-34;0;0
4.054;-78;-33;0;0
4.059;-101;-33;0;0
4.064;-117;-31;0;0
4.069;-140;-30;0;0
4.074;-164;-30;0;0
4.079;-179;-27;0;0
4.084;-202;-27;0;0
4.089;-218;-27;0;0
4.094;-233;-26;0;0
4.099;-248;-24;0;0
4.104;-263;-22;0;0
4.109;-271;-21;0;0
4.114;-286;-20;0;0
4.119;-301;-18;0;0
4.124;-301;-17;0;0
4.129;-309;-17;0;0
4.134;-316;-23;0;0
4.139;-323;-22;0;0
4.144;-323;-20;0;0
4.149;-323;-19;0;0
4.154;-323;-19;0;0
4.159;-323;-18;0;0
4.164;-323;-18;0;0
4.169;-316;-12;0;0
4.174;-309;-5;0;0
4.179;-301;-2;0;0
4.184;-301;0;0;0
4.189;-286;1;0;0
4.194;-271;4;0;0
4.199;-263;8;0;0
4.204;-248;10;0;0
4.209;-241;11;0;0
4.214;-225;13;0;0
4.219;-210;15;0;0
4.224;-187;17;0;0
4.229;-171;21;0;0
4.234;-148;22;0;0
4.239;-133;22;0;0
4.244;-117;23;0;0
4.249;-94;22;0;0
4.254;-70;24;0;0
4.259;-47;26;0;0
4.264;-23;33;0;0
4.269;-7;33;0;0
4.274;7;31;0;0
4.279;39;28;0;0
4.284;62;29;0;0
4.289;78;30;0;0
4.294;101;32;0;0
4.299;117;32;0;0
4.304;133;29;0;0
4.309;148;27;0;0
4.314;171;26;0;0
4.319;187;29;0;0
4.324;202;34;0;0
4.329;210;29;0;0
4.334;225;25;0;0
4.339;241;23;0;0
4.344;248;20;0;0
4.349;256;18;0;0
4.354;263;22;0;0
4.359;271;21;0;0
4.364;278;21;0;0
4.369;286;20;0;0
4.374;286;20;0;0
4.379;286;20;0;0
4.384;286;20;0;0
4.389;286;20;0;0
4.394;286;20;0;0
4.399;286;20;0;0
4.404;278;6;0;0
4.409;271;-2;0;0
4.414;263;-5;0;0
4.419;256;-5;0;0
4.424;248;-6;0;0
4.429;233;-7;0;0
4.434;225;-9;0;0
4.439;210;-10;0;0
4.444;202;-11;0;0
4.449;187;-12;0;0
4.454;164;-14;0;0
4.459;148;-17;0;0
4.464;133;-18;0;0
4.469;117;-19;0;0
4.474;101;-20;0;0
4.479;78;-21;0;0
4.484;70;-22;0;0
4.489;39;-22;0;0
4.494;23;-23;0;0
4.499;7;-24;0;0
4.504;-15;-25;0;0
4.509;-31;-24;0;0
4.514;-54;-23;0;0
4.519;-70;-23;0;0
4.524;-86;-23;0;0
4.529;-109;-23;0;0
4.534;-125;-25;0;0
4.539;-140;-24;0;0
4.544;-156;-22;0;0
4.549;-171;-21;0;0
4.554;-179;-20;0;0
4.559;-195;-19;0;0
4.564;-210;-21;0;0
4.569;-218;-26;0;0
4.574;-233;-23;0;0
4.579;-241;-19;0;0
4.584;-241;-17;0;0
4.589;-248;-16;0;0
4.594;-256;-18;0;0
4.599;-256;-20;0;0
4.604;-263;-18;0;0
4.609;-263;-17;0;0
4.614;-263;-16;0;0
4.619;-263;-16;0;0
4.624;-263;-15;0;0
4.629;-256;-9;0;0
4.634;-256;-1;0;0
4.639;-248;0;0;0
4.644;-241;1;0;0
4.649;-241;2;0;0
4.654;-225;3;0;0
4.659;-218;4;0;0
4.664;-210;6;0;0
4.669;-195;8;0;0
4.674;-179;10;0;0
4.679;-171;13;0;0
4.684;-148;14;0;0
4.689;-140;15;0;0
4.694;-125;16;0;0
4.699;-117;16;0;0
4.704;-101;22;0;0
4.709;-78;21;0;0
4.714;-54;28;0;0
4.719;-39;34;0;0
4.724;-23;29;0;0
4.729;-15;27;0;0
4.734;7;28;0;0
4.739;23;28;0;0
4.744;39;26;0;0
4.749;54;25;0;0
4.754;70;23;0;0
4.759;86;23;0;0
4.764;101;21;0;0
4.769;117;20;0;0
4.774;133;19;0;0
4.779;140;18;0;0
4.784;156;18;0;0
4.789;164;17;0;0
4.794;179;24;0;0
4.799;187;24;0;0
4.804;195;20;0;0
4.809;202;18;0;0
4.814;210;16;0;0
4.819;218;14;0;0
4.824;225;12;0;0
4.829;225;11;0;0
4.834;225;11;0;0
4.839;225;10;0;0
4.844;225;10;0;0
4.849;225;10;0;0
4.854;225;10;0;0
4.859;225;10;0;0
4.864;225;10;0;0
4.869;218;4;0;0
4.874;210;-3;0;0
4.879;202;-8;0;0
4.884;195;-7;0;0
4.889;187;-6;0;0
4.894;179;-7;0;0
4.899;164;-8;0;0
4.904;164;-9;0;0
4.909;148;-10;0;0
4.914;133;-14;0;0
4.919;117;-18;0;0
4.924;101;-17;0;0
4.929;94;-17;0;0
4.934;78;-17;0;0
4.939;70;-17;0;0
4.944;54;-17;0;0
4.949;39;-17;0;0
4.954;23;-18;0;0
4.959;7;-19;0;0
4.964;-7;-20;0;0
4.969;-23;-19;0;0
4.974;-31;-19;0;0
4.979;-54;-18;0;0
4.984;-62;-18;0;0
4.989;-78;-17;0;0
4.994;-94;-18;0;0
4.999;-109;-18;0;0
5.004;-117;-18;0;0
5.009;-133;-18;0;0
5.014;-140;-17;0;0
5.019;-148;-15;0;0
5.024;-156;-15;0;0
5.029;-164;-14;0;0
5.034;-171;-13;0;0
5.039;-179;-15;0;0
5.044;-187;-17;0;0
5.049;-195;-17;0;0
5.054;-195;-14;0;0
5.059;-202;-12;0;0
5.064;-202;-10;0;0
5.069;-202;-9;0;0
5.074;-202;-9;0;0
5.079;-202;-8;0;0
5.084;-202;-8;0;0
5.089;-202;-8;0;0
5.094;-195;-3;0;0
5.099;-187;0;0;0
5.104;-187;1;0;0
5.109;-179;1;0;0
5.114;-179;2;0;0
5.119;-171;3;0;0
5.124;-156;6;0;0
5.129;-148;6;0;0
5.134;-148;7;0;0
5.139;-133;8;0;0
5.144;-125;8;0;0
5.149;-117;9;0;0
5.154;-101;14;0;0
5.159;-86;15;0;0
5.164;-78;15;0;0
5.169;-62;18;0;0
5.174;-54;23;0;0
5.179;-39;26;0;0
5.184;-23;23;0;0
5.189;-23;20;0;0
5.194;-7;18;0;0
5.199;7;16;0;0
5.204;15;16;0;0
5.209;39;16;0;0
5.214;47;16;0;0
5.219;54;16;0;0
5.224;70;16;0;0
5.229;78;16;0;0
5.234;86;15;0;0
5.239;101;14;0;0
5.244;101;13;0;0
5.249;117;13;0;0
5.254;125;12;0;0
5.259;133;12;0;0
5.264;133;11;0;0
5.269;148;11;0;0
5.274;148;10;0;0
5.279;156;10;0;0
5.284;164;9;0;0
5.289;164;9;0;0
5.294;164;9;0;0
5.299;164;9;0;0
5.304;164;9;0;0
5.309;164;8;0;0
5.314;164;8;0;0
5.319;164;8;0;0
5.324;164;8;0;0
5.329;164;8;0;0
5.334;156;3;0;0
5.339;148;-3;0;0
5.344;148;-8;0;0
5.349;140;-12;0;0
5.354;133;-10;0;0
5.359;125;-9;0;0
5.364;117;-9;0;0
5.369;109;-8;0;0
5.374;101;-9;0;0
5.379;94;-9;0;0
5.384;86;-10;0;0
5.389;70;-10;0;0
5.394;70;-10;0;0
5.399;54;-11;0;0
5.404;39;-11;0;0
5.409;31;-11;0;0
5.414;15;-12;0;0
5.419;7;-13;0;0
5.424;0;-14;0;0
5.429;-15;-14;0;0
5.434;-23;-13;0;0
5.439;-31;-13;0;0
5.444;-39;-13;0;0
5.449;-54;-12;0;0
5.454;-54;-12;0;0
5.459;-70;-12;0;0
5.464;-78;-12;0;0
5.469;-86;-12;0;0
5.474;-94;-12;0;0
5.479;-101;-12;0;0
5.484;-109;-11;0;0
5.489;-117;-14;0;0
5.494;-117;-16;0;0
5.499;-125;-17;0;0
5.504;-133;-16;0;0
5.509;-133;-13;0;0
5.514;-133;-11;0;0
5.519;-140;-9;0;0
5.524;-140;-8;0;0
5.529;-140;-7;0;0
5.534;-148;-7;0;0
5.539;-148;-8;0;0
5.544;-140;-4;0;0
5.549;-140;0;0;0
5.554;-140;1;0;0
5.559;-133;8;0;0
5.564;-133;14;0;0
5.569;-133;17;0;0
5.574;-125;13;0;0
5.579;-117;10;0;0
5.584;-117;7;0;0
5.589;-109;6;0;0
5.594;-101;5;0;0
5.599;-94;5;0;0
5.604;-86;6;0;0
5.609;-78;6;0;0
5.614;-70;7;0;0
5.619;-62;8;0;0
5.624;-54;9;0;0
5.629;-47;10;0;0
5.634;-39;10;0;0
5.639;-31;9;0;0
5.644;-23;10;0;0
5.649;-23;10;0;0
5.654;-7;13;0;0
5.659;0;13;0;0
5.664;7;11;0;0
5.669;15;11;0;0
5.674;23;11;0;0
5.679;31;10;0;0
5.684;39;10;0;0
5.689;47;10;0;0
5.694;54;10;0;0
5.699;62;10;0;0
5.704;70;10;0;0
5.709;70;9;0;0
5.714;78;9;0;0
5.719;86;9;0;0
5.724;86;9;0;0
5.729;94;8;0;0
5.734;94;7;0;0
5.739;101;7;0;0
5.744;101;6;0;0
5.749;101;6;0;0
5.754;101;6;0;0
5.759;101;6;0;0
5.764;101;6;0;0
5.769;101;6;0;0
5.774;101;6;0;0
5.779;101;6;0;0
5.784;101;6;0;0
5.789;101;6;0;0
5.794;101;6;0;0
5.799;94;0;0;0
5.804;94;2;0;0
5.809;86;0;0;0
5.814;86;-1;0;0
5.819;78;-2;0;0
5.824;70;-2;0;0
5.829;70;-3;0;0
5.834;70;-3;0;0
5.839;62;-3;0;0
5.844;54;-4;0;0
5.849;47;-4;0;0
5.854;39;-5;0;0
5.859;39;-5;0;0
5.864;31;-6;0;0
5.869;23;-7;0;0
5.874;15;-7;0;0
5.879;7;-7;0;0
5.884;7;-8;0;0
5.889;0;-8;0;0
5.894;-7;-8;0;0
5.899;-15;-8;0;0
5.904;-23;-10;0;0
5.909;-23;-12;0;0
5.914;-31;-13;0;0
5.919;-39;-13;0;0
5.924;-39;-11;0;0
5.929;-47;-9;0;0
5.934;-54;-8;0;0
5.939;-54;-7;0;0
5.944;-54;-7;0;0
5.949;-54;-7;0;0
5.954;-62;-7;0;0
5.959;-62;-7;0;0
5.964;-70;-6;0;0
5.969;-70;-6;0;0
5.974;-70;-5;0;0
5.979;-70;-5;0;0
5.984;-70;-5;0;0
5.989;-70;-5;0;0
5.994;-70;-5;0;0
5.999;-70;-5;0;0
6.004;-70;-5;0;0
6.009;-70;-5;0;0
6.014;-70;-5;0;0
6.019;-70;-5;0;0
6.024;-70;-5;0;0
6.029;-70;-5;0;0
6.034;-70;-5;0;0
6.039;-70;-5;0;0
6.044;-70;-5;0;0
6.049;-70;-5;0;0
6.054;-70;-5;0;0
6.059;-70;-5;0;0
6.064;-70;-5;0;0
6.069;-70;-5;0;0
6.074;-70;-5;0;0
6.079;-70;-5;0;0
6.084;-70;-5;0;0
6.089;-70;-5;0;0
6.094;-70;-5;0;0
6.099;-70;-5;0;0
6.104;-70;-5;0;0
6.109;-70;-5;0;0
6.114;-70;-5;0;0
6.119;-70;-5;0;0
6.124;-70;-5;0;0
6.129;-70;-5;0;0
6.134;-70;-5;0;0
6.139;-70;-5;0;0
6.144;-70;-5;0;0
6.149;-70;-5;0;0
6.154;-70;-5;0;0
6.159;-70;-5;0;0
6.164;-70;-5;0;0
6.169;-70;-5;0;0
6.174;-70;-5;0;0
6.179;-70;-5;0;0
6.184;-70;-5;0;0
6.189;-70;-5;0;0
6.194;-70;-5;0;0
6.199;-70;-5;0;0
6.204;-70;-5;0;0
6.209;-70;-5;0;0
6.214;-70;-5;0;0
6.219;-70;-5;0;0
6.224;-70;-5;0;0
6.229;-70;-5;0;0
6.234;-70;-5;0;0
6.239;-70;-5;0;0
6.244;-70;-5;0;0
6.249;-70;-5;0;0
6.254;-70;-5;0;0
6.259;-70;-5;0;0
6.264;-70;-5;0;0
6.269;-70;-5;0;0
6.274;-70;-5;0;0
6.279;-70;-5;0;0
6.284;-70;-5;0;0
6.289;-70;-5;0;0
6.294;-70;-5;0;0
6.299;-70;-5;0;0
6.304;-70;-5;0;0
6.309;-70;-5;0;0
6.314;-70;-5;0;0
6.319;-70;-5;0;0
6.324;-70;-5;0;0
6.329;-70;-5;0;0
6.334;-70;-5;0;0
6.339;-70;-5;0;0
6.344;-70;-5;0;0
6.349;-70;-5;0;0
6.354;-70;-5;0;0
6.359;-70;-5;0;0
6.364;-70;-5;0;0
6.369;-70;-5;0;0
6.374;-70;-5;0;0
6.379;-70;-5;0;0
6.384;-70;-5;0;0
6.389;-70;-5;0;0
6.394;-70;-5;0;0
6.399;-70;-5;0;0
6.404;-70;-5;0;0
6.409;-70;-5;0;0
6.414;-70;-5;0;0
6.419;-70;-5;0;0
6.424;-70;-5;0;0
6.429;-70;-5;0;0
6.434;-70;-5;0;0
6.439;-70;-5;0;0
6.444;-70;-5;0;0
6.449;-70;-5;0;0
6.454;-70;-5;0;0
6.459;-70;-5;0;0
6.464;-70;-5;0;0
6.469;-70;-5;0;0
6.474;-70;-5;0;0
6.479;-70;-5;0;0
6.484;-70;-5;0;0
6.489;-70;-5;0;0
6.494;-70;-5;0;0
6.499;-70;-5;0;0
6.504;-70;-5;0;0
6.509;-70;-5;0;0
6.514;-70;-5;0;0
6.519;-70;-5;0;0
6.524;-70;-5;0;0
6.529;-70;-5;0;0
6.534;-70;-5;0;0
6.539;-70;-5;0;0
6.544;-70;-5;0;0
6.549;-70;-5;0;0
6.554;-70;-5;0;0
6.559;-70;-5;0;0
6.564;-70;-5;0;0
6.569;-70;-5;0;0
6.574;-70;-5;0;0
6.579;-70;-5;0;0
6.584;-70;-5;0;0
6.589;-70;-5;0;0
6.594;-70;-5;0;0
6.599;-70;-5;0;0
6.604;-70;-5;0;0
6.609;-70;-5;0;0
6.614;-70;-5;0;0
6.619;-70;-5;0;0
6.624;-70;-5;0;0
6.629;-70;-5;0;0
6.634;-70;-5;0;0
6.639;-70;-5;0;0
6.644;-70;-5;0;0
6.649;-70;-5;0;0
6.654;-70;-5;0;0
6.659;-70;-5;0;0
6.664;-70;-5;0;0
6.669;-70;-5;0;0
6.674;-70;-5;0;0
6.679;-70;-5;0;0
6.684;-70;-5;0;0
6.689;-70;-5;0;0
6.694;-70;-5;0;0
6.699;-70;-5;0;0
6.704;-70;-5;0;0
6.709;-70;-5;0;0
6.714;-70;-5;0;0
6.719;-70;-5;0;0
6.724;-70;-5;0;0
6.729;-70;-5;0;0
6.734;-70;-5;0;0
6.739;-70;-5;0;0
6.744;-70;-5;0;0
6.749;-70;-5;0;0
6.754;-70;-5;0;0
6.759;-70;-5;0;0
6.764;-70;-5;0;0
6.769;-70;-5;0;0
6.774;-70;-5;0;0
6.779;-70;-5;0;0
6.784;-70;-5;0;0
6.789;-70;-5;0;0
6.794;-70;-5;0;0
6.799;-70;-5;0;0
6.804;-70;-5;0;0
6.809;-70;-5;0;0
6.814;-70;-5;0;0
6.819;-70;-5;0;0
6.824;-70;-5;0;0
6.829;-70;-5;0;0
6.834;-70;-5;0;0
6.839;-70;-5;0;0
6.844;-70;-5;0;0
6.849;-70;-5;0;0
6.854;-70;-5;0;0
6.859;-70;-5;0;0
6.864;-70;-5;0;0
6.869;-70;-5;0;0
6.874;-70;-5;0;0
6.879;-70;-5;0;0
6.884;-70;-5;0;0
6.889;-70;-5;0;0
6.894;-70;-5;0;0
6.899;-70;-5;0;0
6.904;-70;-5;0;0
6.904;-70;-5;0;0
7.249;-70;-5;0;0
7.254;-70;-5;0;0
7.254;-70;-5;0;0
7.239;-70;-5;0;0
7.244;-70;-5;0;0
7.249;-70;-5;0;0
7.254;-70;-5;0;0
7.259;-70;-5;0;0
7.264;-70;-5;0;0
7.269;-70;-5;0;0
7.274;-70;-5;0;0
7.279;-70;-5;0;0
7.284;-70;-5;0;0
7.289;-70;-5;0;0
7.294;-70;-5;0;0
7.299;-70;-5;0;0
7.304;-70;-5;0;0
7.309;-70;-5;0;0
7.314;-70;-5;0;0
7.319;-70;-5;0;0
7.324;-70;-5;0;0
7.329;-70;-5;0;0
7.334;-70;-5;0;0
7.339;-70;-5;0;0
7.344;-70;-5;0;0
7.349;-70;-5;0;0
7.354;-70;-5;0;0
7.359;-70;-5;0;0
7.364;-70;-5;0;0
7.369;-70;-5;0;0
7.374;-70;-5;0;0
7.379;-70;-5;0;0
7.384;-70;-5;0;0
7.389;-70;-5;0;0
7.394;-70;-5;0;0
7.399;-70;-5;0;0
7.404;-70;-5;0;0
7.409;-70;-5;0;0
7.414;-70;-5;0;0
7.419;-70;-5;0;0
7.424;-70;-5;0;0
7.429;-70;-5;0;0
7.434;-70;-5;0;0
7.439;-70;-5;0;0
7.444;-70;-5;0;0
7.449;-70;-5;0;0
7.454;-70;-5;0;0
7.459;-70;-5;0;0
7.464;-70;-5;0;0
7.469;-70;-5;0;0
7.474;-70;-5;0;0
7.479;-70;-5;0;0
7.484;-70;-5;0;0
7.489;-70;-5;0;0
7.494;-70;-5;0;0
7.499;-70;-5;0;0
7.504;-70;-5;0;0
7.509;-70;-5;0;0
7.514;-70;-5;0;0
7.519;-70;-5;0;0
7.524;-70;-5;0;0
7.529;-70;-5;0;0
7.534;-70;-5;0;0
7.539;-70;-5;0;0
7.544;-70;-5;0;0
7.549;-70;-5;0;0
7.554;-70;-5;0;0
7.559;-70;-5;0;0
7.564;-70;-5;0;0
7.569;-70;-5;0;0
7.574;-70;-5;0;0
7.579;-70;-5;0;0
7.584;-70;-5;0;0
7.589;-70;-5;0;0
7.594;-70;-5;0;0
7.599;-70;-5;0;0
7.604;-70;-5;0;0
7.609;-70;-5;0;0
7.614;-70;-5;0;0
7.619;-70;-5;0;0
7.624;-70;-5;0;0
7.629;-70;-5;0;0
7.634;-70;-5;0;0
7.639;-70;-5;0;0
7.644;-70;-5;0;0
7.649;-70;-5;0;0
7.654;-70;-5;0;0
7.659;-70;-5;0;0
7.664;-70;-5;0;0
7.669;-70;-5;0;0
7.674;-70;-5;0;0
7.679;-70;-5;0;0
7.684;-70;-5;0;0
7.689;-70;-5;0;0
7.694;-70;-5;0;0
7.699;-70;-5;0;0
7.704;-70;-5;0;0
7.709;-70;-5;0;0
7.714;-70;-5;0;0
7.719;-70;-5;0;0
7.724;-70;-5;0;0
7.729;-70;-5;0;0
7.734;-70;-5;0;0
7.739;-70;-5;0;0
7.744;-70;-5;0;0
7.749;-70;-5;0;0
7.754;-70;-5;0;0
7.759;-70;-5;0;0
7.764;-70;-5;0;0
7.769;-70;-5;0;0
7.774;-70;-5;0;0
7.779;-70;-5;0;0
7.784;-70;-5;0;0
7.789;-70;-5;0;0
7.794;-70;-5;0;0
7.799;-70;-5;0;0
7.804;-70;-5;0;0
7.809;-70;-5;0;0
7.814;-70;-5;0;0
7.819;-70;-5;0;0
7.824;-70;-5;0;0
7.829;-70;-5;0;0
7.834;-70;-5;0;0
7.839;-70;-5;0;0
7.844;-70;-5;0;0
7.849;-70;-5;0;0
7.854;-70;-5;0;0
7.859;-70;-5;0;0
7.864;-70;-5;0;0
7.869;-70;-5;0;0
7.874;-70;-5;0;0
7.879;-70;-5;0;0
7.884;-70;-5;0;0
7.889;-70;-5;0;0
7.894;-70;-5;0;0
7.899;-70;-5;0;0
7.904;-70;-5;0;0
7.909;-70;-5;0;0
7.914;-70;-5;0;0
7.919;-70;-5;0;0
7.924;-70;-5;0;0
7.929;-70;-5;0;0
7.934;-70;-5;0;0
7.939;-70;-5;0;0
7.944;-70;-5;0;0
7.949;-70;-5;0;0
7.954;-70;-5;0;0
7.959;-70;-5;0;0
7.964;-70;-5;0;0
7.969;-70;-5;0;0
7.974;-70;-5;0;0
7.979;-70;-5;0;0
7.984;-70;-5;0;0
7.989;-70;-5;0;0
7.994;-70;-5;0;0
7.999;-70;-5;0;0
8.004;-70;-5;0;0
8.009;-70;-5;0;0
8.014;-70;-5;0;0
8.019;-70;-5;0;0
8.024;-70;-5;0;0
8.029;-70;-5;0;0
8.034;-70;-5;0;0
8.039;-70;-5;0;0
8.044;-70;-5;0;0
8.049;-70;-5;0;0
8.054;-70;-5;0;0
8.059;-70;-5;0;0
8.064;-70;-5;0;0
8.069;-70;-5;0;0
8.074;-70;-5;0;0
8.079;-70;-5;0;0
8.084;-70;-5;0;0
8.089;-70;-5;0;0
8.094;-70;-5;0;0
8.099;-70;-5;0;0
8.104;-70;-5;0;0
8.109;-70;-5;0;0
8.114;-70;-5;0;0
8.119;-70;-5;0;0
8.124;-70;-5;0;0
8.129;-70;-5;0;0
8.134;-70;-5;0;0
8.139;-70;-5;0;0
8.144;-70;-5;0;0
8.149;-70;-5;0;0
8.154;-70;-5;0;0
8.159;-70;-5;0;0
8.164;-70;-5;0;0
8.169;-70;-5;0;0
8.174;-70;-5;0;0
8.179;-70;-5;0;0
8.184;-70;-5;0;0
8.189;-70;-5;0;0
8.194;-70;-5;0;0
8.199;-70;-5;0;0
8.204;-70;-5;0;0
8.209;-70;-5;0;0
8.214;-70;-5;0;0
8.219;-70;-5;0;0
8.224;-70;-5;0;0
8.229;-70;-5;0;0
8.234;-70;-5;0;0
8.239;-70;-5;0;0
8.244;-70;-5;0;0
8.249;-70;-5;0;0
8.254;-70;-5;0;0
8.259;-70;-5;0;0
8.264;-70;-5;0;0
8.269;-70;-5;0;0
8.274;-70;-5;0;0
8.279;-70;-5;0;0
8.284;-70;-5;0;0
8.289;-70;-5;0;0
8.294;-70;-5;0;0
8.299;-70;-5;0;0
8.304;-70;-5;0;0
8.309;-70;-5;0;0
8.314;-70;-5;0;0
8.319;-70;-5;0;0
8.324;-70;-5;0;0
8.329;-70;-5;0;0
8.334;-70;-5;0;0
8.339;-70;-5;0;0
8.344;-70;-5;0;0
8.349;-70;-5;0;0
8.354;-70;-5;0;0
8.359;-70;-5;0;0
8.364;-70;-5;0;0
8.369;-70;-5;0;0
8.374;-70;-5;0;0
8.379;-70;-5;0;0
8.384;-70;-5;0;0
8.389;-70;-5;0;0
8.394;-70;-5;0;0
8.399;-70;-5;0;0
8.404;-70;-5;0;0
8.409;-70;-5;0;0
8.414;-70;-5;0;0
8.419;-70;-5;0;0
8.424;-70;-5;0;0
8.429;-70;-5;0;0
8.434;-70;-5;0;0
8.439;-70;-5;0;0
8.444;-70;-5;0;0
8.449;-70;-5;0;0
8.454;-70;-5;0;0
8.459;-70;-5;0;0
8.464;-70;-5;0;0
8.469;-70;-5;0;0
8.474;-70;-5;0;0
8.479;-70;-5;0;0
8.484;-70;-5;0;0
8.489;-70;-5;0;0
8.494;-70;-5;0;0
8.499;-70;-5;0;0
8.504;-70;-5;0;0
8.509;-70;-5;0;0
8.514;-70;-5;0;0
8.519;-70;-5;0;0
8.524;-70;-5;0;0
8.529;-70;-5;0;0
8.534;-70;-5;0;0
8.539;-70;-5;0;0
8.544;-70;-5;0;0
8.549;-70;-5;0;0
8.554;-70;-5;0;0
8.559;-70;-5;0;0
8.564;-70;-5;0;0
8.569;-70;-5;0;0
8.574;-70;-5;0;0
8.579;-70;-5;0;0
8.584;-70;-5;0;0
8.589;-70;-5;0;0
8.594;-70;-5;0;0
8.599;-70;-5;0;0
8.604;-70;-5;0;0
8.609;-70;-5;0;0
8.614;-70;-5;0;0
8.619;-70;-5;0;0
8.624;-70;-5;0;0
8.629;-70;-5;0;0
8.634;-70;-5;0;0
8.639;-70;-5;0;0
8.644;-70;-5;0;0
8.649;-70;-5;0;0
8.654;-70;-5;0;0
8.659;-70;-5;0;0
8.664;-70;-5;0;0
8.669;-70;-5;0;0
8.674;-70;-5;0;0
8.679;-70;-5;0;0
8.684;-70;-5;0;0
8.689;-70;-5;0;0
8.694;-70;-5;0;0
8.699;-70;-5;0;0
8.704;-70;-5;0;0
8.709;-70;-5;0;0
8.714;-70;-5;0;0
8.719;-70;-5;0;0
8.724;-70;-5;0;0
8.729;-70;-5;0;0
8.734;-70;-5;0;0
8.739;-70;-5;0;0
8.744;-70;-5;0;0
8.749;-70;-5;0;0
8.754;-70;-5;0;0
8.759;-70;-5;0;0
8.764;-70;-5;0;0
8.769;-70;-5;0;0
8.774;-70;-5;0;0
8.779;-70;-5;0;0
8.784;-70;-5;0;0
8.789;-70;-5;0;0
8.794;-70;-5;0;0
8.799;-70;-5;0;0
8.804;-70;-5;0;0
8.809;-70;-5;0;0
8.814;-70;-5;0;0
8.819;-70;-5;0;0
8.824;-70;-5;0;0
8.829;-70;-5;0;0
8.834;-70;-5;0;0
8.839;-70;-5;0;0
8.844;-70;-5;0;0
8.849;-70;-5;0;0
8.854;-70;-5;0;0
8.859;-70;-5;0;0
8.864;-70;-5;0;0
8.869;-70;-5;0;0
8.874;-70;-5;0;0
8.879;-70;-5;0;0
8.884;-70;-5;0;0
8.889;-70;-5;0;0
8.894;-70;-5;0;0
8.899;-70;-5;0;0
8.904;-70;-5;0;0
8.909;-70;-5;0;0
8.914;-70;-5;0;0
8.919;-70;-5;0;0
8.924;-70;-5;0;0
8.929;-70;-5;0;0
8.934;-70;-5;0;0
8.939;-70;-5;0;0
8.944;-70;-5;0;0
8.949;-70;-5;0;0
8.954;-70;-5;0;0
8.959;-70;-5;0;0
8.964;-70;-5;0;0
8.969;-70;-5;0;0
8.974;-70;-5;0;0
8.979;-70;-5;0;0
8.984;-70;-5;0;0
8.989;-70;-5;0;0
8.994;-70;-5;0;0
8.999;-70;-5;0;0
9.004;-70;-5;0;0
9.009;-70;-5;0;0
9.014;-70;-5;0;0
9.019;-70;-5;0;0
9.024;-70;-5;0;0
9.029;-70;-5;0;0
9.034;-70;-5;0;0
9.039;-70;-5;0;0
9.044;-70;-5;0;0
9.049;-70;-5;0;0
9.054;-70;-5;0;0
9.059;-70;-5;0;0
9.064;-70;-5;0;0
9.069;-70;-5;0;0
9.074;-70;-5;0;0
9.079;-70;-5;0;0
9.084;-70;-5;0;0
9.089;-70;-5;0;0
9.094;-70;-5;0;0
9.099;-70;-5;0;0
9.104;-70;-5;0;0
9.109;-70;-5;0;0
9.114;-70;-5;0;0
9.119;-70;-5;0;0
9.124;-70;-5;0;0
9.129;-70;-5;0;0
9.134;-70;-5;0;0
9.139;-70;-5;0;0
9.144;-70;-5;0;0
9.149;-70;-5;0;0
9.154;-70;-5;0;0
9.159;-70;-5;0;0
9.164;-70;-5;0;0
9.169;-70;-5;0;0
9.174;-70;-5;0;0
9.179;-70;-5;0;0
9.184;-70;-5;0;0
9.189;-70;-5;0;0
9.194;-70;-5;0;0
9.199;-70;-5;0;0
9.204;-70;-5;0;0
9.209;-70;-5;0;0
9.214;-70;-5;0;0
9.219;-70;-5;0;0
9.224;-70;-5;0;0
9.229;-70;-5;0;0
9.234;-78;-5;0;0
9.239;-86;-4;0;0
9.244;-86;-4;0;0
9.249;-86;-3;0;0
9.254;-94;-3;0;0
9.259;-94;-3;0;0
9.264;-101;-3;0;0
9.269;-101;-3;0;0
9.274;-101;-3;0;0
9.279;-101;-3;0;0
9.284;-101;-3;0;0
9.289;-101;-3;0;0
9.294;-101;-3;0;0
9.299;-101;-3;0;0
9.304;-101;-3;0;0
9.309;-94;-1;0;0
9.314;-94;0;0;0
9.319;-86;1;0;0
9.324;-86;2;0;0
9.329;-86;2;0;0
9.334;-78;3;0;0
9.339;-78;4;0;0
9.344;-70;5;0;0
9.349;-70;6;0;0
9.354;-62;5;0;0
9.359;-54;5;0;0
9.364;-54;5;0;0
9.369;-54;4;0;0
9.374;-47;5;0;0
9.379;-39;5;0;0
9.384;-39;5;0;0
9.389;-31;5;0;0
9.394;-31;4;0;0
9.399;-23;4;0;0
9.404;-23;5;0;0
9.409;-23;5;0;0
9.414;-15;5;0;0
9.419;-7;5;0;0
9.424;-7;5;0;0
9.429;0;5;0;0
9.434;7;5;0;0
9.439;7;5;0;0
9.444;7;5;0;0
9.449;15;8;0;0
9.454;23;9;0;0
9.459;31;9;0;0
9.464;31;9;0;0
9.469;39;11;0;0
9.474;39;12;0;0
9.479;39;12;0;0
9.484;47;13;0;0
9.489;47;13;0;0
9.494;47;13;0;0
9.499;54;11;0;0
9.504;54;10;0;0
9.509;54;9;0;0
9.514;54;9;0;0
9.519;54;8;0;0
9.524;54;8;0;0
9.529;54;8;0;0
9.534;54;8;0;0
9.539;54;8;0;0
9.544;54;8;0;0
9.549;54;8;0;0
9.554;54;8;0;0
9.559;47;6;0;0
9.564;47;2;0;0
9.569;47;0;0;0
9.574;39;0;0;0
9.579;39;-1;0;0
9.584;39;-2;0;0
9.589;39;-2;0;0
9.594;31;-3;0;0
9.599;31;-3;0;0
9.604;23;-3;0;0
9.609;23;-3;0;0
9.614;15;-3;0;0
9.619;15;-3;0;0
9.624;7;-3;0;0
9.629;7;-3;0;0
9.634;7;-3;0;0
9.639;7;-3;0;0
9.644;0;-4;0;0
9.649;-7;-4;0;0
9.654;-7;-6;0;0
9.659;-15;-7;0;0
9.664;-15;-7;0;0
9.669;-15;-7;0;0
9.674;-23;-6;0;0
9.679;-23;-5;0;0
9.684;-23;-5;0;0
9.689;-23;-5;0;0
9.694;-23;-4;0;0
9.699;-23;-4;0;0
9.704;-31;-4;0;0
9.709;-31;-4;0;0
9.714;-31;-4;0;0
9.719;-31;-4;0;0
9.724;-31;-4;0;0
9.729;-31;-4;0;0
9.734;-31;-4;0;0
9.739;-31;-4;0;0
9.744;-31;-4;0;0
9.749;-31;-4;0;0
9.754;-31;-4;0;0
9.759;-31;-4;0;0
9.764;-23;-1;0;0
9.769;-23;2;0;0
9.774;-23;4;0;0
9.779;-23;6;0;0
9.784;-23;7;0;0
9.789;-23;7;0;0
9.794;-23;8;0;0
9.799;-23;8;0;0
9.804;-15;6;0;0
9.809;-15;5;0;0
9.814;-15;5;0;0
9.819;-7;4;0;0
9.824;-7;4;0;0
9.829;-7;3;0;0
9.834;0;3;0;0
9.839;0;3;0;0
9.844;0;3;0;0
9.849;7;3;0;0
9.854;7;4;0;0
9.859;7;5;0;0
9.864;7;5;0;0
9.869;7;5;0;0
9.874;7;5;0;0
9.879;7;6;0;0
9.884;7;6;0;0
9.889;15;6;0;0
9.894;15;6;0;0
9.899;15;6;0;0
9.904;15;6;0;0
9.909;15;6;0;0
9.914;15;6;0;0
9.919;15;6;0;0
9.924;23;5;0;0
9.929;23;4;0;0
9.934;23;4;0;0
9.939;23;3;0;0
9.944;23;3;0;0
9.949;23;3;0;0
9.954;15;1;0;0
9.959;15;0;0;0
9.964;15;-2;0;0
9.969;15;-3;0;0
9.974;15;-4;0;0
9.979;15;-5;0;0
9.984;15;-5;0;0
9.989;15;-5;0;0
9.994;7;-5;0;0
9.999;7;-6;0;0
10.004;7;-6;0;0
10.009;7;-6;0;0
10.014;7;-6;0;0
10.019;7;-6;0;0
10.024;7;-6;0;0
10.029;7;-6;0;0
10.034;7;-6;0;0
10.039;7;-6;0;0
10.044;0;-5;0;0
10.049;0;-4;0;0
10.054;0;-4;0;0
10.059;0;-3;0;0
10.064;0;-3;0;0
10.069;-7;-3;0;0
10.074;-7;-3;0;0
10.079;-7;-3;0;0
10.084;-7;-3;0;0
10.089;-7;-3;0;0
10.094;-7;-3;0;0
10.099;-7;-3;0;0
10.104;-7;-3;0;0
10.109;-15;-4;0;0
10.114;-15;-4;0;0
10.119;-15;-5;0;0
10.124;-15;-5;0;0
10.129;-15;-5;0;0
10.134;-15;-5;0;0
10.139;-15;-6;0;0
10.144;-15;-6;0;0
10.149;-15;-6;0;0
10.154;-15;-6;0;0
10.159;-15;-6;0;0
10.164;-15;-6;0;0
10.169;-15;-6;0;0
10.174;-15;-6;0;0
10.179;-15;-6;0;0
10.184;-15;-6;0;0
10.189;-15;-6;0;0
10.194;-15;-6;0;0
10.199;-15;-6;0;0
10.204;-15;-6;0;0
10.209;-15;-6;0;0
10.214;-15;-6;0;0
10.219;-15;-6;0;0
10.224;-15;-6;0;0
10.229;-7;-6;0;0
10.234;-7;-6;0;0
10.239;-7;-6;0;0
10.244;-7;-6;0;0
10.249;-7;-6;0;0
10.254;-7;-6;0;0
10.259;-7;-6;0;0
10.264;-7;-6;0;0
10.269;-7;-6;0;0
10.274;-7;-6;0;0
10.279;-7;-6;0;0
10.284;-7;-6;0;0
10.289;-7;-6;0;0
10.294;-7;-6;0;0
10.299;-7;-6;0;0
10.304;-7;-6;0;0
10.309;-7;-6;0;0
10.314;-7;-6;0;0
10.319;-7;-6;0;0
10.324;-7;-6;0;0
10.329;-7;-6;0;0
10.334;-7;-6;0;0
10.339;-7;-6;0;0
10.344;-7;-6;0;0
10.349;-7;-6;0;0
10.354;-7;-6;0;0
10.359;-7;-6;0;0
10.364;-7;-6;0;0
10.369;-7;-6;0;0
10.374;-7;-6;0;0
10.379;-7;-6;0;0
10.384;-7;-6;0;0
10.389;-7;-6;0;0
10.394;-7;-6;0;0
10.399;-7;-6;0;0
10.404;-7;-6;0;0
10.409;-7;-6;0;0
10.414;-7;-6;0;0
10.419;-7;-6;0;0
10.424;-7;-6;0;0
10.429;-7;-6;0;0
10.434;-7;-6;0;0
10.439;-7;-6;0;0
10.444;-7;-6;0;0
10.449;-7;-6;0;0
10.454;-7;-6;0;0
10.459;-7;-6;0;0
10.464;-7;-6;0;0
10.469;-7;-6;0;0
10.474;-7;-6;0;0
10.479;-7;-6;0;0
10.484;-7;-6;0;0
10.489;-7;-6;0;0
10.494;-7;-6;0;0
10.499;-7;-6;0;0
10.504;-7;-6;0;0
10.509;-7;-6;0;0
10.514;-7;-6;0;0
10.519;-7;-6;0;0
10.524;-7;-6;0;0
10.529;-7;-6;0;0
10.534;-7;-6;0;0
10.539;-7;-6;0;0
10.544;-7;-6;0;0
10.549;-7;-6;0;0
10.554;-7;-6;0;0
10.559;-7;-6;0;0
10.564;-7;-6;0;0
10.569;-7;-6;0;0
10.574;-7;-6;0;0
10.579;-7;-6;0;0
10.584;-7;-6;0;0
10.589;-7;-6;0;0
10.594;-7;-6;0;0
10.599;-7;-6;0;0
10.604;-7;-6;0;0
10.609;-7;-6;0;0
10.614;-7;-6;0;0
10.619;-7;-6;0;0
10.624;-7;-6;0;0
10.629;-7;-6;0;0
10.634;-7;-6;0;0
10.639;-7;-6;0;0
10.644;-7;-6;0;0
10.649;-7;-6;0;0
10.654;-7;-6;0;0
10.659;-7;-6;0;0
10.664;-7;-6;0;0
10.669;-7;-6;0;0
10.674;-7;-6;0;0
10.679;-7;-6;0;0
10.684;-7;-6;0;0
10.689;-7;-6;0;0
10.694;-7;-6;0;0
10.699;-7;-6;0;0
10.704;-7;-6;0;0
10.709;-7;-6;0;0
10.714;-7;-6;0;0
10.719;-7;-6;0;0
10.724;-7;-6;0;0
10.729;-7;-6;0;0
10.734;-7;-6;0;0
10.739;-7;-6;0;0
10.744;-7;-6;0;0
10.749;-7;-6;0;0
10.754;-7;-6;0;0
10.759;-7;-6;0;0
10.764;-7;-6;0;0
10.769;-7;-6;0;0
10.774;-7;-6;0;0
10.779;-7;-6;0;0
10.784;-7;-6;0;0
10.789;-7;-6;0;0
10.794;-7;-6;0;0
10.799;-7;-6;0;0
10.804;-7;-6;0;0
10.809;-7;-6;0;0
10.814;-7;-6;0;0
10.819;-7;-6;0;0
10.824;-7;-6;0;0
10.829;-7;-6;0;0
10.834;-7;-6;0;0
10.839;-7;-6;0;0
10.844;-7;-6;0;0
10.849;-7;-6;0;0
10.854;-7;-6;0;0
10.859;-7;-6;0;0
10.864;-7;-6;0;0
10.869;-7;-6;0;0
10.874;-7;-6;0;0
10.879;-7;-6;0;0
10.884;-7;-6;0;0
10.889;-7;-6;0;0
10.894;-7;-6;0;0
10.899;-7;-6;0;0
10.904;-7;-6;0;0
10.909;-7;-6;0;0
10.914;-7;-6;0;0
10.919;-7;-6;0;0
10.924;-7;-6;0;0
10.929;-7;-6;0;0
10.934;-7;-6;0;0
10.939;-7;-6;0;0
10.944;-7;-6;0;0
10.949;-7;-6;0;0
10.954;-7;-6;0;0
10.959;-7;-6;0;0
10.964;-7;-6;0;0
10.969;-7;-6;0;0
10.974;-7;-6;0;0
10.979;-7;-6;0;0
10.984;-7;-6;0;0
10.989;-7;-6;0;0
10.994;-7;-6;0;0
10.999;-7;-6;0;0
11.004;-7;-6;0;0
11.009;-7;-6;0;0
11.014;-7;-6;0;0
11.019;-7;-6;0;0
11.024;-7;-6;0;0
11.029;-7;-6;0;0
11.034;-7;-6;0;0
11.039;-7;-6;0;0
11.044;-7;-6;0;0
11.049;-7;-6;0;0
11.054;-7;-6;0;0
11.059;-7;-6;0;0
11.064;-7;-6;0;0
11.069;-7;-6;0;0
11.074;-7;-6;0;0
11.079;-7;-6;0;0
11.084;-7;-6;0;0
11.089;-7;-6;0;0
11.094;-7;-6;0;0
11.099;-7;-6;0;0
11.104;-7;-6;0;0
11.109;-7;-6;0;0
11.114;-7;-6;0;0
11.119;-7;-6;0;0
11.124;-7;-6;0;0
11.129;-7;-6;0;0
11.134;-7;-6;0;0
11.139;-7;-6;0;0
11.144;-7;-6;0;0
11.149;-7;-6;0;0
11.154;-7;-6;0;0
11.159;-7;-6;0;0
11.164;-7;-6;0;0
11.169;-7;-6;0;0
11.174;-7;-6;0;0
11.179;-7;-6;0;0
11.184;-7;-6;0;0
11.189;-7;-6;0;0
11.194;-7;-6;0;0
11.199;-7;-6;0;0
11.204;-7;-6;0;0
11.209;-7;-6;0;0
11.214;-7;-6;0;0
11.219;-7;-6;0;0
11.224;-7;-6;0;0
11.229;-7;-6;0;0
11.234;-7;-6;0;0
11.239;-7;-6;0;0
11.244;-7;-6;0;0
11.249;-7;-6;0;0
11.254;-7;-6;0;0
11.259;-7;-6;0;0
11.264;-7;-6;0;0
11.269;-7;-6;0;0
11.274;-7;-6;0;0
11.279;-7;-6;0;0
11.284;-7;-6;0;0
11.289;-7;-6;0;0
11.294;-7;-6;0;0
11.299;-7;-6;0;0
11.304;-7;-6;0;0
11.309;-7;-6;0;0
11.314;-7;-6;0;0
11.319;-7;-6;0;0
11.324;-7;-6;0;0
11.329;-7;-6;0;0
11.334;-7;-6;0;0
11.339;-7;-6;0;0
11.344;-7;-6;0;0
11.349;-7;-6;0;0
11.354;-7;-6;0;0
11.359;-7;-6;0;0
11.364;-7;-6;0;0
11.369;-7;-6;0;0
11.374;-7;-6;0;0
11.379;-7;-6;0;0
11.384;-7;-6;0;0
11.389;-7;-6;0;0
11.394;-7;-6;0;0
11.399;-7;-6;0;0
11.404;-7;-6;0;0
11.409;-7;-6;0;0
11.414;-7;-6;0;0
11.419;-7;-6;0;0
11.424;-7;-6;0;0
11.429;-7;-6;0;0
11.434;-7;-6;0;0
11.439;-7;-6;0;0
11.444;-7;-6;0;0
11.449;-7;-6;0;0
11.454;-7;-6;0;0
11.459;-7;-6;0;0
11.464;-7;-6;0;0
11.469;-7;-6;0;0
11.474;-7;-6;0;0
11.479;-7;-6;0;0
11.484;-7;-6;0;0
11.489;-7;-6;0;0
11.494;-7;-6;0;0
11.499;-7;-6;0;0
11.504;-7;-6;0;0
11.509;-7;-6;0;0
11.514;-7;-6;0;0
11.519;-7;-6;0;0
11.524;-7;-6;0;0
11.529;-7;-6;0;0
11.534;-7;-6;0;0
11.539;-7;-6;0;0
11.544;-7;-6;0;0
11.549;-7;-6;0;0
11.554;-7;-6;0;0
11.559;-7;-6;0;0
11.564;-7;-6;0;0
11.569;-7;-6;0;0
11.574;-7;-6;0;0
11.579;-7;-6;0;0
11.584;-7;-6;0;0
11.589;-7;-6;0;0
11.594;-7;-6;0;0
11.599;-7;-6;0;0
11.604;-7;-6;0;0
11.609;-7;-6;0;0
11.614;-7;-6;0;0
11.619;-7;-6;0;0
11.624;-7;-6;0;0
11.629;-7;-6;0;0
11.634;-7;-6;0;0
11.639;-7;-6;0;0
11.644;-7;-6;0;0
11.649;-7;-6;0;0
11.654;-7;-6;0;0
11.659;-7;-6;0;0
11.664;-7;-6;0;0
11.669;-7;-6;0;0
11.674;-7;-6;0;0
11.679;-7;-6;0;0
11.684;-7;-6;0;0
11.689;-7;-6;0;0
11.694;-7;-6;0;0
11.699;-7;-6;0;0
11.704;-7;-6;0;0
11.709;-7;-6;0;0
11.714;-7;-6;0;0
11.719;-7;-6;0;0
11.724;-7;-6;0;0
11.729;-7;-6;0;0
11.734;-7;-6;0;0
11.739;-7;-6;0;0
11.744;-7;-6;0;0
11.749;-7;-6;0;0
11.754;-7;-6;0;0
11.759;-7;-6;0;0
11.764;-7;-6;0;0
11.769;-7;-6;0;0
11.774;-7;-6;0;0
11.779;-7;-6;0;0
11.784;-7;-6;0;0
11.789;-7;-6;0;0
11.794;-7;-6;0;0
11.799;-7;-6;0;0
11.804;-7;-6;0;0
11.809;-7;-6;0;0
11.814;-7;-6;0;0
11.819;-7;-6;0;0
11.824;-7;-6;0;0
11.829;-7;-6;0;0
11.834;-7;-6;0;0
11.839;-7;-6;0;0
11.844;-7;-6;0;0
11.849;-7;-6;0;0
11.854;-7;-6;0;0
11.859;-7;-6;0;0
11.864;-7;-6;0;0
11.869;-7;-6;0;0
11.874;-7;-6;0;0
11.879;-7;-6;0;0
11.884;-7;-6;0;0
11.889;-7;-6;0;0
11.894;-7;-6;0;0
11.899;-7;-6;0;0
11.904;-7;-6;0;0
11.909;-7;-6;0;0
11.914;-7;-6;0;0
11.919;-7;-6;0;0
11.924;-7;-6;0;0
11.929;-7;-6;0;0
11.934;-7;-6;0;0
11.939;-7;-6;0;0
11.944;-7;-6;0;0
11.949;-7;-6;0;0
11.954;-7;-6;0;0
11.959;-7;-6;0;0
11.964;-7;-6;0;0
11.969;-7;-6;0;0
11.974;-7;-6;0;0
11.979;-7;-6;0;0
11.984;-7;-6;0;0
11.989;-7;-6;0;0
11.994;-7;-6;0;0
11.999;-7;-6;0;0
12.004;-7;-6;0;0
12.009;-7;-6;0;0
12.014;-7;-6;0;0
12.019;-7;-6;0;0
12.024;-7;-6;0;0
12.029;-7;-6;0;0
12.034;-7;-6;0;0
12.039;-7;-6;0;0
12.044;-7;-6;0;0
12.049;-7;-6;0;0
12.054;-7;-6;0;0
12.059;-7;-6;0;0
12.064;-7;-6;0;0
12.069;-7;-6;0;0
12.074;-7;-6;0;0
12.079;-7;-6;0;0
12.084;-7;-6;0;0
12.089;-7;-6;0;0
12.094;-7;-6;0;0
12.099;-7;-6;0;0
12.104;-7;-6;0;0
12.109;-7;-6;0;0
12.114;-7;-6;0;0
12.119;-7;-6;0;0
12.124;-7;-6;0;0
12.129;-7;-6;0;0
12.134;-7;-6;0;0
12.139;-7;-6;0;0
12.144;-7;-6;0;0
12.149;-7;-6;0;0
12.154;-7;-6;0;0
12.159;-7;-6;0;0
12.164;-7;-6;0;0
12.169;-7;-6;0;0
12.174;-7;-6;0;0
12.179;-7;-6;0;0
12.184;-7;-6;0;0
12.189;-7;-6;0;0
12.194;-7;-6;0;0
12.199;-7;-6;0;0
12.204;-7;-6;0;0
12.209;-7;-6;0;0
12.214;-7;-6;0;0
12.219;-7;-6;0;0
12.224;-7;-6;0;0
12.229;-7;-6;0;0
12.234;-7;-6;0;0
12.239;-7;-6;0;0
12.244;-7;-6;0;0
12.249;-7;-6;0;0
12.254;-7;-6;0;0
12.259;-7;-6;0;0
12.264;-7;-6;0;0
12.269;-7;-6;0;0
12.274;-7;-6;0;0
12.279;-7;-6;0;0
12.284;-7;-6;0;0
12.289;-7;-6;0;0
12.294;-7;-6;0;0
12.299;-7;-6;0;0
12.304;-7;-6;0;0
12.309;-7;-6;0;0
12.314;-7;-6;0;0
12.319;-7;-6;0;0
12.324;-7;-6;0;0
12.329;-7;-6;0;0
12.334;-7;-6;0;0
12.339;-7;-6;0;0
12.344;-7;-6;0;0
12.349;-7;-6;0;0
12.354;-7;-6;0;0
12.359;-7;-6;0;0
12.364;-7;-6;0;0
12.369;-7;-6;0;0
12.374;-7;-6;0;0
12.379;-7;-6;0;0
12.384;-7;-6;0;0
12.389;-7;-6;0;0
12.394;-7;-6;0;0
12.399;-7;-6;0;0
12.404;-7;-6;0;0
12.409;-7;-6;0;0
12.414;-7;-6;0;0
12.419;-7;-6;0;0
12.424;-7;-6;0;0
12.429;-7;-6;0;0
12.434;-7;-6;0;0
12.439;-7;-6;0;0
12.444;-7;-6;0;0
12.449;-7;-6;0;0
12.454;-7;-6;0;0
12.459;-7;-6;0;0
12.464;-7;-6;0;0
12.469;-7;-6;0;0
12.474;-7;-6;0;0
12.479;-7;-6;0;0
12.484;-7;-6;0;0
12.489;-7;-6;0;0
12.494;-7;-6;0;0
12.499;-7;-6;0;0
12.504;-7;-6;0;0
12.509;-7;-6;0;0
12.514;-7;-6;0;0
12.519;-7;-6;0;0
12.524;-7;-6;0;0
12.529;-7;-6;0;0
12.534;-7;-6;0;0
12.539;-7;-6;0;0
12.544;-7;-6;0;0
12.549;-7;-6;0;0
12.554;-7;-6;0;0
12.559;-7;-6;0;0
12.564;-7;-6;0;0
12.569;-7;-6;0;0
12.574;-7;-6;0;0
12.579;-7;-6;0;0
12.584;-7;-6;0;0
12.589;-7;-6;0;0
12.594;-7;-6;0;0
12.599;-7;-6;0;0
12.604;-7;-6;0;0
12.609;-7;-6;0;0
12.614;-7;-6;0;0
12.619;-7;-6;0;0
12.624;-7;-6;0;0
12.629;-7;-6;0;0
12.634;-7;-6;0;0
12.639;-7;-6;0;0
12.644;-7;-6;0;0
12.649;-7;-6;0;0
12.654;-7;-6;0;0
12.659;-7;-6;0;0
12.664;-7;-6;0;0
12.669;-7;-6;0;0
12.674;-7;-6;0;0
12.679;-7;-6;0;0
12.684;-7;-6;0;0
12.689;-7;-6;0;0
12.694;-7;-6;0;0
12.699;-7;-6;0;0
12.704;-7;-6;0;0
12.709;-7;-6;0;0
12.714;-7;-6;0;0
12.719;-7;-6;0;0
12.724;-7;-6;0;0
12.729;-7;-6;0;0
12.734;-7;-6;0;0
12.739;-7;-6;0;0
12.744;-7;-6;0;0
12.749;-7;-6;0;0
12.754;-7;-6;0;0
12.759;-7;-6;0;0
12.764;-7;-6;0;0
12.769;-7;-6;0;0
12.774;-7;-6;0;0
12.779;-7;-6;0;0
12.784;-7;-6;0;0
12.789;-7;-6;0;0
12.794;-7;-6;0;0
12.799;-7;-6;0;0
12.804;-7;-6;0;0
12.809;-7;-6;0;0
12.814;-7;-6;0;0
12.819;-7;-6;0;0
12.824;-7;-6;0;0
12.829;-7;-6;0;0
12.834;-7;-6;0;0
12.839;-7;-6;0;0
12.844;-7;-6;0;0
12.849;-7;-6;0;0
12.854;-7;-6;0;0
12.859;-7;-6;0;0
12.864;-7;-6;0;0
12.869;-7;-6;0;0
12.874;-7;-6;0;0
12.879;-7;-6;0;0
12.884;-7;-6;0;0
12.889;-7;-6;0;0
12.894;-7;-6;0;0
12.899;-7;-6;0;0
12.904;-7;-6;0;0
12.909;-7;-6;0;0
12.914;-7;-6;0;0
12.919;-7;-6;0;0
12.924;-7;-6;0;0
12.929;-7;-6;0;0
12.934;-7;-6;0;0
12.939;-7;-6;0;0
12.944;-7;-6;0;0
12.949;-7;-6;0;0
12.954;-7;-6;0;0
12.959;-7;-6;0;0
12.964;-7;-6;0;0
12.969;-7;-6;0;0
12.974;-7;-6;0;0
12.979;-7;-6;0;0
12.984;-7;-6;0;0
12.989;-7;-6;0;0
12.994;-7;-6;0;0
12.999;-7;-6;0;0
13.004;-7;-6;0;0
13.009;-7;-6;0;0
13.014;-7;-6;0;0
13.019;-7;-6;0;0
13.024;-7;-6;0;0
13.029;-7;-6;0;0
13.034;-7;-6;0;0
13.039;-7;-6;0;0
13.044;-7;-6;0;0
13.049;-7;-6;0;0
13.054;-7;-6;0;0
13.059;-7;-6;0;0
13.064;-7;-6;0;0
13.069;-7;-6;0;0
13.074;-7;-6;0;0
13.079;-7;-6;0;0
13.084;-7;-6;0;0
13.089;-7;-6;0;0
13.094;-7;-6;0;0
13.099;-7;-6;0;0
13.104;-7;-6;0;0
13.109;-7;-6;0;0
13.114;-7;-6;0;0
13.119;-7;-6;0;0
13.124;-7;-6;0;0
13.129;-7;-6;0;0
13.134;-7;-6;0;0
13.139;-7;-6;0;0
13.144;-7;-6;0;0
13.149;-7;-6;0;0
13.154;-7;-6;0;0
13.159;-7;-6;0;0
13.164;-7;-6;0;0
13.169;-7;-6;0;0
13.174;-7;-6;0;0
13.179;-7;-6;0;0
13.184;-7;-6;0;0
13.189;-7;-6;0;0
13.194;-7;-6;0;0
13.199;-7;-6;0;0
13.204;-7;-6;0;0
13.209;-7;-6;0;0
13.214;-7;-6;0;0
13.219;-7;-6;0;0
13.224;-7;-6;0;0
13.229;-7;-6;0;0
13.234;-7;-6;0;0
13.239;-7;-6;0;0
13.244;-7;-6;0;0
13.249;-7;-6;0;0
13.254;-7;-6;0;0
13.259;-7;-6;0;0
13.264;-7;-6;0;0
13.269;-7;-6;0;0
13.274;-7;-6;0;0
13.279;-7;-6;0;0
13.284;-7;-6;0;0
13.289;-7;-6;0;0
13.294;-7;-6;0;0
13.299;-7;-6;0;0
13.304;-7;-6;0;0
13.309;-7;-6;0;0
13.314;-7;-6;0;0
13.319;-7;-6;0;0
13.324;-7;-6;0;0
13.329;-7;-6;0;0
13.334;-7;-6;0;0
13.339;-7;-6;0;0
13.344;-7;-6;0;0
13.349;-7;-6;0;0
13.354;-7;-6;0;0
13.359;-7;-6;0;0
13.364;-7;-6;0;0
13.369;-7;-6;0;0
13.374;-7;-6;0;0
13.379;-7;-6;0;0
13.384;-7;-6;0;0
13.389;-7;-6;0;0
13.394;-7;-6;0;0
13.399;-7;-6;0;0
13.404;-7;-6;0;0
13.409;-7;-6;0;0
13.414;-7;-6;0;0
13.419;-7;-6;0;0
13.424;-7;-6;0;0
13.429;-7;-6;0;0
13.434;-7;-6;0;0
13.439;-7;-6;0;0
13.444;-7;-6;0;0
13.449;-7;-6;0;0
13.454;-7;-6;0;0
13.459;-7;-6;0;0
13.464;-7;-6;0;0
13.469;-7;-6;0;0
13.474;-7;-6;0;0
13.479;-7;-6;0;0
13.484;-7;-6;0;0
13.489;-7;-6;0;0
13.494;-7;-6;0;0
13.499;-7;-6;0;0