t;e;d;i;set

0.594;0;416.6666666666667;0;0
0.599;0;416.6666666666667;0;0
0.604;0;416.6666666666667;0;0
0.609;0;416.6666666666667;0;0
0.614;0;416.6666666666667;0;0
0.619;0;416.6666666666667;0;0
0.624;0;416.6666666666667;0;0
0.629;0;416.6666666666667;0;0
0.634;0;416.6666666666667;0;0
0.639;0;416.6666666666667;0;0
0.644;0;416.6666666666667;0;0
0.649;0;416.6666666666667;0;0
0.654;0;416.6666666666667;0;0
0.659;0;416.6666666666667;0;0
0.664;0;416.6666666666667;0;0
0.669;0;416.6666666666667;0;0
0.674;0;416.6666666666667;0;0
0.679;0;416.6666666666667;0;0
0.684;0;416.6666666666667;0;0
0.689;0;416.6666666666667;0;0
0.694;0;416.6666666666667;0;0
0.699;0;416.6666666666667;0;0
0.704;0;416.6666666666667;0;0
0.709;0;416.6666666666667;0;0
0.714;0;416.6666666666667;0;0
0.719;0;416.6666666666667;0;0
0.724;0;416.6666666666667;0;0
0.729;0;416.6666666666667;0;0
0.734;0;416.6666666666667;0;0
0.739;0;416.6666666666667;0;0
0.744;0;416.6666666666667;0;0
0.749;0;416.6666666666667;0;0
0.754;0;416.6666666666667;0;0
0.759;0;416.6666666666667;0;0
0.764;0;416.6666666666667;0;0
0.769;0;416.6666666666667;0;0
0.774;0;416.6666666666667;0;0
0.779;0;416.6666666666667;0;0
0.784;0;416.6666666666667;0;0
0.789;0;416.6666666666667;0;0
0.794;0;416.6666666666667;0;0
0.799;0;416.6666666666667;0;0
0.804;0;416.6666666666667;0;0
0.809;0;416.6666666666667;0;0
0.814;0;416.6666666666667;0;0
0.819;0;416.6666666666667;0;0
0.824;0;416.6666666666667;0;0
0.829;0;416.6666666666667;0;0
0.834;0;416.6666666666667;0;0
0.839;0;416.6666666666667;0;0
0.844;0;416.6666666666667;0;0
0.849;0;416.6666666666667;0;0
0.854;0;416.6666666666667;0;0
0.859;0;416.6666666666667;0;0
0.864;0;416.6666666666667;0;0
0.869;0;416.6666666666667;0;0
0.874;0;416.6666666666667;0;0
0.879;0;416.6666666666667;0;0
0.884;0;416.6666666666667;0;0
0.889;0;416.6666666666667;0;0
0.894;0;416.6666666666667;0;0
0.899;0;416.6666666666667;0;0
0.904;0;416.6666666666667;0;0
0.909;0;416.6666666666667;0;0
0.914;0;416.6666666666667;0;0
0.919;0;416.6666666666667;0;0
0.924;0;416.6666666666667;0;0
0.929;0;416.6666666666667;0;0
0.934;0;416.6666666666667;0;0
0.939;0;416.6666666666667;0;0
0.944;0;416.6666666666667;0;0
0.949;0;416.6666666666667;0;0
0.954;0;416.6666666666667;0;0
0.959;0;416.6666666666667;0;0
0.964;-7;416.6666666666667;0;0
0.969;-23;-2.6371308016877637;0;0
0.974;-54;-21.459227467811157;0;0
0.979;-94;-21.92982456140351;0;0
0.984;-133;-21.367521367521366;0;0
0.989;-164;-17.301038062283737;0;0
0.994;-195;-18.939393939393938;0;0
0.999;-225;-17.36111111111111;0;0
1.004;-256;-14.285714285714286;0;0
1.009;-278;-16.129032258064516;0;0
1.014;-309;-17.54385964912281;0;0
1.019;-331;-15.67398119122257;0;0
1.024;-360;-17.54385964912281;0;0
1.029;-382;-14.836795252225519;0;0
1.034;-397;-13.089005235602095;0;0
1.039;-418;-12.376237623762377;0;0
1.044;-432;-9.746588693957115;0;0
1.049;-446;-9.652509652509652;0;0
1.054;-453;-8.278145695364238;0;0
1.059;-467;-7.716049382716049;0;0
1.064;-474;-6.51890482398957;0;0
1.069;-474;-5.767012687427912;0;0
1.074;-474;-5.170630816959669;0;0
1.079;-481;-4.025764895330113;0;0
1.084;-481;-3.7257824143070044;0;0
1.089;-474;4.9603174603174605;0;0
1.094;-474;4.512635379061372;0;0
1.099;-467;2.043318348998774;0;0
1.104;-460;3.0120481927710845;0;0
1.109;-446;6.561679790026247;0;0
1.114;-439;5.973715651135006;0;0
1.119;-425;7.246376811594203;0;0
1.124;-411;8.576329331046312;0;0
1.129;-389;13.550135501355014;0;0
1.134;-375;10.729613733905579;0;0
1.139;-353;12.437810945273633;0;0
1.144;-331;15.337423312883436;0;0
1.149;-301;19.305019305019304;0;0
1.154;-278;15.060240963855422;0;0
1.159;-248;17.18213058419244;0;0
1.164;-225;15.24390243902439;0;0
1.169;-195;16.666666666666668;0;0
1.174;-164;18.115942028985508;0;0
1.179;-133;16.666666666666668;0;0
1.184;-101;15.97444089456869;0;0
1.189;-70;18.315018315018314;0;0
1.194;-31;19.53125;0;0
1.199;0;16.835016835016834;0;0
1.204;31;19.9203187250996;0;0
1.209;70;26.881720430107528;0;0
1.214;101;19.76284584980237;0;0
1.219;125;14.285714285714286;0;0
1.224;164;25.77319587628866;0;0
1.229;195;22.52252252252252;0;0
1.234;225;21.1864406779661;0;0
1.239;248;15.151515151515152;0;0
1.244;263;11.363636363636363;0;0
1.249;286;15.527950310559007;0;0
1.254;316;17.6056338028169;0;0
1.259;338;13.550135501355014;0;0
1.264;360;11.235955056179776;0;0
1.269;375;11.547344110854503;0;0
1.274;389;8.620689655172415;0;0
1.279;404;12.01923076923077;0;0
1.284;418;8.650519031141869;0;0
1.289;425;7.82472613458529;0;0
1.294;432;7.861635220125786;0;0
1.299;439;4.995004995004995;0;0
1.304;446;4.299226139294927;0;0
1.309;446;3.9588281868566906;0;0
1.314;446;3.668378576669112;0;0
1.319;446;3.417634996582365;0;0
1.324;446;3.198976327575176;0;0
1.329;439;-2.738225629791895;0;0
1.334;432;-1.659475605708596;0;0
1.339;425;-2.293577981651376;0;0
1.344;418;-4.336513443191674;0;0
1.349;404;-7.541478129713424;0;0
1.354;389;-7.342143906020558;0;0
1.359;375;-10.0;0;0
1.364;353;-11.037527593818984;0;0
1.369;331;-10.822510822510823;0;0
1.374;316;-20.491803278688526;0;0
1.379;294;-14.084507042253522;0;0
1.384;271;-13.26259946949602;0;0
1.389;241;-14.367816091954023;0;0
1.394;218;-15.67398119122257;0;0
1.399;195;-25.252525252525253;0;0
1.404;164;-16.89189189189189;0;0
1.409;133;-19.23076923076923;0;0
1.414;101;-21.09704641350211;0;0
1.419;70;-20.92050209205021;0;0
1.424;47;-15.723270440251572;0;0
1.429;7;-26.17801047120419;0;0
1.434;-23;-25.12562814070352;0;0
1.439;-47;-15.67398119122257;0;0
1.444;-78;-21.367521367521366;0;0
1.449;-109;-20.833333333333332;0;0
1.454;-133;-12.531328320802006;0;0
1.459;-164;-15.015015015015015;0;0
1.464;-187;-16.835016835016834;0;0
1.469;-218;-17.54385964912281;0;0
1.474;-241;-14.367816091954023;0;0
1.479;-263;-13.812154696132596;0;0
1.484;-286;-13.020833333333334;0;0
1.489;-309;-14.705882352941176;0;0
1.494;-323;-11.7096018735363;0;0
1.499;-338;-10.70663811563169;0;0
1.504;-360;-11.876484560570072;0;0
1.509;-368;-9.9601593625498;0;0
1.514;-382;-8.992805755395683;0;0
1.519;-389;-7.331378299120234;0;0
1.524;-404;-11.312217194570136;0;0
1.529;-411;-5.662514156285391;0;0
1.534;-411;-5.05050505050505;0;0
1.539;-418;-4.219409282700422;0;0
1.544;-418;-3.8910505836575875;0;0
1.549;-418;-3.6101083032490973;0;0
1.554;-418;-3.367003367003367;0;0
1.559;-411;2.344116268166901;0;0
1.564;-404;1.8362100624311422;0;0
1.569;-397;2.1939447125932428;0;0
1.574;-389;4.803073967339097;0;0
1.579;-382;4.716981132075472;0;0
1.584;-368;6.459948320413437;0;0
1.589;-353;7.309941520467836;0;0
1.594;-338;8.741258741258742;0;0
1.599;-323;9.242144177449168;0;0
1.604;-301;12.531328320802006;0;0
1.609;-278;13.774104683195592;0;0
1.614;-256;13.020833333333334;0;0
1.619;-241;14.005602240896359;0;0
1.624;-218;12.195121951219512;0;0
1.629;-187;16.556291390728475;0;0
1.634;-164;15.19756838905775;0;0
1.639;-140;13.477088948787062;0;0
1.644;-117;16.025641025641026;0;0
1.649;-86;18.587360594795538;0;0
1.654;-54;21.73913043478261;0;0
1.659;-23;17.921146953405017;0;0
1.664;0;13.550135501355014;0;0
1.669;31;19.23076923076923;0;0
1.674;62;19.157088122605366;0;0
1.679;86;14.204545454545455;0;0
1.684;109;15.67398119122257;0;0
1.689;133;15.67398119122257;0;0
1.694;164;20.408163265306122;0;0
1.699;195;19.157088122605366;0;0
1.704;218;14.836795252225519;0;0
1.709;233;13.020833333333334;0;0
1.714;248;17.54385964912281;0;0
1.719;271;11.547344110854503;0;0
1.724;286;13.297872340425531;0;0
1.729;309;11.210762331838565;0;0
1.734;323;11.185682326621924;0;0
1.739;338;8.865248226950355;0;0
1.744;346;8.389261744966444;0;0
1.749;353;6.345177664974619;0;0
1.754;368;6.075334143377885;0;0
1.759;375;6.570302233902759;0;0
1.764;375;5.807200929152149;0;0
1.769;382;3.5790980672870436;0;0
1.774;382;3.3400133600534403;0;0
1.779;382;3.1308703819661865;0;0
1.784;382;2.946375957572186;0;0
1.789;375;416.6666666666667;0;0
1.794;375;416.6666666666667;0;0
1.799;368;-1.9801980198019802;0;0
1.804;360;-1.9976028765481422;0;0
1.809;346;-6.6401062416998675;0;0
1.814;346;-5.434782608695652;0;0
1.819;331;-5.530973451327434;0;0
1.824;316;-7.874015748031496;0;0
1.829;301;-8.183306055646481;0;0
1.834;278;-11.904761904761905;0;0
1.839;256;-13.404825737265416;0;0
1.844;241;-10.330578512396695;0;0
1.849;225;-11.933174224343675;0;0
1.854;202;-12.224938875305623;0;0
1.859;179;-12.106537530266344;0;0
1.864;164;-13.966480446927374;0;0
1.869;133;-16.181229773462782;0;0
1.874;101;-17.921146953405017;0;0
1.879;78;-15.92356687898089;0;0
1.884;54;-11.933174224343675;0;0
1.889;31;-17.857142857142858;0;0
1.894;0;-18.796992481203006;0;0
1.899;-23;-14.880952380952381;0;0
1.904;-47;-14.534883720930232;0;0
1.909;-70;-13.26259946949602;0;0
1.914;-101;-15.97444089456869;0;0
1.919;-117;-15.151515151515152;0;0
1.924;-148;-14.577259475218659;0;0
1.929;-171;-14.970059880239521;0;0
1.934;-187;-13.812154696132596;0;0
1.939;-210;-13.297872340425531;0;0
1.944;-233;-12.690355329949238;0;0
1.949;-248;-11.415525114155251;0;0
1.954;-263;-10.438413361169102;0;0
1.959;-278;-9.727626459143968;0;0
1.964;-294;-9.090909090909092;0;0
1.969;-309;-9.380863039399625;0;0
1.974;-323;-7.886435331230284;0;0
1.979;-331;-7.052186177715091;0;0
1.984;-338;-6.544502617801047;0;0
1.989;-346;-4.770992366412214;0;0
1.994;-353;-4.906771344455349;0;0
1.999;-353;-4.468275245755138;0;0
2.004;-360;-3.5285815102328866;0;0
2.009;-360;-3.2959789057350033;0;0
2.014;-360;-3.0921459492888066;0;0
2.019;-353;2.7808676307007785;0;0
2.024;-353;416.6666666666667;0;0
2.029;-346;5.889281507656066;0;0
2.034;-338;5.714285714285714;0;0
2.039;-331;6.451612903225806;0;0
2.044;-316;5.2854122621564485;0;0
2.049;-309;5.847953216374269;0;0
2.054;-301;7.15307582260372;0;0
2.059;-278;8.650519031141869;0;0
2.064;-263;10.183299389002036;0;0
2.069;-248;9.380863039399625;0;0
2.074;-233;10.75268817204301;0;0
2.079;-218;10.245901639344263;0;0
2.084;-195;10.75268817204301;0;0
2.089;-179;14.285714285714286;0;0
2.094;-148;15.105740181268882;0;0
2.099;-133;11.086474501108647;0;0
2.104;-109;14.124293785310735;0;0
2.109;-86;15.822784810126583;0;0
2.114;-54;21.645021645021647;0;0
2.119;-39;12.5;0;0
2.124;-15;13.404825737265416;0;0
2.129;7;15.723270440251572;0;0
2.134;31;13.58695652173913;0;0
2.139;54;13.550135501355014;0;0
2.144;78;12.077294685990339;0;0
2.149;101;13.88888888888889;0;0
2.154;117;9.881422924901186;0;0
2.159;140;11.990407673860911;0;0
2.164;164;15.97444089456869;0;0
2.169;187;11.848341232227488;0;0
2.174;202;10.02004008016032;0;0
2.179;218;17.064846416382252;0;0
2.184;233;9.900990099009901;0;0
2.189;248;8.992805755395683;0;0
2.194;256;8.787346221441124;0;0
2.199;271;7.246376811594203;0;0
2.204;286;9.242144177449168;0;0
2.209;294;7.1022727272727275;0;0
2.214;301;6.5359477124183005;0;0
2.219;309;5.170630816959669;0;0
2.224;316;9.900990099009901;0;0
2.229;316;8.264462809917354;0;0
2.234;323;4.428697962798937;0;0
2.239;323;4.068348250610252;0;0
2.244;323;3.762227238525207;0;0
2.249;316;-6.082725060827251;0;0
2.254;316;416.6666666666667;0;0
2.259;316;416.6666666666667;0;0
2.264;309;-5.643340857787811;0;0
2.269;301;-5.065856129685917;0;0
2.274;286;-10.121457489878543;0;0
2.279;278;-5.889281507656066;0;0
2.284;271;-5.417118093174431;0;0
2.289;256;-7.564296520423601;0;0
2.294;241;-7.256894049346879;0;0
2.299;225;-9.157509157509157;0;0
2.304;218;-8.403361344537815;0;0
2.309;195;-10.989010989010989;0;0
2.314;179;-9.276437847866418;0;0
2.319;164;-12.077294685990339;0;0
2.324;140;-13.368983957219251;0;0
2.329;117;-11.389521640091116;0;0
2.334;101;-12.468827930174564;0;0
2.339;78;-13.192612137203167;0;0
2.344;62;-11.46788990825688;0;0
2.349;39;-13.623978201634877;0;0
2.354;7;-19.083969465648856;0;0
2.359;-7;-11.11111111111111;0;0
2.364;-23;-11.79245283018868;0;0
2.369;-47;-11.7096018735363;0;0
2.374;-70;-12.224938875305623;0;0
2.379;-86;-14.044943820224718;0;0
2.384;-117;-15.723270440251572;0;0
2.389;-133;-10.121457489878543;0;0
2.394;-148;-20.0;0;0
2.399;-164;-9.041591320072333;0;0
2.404;-179;-10.75268817204301;0;0
2.409;-202;-10.91703056768559;0;0
2.414;-218;-10.660980810234541;0;0
2.419;-225;-7.396449704142012;0;0
2.424;-241;-7.836990595611285;0;0
2.429;-248;-7.23589001447178;0;0
2.434;-263;-7.112375533428165;0;0
2.439;-271;-6.7294751009421265;0;0
2.444;-278;-5.882352941176471;0;0
2.449;-286;-4.166666666666667;0;0
2.454;-294;-4.549590536851683;0;0
2.459;-294;-4.139072847682119;0;0
2.464;-301;-3.443526170798898;0;0
2.469;-301;-3.2216494845360826;0;0
2.474;-301;-3.026634382566586;0;0
2.479;-301;-2.853881278538813;0;0
2.484;-294;2.416626389560174;0;0
2.489;-294;416.6666666666667;0;0
2.494;-286;1.903311762466692;0;0
2.499;-278;1.9857029388403495;0;0
2.504;-271;6.218905472636816;0;0
2.509;-263;6.544502617801047;0;0
2.514;-248;13.404825737265416;0;0
2.519;-241;6.657789613848203;0;0
2.524;-233;5.780346820809249;0;0
2.529;-218;7.062146892655368;0;0
2.534;-202;7.309941520467836;0;0
2.539;-187;8.680555555555555;0;0
2.544;-171;9.140767824497258;0;0
2.549;-148;11.682242990654206;0;0
2.554;-140;8.710801393728223;0;0
2.559;-117;12.01923076923077;0;0
2.564;-101;9.727626459143968;0;0
2.569;-86;12.01923076923077;0;0
2.574;-54;16.722408026755854;0;0
2.579;-39;10.141987829614605;0;0
2.584;-23;12.755102040816327;0;0
2.589;-7;9.00900900900901;0;0
2.594;15;12.468827930174564;0;0
2.599;39;14.705882352941176;0;0
2.604;54;11.013215859030836;0;0
2.609;70;21.645021645021647;0;0
2.614;86;8.59106529209622;0;0
2.619;101;10.26694045174538;0;0
2.624;125;10.416666666666666;0;0
2.629;140;10.989010989010989;0;0
2.634;156;9.328358208955224;0;0
2.639;171;9.416195856873824;0;0
2.644;187;7.788161993769471;0;0
2.649;195;8.051529790660226;0;0
2.654;210;6.527415143603133;0;0
2.659;218;6.20347394540943;0;0
2.664;225;7.062146892655368;0;0
2.669;233;5.181347150259067;0;0
2.674;241;4.743833017077799;0;0
2.679;256;5.47645125958379;0;0
2.684;256;4.930966469428008;0;0
2.689;256;4.488330341113106;0;0
2.694;256;4.118616144975288;0;0
2.699;263;2.6666666666666665;0;0
2.704;263;2.5316455696202533;0;0
2.709;263;2.4096385542168677;0;0
2.714;256;416.6666666666667;0;0
2.719;256;416.6666666666667;0;0
2.724;256;416.6666666666667;0;0
2.729;248;-2.0234722784297854;0;0
2.734;241;-1.7979144192736425;0;0
2.739;233;-4.677268475210477;0;0
2.744;225;-7.716049382716049;0;0
2.749;218;-4.638218923933209;0;0
2.754;202;-5.747126436781609;0;0
2.759;195;-6.369426751592357;0;0
2.764;179;-6.7294751009421265;0;0
2.769;164;-9.380863039399625;0;0
2.774;148;-7.473841554559043;0;0
2.779;133;-16.611295681063122;0;0
2.784;117;-8.237232289950576;0;0
2.789;101;-10.75268817204301;0;0
2.794;86;-8.576329331046312;0;0
2.799;70;-16.33986928104575;0;0
2.804;54;-7.680491551459293;0;0
2.809;39;-19.011406844106464;0;0
2.814;15;-12.40694789081886;0;0
2.819;0;-11.682242990654206;0;0
2.824;-15;-9.900990099009901;0;0
2.829;-31;-9.861932938856016;0;0
2.834;-47;-9.208103130755065;0;0
2.839;-62;-10.1010101010101;0;0
2.844;-86;-11.363636363636363;0;0
2.849;-101;-8.960573476702509;0;0
2.854;-117;-11.185682326621924;0;0
2.859;-133;-7.374631268436578;0;0
2.864;-148;-9.689922480620154;0;0
2.869;-156;-8.305647840531561;0;0
2.874;-171;-8.333333333333334;0;0
2.879;-179;-7.6452599388379205;0;0
2.884;-195;-6.501950585175552;0;0
2.889;-202;-6.839945280437757;0;0
2.894;-210;-6.377551020408164;0;0
2.899;-218;-5.787037037037037;0;0
2.904;-225;-4.1118421052631575;0;0
2.909;-233;-4.340277777777778;0;0
2.914;-233;-3.9936102236421727;0;0
2.919;-241;-3.641660597232338;0;0
2.924;-241;-3.3944331296673456;0;0
2.929;-241;-3.178639542275906;0;0
2.934;-241;-2.9886431560071727;0;0
2.939;-241;-2.820078962210942;0;0
2.944;-241;416.6666666666667;0;0
2.949;-241;416.6666666666667;0;0
2.954;-233;416.6666666666667;0;0
2.959;-225;1.5499070055796653;0;0
2.964;-218;2.1026072329688814;0;0
2.969;-210;4.163197335553705;0;0
2.974;-210;3.8431975403535743;0;0
2.979;-195;4.508566275924256;0;0
2.984;-187;5.330490405117271;0;0
2.989;-179;12.531328320802006;0;0
2.994;-164;6.045949214026602;0;0
2.999;-148;8.576329331046312;0;0
3.004;-140;7.587253414264036;0;0
3.009;-125;8.116883116883116;0;0
3.014;-117;15.527950310559007;0;0
3.019;-101;7.331378299120234;0;0
3.024;-86;9.82318271119843;0;0
3.029;-70;9.140767824497258;0;0
3.034;-54;11.061946902654867;0;0
3.039;-39;7.961783439490445;0;0
3.044;-23;10.416666666666666;0;0
3.049;-7;7.022471910112359;0;0
3.054;7;11.061946902654867;0;0
3.059;23;8.431703204047217;0;0
3.064;39;11.682242990654206;0;0
3.069;54;9.25925925925926;0;0
3.074;70;9.784735812133073;0;0
3.079;78;7.1022727272727275;0;0
3.084;94;7.4183976261127595;0;0
3.089;101;14.577259475218659;0;0
3.094;117;6.165228113440198;0;0
3.099;133;8.8339222614841;0;0
3.104;140;7.751937984496124;0;0
3.109;148;6.016847172081829;0;0
3.114;164;8.090614886731391;0;0
3.119;171;6.8212824010914055;0;0
3.124;179;4.854368932038835;0;0
3.129;187;4.484304932735426;0;0
3.134;195;5.2521008403361344;0;0
3.139;195;4.752851711026616;0;0
3.144;202;3.351206434316354;0;0
3.149;202;3.14070351758794;0;0
3.154;210;5.882352941176471;0;0
3.159;210;5.2631578947368425;0;0
3.164;210;4.761904761904762;0;0
3.169;210;4.3478260869565215;0;0
3.174;210;4.0;0;0
3.179;202;-2.4521824423737124;0;0
3.184;195;-1.6931933626820184;0;0
3.189;195;-1.6377333770062235;0;0
3.194;195;-1.585791309863622;0;0
3.199;179;-2.727768685215494;0;0
3.204;179;-2.4925224327018944;0;0
3.209;164;-4.854368932038835;0;0
3.214;164;-4.424778761061947;0;0
3.219;148;-9.057971014492754;0;0
3.224;140;-5.800464037122969;0;0
3.229;133;-5.889281507656066;0;0
3.234;117;-11.26126126126126;0;0
3.239;101;-8.445945945945946;0;0
3.244;94;-7.704160246533128;0;0
3.249;86;-5.875440658049354;0;0
3.254;70;-7.429420505200595;0;0
3.259;62;-6.87757909215956;0;0
3.264;47;-7.575757575757576;0;0
3.269;31;-8.9126559714795;0;0
3.274;15;-9.671179883945841;0;0
3.279;7;-9.191176470588236;0;0
3.284;-7;-6.4935064935064934;0;0
3.289;-23;-14.492753623188406;0;0
3.294;-31;-7.564296520423601;0;0
3.299;-47;-7.163323782234957;0;0
3.304;-54;-7.23589001447178;0;0
3.309;-70;-11.682242990654206;0;0
3.314;-86;-14.792899408284024;0;0
3.319;-101;-7.163323782234957;0;0
3.324;-109;-7.861635220125786;0;0
3.329;-117;-6.666666666666667;0;0
3.334;-125;-5.827505827505828;0;0
3.339;-133;-4.432624113475177;0;0
3.344;-148;-6.016847172081829;0;0
3.349;-148;-5.370569280343717;0;0
3.354;-156;-5.159958720330238;0;0
3.359;-164;-3.793626707132018;0;0
3.364;-171;-7.352941176470588;0;0
3.369;-179;-6.226650062266501;0;0
3.374;-179;-5.537098560354374;0;0
3.379;-179;-4.985044865403789;0;0
3.384;-179;-4.533091568449683;0;0
3.389;-187;-2.4437927663734116;0;0
3.394;-187;-2.3245002324500232;0;0
3.399;-179;4.512635379061372;0;0
3.404;-179;4.139072847682119;0;0
3.409;-179;3.8226299694189603;0;0
3.414;-179;3.5511363636363638;0;0
3.419;-179;3.315649867374005;0;0
3.424;-171;1.9409937888198758;0;0
3.429;-164;3.013863773357444;0;0
3.434;-156;6.038647342995169;0;0
3.439;-148;3.949447077409163;0;0
3.444;-148;3.6603221083455346;0;0
3.449;-140;3.417634996582365;0;0
3.454;-133;3.679175864606328;0;0
3.459;-117;5.847953216374269;0;0
3.464;-117;5.2356020942408374;0;0
3.469;-101;4.916420845624385;0;0
3.474;-86;7.331378299120234;0;0
3.479;-78;6.329113924050633;0;0
3.484;-70;6.402048655569782;0;0
3.489;-54;8.051529790660226;0;0
3.494;-39;6.443298969072165;0;0
3.499;-31;6.3938618925831205;0;0
3.504;-23;7.122507122507122;0;0
3.509;-15;5.197505197505198;0;0
3.514;0;5.938242280285036;0;0
3.519;7;7.204610951008646;0;0
3.524;23;6.297229219143577;0;0
3.529;39;9.469696969696969;0;0
3.534;47;8.305647840531561;0;0
3.539;54;6.112469437652812;0;0
3.544;70;7.610350076103501;0;0
3.549;70;6.605019815059445;0;0
3.554;86;4.892367906066537;0;0
3.559;94;4.784688995215311;0;0
3.564;101;5.701254275940707;0;0
3.569;101;5.117707267144319;0;0
3.574;109;3.875968992248062;0;0
3.579;117;3.7341299477221805;0;0
3.584;125;3.802281368821293;0;0
3.589;133;4.533091568449683;0;0
3.594;133;4.156275976724855;0;0
3.599;140;3.506311360448808;0;0
3.604;140;2.7624309392265194;0;0
3.609;148;2.5087807325639737;0;0
3.614;148;2.388915432393693;0;0
3.619;148;2.279981760145919;0;0
3.624;148;2.1805494984736153;0;0
3.629;148;2.089427496865859;0;0
3.634;148;2.0056157240272765;0;0
3.639;148;416.6666666666667;0;0
3.644;140;-1.9809825673534074;0;0
3.649;140;-1.9054878048780488;0;0
3.654;133;-1.461133839859731;0;0
3.659;133;-1.4196479273140261;0;0
3.664;133;-1.3804527885146327;0;0
3.669;117;-2.5201612903225805;0;0
3.674;117;-2.399232245681382;0;0
3.679;101;-9.380863039399625;0;0
3.684;101;-7.022471910112359;0;0
3.689;94;-4.156275976724855;0;0
3.694;86;-3.6231884057971016;0;0
3.699;78;-4.541326067211626;0;0
3.704;70;-4.681647940074907;0;0
3.709;62;-4.7664442326024785;0;0
3.714;54;-4.0453074433656955;0;0
3.719;39;-6.775067750677507;0;0
3.724;39;-5.611672278338945;0;0
3.729;23;-9.82318271119843;0;0
3.734;15;-6.28140703517588;0;0
3.739;7;-6.321112515802781;0;0
3.744;-7;-5.307855626326964;0;0
3.749;-15;-5.847953216374269;0;0
3.754;-23;-5.847953216374269;0;0
3.759;-31;-5.370569280343717;0;0
3.764;-39;-4.166666666666667;0;0
3.769;-47;-4.945598417408506;0;0
3.774;-54;-5.181347150259067;0;0
3.779;-62;-5.202913631633715;0;0
3.784;-70;-4.177109440267335;0;0
3.789;-78;-4.8732943469785575;0;0
3.794;-86;-4.955401387512389;0;0
3.799;-94;-4.921259842519685;0;0
3.804;-101;-3.8109756097560976;0;0
3.809;-101;-3.538570417551309;0;0
3.814;-109;-3.756574004507889;0;0
3.819;-117;-3.313452617627568;0;0
3.824;-117;-3.107520198881293;0;0
3.829;-117;-2.925687536571094;0;0
3.834;-117;-2.7639579878385847;0;0
3.839;-125;-2.4485798237022527;0;0
3.844;-125;-2.335357309668379;0;0
3.849;-125;-2.2311468094600624;0;0
3.854;-133;-1.539882968894364;0;0
3.859;-125;2.4521824423737124;0;0
3.864;-125;2.337540906965872;0;0
3.869;-125;416.6666666666667;0;0
3.874;-125;416.6666666666667;0;0
3.879;-117;13.927576601671309;0;0
3.884;-117;10.893246187363834;0;0
3.889;-117;8.94454382826476;0;0
3.894;-117;7.587253414264036;0;0
3.899;-109;2.4189646831156266;0;0
3.904;-101;2.9922202274087373;0;0
3.909;-94;6.993006993006993;0;0
3.914;-86;3.7119524870081664;0;0
3.919;-86;3.455425017277125;0;0
3.924;-78;3.3333333333333335;0;0
3.929;-70;6.7294751009421265;0;0
3.934;-62;8.143322475570033;0;0
3.939;-54;5.005005005005005;0;0
3.944;-47;4.452359750667854;0;0
3.949;-39;3.8284839203675345;0;0
3.954;-31;4.492362982929021;0;0
3.959;-23;4.748338081671415;0;0
3.964;-23;4.336513443191674;0;0
3.969;-15;3.455425017277125;0;0
3.974;-7;3.5435861091424523;0;0
3.979;0;3.852080123266564;0;0
3.984;7;5.05050505050505;0;0
3.989;7;4.587155963302752;0;0
3.994;23;3.8880248833592534;0;0
3.999;31;4.370629370629371;0;0
4.004;39;5.747126436781609;0;0
4.009;39;5.154639175257732;0;0
4.014;47;3.8109756097560976;0;0
4.019;54;6.983240223463687;0;0
4.024;62;6.485084306095979;0;0
4.029;70;4.074979625101874;0;0
4.034;70;3.7678975131876413;0;0
4.039;70;3.50385423966363;0;0
4.044;78;2.5497195308516063;0;0
4.049;78;2.42600679281902;0;0
4.054;86;2.175805047867711;0;0
4.059;86;2.085070892410342;0;0
4.064;86;2.00160128102482;0;0
4.069;86;1.9238168526356292;0;0
4.074;86;1.8532246108228316;0;0
4.079;86;1.7863522686673812;0;0
4.084;94;416.6666666666667;0;0
4.089;94;416.6666666666667;0;0
4.094;86;416.6666666666667;0;0
4.099;86;416.6666666666667;0;0
4.104;86;416.6666666666667;0;0
4.109;86;416.6666666666667;0;0
4.114;86;416.6666666666667;0;0
4.119;86;416.6666666666667;0;0
4.124;78;-2.288329519450801;0;0
4.129;78;-2.1881838074398248;0;0
4.134;70;-1.4484356894553883;0;0
4.139;70;-1.4076576576576576;0;0
4.144;70;-1.3691128148959475;0;0
4.149;62;-1.6818028927009754;0;0
4.154;62;-1.625487646293888;0;0
4.159;54;-1.774937877174299;0;0
4.164;47;-2.5303643724696356;0;0
4.169;47;-2.3980815347721824;0;0
4.174;39;-3.013863773357444;0;0
4.179;39;-2.8425241614553722;0;0
4.184;31;-3.058103975535168;0;0
4.189;23;-2.7517886626307098;0;0
4.194;15;-3.57653791130186;0;0
4.199;7;-3.8580246913580245;0;0
4.204;7;-3.5816618911174785;0;0
4.209;0;-3.4916201117318435;0;0
4.214;-7;-2.913752913752914;0;0
4.219;-7;-2.753303964757709;0;0
4.224;-15;-3.4364261168384878;0;0
4.229;-23;-3.467406380027739;0;0
4.234;-23;-3.2425421530479897;0;0
4.239;-23;-3.045066991473812;0;0
4.244;-31;-6.747638326585695;0;0
4.249;-39;-4.25531914893617;0;0
4.254;-39;-3.9215686274509802;0;0
4.259;-47;-2.6680896478121663;0;0
4.264;-54;-2.705627705627706;0;0
4.269;-54;-2.566735112936345;0;0
4.274;-54;-2.44140625;0;0
4.279;-54;-2.3277467411545625;0;0
4.284;-54;-2.224199288256228;0;0
4.289;-54;416.6666666666667;0;0
4.294;-62;-1.9936204146730463;0;0
4.299;-62;-1.9171779141104295;0;0
4.304;-62;-1.846381093057607;0;0
4.309;-62;-1.7806267806267806;0;0
4.314;-62;-1.71939477303989;0;0
4.319;-62;-1.6622340425531914;0;0
4.324;-62;416.6666666666667;0;0
4.329;-62;416.6666666666667;0;0
4.334;-54;1.9920318725099602;0;0
4.339;-54;1.9157088122605364;0;0
4.344;-54;1.845018450184502;0;0
4.349;-54;1.7793594306049823;0;0
4.354;-54;1.7182130584192439;0;0
4.359;-54;1.6611295681063123;0;0
4.364;-54;416.6666666666667;0;0
4.369;-54;416.6666666666667;0;0
4.374;-54;416.6666666666667;0;0
4.379;-54;416.6666666666667;0;0
4.384;-47;416.6666666666667;0;0
4.389;-47;416.6666666666667;0;0
4.394;-39;1.5595757953836555;0;0
4.399;-39;1.5124016938898972;0;0
4.404;-39;1.467997651203758;0;0
4.409;-39;1.426126640045636;0;0
4.414;-31;1.4654161781946073;0;0
4.419;-31;1.4236902050113895;0;0
4.424;-23;3.4106412005457027;0;0
4.429;-23;3.1928480204342273;0;0
4.434;-23;3.0012004801920766;0;0
4.439;-23;2.8312570781426953;0;0
4.444;-15;2.450980392156863;0;0
4.449;-15;2.336448598130841;0;0
4.454;-7;1.5969338869370808;0;0
4.459;-7;1.547508511296812;0;0
4.464;0;1.7992083483267363;0;0
4.469;0;1.736714136853074;0;0
4.474;7;4.570383912248629;0;0
4.479;7;4.187604690117253;0;0
4.484;7;3.8639876352395675;0;0
4.489;7;3.586800573888092;0;0
4.494;15;2.577319587628866;0;0
4.499;15;2.450980392156863;0;0
4.504;23;3.219575016097875;0;0
4.509;23;3.0248033877797944;0;0
4.514;23;2.852253280091272;0;0
4.519;31;3.215434083601286;0;0
4.524;31;3.0211480362537766;0;0
4.529;31;2.849002849002849;0;0
4.534;39;1.8416206261510129;0;0
4.539;39;1.7761989342806395;0;0
4.544;39;1.7152658662092624;0;0
4.549;39;1.658374792703151;0;0
4.554;39;1.6051364365971108;0;0
4.559;39;1.5552099533437014;0;0
4.564;39;416.6666666666667;0;0
4.569;39;416.6666666666667;0;0
4.574;39;416.6666666666667;0;0
4.579;39;416.6666666666667;0;0
4.584;31;-1.8011527377521614;0;0
4.589;31;-1.736714136853074;0;0
4.594;31;-1.6784155756965424;0;0
4.599;31;-1.6239038648911985;0;0
4.604;23;-1.3877324451845685;0;0
4.609;23;-1.3502565487442615;0;0
4.614;23;-1.3147515119642388;0;0
4.619;23;416.6666666666667;0;0
4.624;15;-1.5370427297878881;0;0
4.629;15;-1.4912019087384432;0;0
4.634;15;-1.4480162177816391;0;0
4.639;7;-1.4072614691809737;0;0
4.644;7;-1.368738023542294;0;0
4.649;7;-1.332267519317879;0;0
4.654;7;416.6666666666667;0;0
4.659;7;416.6666666666667;0;0
4.664;0;-1.5595757953836555;0;0
4.669;0;-1.5124016938898972;0;0
4.674;0;-1.467997651203758;0;0
4.679;-7;-1.426126640045636;0;0
4.684;-7;-1.3865779256794233;0;0
4.689;-7;-1.3491635186184565;0;0
4.694;-7;-1.3137151865475565;0;0
4.699;-15;-1.5375153751537516;0;0
4.704;-15;-1.4916467780429594;0;0
4.709;-15;-1.4484356894553883;0;0
4.714;-15;-1.4076576576576576;0;0
4.719;-23;-1.3691128148959475;0;0
4.724;-23;-1.3326226012793176;0;0
4.729;-23;416.6666666666667;0;0
4.734;-23;416.6666666666667;0;0
4.739;-23;416.6666666666667;0;0
4.744;-23;416.6666666666667;0;0
4.749;-23;416.6666666666667;0;0
4.754;-23;416.6666666666667;0;0
4.759;-23;416.6666666666667;0;0
4.764;-23;416.6666666666667;0;0
4.769;-23;416.6666666666667;0;0
4.774;-23;416.6666666666667;0;0
4.779;-23;416.6666666666667;0;0
4.784;-23;416.6666666666667;0;0
4.789;-23;416.6666666666667;0;0
4.794;-23;416.6666666666667;0;0
4.799;-23;416.6666666666667;0;0
4.804;-23;416.6666666666667;0;0
4.809;-23;416.6666666666667;0;0
4.814;-23;416.6666666666667;0;0
4.819;-23;416.6666666666667;0;0
4.824;-23;416.6666666666667;0;0
4.829;-23;416.6666666666667;0;0
4.834;-23;416.6666666666667;0;0
4.839;-23;416.6666666666667;0;0
4.844;-15;416.6666666666667;0;0
4.849;-15;416.6666666666667;0;0
4.854;-15;416.6666666666667;0;0
4.859;-15;416.6666666666667;0;0
4.864;-15;416.6666666666667;0;0
4.869;-15;416.6666666666667;0;0
4.874;-7;1.5197568389057752;0;0
4.879;-7;1.4744913005013272;0;0
4.884;-7;1.4326647564469914;0;0
4.889;-7;1.392757660167131;0;0
4.894;-7;1.3550135501355014;0;0
4.899;-7;1.3192612137203166;0;0
4.904;-7;416.6666666666667;0;0
4.909;0;416.6666666666667;0;0
4.914;0;416.6666666666667;0;0
4.919;0;416.6666666666667;0;0
4.924;0;416.6666666666667;0;0
4.929;0;416.6666666666667;0;0
4.934;0;416.6666666666667;0;0
4.939;0;416.6666666666667;0;0
4.944;0;416.6666666666667;0;0
4.949;7;1.5417823003391922;0;0
4.954;7;1.4956625785222855;0;0
4.959;7;1.4522218995062446;0;0
4.964;7;1.4112334180073385;0;0
4.969;7;1.372495196266813;0;0
4.974;7;1.335826876836762;0;0
4.979;7;416.6666666666667;0;0
4.984;7;416.6666666666667;0;0
4.989;7;416.6666666666667;0;0
4.994;7;416.6666666666667;0;0
4.999;7;416.6666666666667;0;0
5.004;7;416.6666666666667;0;0
5.009;7;416.6666666666667;0;0
5.014;7;416.6666666666667;0;0
5.019;7;416.6666666666667;0;0
5.024;7;416.6666666666667;0;0
5.029;7;416.6666666666667;0;0
5.034;7;416.6666666666667;0;0
5.039;7;416.6666666666667;0;0
5.044;7;416.6666666666667;0;0
5.049;7;416.6666666666667;0;0
5.054;7;416.6666666666667;0;0
5.059;7;416.6666666666667;0;0
5.064;7;416.6666666666667;0;0
5.069;7;416.6666666666667;0;0
5.074;0;-1.547029702970297;0;0
5.079;0;-1.5006002400960383;0;0
5.084;0;-1.456876456876457;0;0
5.089;0;-1.4156285390713477;0;0
5.094;0;-1.3766519823788546;0;0
5.099;0;-1.339764201500536;0;0
5.104;0;416.6666666666667;0;0
5.109;0;416.6666666666667;0;0
5.114;0;416.6666666666667;0;0
5.119;0;416.6666666666667;0;0
5.124;0;416.6666666666667;0;0
5.129;0;416.6666666666667;0;0
5.134;0;416.6666666666667;0;0
5.139;0;416.6666666666667;0;0
5.144;0;416.6666666666667;0;0
5.149;0;416.6666666666667;0;0
5.154;0;416.6666666666667;0;0
5.159;0;416.6666666666667;0;0
5.164;0;416.6666666666667;0;0
5.169;0;416.6666666666667;0;0
5.174;0;416.6666666666667;0;0
5.179;0;416.6666666666667;0;0
5.184;0;416.6666666666667;0;0
5.189;0;416.6666666666667;0;0
5.194;0;416.6666666666667;0;0
5.199;0;416.6666666666667;0;0
5.204;0;416.6666666666667;0;0
5.209;0;416.6666666666667;0;0
5.214;0;416.6666666666667;0;0
5.219;0;416.6666666666667;0;0
5.224;0;416.6666666666667;0;0
5.229;0;416.6666666666667;0;0
5.234;0;416.6666666666667;0;0
5.239;0;416.6666666666667;0;0
5.244;0;416.6666666666667;0;0
5.249;0;416.6666666666667;0;0
5.254;0;416.6666666666667;0;0
5.259;0;416.6666666666667;0;0
5.264;0;416.6666666666667;0;0
5.269;0;416.6666666666667;0;0
5.274;0;416.6666666666667;0;0
5.279;0;416.6666666666667;0;0
5.284;0;416.6666666666667;0;0
5.289;0;416.6666666666667;0;0
5.294;0;416.6666666666667;0;0
5.299;0;416.6666666666667;0;0
5.304;0;416.6666666666667;0;0
5.309;0;416.6666666666667;0;0
5.314;0;416.6666666666667;0;0
5.319;0;416.6666666666667;0;0
5.324;0;416.6666666666667;0;0
5.329;0;416.6666666666667;0;0
5.334;0;416.6666666666667;0;0
5.339;0;416.6666666666667;0;0
5.344;0;416.6666666666667;0;0
5.349;0;416.6666666666667;0;0
5.354;0;416.6666666666667;0;0
5.359;0;416.6666666666667;0;0
5.364;0;416.6666666666667;0;0
5.369;0;416.6666666666667;0;0
5.374;0;416.6666666666667;0;0
5.379;0;416.6666666666667;0;0
5.384;0;416.6666666666667;0;0
5.389;0;416.6666666666667;0;0
5.394;0;416.6666666666667;0;0
5.399;0;416.6666666666667;0;0
5.404;0;416.6666666666667;0;0
5.409;0;416.6666666666667;0;0
5.414;0;416.6666666666667;0;0
5.419;0;416.6666666666667;0;0
5.424;0;416.6666666666667;0;0
5.429;0;416.6666666666667;0;0
5.434;0;416.6666666666667;0;0
5.439;0;416.6666666666667;0;0
5.444;0;416.6666666666667;0;0
5.449;0;416.6666666666667;0;0
5.454;0;416.6666666666667;0;0
5.459;0;416.6666666666667;0;0
5.464;0;416.6666666666667;0;0
5.469;0;416.6666666666667;0;0
5.474;0;416.6666666666667;0;0
5.479;0;416.6666666666667;0;0
5.484;0;416.6666666666667;0;0
5.489;0;416.6666666666667;0;0
5.494;0;416.6666666666667;0;0
5.499;0;416.6666666666667;0;0
5.504;0;416.6666666666667;0;0
5.509;0;416.6666666666667;0;0
5.514;0;416.6666666666667;0;0
5.519;0;416.6666666666667;0;0
5.524;0;416.6666666666667;0;0
5.529;0;416.6666666666667;0;0
5.534;0;416.6666666666667;0;0
5.539;0;416.6666666666667;0;0
5.544;0;416.6666666666667;0;0
5.549;0;416.6666666666667;0;0
5.554;0;416.6666666666667;0;0
5.559;0;416.6666666666667;0;0
5.564;0;416.6666666666667;0;0
5.569;0;416.6666666666667;0;0
5.574;0;416.6666666666667;0;0
5.579;0;416.6666666666667;0;0
5.584;0;416.6666666666667;0;0
5.589;0;416.6666666666667;0;0
5.594;0;416.6666666666667;0;0
5.599;0;416.6666666666667;0;0
5.604;0;416.6666666666667;0;0
5.609;0;416.6666666666667;0;0
5.614;0;416.6666666666667;0;0
5.619;0;416.6666666666667;0;0
5.624;0;416.6666666666667;0;0
5.629;0;416.6666666666667;0;0
5.634;0;416.6666666666667;0;0
5.639;0;416.6666666666667;0;0
5.644;0;416.6666666666667;0;0
5.649;0;416.6666666666667;0;0
5.654;0;416.6666666666667;0;0
5.659;0;416.6666666666667;0;0
5.664;0;416.6666666666667;0;0
5.669;0;416.6666666666667;0;0
5.674;0;416.6666666666667;0;0
5.679;0;416.6666666666667;0;0
5.684;0;416.6666666666667;0;0
5.689;0;416.6666666666667;0;0
5.694;0;416.6666666666667;0;0
5.699;0;416.6666666666667;0;0
5.704;0;416.6666666666667;0;0
5.709;0;416.6666666666667;0;0
5.714;0;416.6666666666667;0;0
5.719;0;416.6666666666667;0;0
5.724;0;416.6666666666667;0;0
5.729;0;416.6666666666667;0;0
5.734;0;416.6666666666667;0;0
5.739;0;416.6666666666667;0;0
5.744;0;416.6666666666667;0;0
5.749;0;416.6666666666667;0;0
5.754;0;416.6666666666667;0;0
5.759;0;416.6666666666667;0;0
5.764;0;416.6666666666667;0;0
5.769;0;416.6666666666667;0;0
5.774;0;416.6666666666667;0;0
5.779;0;416.6666666666667;0;0
5.784;0;416.6666666666667;0;0
5.789;0;416.6666666666667;0;0
5.794;0;416.6666666666667;0;0
5.799;0;416.6666666666667;0;0
5.804;0;416.6666666666667;0;0
5.809;0;416.6666666666667;0;0
5.814;0;416.6666666666667;0;0
5.819;0;416.6666666666667;0;0
5.824;0;416.6666666666667;0;0
5.829;0;416.6666666666667;0;0
5.834;0;416.6666666666667;0;0
5.839;0;416.6666666666667;0;0
5.844;0;416.6666666666667;0;0
5.849;0;416.6666666666667;0;0
5.854;0;416.6666666666667;0;0
5.859;0;416.6666666666667;0;0
5.864;0;416.6666666666667;0;0
5.869;0;416.6666666666667;0;0
5.874;0;416.6666666666667;0;0
5.879;0;416.6666666666667;0;0
5.884;0;416.6666666666667;0;0
5.889;0;416.6666666666667;0;0
5.894;0;416.6666666666667;0;0
5.899;0;416.6666666666667;0;0
5.904;0;416.6666666666667;0;0
5.909;0;416.6666666666667;0;0
5.914;0;416.6666666666667;0;0
5.919;0;416.6666666666667;0;0
5.924;0;416.6666666666667;0;0
5.929;0;416.6666666666667;0;0
5.934;0;416.6666666666667;0;0
5.939;0;416.6666666666667;0;0
5.944;0;416.6666666666667;0;0
5.949;0;416.6666666666667;0;0
5.954;0;416.6666666666667;0;0
5.959;0;416.6666666666667;0;0
5.964;0;416.6666666666667;0;0
5.969;0;416.6666666666667;0;0
5.974;0;416.6666666666667;0;0
5.979;0;416.6666666666667;0;0
5.984;0;416.6666666666667;0;0
5.989;0;416.6666666666667;0;0
5.994;0;416.6666666666667;0;0
5.999;0;416.6666666666667;0;0
6.004;0;416.6666666666667;0;0
6.009;0;416.6666666666667;0;0
6.014;0;416.6666666666667;0;0
6.019;0;416.6666666666667;0;0
6.024;0;416.6666666666667;0;0
6.029;0;416.6666666666667;0;0
6.034;0;416.6666666666667;0;0
6.039;0;416.6666666666667;0;0
6.044;0;416.6666666666667;0;0
6.049;0;416.6666666666667;0;0
6.054;0;416.6666666666667;0;0
6.059;0;416.6666666666667;0;0
6.064;0;416.6666666666667;0;0
6.069;0;416.6666666666667;0;0
6.074;0;416.6666666666667;0;0
6.079;0;416.6666666666667;0;0
6.084;0;416.6666666666667;0;0
6.089;0;416.6666666666667;0;0
6.094;0;416.6666666666667;0;0
6.099;0;416.6666666666667;0;0
6.104;0;416.6666666666667;0;0
6.109;0;416.6666666666667;0;0
6.114;0;416.6666666666667;0;0
6.119;0;416.6666666666667;0;0
6.124;0;416.6666666666667;0;0
6.129;0;416.6666666666667;0;0
6.134;0;416.6666666666667;0;0
6.139;0;416.6666666666667;0;0
6.144;0;416.6666666666667;0;0
6.149;0;416.6666666666667;0;0
6.154;0;416.6666666666667;0;0
6.159;0;416.6666666666667;0;0
6.164;0;416.6666666666667;0;0
6.169;0;416.6666666666667;0;0
6.174;0;416.6666666666667;0;0
6.179;0;416.6666666666667;0;0
6.184;0;416.6666666666667;0;0
6.189;0;416.6666666666667;0;0
6.194;0;416.6666666666667;0;0
6.199;0;416.6666666666667;0;0
6.204;0;416.6666666666667;0;0
6.209;0;416.6666666666667;0;0
6.214;0;416.6666666666667;0;0
6.219;0;416.6666666666667;0;0
6.224;0;416.6666666666667;0;0
6.229;0;416.6666666666667;0;0
6.234;0;416.6666666666667;0;0
6.239;0;416.6666666666667;0;0
6.244;0;416.6666666666667;0;0
6.249;0;416.6666666666667;0;0
6.254;0;416.6666666666667;0;0
6.259;0;416.6666666666667;0;0
6.264;0;416.6666666666667;0;0
6.269;0;416.6666666666667;0;0
6.274;0;416.6666666666667;0;0
6.279;0;416.6666666666667;0;0
6.284;0;416.6666666666667;0;0
6.289;0;416.6666666666667;0;0
6.294;0;416.6666666666667;0;0
6.299;0;416.6666666666667;0;0
6.304;0;416.6666666666667;0;0
6.309;0;416.6666666666667;0;0
6.314;0;416.6666666666667;0;0
6.319;0;416.6666666666667;0;0
6.324;0;416.6666666666667;0;0
6.329;0;416.6666666666667;0;0
6.334;0;416.6666666666667;0;0
6.339;0;416.6666666666667;0;0
6.344;0;416.6666666666667;0;0
6.349;0;416.6666666666667;0;0
6.354;0;416.6666666666667;0;0
6.359;0;416.6666666666667;0;0
6.364;0;416.6666666666667;0;0
6.369;0;416.6666666666667;0;0
6.374;0;416.6666666666667;0;0
6.379;0;416.6666666666667;0;0
6.384;0;416.6666666666667;0;0
6.389;0;416.6666666666667;0;0
6.394;0;416.6666666666667;0;0
6.399;0;416.6666666666667;0;0
6.404;0;416.6666666666667;0;0
6.409;0;416.6666666666667;0;0
6.414;0;416.6666666666667;0;0
6.419;0;416.6666666666667;0;0
6.424;0;416.6666666666667;0;0
6.429;0;416.6666666666667;0;0
6.434;0;416.6666666666667;0;0
6.439;0;416.6666666666667;0;0
6.444;0;416.6666666666667;0;0
6.449;0;416.6666666666667;0;0
6.454;0;416.6666666666667;0;0
6.459;0;416.6666666666667;0;0
6.464;0;416.6666666666667;0;0
6.469;0;416.6666666666667;0;0
6.474;0;416.6666666666667;0;0
6.479;0;416.6666666666667;0;0
6.484;0;416.6666666666667;0;0
6.489;0;416.6666666666667;0;0
6.494;0;416.6666666666667;0;0
6.499;0;416.6666666666667;0;0
6.504;0;416.6666666666667;0;0
6.509;0;416.6666666666667;0;0
6.514;0;416.6666666666667;0;0
6.519;0;416.6666666666667;0;0
6.524;0;416.6666666666667;0;0
6.529;0;416.6666666666667;0;0
6.534;0;416.6666666666667;0;0
6.539;0;416.6666666666667;0;0
6.544;0;416.6666666666667;0;0
6.549;0;416.6666666666667;0;0
6.554;0;416.6666666666667;0;0
6.559;0;416.6666666666667;0;0
6.564;0;416.6666666666667;0;0
6.569;0;416.6666666666667;0;0
6.574;0;416.6666666666667;0;0
6.579;0;416.6666666666667;0;0
6.584;0;416.6666666666667;0;0
6.589;0;416.6666666666667;0;0
6.594;0;416.6666666666667;0;0
6.599;0;416.6666666666667;0;0
6.604;0;416.6666666666667;0;0
6.609;0;416.6666666666667;0;0
6.614;0;416.6666666666667;0;0
6.619;0;416.6666666666667;0;0
6.624;0;416.6666666666667;0;0
6.629;0;416.6666666666667;0;0
6.634;0;416.6666666666667;0;0
6.639;0;416.6666666666667;0;0
6.644;0;416.6666666666667;0;0
6.649;0;416.6666666666667;0;0
6.654;0;416.6666666666667;0;0
6.659;0;416.6666666666667;0;0
6.664;0;416.6666666666667;0;0
6.669;0;416.6666666666667;0;0
6.674;0;416.6666666666667;0;0
6.679;0;416.6666666666667;0;0
6.684;0;416.6666666666667;0;0
6.689;0;416.6666666666667;0;0
6.694;0;416.6666666666667;0;0
6.699;0;416.6666666666667;0;0
6.704;0;416.6666666666667;0;0
6.709;0;416.6666666666667;0;0
6.714;0;416.6666666666667;0;0
6.719;0;416.6666666666667;0;0
6.724;0;416.6666666666667;0;0
6.729;0;416.6666666666667;0;0
6.734;0;416.6666666666667;0;0
6.739;0;416.6666666666667;0;0
6.744;0;416.6666666666667;0;0
6.749;0;416.6666666666667;0;0
6.754;0;416.6666666666667;0;0
6.759;0;416.6666666666667;0;0
6.764;0;416.6666666666667;0;0
6.769;0;416.6666666666667;0;0
6.774;0;416.6666666666667;0;0
6.779;0;416.6666666666667;0;0
6.784;0;416.6666666666667;0;0
6.789;0;416.6666666666667;0;0
6.794;0;416.6666666666667;0;0
6.799;0;416.6666666666667;0;0
6.804;0;416.6666666666667;0;0
6.809;0;416.6666666666667;0;0
6.814;0;416.6666666666667;0;0