t;e;d;i;set

44.28;70;0;0;0
44.283;70;0;0;0
44.286;70;0;0;0
44.289;70;0;0;0
44.292;70;0;0;0
44.295;70;0;0;0
44.298;70;0;0;0
44.301;70;0;0;0
44.304;70;0;0;0
44.307;70;0;0;0
44.31;70;0;0;0
44.313;70;0;0;0
44.316;70;0;0;0
44.319;70;0;0;0
44.322;70;0;0;0
44.325;70;0;0;0
44.328;70;0;0;0
44.331;70;0;0;0
44.334;70;0;0;0
44.337;70;0;0;0
44.34;70;0;0;0
44.343;70;0;0;0
44.346;70;0;0;0
44.349;70;0;0;0
44.352;70;0;0;0
44.355;70;0;0;0
44.358;70;0;0;0
44.361;70;0;0;0
44.364;70;0;0;0
44.367;70;0;0;0
44.37;70;0;0;0
44.373;70;0;0;0
44.376;70;0;0;0
44.379;70;0;0;0
44.382;70;0;0;0
44.385;70;0;0;0
44.388;70;0;0;0
44.391;70;0;0;0
44.394;70;0;0;0
44.397;70;0;0;0
44.4;70;0;0;0
44.403;70;0;0;0
44.406;70;0;0;0
44.409;70;0;0;0
44.412;70;0;0;0
44.415;70;0;0;0
44.418;70;0;0;0
44.421;70;0;0;0
44.424;70;0;0;0
44.427;70;0;0;0
44.43;70;0;0;0
44.433;70;0;0;0
44.436;70;0;0;0
44.439;70;0;0;0
44.442;70;0;0;0
44.445;70;0;0;0
44.448;70;0;0;0
44.451;70;0;0;0
44.454;70;0;0;0
44.457;70;0;0;0
44.46;70;0;0;0
44.463;70;0;0;0
44.466;70;0;0;0
44.469;70;0;0;0
44.472;70;0;0;0
44.475;70;0;0;0
44.478;70;0;0;0
44.481;70;0;0;0
44.484;70;0;0;0
44.487;70;0;0;0
44.49;70;0;0;0
44.493;70;0;0;0
44.496;70;0;0;0
44.499;70;0;0;0
44.502;70;0;0;0
44.505;70;0;0;0
44.508;70;0;0;0
44.511;70;0;0;0
44.514;70;0;0;0
44.517;70;0;0;0
44.52;70;0;0;0
44.523;70;0;0;0
44.526;70;0;0;0
44.529;70;0;0;0
44.532;70;0;0;0
44.535;70;0;0;0
44.538;70;0;0;0
44.541;70;0;0;0
44.544;70;0;0;0
44.547;70;0;0;0
44.55;70;0;0;0
44.553;70;0;0;0
44.556;70;0;0;0
44.559;70;0;0;0
44.562;70;0;0;0
44.565;70;0;0;0
44.568;70;0;0;0
44.571;70;0;0;0
44.574;70;0;0;0
44.577;70;0;0;0
44.58;70;0;0;0
44.583;70;0;0;0
44.586;70;0;0;0
44.589;70;0;0;0
44.592;70;0;0;0
44.595;70;0;0;0
44.598;70;0;0;0
44.601;70;0;0;0
44.604;70;0;0;0
44.607;70;0;0;0
44.61;70;0;0;0
44.613;70;0;0;0
44.616;70;0;0;0
44.619;70;0;0;0
44.622;70;0;0;0
44.625;70;0;0;0
44.628;70;0;0;0
44.631;70;0;0;0
44.634;70;0;0;0
44.637;70;0;0;0
44.64;70;0;0;0
44.643;70;0;0;0
44.646;70;0;0;0
44.649;70;0;0;0
44.652;70;0;0;0
44.655;70;0;0;0
44.658;70;0;0;0
44.661;70;0;0;0
44.664;70;0;0;0
44.667;70;0;0;0
44.67;70;0;0;0
44.673;70;0;0;0
44.676;70;0;0;0
44.679;70;0;0;0
44.682;70;0;0;0
44.685;70;0;0;0
44.688;70;0;0;0
44.691;70;0;0;0
44.694;70;0;0;0
44.697;70;0;0;0
44.7;70;0;0;0
44.703;70;0;0;0
44.706;70;0;0;0
44.709;70;0;0;0
44.712;70;0;0;0
44.715;70;0;0;0
44.718;70;0;0;0
44.721;70;0;0;0
44.724;70;0;0;0
44.727;70;0;0;0
44.73;70;0;0;0
44.733;70;0;0;0
44.736;70;0;0;0
44.739;70;0;0;0
44.742;70;0;0;0
44.745;70;0;0;0
44.748;70;0;0;0
44.751;70;0;0;0
44.754;70;0;0;0
44.757;70;0;0;0
44.76;70;0;0;0
44.763;70;0;0;0
44.766;70;0;0;0
44.769;70;0;0;0
44.772;70;0;0;0
44.775;70;0;0;0
44.778;70;0;0;0
44.781;70;0;0;0
44.784;70;0;0;0
44.787;70;0;0;0
44.79;70;0;0;0
44.793;70;0;0;0
44.796;70;0;0;0
44.799;70;0;0;0
44.802;70;0;0;0
44.805;70;0;0;0
44.808;70;0;0;0
44.811;70;0;0;0
44.814;70;0;0;0
44.817;70;0;0;0
44.82;70;0;0;0
44.823;70;0;0;0
44.826;70;0;0;0
44.829;70;0;0;0
44.832;70;0;0;0
44.835;70;0;0;0
44.838;70;0;0;0
44.841;70;0;0;0
44.844;70;0;0;0
44.847;70;0;0;0
44.85;70;0;0;0
44.853;70;0;0;0
44.856;70;0;0;0
44.859;70;0;0;0
44.862;70;0;0;0
44.865;70;0;0;0
44.868;70;0;0;0
44.871;70;0;0;0
44.874;70;0;0;0
44.877;70;0;0;0
44.88;70;0;0;0
44.883;70;0;0;0
44.886;70;0;0;0
44.889;70;0;0;0
44.892;70;0;0;0
44.895;70;0;0;0
44.898;70;0;0;0
44.901;70;0;0;0
44.904;70;0;0;0
44.907;70;0;0;0
44.91;70;0;0;0
44.913;70;0;0;0
44.916;70;0;0;0
44.919;70;0;0;0
44.922;70;0;0;0
44.925;70;0;0;0
44.928;70;0;0;0
44.931;70;0;0;0
44.934;70;0;0;0
44.937;70;0;0;0
44.94;70;0;0;0
44.943;70;0;0;0
44.946;70;0;0;0
44.949;70;0;0;0
44.952;70;0;0;0
44.955;70;0;0;0
44.958;70;0;0;0
44.961;70;0;0;0
44.964;70;0;0;0
44.967;70;0;0;0
44.97;70;0;0;0
44.973;70;0;0;0
44.976;70;0;0;0
44.979;70;0;0;0
44.982;70;0;0;0
44.985;70;0;0;0
44.988;70;0;0;0
44.991;70;0;0;0
44.994;70;0;0;0
44.997;70;0;0;0
45.0;70;0;0;0
45.003;70;0;0;0
45.006;70;0;0;0
45.009;70;0;0;0
45.012;70;0;0;0
45.015;70;0;0;0
45.018;70;0;0;0
45.021;70;0;0;0
45.024;70;0;0;0
45.027;70;0;0;0
45.03;70;0;0;0
45.033;70;0;0;0
45.036;70;0;0;0
45.039;70;0;0;0
45.042;70;0;0;0
45.045;70;0;0;0
45.048;70;0;0;0
45.051;70;0;0;0
45.054;70;0;0;0
45.057;70;0;0;0
45.06;70;0;0;0
45.063;70;0;0;0
45.066;70;0;0;0
45.069;70;0;0;0
45.072;70;0;0;0
45.075;70;0;0;0
45.078;70;0;0;0
45.081;70;0;0;0
45.084;70;0;0;0
45.087;70;0;0;0
45.09;70;0;0;0
45.093;70;0;0;0
45.096;70;0;0;0
45.099;70;0;0;0
45.102;70;0;0;0
45.105;70;0;0;0
45.108;70;0;0;0
45.111;70;0;0;0
45.114;70;0;0;0
45.117;70;0;0;0
45.12;70;0;0;0
45.123;70;0;0;0
45.126;70;0;0;0
45.129;70;0;0;0
45.132;70;0;0;0
45.135;70;0;0;0
45.138;70;0;0;0
45.141;70;0;0;0
45.144;70;0;0;0
45.147;70;0;0;0
45.15;70;0;0;0
45.153;70;0;0;0
45.156;70;0;0;0
45.159;70;0;0;0
45.162;70;0;0;0
45.165;70;0;0;0
45.168;70;0;0;0
45.171;70;0;0;0
45.174;70;0;0;0
45.177;70;0;0;0
45.18;70;0;0;0
45.183;70;0;0;0
45.186;70;0;0;0
45.189;70;0;0;0
45.192;70;0;0;0
45.195;70;0;0;0
45.198;70;0;0;0
45.201;70;0;0;0
45.204;70;0;0;0
45.207;70;0;0;0
45.21;70;0;0;0
45.213;70;0;0;0
45.216;70;0;0;0
45.219;70;0;0;0
45.222;70;0;0;0
45.225;70;0;0;0
45.228;70;0;0;0
45.231;70;0;0;0
45.234;70;0;0;0
45.237;70;0;0;0
45.24;70;0;0;0
45.243;70;0;0;0
45.246;70;0;0;0
45.249;70;0;0;0
45.252;70;0;0;0
45.255;70;0;0;0
45.258;70;0;0;0
45.261;70;0;0;0
45.264;70;0;0;0
45.267;70;0;0;0
45.27;70;0;0;0
45.273;70;0;0;0
45.276;70;0;0;0
45.279;70;0;0;0
45.282;70;0;0;0
45.285;70;0;0;0
45.288;70;0;0;0
45.291;70;0;0;0
45.294;70;0;0;0
45.297;70;0;0;0
45.3;70;0;0;0
45.303;70;0;0;0
45.306;70;0;0;0
45.309;70;0;0;0
45.312;70;0;0;0
45.315;70;0;0;0
45.318;70;0;0;0
45.321;70;0;0;0
45.324;70;0;0;0
45.327;70;0;0;0
45.33;70;0;0;0
45.333;70;0;0;0
45.336;70;0;0;0
45.339;70;0;0;0
45.342;70;0;0;0
45.345;70;0;0;0
45.348;70;0;0;0
45.351;70;0;0;0
45.354;70;0;0;0
45.357;70;0;0;0
45.36;70;0;0;0
45.363;70;0;0;0
45.366;70;0;0;0
45.369;70;0;0;0
45.372;70;0;0;0
45.375;70;0;0;0
45.378;70;0;0;0
45.381;70;0;0;0
45.384;70;0;0;0
45.387;70;0;0;0
45.39;70;0;0;0
45.393;70;0;0;0
45.396;70;0;0;0
45.399;70;0;0;0
45.402;70;0;0;0
45.405;70;0;0;0
45.408;70;0;0;0
45.411;70;0;0;0
45.414;70;0;0;0
45.417;70;0;0;0
45.42;70;0;0;0
45.423;70;0;0;0
45.426;70;0;0;0
45.429;70;0;0;0
45.432;70;0;0;0
45.435;70;0;0;0
45.438;70;0;0;0
45.441;70;0;0;0
45.444;70;0;0;0
45.447;70;0;0;0
45.45;70;0;0;0
45.453;70;0;0;0
45.456;70;0;0;0
45.459;70;0;0;0
45.462;70;0;0;0
45.465;70;0;0;0
45.468;70;0;0;0
45.471;70;0;0;0
45.474;70;0;0;0
45.477;70;0;0;0
45.48;70;0;0;0
45.483;70;0;0;0
45.486;70;0;0;0
45.489;70;0;0;0
45.492;70;0;0;0
45.495;70;0;0;0
45.498;70;0;0;0
45.501;70;0;0;0
45.504;70;0;0;0
45.507;70;0;0;0
45.51;70;0;0;0
45.513;70;0;0;0
45.516;70;0;0;0
45.519;70;0;0;0
45.522;70;0;0;0
45.525;70;0;0;0
45.528;70;0;0;0
45.531;70;0;0;0
45.534;70;0;0;0
45.537;70;0;0;0
45.54;70;0;0;0
45.543;70;0;0;0
45.546;70;0;0;0
45.549;70;0;0;0
45.552;70;0;0;0
45.555;70;0;0;0
45.558;70;0;0;0
45.561;70;0;0;0
45.564;70;0;0;0
45.567;70;0;0;0
45.57;70;0;0;0
45.573;70;0;0;0
45.576;70;0;0;0
45.579;70;0;0;0
45.582;70;0;0;0
45.585;70;0;0;0
45.588;70;0;0;0
45.591;70;0;0;0
45.594;70;0;0;0
45.597;70;0;0;0
45.6;70;0;0;0
45.603;70;0;0;0
45.606;70;0;0;0
45.609;70;0;0;0
45.612;70;0;0;0
45.615;70;0;0;0
45.618;70;0;0;0
45.621;70;0;0;0
45.624;70;0;0;0
45.627;70;0;0;0
45.63;70;0;0;0
45.633;70;0;0;0
45.636;70;0;0;0
45.639;70;0;0;0
45.642;70;0;0;0
45.645;70;0;0;0
45.648;70;0;0;0
45.651;70;0;0;0
45.654;70;0;0;0
45.657;70;0;0;0
45.66;70;0;0;0
45.663;70;0;0;0
45.666;70;0;0;0
45.669;70;0;0;0
45.672;70;0;0;0
45.675;70;0;0;0
45.678;70;0;0;0
45.681;70;0;0;0
45.684;70;0;0;0
45.687;70;0;0;0
45.69;70;0;0;0
45.693;70;0;0;0
45.696;70;0;0;0
45.699;70;0;0;0
45.702;70;0;0;0
45.705;70;0;0;0
45.708;70;0;0;0
45.711;70;0;0;0
45.714;70;0;0;0
45.717;70;0;0;0
45.72;70;0;0;0
45.723;70;0;0;0
45.726;70;0;0;0
45.729;70;0;0;0
45.732;70;0;0;0
45.735;70;0;0;0
45.738;70;0;0;0
45.741;70;0;0;0
45.744;70;0;0;0
45.747;70;0;0;0
45.75;70;0;0;0
45.753;70;0;0;0
45.756;70;0;0;0
45.759;70;0;0;0
45.762;70;0;0;0
45.765;70;0;0;0
45.768;70;0;0;0
45.771;70;0;0;0
45.774;70;0;0;0
45.777;70;0;0;0
45.78;70;0;0;0
45.783;70;0;0;0
45.786;70;0;0;0
45.789;70;0;0;0
45.792;70;0;0;0
45.795;70;0;0;0
45.798;70;0;0;0
45.801;70;0;0;0
45.804;70;0;0;0
45.807;70;0;0;0
45.81;70;0;0;0
45.813;70;0;0;0
45.816;70;0;0;0
45.819;70;0;0;0
45.822;70;0;0;0
45.825;70;0;0;0
45.828;70;0;0;0
45.831;70;0;0;0
45.834;70;0;0;0
45.837;70;0;0;0
45.84;70;0;0;0
45.843;70;0;0;0
45.846;70;0;0;0
45.849;70;0;0;0
45.852;70;0;0;0
45.855;70;0;0;0
45.858;70;0;0;0
45.861;62;-8;0;0
45.864;62;-8;0;0
45.867;62;-8;0;0
45.87;62;-8;0;0
45.873;62;-8;0;0
45.876;62;-8;0;0
45.879;62;-8;0;0
45.882;62;-8;0;0
45.885;62;-8;0;0
45.888;62;-8;0;0
45.891;62;-8;0;0
45.894;62;0;0;0
45.897;62;0;0;0
45.9;62;0;0;0
45.903;62;0;0;0
45.906;54;-8;0;0
45.909;54;-8;0;0
45.912;54;-8;0;0
45.915;54;-8;0;0
45.918;54;-8;0;0
45.921;54;-8;0;0
45.924;54;-8;0;0
45.927;54;-8;0;0
45.93;54;-8;0;0
45.933;47;-8;0;0
45.936;47;-8;0;0
45.939;47;-7;0;0
45.942;47;-7;0;0
45.945;47;-7;0;0
45.948;47;-7;0;0
45.951;47;-7;0;0
45.954;47;-7;0;0
45.957;47;-7;0;0
45.96;47;-7;0;0
45.963;47;-7;0;0
45.966;47;-7;0;0
45.969;47;-7;0;0
45.972;47;0;0;0
45.975;47;0;0;0
45.978;47;0;0;0
45.981;47;0;0;0
45.984;47;0;0;0
45.987;47;0;0;0
45.99;47;0;0;0
45.993;47;0;0;0
45.996;47;0;0;0
45.999;47;0;0;0
46.002;47;0;0;0
46.005;47;0;0;0
46.008;47;0;0;0
46.011;47;0;0;0
46.014;47;0;0;0
46.017;47;0;0;0
46.02;47;0;0;0
46.023;47;0;0;0
46.026;47;0;0;0
46.029;47;0;0;0
46.032;47;0;0;0
46.035;47;0;0;0
46.038;47;0;0;0
46.041;47;0;0;0
46.044;54;7;0;0
46.047;54;7;0;0
46.05;54;7;0;0
46.053;54;7;0;0
46.056;54;7;0;0
46.059;62;7;0;0
46.062;62;7;0;0
46.065;62;7;0;0
46.068;62;7;0;0
46.071;70;7;0;0
46.074;70;7;0;0
46.077;70;16;0;0
46.08;70;16;0;0
46.083;78;16;0;0
46.086;78;16;0;0
46.089;78;16;0;0
46.092;78;16;0;0
46.095;86;16;0;0
46.098;86;16;0;0
46.101;86;16;0;0
46.104;94;16;0;0
46.107;94;16;0;0
46.11;101;31;0;0
46.113;109;31;0;0
46.116;109;31;0;0
46.119;109;31;0;0
46.122;109;31;0;0
46.125;117;31;0;0
46.128;117;31;0;0
46.131;125;31;0;0
46.134;125;31;0;0
46.137;125;31;0;0
46.14;133;31;0;0
46.143;140;39;0;0
46.146;140;39;0;0
46.149;140;39;0;0
46.152;140;39;0;0
46.155;140;39;0;0
46.158;148;39;0;0
46.161;148;39;0;0
46.164;148;39;0;0
46.167;156;39;0;0
46.17;156;39;0;0
46.173;156;39;0;0
46.176;156;16;0;0
46.179;156;16;0;0
46.182;156;16;0;0
46.185;164;16;0;0
46.188;164;16;0;0
46.191;164;16;0;0
46.194;164;16;0;0
46.197;164;16;0;0
46.2;164;16;0;0
46.203;164;16;0;0
46.206;164;16;0;0
46.209;164;8;0;0
46.212;164;8;0;0
46.215;164;8;0;0
46.218;156;8;0;0
46.221;156;8;0;0
46.224;156;8;0;0
46.227;156;8;0;0
46.23;156;8;0;0
46.233;156;8;0;0
46.236;156;8;0;0
46.239;156;8;0;0
46.242;156;-8;0;0
46.245;156;-8;0;0
46.248;156;-8;0;0
46.251;156;-8;0;0
46.254;156;-8;0;0
46.257;148;-8;0;0
46.26;148;-8;0;0
46.263;148;-8;0;0
46.266;140;-8;0;0
46.269;140;-8;0;0
46.272;140;-8;0;0
46.275;140;-16;0;0
46.278;140;-16;0;0
46.281;133;-16;0;0
46.284;133;-16;0;0
46.287;125;-16;0;0
46.29;125;-16;0;0
46.293;125;-16;0;0
46.296;117;-16;0;0
46.299;117;-16;0;0
46.302;109;-16;0;0
46.305;109;-16;0;0
46.308;109;-31;0;0
46.311;109;-31;0;0
46.314;101;-31;0;0
46.317;101;-31;0;0
46.32;94;-31;0;0
46.323;94;-31;0;0
46.326;86;-31;0;0
46.329;86;-31;0;0
46.332;78;-31;0;0
46.335;78;-31;0;0
46.338;78;-31;0;0
46.341;78;-31;0;0
46.344;78;-31;0;0
46.347;70;-31;0;0
46.35;70;-31;0;0
46.353;62;-31;0;0
46.356;62;-31;0;0
46.359;62;-31;0;0
46.362;62;-31;0;0
46.365;54;-31;0;0
46.368;54;-31;0;0
46.371;54;-31;0;0
46.374;47;-31;0;0
46.377;47;-31;0;0
46.38;47;-31;0;0
46.383;47;-31;0;0
46.386;47;-31;0;0
46.389;47;-31;0;0
46.392;47;-31;0;0
46.395;47;-31;0;0
46.398;39;-31;0;0
46.401;39;-31;0;0
46.404;39;-31;0;0
46.407;39;-8;0;0
46.41;39;-8;0;0
46.413;39;-8;0;0
46.416;39;-8;0;0
46.419;39;-8;0;0
46.422;39;-8;0;0
46.425;39;-8;0;0
46.428;39;-8;0;0
46.431;39;-8;0;0
46.434;39;-8;0;0
46.437;47;-8;0;0
46.44;47;8;0;0
46.443;47;8;0;0
46.446;47;8;0;0
46.449;47;8;0;0
46.452;47;8;0;0
46.455;47;8;0;0
46.458;47;8;0;0
46.461;47;8;0;0
46.464;47;8;0;0
46.467;54;8;0;0
46.47;54;8;0;0
46.473;54;7;0;0
46.476;62;7;0;0
46.479;62;7;0;0
46.482;62;7;0;0
46.485;70;7;0;0
46.488;70;7;0;0
46.491;70;7;0;0
46.494;78;7;0;0
46.497;78;7;0;0
46.5;78;7;0;0
46.503;78;7;0;0
46.506;86;32;0;0
46.509;86;32;0;0
46.512;86;32;0;0
46.515;94;32;0;0
46.518;94;32;0;0
46.521;94;32;0;0
46.524;94;32;0;0
46.527;101;32;0;0
46.53;101;32;0;0
46.533;101;32;0;0
46.536;101;32;0;0
46.539;101;15;0;0
46.542;101;15;0;0
46.545;101;15;0;0
46.548;101;15;0;0
46.551;101;15;0;0
46.554;101;15;0;0
46.557;101;15;0;0
46.56;101;15;0;0
46.563;101;15;0;0
46.566;101;15;0;0
46.569;109;15;0;0
46.572;109;8;0;0
46.575;101;8;0;0
46.578;101;8;0;0
46.581;101;8;0;0
46.584;94;8;0;0
46.587;94;8;0;0
46.59;94;8;0;0
46.593;94;8;0;0
46.596;94;8;0;0
46.599;94;8;0;0
46.602;86;8;0;0
46.605;86;-23;0;0
46.608;86;-23;0;0
46.611;86;-23;0;0
46.614;78;-23;0;0
46.617;78;-23;0;0
46.62;78;-23;0;0
46.623;78;-23;0;0
46.626;78;-23;0;0
46.629;78;-23;0;0
46.632;70;-23;0;0
46.635;70;-23;0;0
46.638;70;-16;0;0
46.641;62;-16;0;0
46.644;62;-16;0;0
46.647;62;-16;0;0
46.65;62;-16;0;0
46.653;54;-16;0;0
46.656;54;-16;0;0
46.659;54;-16;0;0
46.662;47;-16;0;0
46.665;47;-16;0;0
46.668;47;-16;0;0
46.671;47;-23;0;0
46.674;47;-23;0;0
46.677;47;-23;0;0
46.68;47;-23;0;0
46.683;47;-23;0;0
46.686;47;-23;0;0
46.689;47;-23;0;0
46.692;47;-23;0;0
46.695;47;-23;0;0
46.698;47;-23;0;0
46.701;47;-23;0;0
46.704;47;0;0;0
46.707;47;0;0;0
46.71;47;0;0;0
46.713;47;0;0;0
46.716;47;0;0;0
46.719;47;0;0;0
46.722;47;0;0;0
46.725;47;0;0;0
46.728;47;0;0;0
46.731;47;0;0;0
46.734;47;0;0;0
46.737;54;7;0;0
46.74;54;7;0;0
46.743;54;7;0;0
46.746;54;7;0;0
46.749;62;7;0;0
46.752;62;7;0;0
46.755;62;7;0;0
46.758;62;7;0;0
46.761;62;7;0;0
46.764;62;7;0;0
46.767;70;7;0;0
46.77;70;16;0;0
46.773;78;16;0;0
46.776;78;16;0;0
46.779;78;16;0;0
46.782;78;16;0;0
46.785;78;16;0;0
46.788;78;16;0;0
46.791;78;16;0;0
46.794;78;16;0;0
46.797;86;16;0;0
46.8;86;16;0;0
46.803;86;16;0;0
46.806;94;16;0;0
46.809;94;16;0;0
46.812;94;16;0;0
46.815;94;16;0;0
46.818;94;16;0;0
46.821;94;16;0;0
46.824;94;16;0;0
46.827;94;16;0;0
46.83;101;16;0;0
46.833;101;16;0;0
46.836;101;15;0;0
46.839;101;15;0;0
46.842;101;15;0;0
46.845;101;15;0;0
46.848;101;15;0;0
46.851;101;15;0;0
46.854;101;15;0;0
46.857;101;15;0;0
46.86;101;15;0;0
46.863;101;15;0;0
46.866;101;15;0;0
46.869;101;0;0;0
46.872;101;0;0;0
46.875;101;0;0;0
46.878;101;0;0;0
46.881;94;-7;0;0
46.884;94;-7;0;0
46.887;94;-7;0;0
46.89;94;-7;0;0
46.893;94;-7;0;0
46.896;94;-7;0;0
46.899;94;-7;0;0
46.902;94;-7;0;0
46.905;94;-7;0;0
46.908;94;-7;0;0
46.911;94;-7;0;0
46.914;94;0;0;0
46.917;94;0;0;0
46.92;94;0;0;0
46.923;86;-8;0;0
46.926;86;-8;0;0
46.929;86;-8;0;0
46.932;86;-8;0;0
46.935;86;-8;0;0
46.938;86;-8;0;0
46.941;78;-8;0;0
46.944;78;-8;0;0
46.947;78;-8;0;0
46.95;78;-8;0;0
46.953;78;-8;0;0
46.956;78;-8;0;0
46.959;78;-8;0;0
46.962;78;-8;0;0
46.965;78;-8;0;0
46.968;78;-8;0;0
46.971;78;-8;0;0
46.974;78;-8;0;0
46.977;78;-8;0;0
46.98;78;-8;0;0
46.983;78;-8;0;0
46.986;78;-8;0;0
46.989;78;0;0;0
46.992;78;0;0;0
46.995;78;0;0;0
46.998;78;0;0;0
47.001;78;0;0;0
47.004;70;-8;0;0
47.007;70;-8;0;0
47.01;70;-8;0;0
47.013;70;-8;0;0
47.016;70;-8;0;0
47.019;70;-8;0;0
47.022;70;-8;0;0
47.025;70;-8;0;0
47.028;70;-8;0;0
47.031;70;-8;0;0
47.034;70;-8;0;0
47.037;78;8;0;0
47.04;78;8;0;0
47.043;78;8;0;0
47.046;78;8;0;0
47.049;78;8;0;0
47.052;78;8;0;0
47.055;78;8;0;0
47.058;78;8;0;0
47.061;78;8;0;0
47.064;78;8;0;0
47.067;78;8;0;0
47.07;78;0;0;0
47.073;78;0;0;0
47.076;86;8;0;0
47.079;86;8;0;0
47.082;86;8;0;0
47.085;94;8;0;0
47.088;94;8;0;0
47.091;94;8;0;0
47.094;101;8;0;0
47.097;101;8;0;0
47.1;109;8;0;0
47.103;109;8;0;0
47.106;109;8;0;0
47.109;109;23;0;0
47.112;117;23;0;0
47.115;125;23;0;0
47.118;125;23;0;0
47.121;125;23;0;0
47.124;133;23;0;0
47.127;133;23;0;0
47.13;140;23;0;0
47.133;140;23;0;0
47.136;140;23;0;0
47.139;140;23;0;0
47.142;148;39;0;0
47.145;148;39;0;0
47.148;156;39;0;0
47.151;156;39;0;0
47.154;156;39;0;0
47.157;164;39;0;0
47.16;164;39;0;0
47.163;171;39;0;0
47.166;171;39;0;0
47.169;171;39;0;0
47.172;179;39;0;0
47.175;179;31;0;0
47.178;187;31;0;0
47.181;187;31;0;0
47.184;195;31;0;0
47.187;195;31;0;0
47.19;202;31;0;0
47.193;202;31;0;0
47.196;202;31;0;0
47.199;202;31;0;0
47.202;210;31;0;0
47.205;210;31;0;0
47.208;218;39;0;0
47.211;218;39;0;0
47.214;225;39;0;0
47.217;225;39;0;0
47.22;233;39;0;0
47.223;233;39;0;0
47.226;233;39;0;0
47.229;241;39;0;0
47.232;241;39;0;0
47.235;248;39;0;0
47.238;248;39;0;0
47.241;248;30;0;0
47.244;256;30;0;0
47.247;256;30;0;0
47.25;256;30;0;0
47.253;263;30;0;0
47.256;263;30;0;0
47.259;263;30;0;0
47.262;263;30;0;0
47.265;271;30;0;0
47.268;271;30;0;0
47.271;271;30;0;0
47.274;278;30;0;0
47.277;278;30;0;0
47.28;278;30;0;0
47.283;278;30;0;0
47.286;278;30;0;0
47.289;286;30;0;0
47.292;286;30;0;0
47.295;286;30;0;0
47.298;286;30;0;0
47.301;294;30;0;0
47.304;294;30;0;0
47.307;294;16;0;0
47.31;294;16;0;0
47.313;294;16;0;0
47.316;294;16;0;0
47.319;294;16;0;0
47.322;294;16;0;0
47.325;294;16;0;0
47.328;301;16;0;0
47.331;301;16;0;0
47.334;301;16;0;0
47.337;301;16;0;0
47.34;301;7;0;0
47.343;301;7;0;0
47.346;301;7;0;0
47.349;301;7;0;0
47.352;301;7;0;0
47.355;301;7;0;0
47.358;294;7;0;0
47.361;294;7;0;0
47.364;294;7;0;0
47.367;294;7;0;0
47.37;294;7;0;0
47.373;294;-7;0;0
47.376;294;-7;0;0
47.379;294;-7;0;0
47.382;294;-7;0;0
47.385;294;-7;0;0
47.388;294;-7;0;0
47.391;286;-7;0;0
47.394;286;-7;0;0
47.397;286;-7;0;0
47.4;278;-7;0;0
47.403;278;-7;0;0
47.406;278;-16;0;0
47.409;271;-16;0;0
47.412;271;-16;0;0
47.415;263;-16;0;0
47.418;263;-16;0;0
47.421;263;-16;0;0
47.424;256;-16;0;0
47.427;248;-16;0;0
47.43;248;-16;0;0
47.433;233;-16;0;0
47.436;233;-16;0;0
47.439;225;-53;0;0
47.442;218;-53;0;0
47.445;210;-53;0;0
47.448;202;-53;0;0
47.451;195;-53;0;0
47.454;187;-53;0;0
47.457;179;-53;0;0
47.46;171;-53;0;0
47.463;164;-53;0;0
47.466;156;-53;0;0
47.469;148;-53;0;0
47.472;140;-85;0;0
47.475;140;-85;0;0
47.478;133;-85;0;0
47.481;125;-85;0;0
47.484;117;-85;0;0
47.487;109;-85;0;0
47.49;94;-85;0;0
47.493;78;-85;0;0
47.496;70;-85;0;0
47.499;62;-85;0;0
47.502;54;-85;0;0
47.505;47;-93;0;0
47.508;47;-93;0;0
47.511;31;-93;0;0
47.514;15;-93;0;0
47.517;15;-93;0;0
47.52;0;-93;0;0
47.523;-15;-93;0;0
47.526;-15;-93;0;0
47.529;-31;-93;0;0
47.532;-47;-93;0;0
47.535;-54;-93;0;0
47.538;-62;-109;0;0
47.541;-78;-109;0;0
47.544;-78;-109;0;0
47.547;-86;-109;0;0
47.55;-94;-109;0;0
47.553;-109;-109;0;0
47.556;-109;-109;0;0
47.559;-125;-109;0;0
47.562;-140;-109;0;0
47.565;-140;-109;0;0
47.568;-156;-109;0;0
47.571;-164;-102;0;0
47.574;-171;-102;0;0
47.577;-171;-102;0;0
47.58;-179;-102;0;0
47.583;-187;-102;0;0
47.586;-195;-102;0;0
47.589;-202;-102;0;0
47.592;-210;-102;0;0
47.595;-218;-102;0;0
47.598;-233;-102;0;0
47.601;-233;-102;0;0
47.604;-241;-77;0;0
47.607;-248;-77;0;0
47.61;-256;-77;0;0
47.613;-263;-77;0;0
47.616;-263;-77;0;0
47.619;-271;-77;0;0
47.622;-271;-77;0;0
47.625;-278;-77;0;0
47.628;-286;-77;0;0
47.631;-294;-77;0;0
47.634;-294;-77;0;0
47.637;-294;-53;0;0
47.64;-301;-53;0;0
47.643;-301;-53;0;0
47.646;-309;-53;0;0
47.649;-309;-53;0;0
47.652;-309;-53;0;0
47.655;-316;-53;0;0
47.658;-316;-53;0;0
47.661;-316;-53;0;0
47.664;-316;-53;0;0
47.667;-323;-53;0;0
47.67;-323;-29;0;0
47.673;-323;-29;0;0
47.676;-323;-29;0;0
47.679;-323;-29;0;0
47.682;-323;-29;0;0
47.685;-316;-29;0;0
47.688;-316;-29;0;0
47.691;-316;-29;0;0
47.694;-316;-29;0;0
47.697;-316;-29;0;0
47.7;-316;-29;0;0
47.703;-309;14;0;0
47.706;-309;14;0;0
47.709;-301;14;0;0
47.712;-294;14;0;0
47.715;-294;14;0;0
47.718;-294;14;0;0
47.721;-294;14;0;0
47.724;-286;14;0;0
47.727;-278;14;0;0
47.73;-271;14;0;0
47.733;-271;14;0;0
47.736;-263;46;0;0
47.739;-263;46;0;0
47.742;-256;46;0;0
47.745;-256;46;0;0
47.748;-248;46;0;0
47.751;-241;46;0;0
47.754;-241;46;0;0
47.757;-233;46;0;0
47.76;-233;46;0;0
47.763;-225;46;0;0
47.766;-225;46;0;0
47.769;-218;45;0;0
47.772;-218;45;0;0
47.775;-218;45;0;0
47.778;-210;45;0;0
47.781;-210;45;0;0
47.784;-202;45;0;0
47.787;-202;45;0;0
47.79;-195;45;0;0
47.793;-187;45;0;0
47.796;-179;45;0;0
47.799;-179;45;0;0
47.802;-179;39;0;0
47.805;-179;39;0;0
47.808;-179;39;0;0
47.811;-171;39;0;0
47.814;-171;39;0;0
47.817;-171;39;0;0
47.82;-164;39;0;0
47.823;-156;39;0;0
47.826;-156;39;0;0
47.829;-156;39;0;0
47.832;-156;39;0;0
47.835;-148;31;0;0
47.838;-148;31;0;0
47.841;-140;31;0;0
47.844;-140;31;0;0
47.847;-140;31;0;0
47.85;-140;31;0;0
47.853;-133;31;0;0
47.856;-133;31;0;0
47.859;-133;31;0;0
47.862;-125;31;0;0
47.865;-117;31;0;0
47.868;-109;39;0;0
47.871;-109;39;0;0
47.874;-109;39;0;0
47.877;-101;39;0;0
47.88;-94;39;0;0
47.883;-86;39;0;0
47.886;-78;39;0;0
47.889;-78;39;0;0
47.892;-78;39;0;0
47.895;-62;39;0;0
47.898;-54;39;0;0
47.901;-47;62;0;0
47.904;-39;62;0;0
47.907;-23;62;0;0
47.91;-15;62;0;0
47.913;-7;62;0;0
47.916;0;62;0;0
47.919;15;62;0;0
47.922;23;62;0;0
47.925;39;62;0;0
47.928;47;62;0;0
47.931;54;62;0;0
47.934;70;117;0;0
47.937;78;117;0;0
47.94;86;117;0;0
47.943;94;117;0;0
47.946;109;117;0;0
47.949;125;117;0;0
47.952;140;117;0;0
47.955;148;117;0;0
47.958;164;117;0;0
47.961;171;117;0;0
47.964;179;117;0;0
47.967;195;125;0;0
47.97;202;125;0;0
47.973;210;125;0;0
47.976;218;125;0;0
47.979;233;125;0;0
47.982;241;125;0;0
47.985;256;125;0;0
47.988;263;125;0;0
47.991;278;125;0;0
47.994;286;125;0;0
47.997;294;125;0;0
48.0;301;106;0;0
48.003;316;106;0;0
48.006;323;106;0;0
48.009;331;106;0;0
48.012;338;106;0;0
48.015;346;106;0;0
48.018;353;106;0;0
48.021;360;106;0;0
48.024;375;106;0;0
48.027;382;106;0;0
48.03;389;106;0;0
48.033;397;96;0;0
48.036;404;96;0;0
48.039;411;96;0;0
48.042;418;96;0;0
48.045;425;96;0;0
48.048;432;96;0;0
48.051;439;96;0;0
48.054;439;96;0;0
48.057;446;96;0;0
48.06;453;96;0;0
48.063;460;96;0;0
48.066;467;70;0;0
48.069;467;70;0;0
48.072;467;70;0;0
48.075;481;70;0;0
48.078;481;70;0;0
48.081;488;70;0;0
48.084;495;70;0;0
48.087;495;70;0;0
48.09;495;70;0;0
48.093;502;70;0;0
48.096;509;70;0;0
48.099;509;42;0;0
48.102;515;42;0;0
48.105;522;42;0;0
48.108;522;42;0;0
48.111;522;42;0;0
48.114;522;42;0;0
48.117;529;42;0;0
48.12;529;42;0;0
48.123;529;42;0;0
48.126;529;42;0;0
48.129;529;42;0;0
48.132;529;20;0;0
48.135;529;20;0;0
48.138;529;20;0;0
48.141;529;20;0;0
48.144;522;20;0;0
48.147;522;20;0;0
48.15;522;20;0;0
48.153;522;20;0;0
48.156;522;20;0;0
48.159;515;20;0;0
48.162;515;20;0;0
48.165;509;-20;0;0
48.168;509;-20;0;0
48.171;509;-20;0;0
48.174;502;-20;0;0
48.177;495;-20;0;0
48.18;495;-20;0;0
48.183;495;-20;0;0
48.186;488;-20;0;0
48.189;481;-20;0;0
48.192;481;-20;0;0
48.195;474;-20;0;0
48.198;467;-42;0;0
48.201;467;-42;0;0
48.204;460;-42;0;0
48.207;453;-42;0;0
48.21;446;-42;0;0
48.213;439;-42;0;0
48.216;432;-42;0;0
48.219;425;-42;0;0
48.222;411;-42;0;0
48.225;411;-42;0;0
48.228;397;-42;0;0
48.231;389;-78;0;0
48.234;382;-78;0;0
48.237;375;-78;0;0
48.24;368;-78;0;0
48.243;360;-78;0;0
48.246;353;-78;0;0
48.249;346;-78;0;0
48.252;338;-78;0;0
48.255;323;-78;0;0
48.258;316;-78;0;0
48.261;301;-78;0;0
48.264;294;-95;0;0
48.267;286;-95;0;0
48.27;278;-95;0;0
48.273;271;-95;0;0
48.276;263;-95;0;0
48.279;256;-95;0;0
48.282;248;-95;0;0
48.285;233;-95;0;0
48.288;225;-95;0;0
48.291;210;-95;0;0
48.294;202;-95;0;0
48.297;195;-99;0;0
48.3;187;-99;0;0
48.303;171;-99;0;0
48.306;171;-99;0;0
48.309;156;-99;0;0
48.312;140;-99;0;0
48.315;140;-99;0;0
48.318;125;-99;0;0
48.321;117;-99;0;0
48.324;109;-99;0;0
48.327;94;-99;0;0
48.33;86;-109;0;0
48.333;78;-109;0;0
48.336;70;-109;0;0
48.339;62;-109;0;0
48.342;54;-109;0;0
48.345;47;-109;0;0
48.348;39;-109;0;0
48.351;31;-109;0;0
48.354;23;-109;0;0
48.357;15;-109;0;0
48.36;7;-109;0;0
48.363;0;-86;0;0
48.366;-7;-86;0;0
48.369;-15;-86;0;0
48.372;-23;-86;0;0
48.375;-31;-86;0;0
48.378;-39;-86;0;0
48.381;-47;-86;0;0
48.384;-47;-86;0;0
48.387;-54;-86;0;0
48.39;-54;-86;0;0
48.393;-62;-86;0;0
48.396;-70;-70;0;0
48.399;-78;-70;0;0
48.402;-78;-70;0;0
48.405;-78;-70;0;0
48.408;-86;-70;0;0
48.411;-94;-70;0;0
48.414;-101;-70;0;0
48.417;-101;-70;0;0
48.42;-109;-70;0;0
48.423;-109;-70;0;0
48.426;-109;-70;0;0
48.429;-109;-39;0;0
48.432;-109;-39;0;0
48.435;-117;-39;0;0
48.438;-117;-39;0;0
48.441;-125;-39;0;0
48.444;-125;-39;0;0
48.447;-133;-39;0;0
48.45;-133;-39;0;0
48.453;-133;-39;0;0
48.456;-140;-39;0;0
48.459;-140;-39;0;0
48.462;-140;-31;0;0
48.465;-140;-31;0;0
48.468;-140;-31;0;0
48.471;-140;-31;0;0
48.474;-140;-31;0;0
48.477;-148;-31;0;0
48.48;-148;-31;0;0
48.483;-148;-31;0;0
48.486;-148;-31;0;0
48.489;-156;-31;0;0
48.492;-156;-31;0;0
48.495;-156;-16;0;0
48.498;-156;-16;0;0
48.501;-156;-16;0;0
48.504;-164;-16;0;0
48.507;-164;-16;0;0
48.51;-171;-16;0;0
48.513;-171;-16;0;0
48.516;-171;-16;0;0
48.519;-179;-16;0;0
48.522;-187;-16;0;0
48.525;-187;-16;0;0
48.528;-195;-39;0;0
48.531;-195;-39;0;0
48.534;-202;-39;0;0
48.537;-202;-39;0;0
48.54;-202;-39;0;0
48.543;-202;-39;0;0
48.546;-202;-39;0;0
48.549;-210;-39;0;0
48.552;-218;-39;0;0
48.555;-218;-39;0;0
48.558;-225;-39;0;0
48.561;-225;-30;0;0
48.564;-233;-30;0;0
48.567;-233;-30;0;0
48.57;-233;-30;0;0
48.573;-233;-30;0;0
48.576;-241;-30;0;0
48.579;-248;-30;0;0
48.582;-248;-30;0;0
48.585;-248;-30;0;0
48.588;-256;-30;0;0
48.591;-256;-30;0;0
48.594;-263;-38;0;0
48.597;-263;-38;0;0
48.6;-263;-38;0;0
48.603;-263;-38;0;0
48.606;-271;-38;0;0
48.609;-271;-38;0;0
48.612;-271;-38;0;0
48.615;-271;-38;0;0
48.618;-278;-38;0;0
48.621;-278;-38;0;0
48.624;-278;-38;0;0
48.627;-278;-15;0;0
48.63;-278;-15;0;0
48.633;-286;-15;0;0
48.636;-286;-15;0;0
48.639;-286;-15;0;0
48.642;-286;-15;0;0
48.645;-286;-15;0;0
48.648;-286;-15;0;0
48.651;-286;-15;0;0
48.654;-286;-15;0;0
48.657;-286;-15;0;0
48.66;-278;0;0;0
48.663;-278;0;0;0
48.666;-278;0;0;0
48.669;-278;0;0;0
48.672;-278;0;0;0
48.675;-271;7;0;0
48.678;-271;7;0;0
48.681;-263;7;0;0
48.684;-263;7;0;0
48.687;-263;7;0;0
48.69;-263;7;0;0
48.693;-256;7;0;0
48.696;-248;7;0;0
48.699;-241;7;0;0
48.702;-241;7;0;0
48.705;-233;7;0;0
48.708;-233;38;0;0
48.711;-225;38;0;0
48.714;-218;38;0;0
48.717;-218;38;0;0
48.72;-210;38;0;0
48.723;-202;38;0;0
48.726;-195;38;0;0
48.729;-187;38;0;0
48.732;-179;38;0;0
48.735;-171;38;0;0
48.738;-171;38;0;0
48.741;-156;77;0;0
48.744;-148;77;0;0
48.747;-140;77;0;0
48.75;-140;77;0;0
48.753;-133;77;0;0
48.756;-117;77;0;0
48.759;-109;77;0;0
48.762;-101;77;0;0
48.765;-94;77;0;0
48.768;-78;77;0;0
48.771;-78;77;0;0
48.774;-62;94;0;0
48.777;-54;94;0;0
48.78;-47;94;0;0
48.783;-39;94;0;0
48.786;-31;94;0;0
48.789;-23;94;0;0
48.792;-15;94;0;0
48.795;0;94;0;0
48.798;15;94;0;0
48.801;23;94;0;0
48.804;31;94;0;0
48.807;47;109;0;0
48.81;47;109;0;0
48.813;62;109;0;0
48.816;70;109;0;0
48.819;78;109;0;0
48.822;94;109;0;0
48.825;101;109;0;0
48.828;109;109;0;0
48.831;125;109;0;0
48.834;140;109;0;0
48.837;140;109;0;0
48.84;156;109;0;0
48.843;164;109;0;0
48.846;171;109;0;0
48.849;187;109;0;0
48.852;195;109;0;0
48.855;202;109;0;0
48.858;218;109;0;0
48.861;225;109;0;0
48.864;233;109;0;0
48.867;248;109;0;0
48.87;256;109;0;0
48.873;263;107;0;0
48.876;278;107;0;0
48.879;286;107;0;0
48.882;294;107;0;0
48.885;301;107;0;0
48.888;309;107;0;0
48.891;323;107;0;0
48.894;323;107;0;0
48.897;331;107;0;0
48.9;338;107;0;0
48.903;353;107;0;0
48.906;360;97;0;0
48.909;368;97;0;0
48.912;375;97;0;0
48.915;382;97;0;0
48.918;389;97;0;0
48.921;397;97;0;0
48.924;404;97;0;0
48.927;411;97;0;0
48.93;411;97;0;0
48.933;418;97;0;0
48.936;425;97;0;0
48.939;432;72;0;0
48.942;439;72;0;0
48.945;439;72;0;0
48.948;446;72;0;0
48.951;453;72;0;0
48.954;453;72;0;0
48.957;460;72;0;0
48.96;467;72;0;0
48.963;467;72;0;0
48.966;467;72;0;0
48.969;467;72;0;0
48.972;474;42;0;0
48.975;481;42;0;0
48.978;481;42;0;0
48.981;481;42;0;0
48.984;481;42;0;0
48.987;488;42;0;0
48.99;488;42;0;0
48.993;488;42;0;0
48.996;488;42;0;0
48.999;495;42;0;0
49.002;495;42;0;0
49.005;495;21;0;0
49.008;495;21;0;0
49.011;495;21;0;0
49.014;495;21;0;0
49.017;495;21;0;0
49.02;495;21;0;0
49.023;495;21;0;0
49.026;495;21;0;0
49.029;488;21;0;0
49.032;488;21;0;0
49.035;488;21;0;0
49.038;481;-14;0;0
49.041;481;-14;0;0
49.044;481;-14;0;0
49.047;481;-14;0;0
49.05;474;-14;0;0
49.053;474;-14;0;0
49.056;467;-14;0;0
49.059;467;-14;0;0
49.062;467;-14;0;0
49.065;467;-14;0;0
49.068;460;-14;0;0
49.071;453;-28;0;0
49.074;453;-28;0;0
49.077;446;-28;0;0
49.08;439;-28;0;0
49.083;439;-28;0;0
49.086;432;-28;0;0
49.089;425;-28;0;0
49.092;425;-28;0;0
49.095;411;-28;0;0
49.098;411;-28;0;0
49.101;404;-28;0;0
49.104;397;-56;0;0
49.107;389;-56;0;0
49.11;382;-56;0;0
49.113;375;-56;0;0
49.116;368;-56;0;0
49.119;368;-56;0;0
49.122;360;-56;0;0
49.125;353;-56;0;0
49.128;346;-56;0;0
49.131;338;-56;0;0
49.134;331;-56;0;0
49.137;323;-74;0;0
49.14;309;-74;0;0
49.143;301;-74;0;0
49.146;294;-74;0;0
49.149;286;-74;0;0
49.152;278;-74;0;0
49.155;263;-74;0;0
49.158;263;-74;0;0
49.161;248;-74;0;0
49.164;241;-74;0;0
49.167;233;-74;0;0
49.17;225;-98;0;0
49.173;218;-98;0;0
49.176;202;-98;0;0
49.179;195;-98;0;0
49.182;187;-98;0;0
49.185;171;-98;0;0
49.188;164;-98;0;0
49.191;156;-98;0;0
49.194;148;-98;0;0
49.197;140;-98;0;0
49.2;133;-98;0;0
49.203;125;-100;0;0
49.206;109;-100;0;0
49.209;94;-100;0;0
49.212;86;-100;0;0
49.215;78;-100;0;0
49.218;70;-100;0;0
49.221;62;-100;0;0
49.224;54;-100;0;0
49.227;47;-100;0;0
49.23;39;-100;0;0
49.233;31;-100;0;0
49.236;23;-102;0;0
49.239;15;-102;0;0
49.242;7;-102;0;0
49.245;0;-102;0;0
49.248;-15;-102;0;0
49.251;-15;-102;0;0
49.254;-31;-102;0;0
49.257;-39;-102;0;0
49.26;-47;-102;0;0
49.263;-54;-102;0;0
49.266;-62;-102;0;0
49.269;-70;-93;0;0
49.272;-78;-93;0;0
49.275;-78;-93;0;0
49.278;-86;-93;0;0
49.281;-94;-93;0;0
49.284;-101;-93;0;0
49.287;-109;-93;0;0
49.29;-109;-93;0;0
49.293;-117;-93;0;0
49.296;-125;-93;0;0
49.299;-140;-93;0;0
49.302;-140;-70;0;0
49.305;-140;-70;0;0
49.308;-148;-70;0;0
49.311;-156;-70;0;0
49.314;-164;-70;0;0
49.317;-171;-70;0;0
49.32;-171;-70;0;0
49.323;-179;-70;0;0
49.326;-187;-70;0;0
49.329;-187;-70;0;0
49.332;-195;-70;0;0
49.335;-202;-62;0;0
49.338;-202;-62;0;0
49.341;-210;-62;0;0
49.344;-210;-62;0;0
49.347;-218;-62;0;0
49.35;-218;-62;0;0
49.353;-225;-62;0;0
49.356;-233;-62;0;0
49.359;-233;-62;0;0
49.362;-233;-62;0;0
49.365;-233;-62;0;0
49.368;-241;-39;0;0
49.371;-241;-39;0;0
49.374;-241;-39;0;0
49.377;-248;-39;0;0
49.38;-248;-39;0;0
49.383;-248;-39;0;0
49.386;-248;-39;0;0
49.389;-256;-39;0;0
49.392;-256;-39;0;0
49.395;-256;-39;0;0
49.398;-256;-39;0;0
49.401;-263;-22;0;0
49.404;-263;-22;0;0
49.407;-263;-22;0;0
49.41;-263;-22;0;0
49.413;-263;-22;0;0
49.416;-263;-22;0;0
49.419;-263;-22;0;0
49.422;-263;-22;0;0
49.425;-263;-22;0;0
49.428;-263;-22;0;0
49.431;-263;-22;0;0
49.434;-263;0;0;0
49.437;-263;0;0;0
49.44;-263;0;0;0
49.443;-263;0;0;0
49.446;-263;0;0;0
49.449;-256;7;0;0
49.452;-256;7;0;0
49.455;-256;7;0;0
49.458;-248;7;0;0
49.461;-248;7;0;0
49.464;-248;7;0;0
49.467;-241;7;0;0
49.47;-241;7;0;0
49.473;-241;7;0;0
49.476;-233;7;0;0
49.479;-233;7;0;0
49.482;-233;23;0;0
49.485;-233;23;0;0
49.488;-225;23;0;0
49.491;-225;23;0;0
49.494;-218;23;0;0
49.497;-218;23;0;0
49.5;-210;23;0;0
49.503;-202;23;0;0
49.506;-202;23;0;0
49.509;-195;23;0;0
49.512;-187;23;0;0
49.515;-179;54;0;0
49.518;-171;54;0;0
49.521;-171;54;0;0
49.524;-164;54;0;0
49.527;-156;54;0;0
49.53;-148;54;0;0
49.533;-140;54;0;0
49.536;-133;54;0;0
49.539;-125;54;0;0
49.542;-117;54;0;0
49.545;-109;54;0;0
49.548;-101;78;0;0
49.551;-94;78;0;0
49.554;-86;78;0;0
49.557;-78;78;0;0
49.56;-78;78;0;0
49.563;-62;78;0;0
49.566;-54;78;0;0
49.569;-47;78;0;0
49.572;-47;78;0;0
49.575;-31;78;0;0
49.578;-31;78;0;0
49.581;-15;86;0;0
49.584;-15;86;0;0
49.587;0;86;0;0
49.59;7;86;0;0
49.593;15;86;0;0
49.596;23;86;0;0
49.599;31;86;0;0
49.602;31;86;0;0
49.605;47;86;0;0
49.608;47;86;0;0
49.611;54;86;0;0
49.614;62;77;0;0
49.617;78;77;0;0
49.62;78;77;0;0
49.623;86;77;0;0
49.626;94;77;0;0
49.629;101;77;0;0
49.632;109;77;0;0
49.635;109;77;0;0
49.638;117;77;0;0
49.641;125;77;0;0
49.644;133;77;0;0
49.647;140;78;0;0
49.65;140;78;0;0
49.653;140;78;0;0
49.656;148;78;0;0
49.659;148;78;0;0
49.662;156;78;0;0
49.665;156;78;0;0
49.668;156;78;0;0
49.671;156;78;0;0
49.674;156;78;0;0
49.677;156;78;0;0
49.68;156;16;0;0
49.683;148;16;0;0
49.686;148;16;0;0
49.689;148;16;0;0
49.692;140;16;0;0
49.695;140;16;0;0
49.698;140;16;0;0
49.701;133;16;0;0
49.704;125;16;0;0
49.707;125;16;0;0
49.71;117;16;0;0
49.713;109;-47;0;0
49.716;109;-47;0;0
49.719;101;-47;0;0
49.722;94;-47;0;0
49.725;94;-47;0;0
49.728;78;-47;0;0
49.731;78;-47;0;0
49.734;70;-47;0;0
49.737;62;-47;0;0
49.74;62;-47;0;0
49.743;54;-47;0;0
49.746;47;-62;0;0
49.749;47;-62;0;0
49.752;39;-62;0;0
49.755;31;-62;0;0
49.758;31;-62;0;0
49.761;23;-62;0;0
49.764;15;-62;0;0
49.767;15;-62;0;0
49.77;7;-62;0;0
49.773;7;-62;0;0
49.776;0;-62;0;0
49.779;0;-47;0;0
49.782;-7;-47;0;0
49.785;-15;-47;0;0
49.788;-15;-47;0;0
49.791;-15;-47;0;0
49.794;-23;-47;0;0
49.797;-31;-47;0;0
49.8;-39;-47;0;0
49.803;-39;-47;0;0
49.806;-47;-47;0;0
49.809;-47;-47;0;0
49.812;-54;-54;0;0
49.815;-62;-54;0;0
49.818;-62;-54;0;0
49.821;-70;-54;0;0
49.824;-78;-54;0;0
49.827;-78;-54;0;0
49.83;-86;-54;0;0
49.833;-94;-54;0;0
49.836;-94;-54;0;0
49.839;-101;-54;0;0
49.842;-109;-54;0;0
49.845;-109;-55;0;0
49.848;-117;-55;0;0
49.851;-125;-55;0;0
49.854;-125;-55;0;0
49.857;-133;-55;0;0
49.86;-133;-55;0;0
49.863;-140;-55;0;0
49.866;-140;-55;0;0
49.869;-140;-55;0;0
49.872;-148;-55;0;0
49.875;-148;-55;0;0
49.878;-156;-47;0;0
49.881;-156;-47;0;0
49.884;-164;-47;0;0
49.887;-164;-47;0;0
49.89;-171;-47;0;0
49.893;-171;-47;0;0
49.896;-171;-47;0;0
49.899;-171;-47;0;0
49.902;-179;-47;0;0
49.905;-179;-47;0;0
49.908;-179;-47;0;0
49.911;-187;-31;0;0
49.914;-187;-31;0;0
49.917;-187;-31;0;0
49.92;-195;-31;0;0
49.923;-195;-31;0;0
49.926;-195;-31;0;0
49.929;-202;-31;0;0
49.932;-202;-31;0;0
49.935;-202;-31;0;0
49.938;-202;-31;0;0
49.941;-202;-31;0;0
49.944;-202;-15;0;0
49.947;-202;-15;0;0
49.95;-210;-15;0;0
49.953;-210;-15;0;0
49.956;-210;-15;0;0
49.959;-210;-15;0;0
49.962;-210;-15;0;0
49.965;-210;-15;0;0
49.968;-210;-15;0;0
49.971;-210;-15;0;0
49.974;-210;-15;0;0
49.977;-210;-8;0;0
49.98;-210;-8;0;0
49.983;-210;-8;0;0
49.986;-202;-8;0;0
49.989;-202;-8;0;0
49.992;-202;-8;0;0
49.995;-202;-8;0;0
49.998;-202;-8;0;0
50.001;-202;-8;0;0
50.004;-202;-8;0;0
50.007;-202;-8;0;0
50.01;-202;8;0;0
50.013;-195;8;0;0
50.016;-195;8;0;0
50.019;-195;8;0;0
50.022;-195;8;0;0
50.025;-187;8;0;0
50.028;-187;8;0;0
50.031;-187;8;0;0
50.034;-187;8;0;0
50.037;-179;8;0;0
50.04;-179;8;0;0
50.043;-179;23;0;0
50.046;-171;23;0;0
50.049;-171;23;0;0
50.052;-171;23;0;0
50.055;-164;23;0;0
50.058;-164;23;0;0
50.061;-156;23;0;0
50.064;-156;23;0;0
50.067;-148;23;0;0
50.07;-148;23;0;0
50.073;-140;23;0;0
50.076;-140;39;0;0
50.079;-140;39;0;0
50.082;-133;39;0;0
50.085;-125;39;0;0
50.088;-117;39;0;0
50.091;-109;39;0;0
50.094;-109;39;0;0
50.097;-101;39;0;0
50.1;-94;39;0;0
50.103;-86;39;0;0
50.106;-78;39;0;0
50.109;-78;62;0;0
50.112;-70;62;0;0
50.115;-62;62;0;0
50.118;-54;62;0;0
50.121;-47;62;0;0
50.124;-47;62;0;0
50.127;-31;62;0;0
50.13;-31;62;0;0
50.133;-15;62;0;0
50.136;-15;62;0;0
50.139;-7;62;0;0
50.142;0;78;0;0
50.145;15;78;0;0
50.148;15;78;0;0
50.151;23;78;0;0
50.154;31;78;0;0
50.157;31;78;0;0
50.16;47;78;0;0
50.163;47;78;0;0
50.166;54;78;0;0
50.169;62;78;0;0
50.172;62;78;0;0
50.175;54;54;0;0
50.178;54;54;0;0
50.181;54;54;0;0
50.184;54;54;0;0
50.187;54;54;0;0
50.19;54;54;0;0
50.193;47;54;0;0
50.196;47;54;0;0
50.199;31;54;0;0
50.202;23;54;0;0
50.205;15;54;0;0
50.208;15;-39;0;0
50.211;15;-39;0;0
50.214;7;-39;0;0
50.217;0;-39;0;0
50.22;-15;-39;0;0
50.223;-15;-39;0;0
50.226;-23;-39;0;0
50.229;-31;-39;0;0
50.232;-39;-39;0;0
50.235;-47;-39;0;0
50.238;-47;-39;0;0
50.241;-47;-62;0;0
50.244;-54;-62;0;0
50.247;-62;-62;0;0
50.25;-70;-62;0;0
50.253;-78;-62;0;0
50.256;-78;-62;0;0
50.259;-78;-62;0;0
50.262;-86;-62;0;0
50.265;-94;-62;0;0
50.268;-94;-62;0;0
50.271;-101;-62;0;0
50.274;-109;-62;0;0
50.277;-109;-62;0;0
50.28;-117;-62;0;0
50.283;-125;-62;0;0
50.286;-133;-62;0;0
50.289;-133;-62;0;0
50.292;-140;-62;0;0
50.295;-140;-62;0;0
50.298;-148;-62;0;0
50.301;-156;-62;0;0
50.304;-156;-62;0;0
50.307;-164;-55;0;0
50.31;-171;-55;0;0
50.313;-171;-55;0;0
50.316;-179;-55;0;0
50.319;-187;-55;0;0
50.322;-195;-55;0;0
50.325;-202;-55;0;0
50.328;-202;-55;0;0
50.331;-202;-55;0;0
50.334;-210;-55;0;0
50.337;-218;-55;0;0
50.34;-218;-54;0;0
50.343;-225;-54;0;0
50.346;-233;-54;0;0
50.349;-233;-54;0;0
50.352;-233;-54;0;0
50.355;-241;-54;0;0
50.358;-241;-54;0;0
50.361;-248;-54;0;0
50.364;-256;-54;0;0
50.367;-256;-54;0;0
50.37;-263;-54;0;0
50.373;-263;-45;0;0
50.376;-263;-45;0;0
50.379;-271;-45;0;0
50.382;-271;-45;0;0
50.385;-271;-45;0;0
50.388;-278;-45;0;0
50.391;-278;-45;0;0
50.394;-278;-45;0;0
50.397;-286;-45;0;0
50.4;-286;-45;0;0
50.403;-286;-45;0;0
50.406;-286;-23;0;0
50.409;-294;-23;0;0
50.412;-294;-23;0;0
50.415;-294;-23;0;0
50.418;-294;-23;0;0
50.421;-294;-23;0;0
50.424;-294;-23;0;0
50.427;-294;-23;0;0
50.43;-294;-23;0;0
50.433;-294;-23;0;0
50.436;-294;-23;0;0
50.439;-294;-8;0;0
50.442;-294;-8;0;0
50.445;-286;-8;0;0
50.448;-286;-8;0;0
50.451;-286;-8;0;0
50.454;-286;-8;0;0
50.457;-278;-8;0;0
50.46;-278;-8;0;0
50.463;-278;-8;0;0
50.466;-271;-8;0;0
50.469;-271;-8;0;0
50.472;-271;23;0;0
50.475;-271;23;0;0
50.478;-263;23;0;0
50.481;-263;23;0;0
50.484;-263;23;0;0
50.487;-256;23;0;0
50.49;-256;23;0;0
50.493;-248;23;0;0
50.496;-248;23;0;0
50.499;-248;23;0;0
50.502;-241;23;0;0
50.505;-241;30;0;0
50.508;-233;30;0;0
50.511;-233;30;0;0
50.514;-233;30;0;0
50.517;-225;30;0;0
50.52;-218;30;0;0
50.523;-218;30;0;0
50.526;-210;30;0;0
50.529;-210;30;0;0
50.532;-202;30;0;0
50.535;-202;30;0;0
50.538;-195;46;0;0
50.541;-187;46;0;0
50.544;-179;46;0;0
50.547;-171;46;0;0
50.55;-171;46;0;0
50.553;-171;46;0;0
50.556;-156;46;0;0
50.559;-156;46;0;0
50.562;-140;46;0;0
50.565;-140;46;0;0
50.568;-133;46;0;0
50.571;-125;70;0;0
50.574;-125;70;0;0
50.577;-117;70;0;0
50.58;-109;70;0;0
50.583;-109;70;0;0
50.586;-101;70;0;0
50.589;-94;70;0;0
50.592;-94;70;0;0
50.595;-86;70;0;0
50.598;-86;70;0;0
50.601;-86;70;0;0
50.604;-78;47;0;0
50.607;-78;47;0;0
50.61;-78;47;0;0
50.613;-78;47;0;0
50.616;-78;47;0;0
50.619;-78;47;0;0
50.622;-78;47;0;0
50.625;-86;47;0;0
50.628;-86;47;0;0
50.631;-86;47;0;0
50.634;-86;47;0;0
50.637;-94;-16;0;0
50.64;-94;-16;0;0
50.643;-94;-16;0;0
50.646;-94;-16;0;0
50.649;-94;-16;0;0
50.652;-94;-16;0;0
50.655;-94;-16;0;0
50.658;-94;-16;0;0
50.661;-101;-16;0;0
50.664;-101;-16;0;0
50.667;-101;-16;0;0
50.67;-101;-7;0;0
50.673;-94;-7;0;0
50.676;-94;-7;0;0
50.679;-94;-7;0;0
50.682;-94;-7;0;0
50.685;-94;-7;0;0
50.688;-94;-7;0;0
50.691;-94;-7;0;0
50.694;-94;-7;0;0
50.697;-94;-7;0;0
50.7;-94;-7;0;0
50.703;-94;7;0;0
50.706;-94;7;0;0
50.709;-94;7;0;0
50.712;-94;7;0;0
50.715;-86;7;0;0
50.718;-86;7;0;0
50.721;-86;7;0;0
50.724;-86;7;0;0
50.727;-86;7;0;0
50.73;-86;7;0;0
50.733;-78;7;0;0
50.736;-78;16;0;0
50.739;-78;16;0;0
50.742;-78;16;0;0
50.745;-78;16;0;0
50.748;-78;16;0;0
50.751;-78;16;0;0
50.754;-70;16;0;0
50.757;-70;16;0;0
50.76;-70;16;0;0
50.763;-62;16;0;0
50.766;-62;16;0;0
50.769;-62;16;0;0
50.772;-62;16;0;0
50.775;-54;16;0;0
50.778;-54;16;0;0
50.781;-54;16;0;0
50.784;-47;16;0;0
50.787;-47;16;0;0
50.79;-47;16;0;0
50.793;-47;16;0;0
50.796;-47;16;0;0
50.799;-39;16;0;0
50.802;-39;23;0;0
50.805;-31;23;0;0
50.808;-31;23;0;0
50.811;-31;23;0;0
50.814;-23;23;0;0
50.817;-23;23;0;0
50.82;-15;23;0;0
50.823;-15;23;0;0
50.826;-15;23;0;0
50.829;-15;23;0;0
50.832;-7;23;0;0
50.835;-7;32;0;0
50.838;0;32;0;0
50.841;0;32;0;0
50.844;0;32;0;0
50.847;7;32;0;0
50.85;15;32;0;0
50.853;15;32;0;0
50.856;15;32;0;0
50.859;15;32;0;0
50.862;15;32;0;0
50.865;23;32;0;0
50.868;23;30;0;0
50.871;31;30;0;0
50.874;31;30;0;0
50.877;31;30;0;0
50.88;39;30;0;0
50.883;39;30;0;0
50.886;47;30;0;0
50.889;47;30;0;0
50.892;47;30;0;0
50.895;47;30;0;0
50.898;47;30;0;0
50.901;54;31;0;0
50.904;54;31;0;0
50.907;62;31;0;0
50.91;62;31;0;0
50.913;62;31;0;0
50.916;70;31;0;0
50.919;70;31;0;0
50.922;78;31;0;0
50.925;78;31;0;0
50.928;78;31;0;0
50.931;78;31;0;0
50.934;86;32;0;0
50.937;86;32;0;0
50.94;86;32;0;0
50.943;94;32;0;0
50.946;94;32;0;0
50.949;94;32;0;0
50.952;101;32;0;0
50.955;101;32;0;0
50.958;101;32;0;0
50.961;109;32;0;0
50.964;109;32;0;0
50.967;109;23;0;0
50.97;109;23;0;0
50.973;109;23;0;0
50.976;109;23;0;0
50.979;109;23;0;0
50.982;109;23;0;0
50.985;109;23;0;0
50.988;109;23;0;0
50.991;109;23;0;0
50.994;109;23;0;0
50.997;109;23;0;0
51.0;109;0;0;0
51.003;109;0;0;0
51.006;109;0;0;0
51.009;109;0;0;0
51.012;109;0;0;0
51.015;109;0;0;0
51.018;101;-8;0;0
51.021;101;-8;0;0
51.024;101;-8;0;0
51.027;94;-8;0;0
51.03;94;-8;0;0
51.033;94;-8;0;0
51.036;94;-8;0;0
51.039;86;-8;0;0
51.042;86;-8;0;0
51.045;86;-8;0;0
51.048;78;-8;0;0
51.051;78;-23;0;0
51.054;78;-23;0;0
51.057;78;-23;0;0
51.06;78;-23;0;0
51.063;78;-23;0;0
51.066;78;-23;0;0
51.069;78;-23;0;0
51.072;78;-23;0;0
51.075;78;-23;0;0
51.078;70;-23;0;0
51.081;70;-23;0;0
51.084;62;-16;0;0
51.087;62;-16;0;0
51.09;62;-16;0;0
51.093;62;-16;0;0
51.096;62;-16;0;0
51.099;62;-16;0;0
51.102;62;-16;0;0
51.105;54;-16;0;0
51.108;54;-16;0;0
51.111;47;-16;0;0
51.114;47;-16;0;0
51.117;47;-15;0;0
51.12;47;-15;0;0
51.123;47;-15;0;0
51.126;47;-15;0;0
51.129;47;-15;0;0
51.132;47;-15;0;0
51.135;47;-15;0;0
51.138;47;-15;0;0
51.141;47;-15;0;0
51.144;39;-15;0;0
51.147;39;-15;0;0
51.15;39;-8;0;0
51.153;39;-8;0;0
51.156;39;-8;0;0
51.159;39;-8;0;0
51.162;31;-8;0;0
51.165;31;-8;0;0
51.168;31;-8;0;0
51.171;31;-8;0;0
51.174;31;-8;0;0
51.177;31;-8;0;0
51.18;31;-8;0;0
51.183;31;-8;0;0
51.186;31;-8;0;0
51.189;31;-8;0;0
51.192;31;-8;0;0
51.195;31;-8;0;0
51.198;31;-8;0;0
51.201;31;-8;0;0
51.204;31;-8;0;0
51.207;31;-8;0;0
51.21;31;-8;0;0
51.213;31;-8;0;0
51.216;31;0;0;0
51.219;31;0;0;0
51.222;31;0;0;0
51.225;31;0;0;0
51.228;31;0;0;0
51.231;31;0;0;0
51.234;31;0;0;0
51.237;31;0;0;0
51.24;31;0;0;0
51.243;31;0;0;0
51.246;31;0;0;0
51.249;39;8;0;0
51.252;39;8;0;0
51.255;39;8;0;0
51.258;39;8;0;0
51.261;39;8;0;0
51.264;39;8;0;0
51.267;39;8;0;0
51.27;39;8;0;0
51.273;39;8;0;0
51.276;39;8;0;0
51.279;39;8;0;0
51.282;47;8;0;0
51.285;47;8;0;0
51.288;47;8;0;0
51.291;47;8;0;0
51.294;47;8;0;0
51.297;47;8;0;0
51.3;47;8;0;0
51.303;47;8;0;0
51.306;47;8;0;0
51.309;47;8;0;0
51.312;47;8;0;0
51.315;47;0;0;0
51.318;47;0;0;0
51.321;47;0;0;0
51.324;47;0;0;0
51.327;47;0;0;0
51.33;47;0;0;0
51.333;47;0;0;0
51.336;47;0;0;0
51.339;47;0;0;0
51.342;54;7;0;0
51.345;54;7;0;0
51.348;54;7;0;0
51.351;54;7;0;0
51.354;54;7;0;0
51.357;54;7;0;0
51.36;54;7;0;0
51.363;54;7;0;0
51.366;54;7;0;0
51.369;54;7;0;0
51.372;54;7;0;0
51.375;62;8;0;0
51.378;62;8;0;0
51.381;62;8;0;0
51.384;62;8;0;0
51.387;62;8;0;0
51.39;62;8;0;0
51.393;62;8;0;0
51.396;62;8;0;0
51.399;62;8;0;0
51.402;62;8;0;0
51.405;62;8;0;0
51.408;62;0;0;0
51.411;62;0;0;0
51.414;70;8;0;0
51.417;70;8;0;0
51.42;70;8;0;0
51.423;70;8;0;0
51.426;70;8;0;0
51.429;70;8;0;0
51.432;70;8;0;0
51.435;70;8;0;0
51.438;78;8;0;0
51.441;78;8;0;0
51.444;78;8;0;0
51.447;78;8;0;0
51.45;78;8;0;0
51.453;78;8;0;0
51.456;78;8;0;0
51.459;78;8;0;0
51.462;78;8;0;0
51.465;78;8;0;0
51.468;78;8;0;0
51.471;78;8;0;0
51.474;78;8;0;0
51.477;78;8;0;0
51.48;78;0;0;0
51.483;78;0;0;0
51.486;78;0;0;0
51.489;78;0;0;0
51.492;78;0;0;0
51.495;78;0;0;0
51.498;78;0;0;0
51.501;78;0;0;0
51.504;78;0;0;0
51.507;78;0;0;0
51.51;86;8;0;0
51.513;86;8;0;0
51.516;86;8;0;0
51.519;86;8;0;0
51.522;86;8;0;0
51.525;86;8;0;0
51.528;86;8;0;0
51.531;86;8;0;0
51.534;86;8;0;0
51.537;86;8;0;0
51.54;86;8;0;0
51.543;86;0;0;0
51.546;86;0;0;0
51.549;86;0;0;0
51.552;86;0;0;0
51.555;86;0;0;0
51.558;86;0;0;0
51.561;86;0;0;0
51.564;86;0;0;0
51.567;86;0;0;0
51.57;86;0;0;0
51.573;86;0;0;0
51.576;86;0;0;0
51.579;86;0;0;0
51.582;86;0;0;0
51.585;86;0;0;0
51.588;86;0;0;0
51.591;86;0;0;0
51.594;86;0;0;0
51.597;86;0;0;0
51.6;86;0;0;0
51.603;86;0;0;0
51.606;86;0;0;0
51.609;86;0;0;0
51.612;86;0;0;0
51.615;86;0;0;0
51.618;86;0;0;0
51.621;86;0;0;0
51.624;86;0;0;0
51.627;86;0;0;0
51.63;86;0;0;0
51.633;86;0;0;0
51.636;86;0;0;0
51.639;86;0;0;0
51.642;86;0;0;0
51.645;86;0;0;0
51.648;86;0;0;0
51.651;86;0;0;0
51.654;86;0;0;0
51.657;86;0;0;0
51.66;86;0;0;0
51.663;86;0;0;0
51.666;86;0;0;0
51.669;86;0;0;0
51.672;86;0;0;0
51.675;86;0;0;0
51.678;86;0;0;0
51.681;86;0;0;0
51.684;86;0;0;0
51.687;86;0;0;0
51.69;86;0;0;0
51.693;78;-8;0;0
51.696;78;-8;0;0
51.699;78;-8;0;0
51.702;78;-8;0;0
51.705;78;-8;0;0
51.708;78;-8;0;0
51.711;78;-8;0;0
51.714;78;-8;0;0
51.717;78;-8;0;0
51.72;78;-8;0;0
51.723;78;-8;0;0
51.726;78;0;0;0
51.729;78;0;0;0
51.732;78;0;0;0
51.735;78;0;0;0
51.738;78;0;0;0
51.741;78;0;0;0
51.744;78;0;0;0
51.747;78;0;0;0
51.75;78;0;0;0
51.753;78;0;0;0
51.756;78;0;0;0
51.759;78;0;0;0
51.762;78;0;0;0
51.765;78;0;0;0
51.768;78;0;0;0
51.771;78;0;0;0
51.774;78;0;0;0
51.777;78;0;0;0
51.78;78;0;0;0
51.783;78;0;0;0
51.786;78;0;0;0
51.789;78;0;0;0
51.792;78;0;0;0
51.795;78;0;0;0
51.798;78;0;0;0
51.801;78;0;0;0
51.804;70;-8;0;0
51.807;70;-8;0;0
51.81;70;-8;0;0
51.813;70;-8;0;0
51.816;70;-8;0;0
51.819;70;-8;0;0
51.822;70;-8;0;0
51.825;70;-8;0;0
51.828;70;-8;0;0
51.831;70;-8;0;0
51.834;70;-8;0;0
51.837;70;0;0;0
51.84;70;0;0;0
51.843;70;0;0;0
51.846;70;0;0;0
51.849;62;-8;0;0
51.852;62;-8;0;0
51.855;62;-8;0;0
51.858;62;-8;0;0
51.861;62;-8;0;0
51.864;62;-8;0;0
51.867;62;-8;0;0
51.87;62;-8;0;0
51.873;62;-8;0;0
51.876;62;-8;0;0
51.879;62;-8;0;0
51.882;62;0;0;0
51.885;62;0;0;0
51.888;62;0;0;0
51.891;62;0;0;0
51.894;62;0;0;0
51.897;62;0;0;0
51.9;62;0;0;0
51.903;62;0;0;0
51.906;62;0;0;0
51.909;62;0;0;0
51.912;62;0;0;0
51.915;62;0;0;0
51.918;62;0;0;0
51.921;62;0;0;0
51.924;62;0;0;0
51.927;62;0;0;0
51.93;54;-8;0;0
51.933;54;-8;0;0
51.936;54;-8;0;0
51.939;54;-8;0;0
51.942;54;-8;0;0
51.945;54;-8;0;0
51.948;54;-8;0;0
51.951;54;-8;0;0
51.954;54;-8;0;0
51.957;54;-8;0;0
51.96;54;-8;0;0
51.963;54;0;0;0
51.966;54;0;0;0
51.969;54;0;0;0
51.972;54;0;0;0
51.975;54;0;0;0
51.978;54;0;0;0
51.981;54;0;0;0
51.984;54;0;0;0
51.987;54;0;0;0
51.99;54;0;0;0
51.993;54;0;0;0
51.996;54;0;0;0
51.999;54;0;0;0
52.002;54;0;0;0
52.005;54;0;0;0
52.008;54;0;0;0
52.011;54;0;0;0
52.014;54;0;0;0
52.017;54;0;0;0
52.02;54;0;0;0
52.023;54;0;0;0
52.026;54;0;0;0
52.029;54;0;0;0
52.032;54;0;0;0
52.035;54;0;0;0
52.038;54;0;0;0
52.041;54;0;0;0
52.044;54;0;0;0
52.047;54;0;0;0
52.05;54;0;0;0
52.053;54;0;0;0
52.056;54;0;0;0
52.059;54;0;0;0
52.062;54;0;0;0
52.065;54;0;0;0
52.068;54;0;0;0
52.071;54;0;0;0
52.074;54;0;0;0
52.077;54;0;0;0
52.08;54;0;0;0
52.083;54;0;0;0
52.086;54;0;0;0
52.089;54;0;0;0
52.092;54;0;0;0
52.095;54;0;0;0
52.098;54;0;0;0
52.101;54;0;0;0
52.104;54;0;0;0
52.107;54;0;0;0
52.11;54;0;0;0
52.113;54;0;0;0
52.116;54;0;0;0
52.119;54;0;0;0
52.122;54;0;0;0
52.125;54;0;0;0
52.128;54;0;0;0
52.131;62;8;0;0
52.134;62;8;0;0
52.137;62;8;0;0
52.14;62;8;0;0
52.143;62;8;0;0
52.146;62;8;0;0
52.149;62;8;0;0
52.152;62;8;0;0
52.155;62;8;0;0
52.158;62;8;0;0
52.161;62;8;0;0
52.164;62;0;0;0
52.167;62;0;0;0
52.17;62;0;0;0
52.173;62;0;0;0
52.176;62;0;0;0
52.179;62;0;0;0
52.182;62;0;0;0
52.185;62;0;0;0
52.188;62;0;0;0
52.191;62;0;0;0
52.194;62;0;0;0
52.197;62;0;0;0
52.2;62;0;0;0
52.203;62;0;0;0
52.206;62;0;0;0
52.209;62;0;0;0
52.212;62;0;0;0
52.215;62;0;0;0
52.218;62;0;0;0
52.221;62;0;0;0
52.224;62;0;0;0
52.227;62;0;0;0
52.23;62;0;0;0
52.233;62;0;0;0
52.236;62;0;0;0
52.239;62;0;0;0
52.242;62;0;0;0
52.245;62;0;0;0
52.248;62;0;0;0
52.251;62;0;0;0
52.254;62;0;0;0
52.257;62;0;0;0
52.26;62;0;0;0
52.263;62;0;0;0
52.266;62;0;0;0
52.269;62;0;0;0
52.272;62;0;0;0
52.275;62;0;0;0
52.278;62;0;0;0
52.281;62;0;0;0
52.284;62;0;0;0
52.287;62;0;0;0
52.29;62;0;0;0
52.293;62;0;0;0
52.296;62;0;0;0
52.299;62;0;0;0
52.302;62;0;0;0
52.305;62;0;0;0
52.308;62;0;0;0
52.311;62;0;0;0
52.314;62;0;0;0
52.317;62;0;0;0
52.32;62;0;0;0
52.323;62;0;0;0
52.326;62;0;0;0
52.329;62;0;0;0
52.332;62;0;0;0
52.335;62;0;0;0
52.338;62;0;0;0
52.341;62;0;0;0
52.344;62;0;0;0
52.347;62;0;0;0
52.35;62;0;0;0
52.353;62;0;0;0
52.356;62;0;0;0
52.359;62;0;0;0
52.362;62;0;0;0
52.365;62;0;0;0
52.368;62;0;0;0
52.371;62;0;0;0
52.374;62;0;0;0
52.377;62;0;0;0
52.38;62;0;0;0
52.383;62;0;0;0
52.386;62;0;0;0
52.389;62;0;0;0
52.392;62;0;0;0
52.395;62;0;0;0
52.398;62;0;0;0
52.401;62;0;0;0
52.404;62;0;0;0
52.407;62;0;0;0
52.41;62;0;0;0
52.413;62;0;0;0
52.416;62;0;0;0
52.419;62;0;0;0
52.422;62;0;0;0
52.425;62;0;0;0
52.428;62;0;0;0
52.431;62;0;0;0
52.434;62;0;0;0
52.437;62;0;0;0
52.44;62;0;0;0
52.443;62;0;0;0
52.446;62;0;0;0
52.449;62;0;0;0
52.452;62;0;0;0
52.455;62;0;0;0
52.458;62;0;0;0
52.461;62;0;0;0
52.464;62;0;0;0
52.467;62;0;0;0
52.47;62;0;0;0
52.473;62;0;0;0
52.476;62;0;0;0
52.479;62;0;0;0
52.482;62;0;0;0
52.485;62;0;0;0
52.488;62;0;0;0
52.491;62;0;0;0
52.494;62;0;0;0
52.497;62;0;0;0
52.5;62;0;0;0
52.503;62;0;0;0
52.506;62;0;0;0
52.509;62;0;0;0
52.512;62;0;0;0
52.515;62;0;0;0
52.518;62;0;0;0
52.521;62;0;0;0
52.524;62;0;0;0
52.527;62;0;0;0
52.53;62;0;0;0
52.533;62;0;0;0
52.536;62;0;0;0
52.539;62;0;0;0
52.542;62;0;0;0
52.545;62;0;0;0
52.548;62;0;0;0
52.551;62;0;0;0
52.554;62;0;0;0
52.557;62;0;0;0
52.56;62;0;0;0
52.563;62;0;0;0
52.566;62;0;0;0
52.569;62;0;0;0
52.572;62;0;0;0
52.575;62;0;0;0
52.578;62;0;0;0
52.581;62;0;0;0
52.584;62;0;0;0
52.587;62;0;0;0
52.59;62;0;0;0
52.593;62;0;0;0
52.596;62;0;0;0
52.599;62;0;0;0
52.602;62;0;0;0
52.605;62;0;0;0
52.608;62;0;0;0
52.611;62;0;0;0
52.614;62;0;0;0
52.617;62;0;0;0
52.62;62;0;0;0
52.623;62;0;0;0