t;e;d;i;set

1.559;11980;0;0;13605
1.564;11980;0;0;13605
1.569;11980;0;0;13605
1.574;11980;0;0;13605
1.579;11980;0;0;13605
1.584;11980;0;0;13605
1.589;11980;0;0;13605
1.594;11980;0;0;13605
1.599;11980;0;0;13605
1.604;11980;0;0;13605
1.609;11980;0;0;13605
1.614;11980;0;0;13605
1.619;11980;0;0;13605
1.624;11980;0;0;13605
1.629;11980;0;0;13605
1.634;11980;0;0;13605
1.639;11979;0;0;13605
1.644;11979;0;0;13605
1.649;11979;0;0;13605
1.654;11979;0;0;13605
1.659;11979;0;0;13605
1.664;11979;0;0;13605
1.669;11979;0;0;13605
1.674;11979;0;0;13605
1.679;11979;0;0;13605
1.684;11979;0;0;13605
1.689;11979;0;0;13605
1.694;11979;0;0;13605
1.699;11979;0;0;13605
1.704;11979;0;0;13605
1.709;11979;0;0;13605
1.714;11979;0;0;13605
1.719;11979;0;0;13592
1.724;11979;0;0;13592
1.729;11979;0;0;13605
1.734;11979;0;0;13605
1.739;11979;0;0;13592
1.744;11979;0;0;13592
1.749;11979;0;0;13592
1.754;11979;0;0;13592
1.759;11979;0;0;13605
1.764;11979;0;0;13605
1.769;11978;0;0;13605
1.774;11978;0;0;13605
1.779;11978;0;0;13592
1.784;11978;0;0;13605
1.789;11978;0;0;13605
1.794;11978;0;0;13605
1.799;11978;0;0;13605
1.804;11978;0;0;13605
1.809;11978;0;0;13605
1.814;11978;0;0;13605
1.819;11978;0;0;13605
1.824;11978;0;0;13605
1.829;11978;0;0;13605
1.834;11978;0;0;13592
1.839;11978;0;0;13592
1.844;11978;0;0;13592
1.849;11978;0;0;13592
1.854;11978;0;0;13605
1.859;11978;0;0;13605
1.864;11978;0;0;13605
1.869;11978;0;0;13605
1.874;11978;0;0;13605
1.879;11978;0;0;13605
1.884;11978;0;0;13605
1.889;11978;0;0;13592
1.894;11977;0;0;13592
1.899;11977;0;0;13605
1.904;11977;0;0;13605
1.909;11977;0;0;13605
1.914;11977;0;0;13605
1.919;11977;0;0;13605
1.924;11977;0;0;13605
1.929;11977;0;0;13605
1.934;11977;0;0;13605
1.939;11977;0;0;13605
1.944;11977;0;0;13592
1.949;11977;0;0;13592
1.954;11977;0;0;13605
1.959;11977;0;0;13605
1.964;11977;0;0;13605
1.969;11977;0;0;13605
1.974;11977;0;0;13592
1.979;11977;0;0;13605
1.984;11977;0;0;13605
1.989;11977;0;0;13605
1.994;11977;0;0;13592
1.999;11977;0;0;13592
2.004;11977;0;0;13592
2.009;11977;0;0;13605
2.014;11977;0;0;13592
2.019;11977;0;0;13592
2.024;11976;0;0;13605
2.029;11976;0;0;13592
2.034;11976;0;0;13592
2.039;11976;0;0;13605
2.044;11976;0;0;13605
2.049;11976;0;0;13605
2.054;11976;0;0;13605
2.059;11976;0;0;13605
2.064;11976;0;0;13605
2.069;11976;0;0;13592
2.074;11976;0;0;13605
2.079;11976;0;0;13605
2.084;11976;0;0;13605
2.089;11976;0;0;13592
2.094;11976;0;0;13592
2.099;11976;0;0;13605
2.104;11976;0;0;13605
2.109;11976;0;0;13605
2.114;11976;0;0;13605
2.119;11976;0;0;13605
2.124;11976;0;0;13605
2.129;11976;0;0;13605
2.134;11976;0;0;13605
2.139;11976;0;0;13605
2.144;11976;0;0;13592
2.149;11975;0;0;13592
2.154;11975;0;0;13592
2.159;11975;0;0;13592
2.164;11975;0;0;13592
2.169;11975;0;0;13605
2.174;11975;0;0;13605
2.179;11975;0;0;13605
2.184;11975;0;0;13605
2.189;11975;0;0;13592
2.194;11975;0;0;13592
2.199;11975;0;0;13605
2.204;11975;0;0;13592
2.209;11975;0;0;13605
2.214;11975;0;0;13605
2.219;11975;0;0;13605
2.224;11975;0;0;13605
2.229;11975;0;0;13605
2.234;11975;0;0;13605
2.239;11975;0;0;13605
2.244;11975;0;0;13605
2.249;12020;0;0;13605
2.254;12072;0;0;13605
2.259;12280;0;0;13605
2.265;12378;0;0;13605
2.269;12586;0;0;13605
2.274;12787;0;0;13605
2.28;12988;0;0;13605
2.284;13241;0;0;13605
2.289;13436;0;0;13605
2.294;13683;0;0;13605
2.299;13885;0;0;13605
2.304;14125;0;0;13605
2.309;14268;0;0;13605
2.314;14457;0;0;13605
2.319;14645;0;0;13605
2.324;14782;0;0;13605
2.329;15009;0;0;13605
2.334;15191;0;0;13605
2.339;15367;0;0;13605
2.344;15542;0;0;13605
2.349;15711;0;0;13605
2.354;15913;0;0;13605
2.359;16114;0;0;13605
2.364;16270;0;0;13605
2.369;16381;0;0;13605
2.374;16530;0;0;13605
2.379;16641;0;0;13605
2.384;16777;0;0;13592
2.389;16881;0;0;13592
2.394;16946;0;0;13605
2.399;17044;0;0;13605
2.404;17109;0;0;13605
2.409;17166;0;0;13605
2.414;17199;0;0;13605
2.419;17231;0;0;13605
2.424;17290;0;0;13605
2.429;17316;0;0;13605
2.434;17348;0;0;13605
2.439;17400;0;0;13605
2.444;17433;0;0;13605
2.449;17459;0;0;13592
2.454;17459;0;0;13592
2.459;17485;0;0;13605
2.464;17511;0;0;13605
2.469;17511;0;0;13605
2.474;17511;0;0;13605
2.479;17511;0;0;13605
2.484;17537;0;0;13605
2.489;17563;0;0;13605
2.494;17563;0;0;13605
2.499;17589;0;0;13605
2.504;17615;0;0;13605
2.509;17615;0;0;13605
2.514;17641;0;0;13605
2.519;17667;0;0;13605
2.524;17667;0;0;13605
2.529;17693;0;0;13605
2.534;17711;0;0;13605
2.539;17711;0;0;13605
2.544;17763;0;0;13605
2.549;17783;0;0;13605
2.554;17809;0;0;13592
2.559;17848;0;0;13592
2.564;17893;0;0;13605
2.57;17913;0;0;13605
2.574;17971;0;0;13605
2.579;17991;0;0;13605
2.584;18030;0;0;13605
2.589;18069;0;0;13605
2.594;18101;0;0;13605
2.6;18121;0;0;13605
2.604;18179;0;0;13605
2.609;18212;0;0;13605
2.614;18238;0;0;13605
2.619;18264;0;0;13605
2.624;18277;0;0;13605
2.629;18290;0;0;13605
2.634;18309;0;0;13605
2.639;18335;0;0;13605
2.644;18355;0;0;13605
2.649;18374;0;0;13605
2.654;18387;0;0;13605
2.659;18407;0;0;13605
2.664;18412;0;0;13605
2.669;18425;0;0;13605
2.674;18425;0;0;13605
2.679;18438;0;0;13605
2.684;18445;0;0;13605
2.689;18458;0;0;13605
2.694;18458;0;0;13605
2.699;18464;0;0;13605
2.704;18464;0;0;13605
2.709;18471;0;0;13605
2.714;18464;0;0;13605
2.719;18464;0;0;13605
2.724;18458;0;0;13592
2.729;18445;0;0;13592
2.734;18425;0;0;13605
2.739;18412;0;0;13605
2.744;18380;0;0;13605
2.749;18354;0;0;13592
2.754;18321;0;0;13592
2.759;18289;0;0;13605
2.764;18250;0;0;13605
2.769;18211;0;0;13592
2.775;18165;0;0;13592
2.779;18120;0;0;13605
2.784;18068;0;0;13605
2.789;18029;0;0;13605
2.794;17969;0;0;13605
2.799;17930;0;0;13592
2.804;17891;0;0;13592
2.809;17846;0;0;13592
2.814;17807;0;0;13605
2.819;17761;0;0;13605
2.824;17709;0;0;13605
2.829;17664;0;0;13592
2.834;17612;0;0;13592
2.839;17560;0;0;13605
2.844;17534;0;0;13605
2.849;17508;0;0;13592
2.854;17456;0;0;13592
2.859;17430;0;0;13605
2.864;17397;0;0;13605
2.869;17397;0;0;13605
2.874;17397;0;0;13605
2.879;17430;0;0;13605
2.884;17456;0;0;13605
2.889;17508;0;0;13592
2.895;17586;0;0;13592
2.899;17664;0;0;13605
2.904;17735;0;0;13605
2.909;17826;0;0;13605
2.915;17911;0;0;13605
2.92;18007;0;0;13605
2.924;18118;0;0;13605
2.929;18209;0;0;13605
2.934;18287;0;0;13605
2.939;18358;0;0;13605
2.944;18423;0;0;13592
2.95;18456;0;0;13592
2.954;18462;0;0;13605
2.959;18443;0;0;13605
2.964;18378;0;0;13605
2.969;18274;0;0;13605
2.974;18118;0;0;13605
2.979;17929;0;0;13605
2.984;17611;0;0;13605
2.99;17286;0;0;13605
2.994;16909;0;0;13605
2.999;16343;0;0;13605
3.004;15830;0;0;13605
3.009;15232;0;0;13605
3.015;14549;0;0;13605
3.02;13880;0;0;13605
3.025;13184;0;0;13605
3.029;12476;0;0;13605
3.035;11664;0;0;13605
3.039;11007;0;0;13605
3.044;10260;0;0;13605
3.05;9485;0;0;13605
3.055;8796;0;0;13605
3.059;8231;0;0;13592
3.065;7672;0;0;13592
3.069;7236;0;0;13592
3.074;6833;0;0;13605
3.08;6456;0;0;13605
3.085;6157;0;0;13605
3.089;5969;0;0;13605
3.095;5761;0;0;13605
3.099;5631;0;0;13605
3.104;5546;0;0;13592
3.109;5494;0;0;13592
3.114;5475;0;0;13592
3.12;5475;0;0;13592
3.124;5494;0;0;13592
3.129;5527;0;0;13605
3.134;5566;0;0;13605
3.139;5618;0;0;13605
3.144;5676;0;0;13605
3.149;5728;0;0;13605
3.154;5761;0;0;13605
3.159;5787;0;0;13605
3.164;5819;0;0;13592
3.169;5858;0;0;13592
3.174;5870;0;0;13605
3.179;5870;0;0;13605
3.184;5857;0;0;13605
3.189;5838;0;0;13605
3.194;5818;0;0;13605
3.199;5786;0;0;13605
3.204;5760;0;0;13605
3.209;5701;0;0;13605
3.214;5649;0;0;13605
3.219;5604;0;0;13592
3.225;5565;0;0;13592
3.229;5526;0;0;13592
3.234;5493;0;0;13605
3.24;5474;0;0;13605
3.244;5474;0;0;13605
3.249;5500;0;0;13605
3.254;5545;0;0;13605
3.259;5630;0;0;13605
3.264;5760;0;0;13605
3.269;5890;0;0;13605
3.274;6130;0;0;13605
3.28;6377;0;0;13605
3.285;6683;0;0;13605
3.289;7060;0;0;13605
3.294;7482;0;0;13605
3.299;7905;0;0;13605
3.304;8443;0;0;13592
3.309;9022;0;0;13592
3.315;9672;0;0;13592
3.319;10257;0;0;13605
3.324;11056;0;0;13605
3.33;11661;0;0;13605
3.334;12271;0;0;13605
3.339;13032;0;0;13605
3.345;13675;0;0;13605
3.35;14306;0;0;13592
3.354;14819;0;0;13592
3.359;15443;0;0;13605
3.364;15866;0;0;13605
3.369;16340;0;0;13605
3.374;16802;0;0;13605
3.379;17159;0;0;13592
3.384;17478;0;0;13592
3.39;17705;0;0;13605
3.394;17926;0;0;13605
3.399;18095;0;0;13605
3.404;18219;0;0;13605
3.409;18316;0;0;13605
3.414;18381;0;0;13605
3.419;18420;0;0;13605
3.424;18446;0;0;13605
3.429;18459;0;0;13605
3.434;18458;0;0;13605
3.439;18458;0;0;13605
3.444;18452;0;0;13592
3.449;18439;0;0;13592
3.454;18426;0;0;13605
3.459;18419;0;0;13605
3.464;18419;0;0;13605
3.469;18413;0;0;13605
3.474;18419;0;0;13592
3.479;18419;0;0;13592
3.484;18426;0;0;13592
3.489;18439;0;0;13605
3.494;18445;0;0;13605
3.5;18452;0;0;13592
3.504;18458;0;0;13592
3.509;18458;0;0;13605
3.514;18452;0;0;13605
3.519;18426;0;0;13605
3.524;18400;0;0;13605
3.529;18335;0;0;13592
3.534;18257;0;0;13605
3.539;18146;0;0;13605
3.544;18003;0;0;13605
3.549;17821;0;0;13605
3.555;17607;0;0;13605
3.56;17339;0;0;13592
3.565;17001;0;0;13592
3.569;16631;0;0;13605
3.574;16221;0;0;13605
3.579;15864;0;0;13605
3.584;15357;0;0;13605
3.589;14726;0;0;13605
3.594;14161;0;0;13605
3.599;13673;0;0;13605
3.605;12978;0;0;13605
3.61;12315;0;0;13605
3.614;11763;0;0;13605
3.619;11100;0;0;13605
3.624;10398;0;0;13605
3.629;9865;0;0;13605
3.634;9293;0;0;13605
3.639;8747;0;0;13605
3.645;8227;0;0;13605
3.65;7746;0;0;13605
3.654;7336;0;0;13605
3.66;6992;0;0;13605
3.665;6706;0;0;13605
3.67;6452;0;0;13605
3.674;6225;0;0;13605
3.679;6062;0;0;13605
3.684;5887;0;0;13605
3.689;5782;0;0;13605
3.695;5684;0;0;13605
3.7;5626;0;0;13605
3.704;5561;0;0;13605
3.709;5522;0;0;13605
3.715;5509;0;0;13605
3.719;5489;0;0;13605
3.724;5476;0;0;13605
3.729;5476;0;0;13605
3.734;5470;0;0;13605
3.739;5470;0;0;13605
3.744;5470;0;0;13592
3.749;5470;0;0;13592
3.754;5470;0;0;13605
3.759;5476;0;0;13605
3.764;5476;0;0;13605
3.769;5489;0;0;13605
3.775;5502;0;0;13605
3.779;5522;0;0;13605
3.784;5561;0;0;13605
3.789;5600;0;0;13605
3.794;5671;0;0;13605
3.799;5756;0;0;13605
3.805;5853;0;0;13605
3.809;5983;0;0;13605
3.814;6152;0;0;13605
3.819;6320;0;0;13605
3.824;6535;0;0;13605
3.829;6827;0;0;13605
3.835;7126;0;0;13605
3.84;7477;0;0;13605
3.844;7822;0;0;13605
3.849;8225;0;0;13605
3.854;8745;0;0;13605
3.859;9200;0;0;13592
3.865;9765;0;0;13592
3.869;10298;0;0;13605
3.874;10851;0;0;13605
3.879;11455;0;0;13605
3.885;12059;0;0;13592
3.89;12670;0;0;13592
3.894;13229;0;0;13605
3.899;13769;0;0;13605
3.904;14302;0;0;13605
3.909;14815;0;0;13605
3.914;15270;0;0;13605
3.919;15699;0;0;13605
3.924;15901;0;0;13592
3.929;15862;0;0;13592
3.934;16024;0;0;13605
3.939;16141;0;0;13605
3.944;16140;0;0;13605
3.949;16140;0;0;13605
3.954;16140;0;0;13605
3.959;16140;0;0;13605
3.964;16140;0;0;13605
3.969;16179;0;0;13605
3.974;16179;0;0;13592
3.979;16257;0;0;13592
3.984;16296;0;0;13605
3.989;16335;0;0;13605
3.994;16368;0;0;13605
3.999;16407;0;0;13605
4.004;16407;0;0;13605
4.009;16407;0;0;13605
4.014;16335;0;0;13605
4.019;16257;0;0;13605
4.024;16179;0;0;13592
4.03;16101;0;0;13592
4.034;15984;0;0;13605
4.039;15861;0;0;13605
4.044;15698;0;0;13605
4.049;15529;0;0;13605
4.054;15354;0;0;13605
4.059;15178;0;0;13605
4.064;14951;0;0;13605
4.069;14723;0;0;13605
4.074;14488;0;0;13605
4.079;14254;0;0;13592
4.085;14014;0;0;13592
4.09;13721;0;0;13592
4.094;13422;0;0;13605
4.099;13071;0;0;13605
4.104;12870;0;0;13605
4.109;12571;0;0;13605
4.114;12265;0;0;13605
4.119;11863;0;0;13605
4.125;11557;0;0;13605
4.129;11252;0;0;13605
4.135;10946;0;0;13605
4.14;10647;0;0;13605
4.144;10348;0;0;13605
4.149;10049;0;0;13605
4.154;9861;0;0;13605
4.16;9568;0;0;13605
4.164;9289;0;0;13592
4.17;9107;0;0;13592
4.174;8925;0;0;13592
4.18;8697;0;0;13592
4.185;8567;0;0;13605
4.189;8392;0;0;13605
4.194;8223;0;0;13605
4.199;8144;0;0;13605
4.204;8059;0;0;13605
4.21;7981;0;0;13605
4.214;7897;0;0;13605
4.219;7858;0;0;13605
4.224;7819;0;0;13592
4.229;7780;0;0;13592
4.234;7780;0;0;13605
4.239;7819;0;0;13605
4.245;7819;0;0;13605
4.249;7897;0;0;13605
4.254;7936;0;0;13605
4.259;8020;0;0;13605
4.264;8059;0;0;13605
4.269;8183;0;0;13605
4.274;8267;0;0;13605
4.279;8391;0;0;13605
4.285;8521;0;0;13605
4.289;8696;0;0;13605
4.295;8833;0;0;13605
4.299;8969;0;0;13605
4.305;9197;0;0;13605
4.309;9431;0;0;13605
4.314;9619;0;0;13605
4.32;9860;0;0;13605
4.325;10152;0;0;13605
4.33;10392;0;0;13605
4.334;10645;0;0;13605
4.34;10892;0;0;13605
4.344;11146;0;0;13592
4.35;11451;0;0;13592
4.355;11757;0;0;13605
4.359;12055;0;0;13605
4.364;12263;0;0;13605
4.369;12569;0;0;13605
4.374;12822;0;0;13605
4.379;13069;0;0;13605
4.385;13323;0;0;13592
4.39;13570;0;0;13592
4.394;13869;0;0;13605
4.399;14057;0;0;13605
4.404;14252;0;0;13592
4.409;14441;0;0;13592
4.414;14629;0;0;13605
4.419;14766;0;0;13605
4.424;14948;0;0;13605
4.429;15084;0;0;13605
4.434;15221;0;0;13605
4.439;15305;0;0;13592
4.444;15396;0;0;13592
4.449;15435;0;0;13605
4.454;15396;0;0;13605
4.459;15350;0;0;13605
4.464;15304;0;0;13605
4.469;15265;0;0;13605
4.474;15220;0;0;13605
4.479;15129;0;0;13605
4.484;14992;0;0;13605
4.489;14856;0;0;13605
4.494;14765;0;0;13605
4.499;14628;0;0;13605
4.504;14485;0;0;13605
4.509;14349;0;0;13605
4.514;14154;0;0;13592
4.52;13965;0;0;13592
4.525;13764;0;0;13605
4.529;13569;0;0;13605
4.534;13322;0;0;13605
4.539;13068;0;0;13605
4.544;12867;0;0;13605
4.549;12665;0;0;13592
4.555;12464;0;0;13592
4.559;12262;0;0;13605
4.564;11957;0;0;13605
4.57;11704;0;0;13605
4.574;11502;0;0;13605
4.58;11249;0;0;13592
4.585;11046;0;0;13592
4.589;10845;0;0;13605
4.594;10591;0;0;13605
4.599;10390;0;0;13605
4.604;10195;0;0;13592
4.61;10000;0;0;13592
4.615;9857;0;0;13605
4.619;9662;0;0;13605
4.624;9473;0;0;13605
4.629;9330;0;0;13605
4.634;9239;0;0;13592
4.64;9103;0;0;13592
4.645;9012;0;0;13605
4.649;8921;0;0;13605
4.655;8875;0;0;13605
4.659;8784;0;0;13605
4.664;8739;0;0;13605
4.669;8739;0;0;13605
4.674;8739;0;0;13605
4.679;8739;0;0;13592
4.684;8739;0;0;13592
4.689;8739;0;0;13592
4.694;8739;0;0;13592
4.699;8784;0;0;13605
4.704;8875;0;0;13605
4.709;8921;0;0;13605
4.714;9011;0;0;13605
4.719;9102;0;0;13592
4.724;9238;0;0;13592
4.729;9329;0;0;13605
4.734;9472;0;0;13605
4.74;9563;0;0;13592
4.745;9758;0;0;13592
4.749;9947;0;0;13605
4.754;10096;0;0;13605
4.759;10246;0;0;13605
4.764;10441;0;0;13605
4.769;10642;0;0;13605
4.775;10844;0;0;13605
4.779;11045;0;0;13605
4.784;11247;0;0;13605
4.79;11448;0;0;13605
4.794;11650;0;0;13592
4.799;11858;0;0;13592
4.804;12052;0;0;13605
4.809;12306;0;0;13605
4.814;12514;0;0;13605
4.819;12715;0;0;13605
4.824;12865;0;0;13605
4.829;13066;0;0;13592
4.834;13268;0;0;13592
4.839;13469;0;0;13605
4.844;13618;0;0;13605
4.849;13761;0;0;13592
4.854;13910;0;0;13592
4.859;14053;0;0;13605
4.864;14151;0;0;13605
4.869;14294;0;0;13605
4.874;14391;0;0;13605
4.879;14482;0;0;13605
4.884;14580;0;0;13605
4.889;14625;0;0;13605
4.894;14671;0;0;13605
4.899;14716;0;0;13605
4.904;14762;0;0;13605
4.909;14762;0;0;13592
4.914;14716;0;0;13592
4.919;14625;0;0;13605
4.924;14580;0;0;13605
4.929;14482;0;0;13592
4.934;14391;0;0;13592
4.939;14248;0;0;13592
4.944;14151;0;0;13605
4.949;14008;0;0;13605
4.954;13865;0;0;13605
4.959;13715;0;0;13605
4.964;13566;0;0;13605
4.969;13370;0;0;13605
4.974;13220;0;0;13605
4.979;13064;0;0;13605
4.984;12863;0;0;13605
4.989;12661;0;0;13605
4.994;12460;0;0;13605
4.999;12304;0;0;13605
5.004;12050;0;0;13605
5.009;11856;0;0;13605
5.015;11700;0;0;13605
5.019;11550;0;0;13605
5.024;11297;0;0;13605
5.03;11141;0;0;13605
5.035;10939;0;0;13605
5.039;10790;0;0;13605
5.045;10588;0;0;13605
5.05;10439;0;0;13605
5.054;10244;0;0;13592
5.059;10146;0;0;13592
5.065;10042;0;0;13605
5.069;9899;0;0;13605
5.074;9756;0;0;13592
5.079;9659;0;0;13592
5.084;9561;0;0;13592
5.089;9470;0;0;13605
5.095;9425;0;0;13605
5.099;9372;0;0;13592
5.104;9281;0;0;13592
5.11;9281;0;0;13605
5.114;9281;0;0;13605
5.119;9281;0;0;13605
5.124;9281;0;0;13605
5.13;9281;0;0;13592
5.134;9281;0;0;13592
5.139;9326;0;0;13605
5.144;9372;0;0;13605
5.149;9424;0;0;13605
5.154;9469;0;0;13605
5.159;9560;0;0;13605
5.164;9658;0;0;13605
5.169;9755;0;0;13605
5.175;9853;0;0;13605
5.179;9944;0;0;13605
5.184;10093;0;0;13605
5.189;10243;0;0;13592
5.194;10340;0;0;13592
5.199;10490;0;0;13605
5.204;10639;0;0;13605
5.209;10841;0;0;13605
5.214;10938;0;0;13605
5.22;11088;0;0;13605
5.224;11244;0;0;13605
5.229;11444;0;0;13605
5.235;11646;0;0;13605
5.239;11854;0;0;13605
5.244;11951;0;0;13592
5.249;12100;0;0;13592
5.254;12302;0;0;13605
5.26;12458;0;0;13605
5.264;12659;0;0;13605
5.27;12763;0;0;13592
5.274;12913;0;0;13592
5.279;13062;0;0;13605
5.284;13218;0;0;13605
5.289;13316;0;0;13605
5.294;13465;0;0;13605
5.299;13615;0;0;13592
5.305;13660;0;0;13592
5.309;13758;0;0;13605
5.314;13862;0;0;13605
5.319;13959;0;0;13605
5.324;14050;0;0;13592
5.329;14102;0;0;13605
5.334;14148;0;0;13605
5.339;14148;0;0;13605
5.344;14050;0;0;13605
5.349;14005;0;0;13605
5.354;13958;0;0;13592
5.36;13958;0;0;13592
5.364;13861;0;0;13605
5.37;13809;0;0;13605
5.374;13711;0;0;13605
5.379;13614;0;0;13605
5.384;13516;0;0;13605
5.389;13412;0;0;13605
5.394;13263;0;0;13605
5.399;13165;0;0;13605
5.404;13061;0;0;13592
5.409;12964;0;0;13592
5.414;12814;0;0;13605
5.419;12658;0;0;13605
5.424;12509;0;0;13605
5.43;12405;0;0;13605
5.434;12255;0;0;13605
5.439;12099;0;0;13605
5.444;11950;0;0;13605
5.449;11801;0;0;13605
5.454;11645;0;0;13605
5.459;11547;0;0;13605
5.464;11391;0;0;13605
5.469;11242;0;0;13605
5.475;11138;0;0;13605
5.479;11040;0;0;13605
5.484;10883;0;0;13605
5.489;10786;0;0;13605
5.495;10636;0;0;13605
5.499;10532;0;0;13605
5.504;10435;0;0;13592
5.509;10383;0;0;13592
5.515;10285;0;0;13605
5.519;10240;0;0;13605
5.525;10188;0;0;13605
5.529;10090;0;0;13605
5.534;10038;0;0;13605
5.539;10038;0;0;13605
5.544;10038;0;0;13592
5.55;9993;0;0;13592
5.555;9993;0;0;13592
5.559;9993;0;0;13605
5.564;10038;0;0;13605
5.569;10038;0;0;13605
5.574;10038;0;0;13605
5.579;10090;0;0;13605
5.584;10142;0;0;13605
5.589;10188;0;0;13605
5.594;10240;0;0;13605
5.599;10285;0;0;13605
5.604;10337;0;0;13605
5.609;10434;0;0;13605
5.614;10531;0;0;13605
5.619;10635;0;0;13605
5.624;10733;0;0;13592
5.629;10837;0;0;13592
5.634;10882;0;0;13592
5.639;11038;0;0;13605
5.644;11136;0;0;13605
5.65;11240;0;0;13605
5.654;11441;0;0;13605
5.659;11493;0;0;13605
5.664;11643;0;0;13605
5.669;11747;0;0;13605
5.674;11851;0;0;13605
5.679;11993;0;0;13605
5.684;12097;0;0;13605
5.689;12253;0;0;13605
5.694;12351;0;0;13605
5.699;12455;0;0;13605
5.704;12559;0;0;13605
5.709;12656;0;0;13592
5.714;12760;0;0;13592
5.719;12858;0;0;13605
5.725;12962;0;0;13605
5.729;13059;0;0;13605
5.734;13163;0;0;13605
5.739;13214;0;0;13605
5.744;13260;0;0;13605
5.749;13364;0;0;13605
5.754;13409;0;0;13605
5.759;13461;0;0;13605
5.764;13461;0;0;13605
5.769;13513;0;0;13605
5.774;13559;0;0;13605
5.779;13559;0;0;13605
5.784;13559;0;0;13605
5.789;13559;0;0;13592
5.794;13559;0;0;13592
5.799;13559;0;0;13605
5.804;13559;0;0;13592
5.809;13513;0;0;13592
5.814;13461;0;0;13605
5.819;13461;0;0;13605
5.824;13409;0;0;13605
5.829;13364;0;0;13605
5.834;13260;0;0;13605
5.839;13260;0;0;13605
5.844;13162;0;0;13605
5.849;13058;0;0;13605
5.854;13013;0;0;13605
5.859;12909;0;0;13605
5.864;12857;0;0;13605
5.869;12758;0;0;13605
5.874;12654;0;0;13605
5.879;12557;0;0;13605
5.884;12453;0;0;13605
5.889;12349;0;0;13605
5.894;12251;0;0;13605
5.899;12147;0;0;13605
5.904;12043;0;0;13605
5.909;11946;0;0;13605
5.914;11849;0;0;13605
5.919;11745;0;0;13605
5.924;11641;0;0;13605
5.929;11543;0;0;13605
5.934;11439;0;0;13605
5.939;11335;0;0;13605
5.944;11238;0;0;13605
5.949;11186;0;0;13605
5.954;11082;0;0;13605
5.959;11036;0;0;13605
5.964;10932;0;0;13592
5.969;10880;0;0;13592
5.975;10835;0;0;13605
5.979;10731;0;0;13605
5.984;10731;0;0;13605
5.989;10633;0;0;13592
5.994;10632;0;0;13592
6.0;10580;0;0;13605
6.004;10580;0;0;13605
6.009;10528;0;0;13605
6.014;10528;0;0;13592
6.019;10528;0;0;13592
6.024;10528;0;0;13592
6.029;10528;0;0;13605
6.034;10580;0;0;13605
6.039;10580;0;0;13605
6.045;10632;0;0;13605
6.049;10632;0;0;13605
6.054;10678;0;0;13605
6.059;10730;0;0;13592
6.064;10782;0;0;13592
6.069;10834;0;0;13605
6.075;10834;0;0;13605
6.079;10931;0;0;13605
6.084;10983;0;0;13605
6.089;11035;0;0;13605
6.094;11133;0;0;13605
6.099;11237;0;0;13605
6.105;11289;0;0;13605
6.109;11386;0;0;13605
6.114;11438;0;0;13605
6.119;11542;0;0;13592
6.124;11639;0;0;13592
6.129;11691;0;0;13592
6.134;11795;0;0;13592
6.139;11847;0;0;13605
6.144;11944;0;0;13605
6.149;12041;0;0;13605
6.154;12145;0;0;13592
6.159;12249;0;0;13592
6.165;12249;0;0;13592
6.169;12347;0;0;13605
6.174;12451;0;0;13605
6.179;12503;0;0;13605
6.184;12600;0;0;13605
6.189;12652;0;0;13605
6.194;12704;0;0;13605
6.199;12756;0;0;13605
6.204;12854;0;0;13605
6.209;12854;0;0;13605
6.214;12906;0;0;13605
6.219;12958;0;0;13605
6.224;12958;0;0;13605
6.229;13010;0;0;13605
6.234;12958;0;0;13605
6.239;12906;0;0;13605
6.244;12854;0;0;13605
6.249;12755;0;0;13605
6.254;12703;0;0;13592
6.259;12651;0;0;13592
6.265;12599;0;0;13605
6.269;12502;0;0;13592
6.274;12450;0;0;13592
6.279;12346;0;0;13605
6.284;12248;0;0;13605
6.289;12248;0;0;13605
6.294;12144;0;0;13605
6.299;12040;0;0;13605
6.304;11943;0;0;13605
6.309;11898;0;0;13605
6.315;11846;0;0;13605
6.319;11742;0;0;13605
6.324;11638;0;0;13605
6.329;11638;0;0;13605
6.335;11540;0;0;13605
6.339;11436;0;0;13605
6.344;11384;0;0;13605
6.349;11332;0;0;13605
6.354;11235;0;0;13605
6.359;11235;0;0;13605
6.364;11183;0;0;13605
6.37;11131;0;0;13605
6.374;11079;0;0;13592
6.379;11032;0;0;13592
6.384;11032;0;0;13605
6.389;10980;0;0;13605
6.395;10928;0;0;13605
6.4;10928;0;0;13605
6.404;10876;0;0;13605
6.409;10876;0;0;13605
6.414;10876;0;0;13605
6.419;10876;0;0;13605
6.424;10876;0;0;13605
6.429;10928;0;0;13592
6.434;10928;0;0;13605
6.439;10928;0;0;13605
6.444;10928;0;0;13605
6.449;10980;0;0;13605
6.454;11032;0;0;13605
6.46;11032;0;0;13592
6.464;11078;0;0;13592
6.469;11130;0;0;13605
6.475;11234;0;0;13605
6.479;11234;0;0;13605
6.485;11286;0;0;13605
6.49;11331;0;0;13592
6.494;11435;0;0;13592
6.499;11435;0;0;13605
6.504;11539;0;0;13605
6.509;11590;0;0;13605
6.514;11636;0;0;13605
6.519;11688;0;0;13605
6.524;11740;0;0;13605
6.529;11844;0;0;13605
6.534;11844;0;0;13605
6.539;11941;0;0;13605
6.544;12038;0;0;13605
6.549;12038;0;0;13605
6.554;12142;0;0;13605
6.559;12194;0;0;13605
6.564;12246;0;0;13592
6.569;12292;0;0;13592
6.574;12344;0;0;13605
6.579;12396;0;0;13605
6.584;12448;0;0;13605
6.589;12448;0;0;13605
6.594;12500;0;0;13605
6.599;12552;0;0;13605
6.604;12597;0;0;13592
6.609;12649;0;0;13592
6.614;12649;0;0;13605
6.619;12649;0;0;13592
6.624;12701;0;0;13592
6.629;12701;0;0;13605
6.634;12700;0;0;13605
6.639;12648;0;0;13605
6.644;12551;0;0;13605
6.649;12499;0;0;13605
6.654;12447;0;0;13605
6.659;12395;0;0;13605
6.664;12343;0;0;13605
6.669;12245;0;0;13605
6.675;12245;0;0;13605
6.679;12141;0;0;13605
6.684;12037;0;0;13605
6.689;12037;0;0;13605
6.694;11940;0;0;13605
6.699;11895;0;0;13605
6.704;11843;0;0;13605
6.709;11739;0;0;13605
6.714;11687;0;0;13605
6.72;11635;0;0;13605
6.724;11589;0;0;13605
6.724;11589;0;0;13605
7.354;12442;0;0;13605
7.359;12442;0;0;13605
7.364;12442;0;0;13605
7.369;12494;0;0;13605
7.374;12494;0;0;13605
7.379;12494;0;0;13605
7.384;12494;0;0;13605
7.389;12442;0;0;13605
7.394;12442;0;0;13592
7.399;12390;0;0;13592
7.405;12337;0;0;13605
7.409;12285;0;0;13605
7.414;12239;0;0;13605
7.419;12187;0;0;13605
7.424;12135;0;0;13605
7.429;12031;0;0;13592
7.434;11979;0;0;13592
7.439;11934;0;0;13605
7.444;11837;0;0;13605
7.449;11837;0;0;13605
7.454;11733;0;0;13605
7.459;11681;0;0;13605
7.464;11629;0;0;13605
7.469;11583;0;0;13605
7.474;11531;0;0;13605
7.479;11479;0;0;13605
7.484;11427;0;0;13605
7.489;11375;0;0;13605
7.494;11323;0;0;13605
7.5;11323;0;0;13592
7.505;11278;0;0;13592
7.509;11226;0;0;13605
7.514;11226;0;0;13605
7.519;11226;0;0;13605
7.524;11174;0;0;13605
7.53;11174;0;0;13592
7.534;11173;0;0;13592
7.54;11121;0;0;13605
7.544;11121;0;0;13605
7.55;11121;0;0;13605
7.554;11121;0;0;13605
7.559;11121;0;0;13605
7.564;11121;0;0;13605
7.569;11173;0;0;13605
7.575;11173;0;0;13605
7.579;11225;0;0;13605
7.584;11225;0;0;13592
7.589;11225;0;0;13592
7.594;11277;0;0;13592
7.599;11322;0;0;13605
7.604;11374;0;0;13605
7.609;11426;0;0;13605
7.614;11426;0;0;13592
7.619;11426;0;0;13592
7.624;11530;0;0;13592
7.629;11530;0;0;13592
7.634;11582;0;0;13592
7.639;11628;0;0;13605
7.644;11680;0;0;13605
7.649;11732;0;0;13605
7.654;11784;0;0;13605
7.659;11835;0;0;13605
7.664;11835;0;0;13605
7.669;11887;0;0;13605
7.674;11932;0;0;13605
7.679;12029;0;0;13605
7.684;12029;0;0;13605
7.689;12081;0;0;13605
7.694;12133;0;0;13605
7.699;12185;0;0;13605
7.704;12237;0;0;13605
7.709;12237;0;0;13605
7.714;12283;0;0;13605
7.719;12283;0;0;13605
7.724;12335;0;0;13592
7.729;12387;0;0;13592
7.734;12387;0;0;13605
7.739;12439;0;0;13605
7.744;12439;0;0;13592
7.749;12439;0;0;13592
7.754;12439;0;0;13605
7.759;12491;0;0;13605
7.764;12491;0;0;13605
7.769;12491;0;0;13605
7.774;12491;0;0;13605
7.78;12491;0;0;13592
7.784;12543;0;0;13592
7.789;12542;0;0;13605
7.794;12542;0;0;13592
7.799;12490;0;0;13592
7.804;12490;0;0;13605
7.809;12490;0;0;13592
7.814;12438;0;0;13592
7.819;12438;0;0;13592
7.824;12438;0;0;13592
7.829;12438;0;0;13605
7.834;12386;0;0;13592
7.839;12334;0;0;13592
7.844;12334;0;0;13605
7.849;12282;0;0;13605
7.854;12236;0;0;13605
7.859;12236;0;0;13605
7.864;12236;0;0;13605
7.869;12184;0;0;13605
7.874;12132;0;0;13605
7.879;12080;0;0;13605
7.884;12028;0;0;13605
7.889;12028;0;0;13605
7.894;12028;0;0;13605
7.899;11976;0;0;13605
7.904;11931;0;0;13605
7.909;11931;0;0;13605
7.915;11886;0;0;13605
7.919;11833;0;0;13605
7.924;11833;0;0;13605
7.929;11833;0;0;13605
7.934;11781;0;0;13605
7.939;11729;0;0;13605
7.944;11729;0;0;13605
7.949;11729;0;0;13605
7.954;11677;0;0;13605
7.959;11625;0;0;13605
7.965;11625;0;0;13605
7.97;11625;0;0;13592
7.975;11625;0;0;13592
7.979;11625;0;0;13592
7.985;11579;0;0;13605
7.989;11579;0;0;13605
7.994;11579;0;0;13592
7.999;11579;0;0;13592
8.004;11579;0;0;13605
8.009;11579;0;0;13605
8.014;11579;0;0;13605
8.02;11579;0;0;13605
8.024;11579;0;0;13592
8.03;11579;0;0;13592
8.034;11579;0;0;13605
8.039;11625;0;0;13605
8.044;11624;0;0;13605
8.049;11624;0;0;13605
8.054;11624;0;0;13605
8.059;11624;0;0;13605
8.064;11624;0;0;13605
8.069;11624;0;0;13592
8.074;11676;0;0;13605
8.079;11676;0;0;13592
8.084;11728;0;0;13592
8.089;11728;0;0;13605
8.094;11728;0;0;13605
8.099;11780;0;0;13605
8.104;11780;0;0;13605
8.109;11832;0;0;13592
8.114;11832;0;0;13592
8.119;11832;0;0;13605
8.124;11832;0;0;13605
8.129;11884;0;0;13605
8.134;11884;0;0;13605
8.139;11929;0;0;13605
8.144;11929;0;0;13605
8.149;11974;0;0;13605
8.154;11974;0;0;13605
8.159;12026;0;0;13605
8.164;12026;0;0;13605
8.169;12026;0;0;13605
8.174;12025;0;0;13605
8.179;12025;0;0;13605
8.184;12025;0;0;13605
8.189;12077;0;0;13605
8.194;12077;0;0;13605
8.199;12077;0;0;13605
8.204;12077;0;0;13605
8.209;12077;0;0;13605
8.214;12129;0;0;13605
8.219;12129;0;0;13605
8.224;12129;0;0;13605
8.229;12129;0;0;13605
8.234;12129;0;0;13605
8.239;12129;0;0;13592
8.244;12129;0;0;13605
8.249;12129;0;0;13605
8.254;12129;0;0;13605
8.259;12129;0;0;13605
8.264;12129;0;0;13605
8.269;12077;0;0;13605
8.274;12077;0;0;13605
8.279;12077;0;0;13605
8.284;12077;0;0;13605
8.289;12077;0;0;13605
8.294;12025;0;0;13605
8.299;12024;0;0;13605
8.304;12024;0;0;13605
8.309;12024;0;0;13605
8.314;12024;0;0;13605
8.319;12024;0;0;13605
8.324;12024;0;0;13592
8.329;12024;0;0;13592
8.334;12024;0;0;13605
8.339;12024;0;0;13605
8.344;12024;0;0;13605
8.349;11972;0;0;13605
8.354;11972;0;0;13605
8.359;11972;0;0;13605
8.364;11927;0;0;13605
8.369;11927;0;0;13605
8.374;11927;0;0;13605
8.379;11927;0;0;13605
8.384;11927;0;0;13605
8.389;11927;0;0;13605
8.394;11927;0;0;13605
8.399;11927;0;0;13592
8.404;11882;0;0;13605
8.409;11882;0;0;13605
8.415;11882;0;0;13592
8.42;11882;0;0;13592
8.424;11882;0;0;13605
8.43;11881;0;0;13605
8.434;11881;0;0;13592
8.439;11881;0;0;13592
8.444;11881;0;0;13605
8.449;11881;0;0;13605
8.454;11881;0;0;13605
8.459;11881;0;0;13605
8.464;11881;0;0;13605
8.469;11881;0;0;13605
8.474;11881;0;0;13605
8.48;11881;0;0;13605
8.484;11881;0;0;13605
8.49;11881;0;0;13605
8.494;11881;0;0;13605
8.499;11881;0;0;13605
8.505;11881;0;0;13592
8.51;11881;0;0;13592
8.515;11881;0;0;13605
8.519;11881;0;0;13592
8.524;11881;0;0;13592
8.529;11881;0;0;13605
8.535;11881;0;0;13592
8.54;11881;0;0;13592
8.544;11881;0;0;13605
8.549;11881;0;0;13605
8.555;11881;0;0;13605
8.559;11880;0;0;13592
8.564;11880;0;0;13592
8.569;11880;0;0;13605
8.574;11880;0;0;13605
8.579;11880;0;0;13605
8.585;11880;0;0;13605
8.589;11880;0;0;13605
8.594;11880;0;0;13605
8.599;11880;0;0;13605
8.605;11880;0;0;13592
8.609;11880;0;0;13592
8.614;11880;0;0;13605
8.62;11880;0;0;13605
8.624;11880;0;0;13605
8.63;11880;0;0;13605
8.634;11880;0;0;13605
8.64;11880;0;0;13605
8.644;11880;0;0;13605
8.65;11880;0;0;13605
8.654;11880;0;0;13605
8.659;11880;0;0;13592
8.664;11880;0;0;13592
8.67;11880;0;0;13592
8.675;11880;0;0;13592
8.679;11880;0;0;13592
8.684;11879;0;0;13592
8.689;11879;0;0;13605
8.694;11879;0;0;13592
8.699;11879;0;0;13592
8.704;11879;0;0;13605
8.709;11879;0;0;13592
8.714;11879;0;0;13592
8.719;11879;0;0;13605
8.724;11879;0;0;13605
8.729;11879;0;0;13605
8.734;11879;0;0;13605
8.739;11879;0;0;13605
8.744;11879;0;0;13605
8.749;11879;0;0;13605
8.754;11879;0;0;13605
8.759;11879;0;0;13605
8.764;11879;0;0;13592
8.769;11879;0;0;13592
8.774;11879;0;0;13605
8.779;11879;0;0;13605
8.784;11879;0;0;13605
8.789;11879;0;0;13592
8.794;11879;0;0;13592
8.799;11879;0;0;13605
8.804;11879;0;0;13605
8.809;11879;0;0;13605
8.814;11878;0;0;13605
8.819;11878;0;0;13605
8.824;11878;0;0;13605
8.829;11878;0;0;13605
8.834;11878;0;0;13605
8.839;11878;0;0;13605
8.844;11878;0;0;13592
8.849;11878;0;0;13592
8.854;11878;0;0;13592
8.859;11878;0;0;13605
8.864;11878;0;0;13605
8.869;11878;0;0;13605
8.874;11878;0;0;13592
8.879;11878;0;0;13592
8.884;11878;0;0;13605
8.889;11878;0;0;13605
8.894;11878;0;0;13605
8.899;11878;0;0;13605
8.904;11878;0;0;13605
8.909;11878;0;0;13605
8.914;11878;0;0;13605
8.919;11878;0;0;13605
8.924;11878;0;0;13605
8.929;11878;0;0;13605
8.934;11878;0;0;13605
8.939;11878;0;0;13605
8.944;11877;0;0;13605
8.949;11877;0;0;13605
8.954;11877;0;0;13605
8.959;11877;0;0;13592
8.964;11877;0;0;13592
8.969;11877;0;0;13605
8.974;11877;0;0;13605
8.979;11877;0;0;13605
8.984;11877;0;0;13605
8.989;11877;0;0;13605
8.994;11877;0;0;13605
8.999;11877;0;0;13605
9.004;11877;0;0;13605
9.009;11877;0;0;13605
9.014;11877;0;0;13605
9.019;11877;0;0;13605
9.024;11877;0;0;13605
9.029;11877;0;0;13605
9.034;11877;0;0;13605
9.039;11877;0;0;13605
9.044;11877;0;0;13605
9.049;11877;0;0;13605
9.054;11877;0;0;13605
9.059;11877;0;0;13605
9.064;11877;0;0;13605
9.069;11876;0;0;13592
9.074;11876;0;0;13592
9.079;11876;0;0;13592
9.084;11876;0;0;13605
9.089;11876;0;0;13605
9.094;11876;0;0;13605
9.099;11876;0;0;13605
9.104;11876;0;0;13605
9.109;11876;0;0;13605
9.114;11876;0;0;13605
9.119;11876;0;0;13592
9.124;11876;0;0;13592
9.129;11876;0;0;13605
9.134;11876;0;0;13605
9.139;11876;0;0;13605
9.144;11876;0;0;13605
9.149;11876;0;0;13605
9.154;11876;0;0;13605
9.159;11876;0;0;13605
9.164;11876;0;0;13592
9.169;11876;0;0;13592
9.174;11876;0;0;13605
9.179;11876;0;0;13605
9.184;11876;0;0;13605
9.189;11876;0;0;13605
9.194;11876;0;0;13605
9.199;11875;0;0;13605
9.204;11875;0;0;13592
9.209;11875;0;0;13605
9.214;11875;0;0;13605
9.219;11875;0;0;13605
9.224;11875;0;0;13605
9.229;11875;0;0;13605
9.234;11875;0;0;13605
9.239;11875;0;0;13605
9.244;11875;0;0;13605
9.249;11875;0;0;13605
9.254;11875;0;0;13605
9.259;11875;0;0;13592
9.264;11875;0;0;13592
9.269;11875;0;0;13605
9.274;11875;0;0;13605
9.279;11875;0;0;13605
9.284;11875;0;0;13605
9.289;11875;0;0;13605
9.294;11875;0;0;13605
9.299;11875;0;0;13605
9.304;11875;0;0;13605
9.309;11875;0;0;13605
9.314;11875;0;0;13605
9.319;11875;0;0;13605
9.324;11874;0;0;13605
9.329;11874;0;0;13605
9.334;11874;0;0;13605
9.339;11874;0;0;13605
9.344;11874;0;0;13605
9.349;11874;0;0;13605
9.354;11874;0;0;13605
9.359;11874;0;0;13605
9.364;11874;0;0;13605
9.369;11874;0;0;13605
9.374;11874;0;0;13605
9.379;11874;0;0;13605
9.384;11874;0;0;13605
9.389;11874;0;0;13605
9.394;11874;0;0;13605
9.399;11874;0;0;13605
9.404;11874;0;0;13605
9.409;11874;0;0;13605
9.414;11874;0;0;13605
9.419;11874;0;0;13605
9.424;11874;0;0;13605
9.429;11874;0;0;13605
9.434;11874;0;0;13605
9.439;11874;0;0;13605
9.444;11874;0;0;13605
9.449;11874;0;0;13605
9.454;11873;0;0;13605
9.459;11873;0;0;13605
9.464;11873;0;0;13605
9.469;11873;0;0;13605
9.474;11873;0;0;13605
9.479;11873;0;0;13605
9.484;11873;0;0;13592
9.489;11873;0;0;13605
9.494;11873;0;0;13605
9.499;11873;0;0;13605
9.504;11873;0;0;13605
9.509;11873;0;0;13605
9.514;11873;0;0;13592
9.519;11873;0;0;13592
9.524;11873;0;0;13605
9.529;11873;0;0;13592
9.534;11873;0;0;13592
9.539;11873;0;0;13605
9.544;11873;0;0;13605
9.549;11873;0;0;13605
9.554;11873;0;0;13605
9.559;11873;0;0;13605
9.564;11873;0;0;13605
9.569;11873;0;0;13605
9.574;11873;0;0;13605
9.579;11873;0;0;13605
9.584;11872;0;0;13605
9.589;11872;0;0;13605
9.594;11872;0;0;13605
9.599;11872;0;0;13605
9.604;11872;0;0;13605
9.609;11872;0;0;13605
9.614;11872;0;0;13592
9.619;11872;0;0;13592
9.624;11872;0;0;13605
9.629;11872;0;0;13605
9.634;11872;0;0;13605
9.639;11872;0;0;13605
9.644;11872;0;0;13605
9.649;11872;0;0;13605
9.654;11872;0;0;13605
9.659;11872;0;0;13605
9.664;11872;0;0;13605
9.669;11872;0;0;13605
9.674;11872;0;0;13605
9.679;11872;0;0;13605
9.684;11872;0;0;13605
9.689;11872;0;0;13592
9.694;11872;0;0;13605
9.699;11872;0;0;13605
9.704;11872;0;0;13592
9.709;11871;0;0;13592
9.714;11871;0;0;13605
9.719;11871;0;0;13605