t;e;d;i;set

0.819;0;0;0;0
0.824;0;0;0;0
0.829;0;0;0;0
0.834;0;0;0;0
0.839;0;0;0;0
0.844;0;0;0;0
0.849;0;0;0;0
0.854;0;0;0;0
0.859;0;0;0;0
0.864;0;0;0;0
0.869;0;0;0;0
0.874;0;0;0;0
0.879;0;0;0;0
0.884;0;0;0;0
0.889;0;0;0;0
0.894;0;0;0;0
0.899;0;0;0;0
0.904;0;0;0;0
0.909;0;0;0;0
0.914;0;0;0;0
0.919;0;0;0;0
0.924;0;0;0;0
0.929;0;0;0;0
0.934;0;0;0;0
0.939;0;0;0;0
0.944;0;0;0;0
0.949;0;0;0;0
0.954;0;0;0;0
0.959;0;0;0;0
0.964;0;0;0;0
0.969;0;0;0;0
0.974;0;0;0;0
0.979;0;0;0;0
0.984;0;0;0;0
0.989;0;0;0;0
0.994;0;0;0;0
0.999;0;0;0;0
1.004;0;0;0;0
1.009;0;0;0;0
1.014;0;0;0;0
1.019;0;0;0;0
1.024;0;0;0;0
1.029;0;0;0;0
1.034;0;0;0;0
1.039;0;0;0;0
1.044;0;0;0;0
1.049;0;0;0;0
1.054;0;0;0;0
1.059;0;0;0;0
1.064;0;0;0;0
1.069;0;0;0;0
1.074;15;0;0;0
1.079;23;0;0;0
1.084;47;0;0;0
1.089;62;0;0;0
1.094;78;0;0;0
1.099;101;0;0;0
1.104;125;0;0;0
1.109;140;0;0;0
1.114;156;0;0;0
1.119;171;0;0;0
1.124;187;0;0;0
1.129;202;0;0;0
1.134;218;0;0;0
1.139;233;0;0;0
1.144;256;0;0;0
1.149;278;0;0;0
1.154;301;0;0;0
1.159;331;0;0;0
1.164;353;0;0;0
1.169;382;0;0;0
1.174;411;0;0;0
1.179;439;0;0;0
1.184;467;0;0;0
1.189;502;0;0;0
1.194;529;0;0;0
1.199;562;0;0;0
1.204;594;0;0;0
1.209;625;0;0;0
1.214;655;0;0;0
1.219;678;0;0;0
1.224;701;0;0;0
1.229;723;0;0;0
1.234;750;0;0;0
1.239;775;0;0;0
1.244;799;0;0;0
1.249;818;0;0;0
1.254;831;0;0;0
1.259;844;0;0;0
1.264;856;0;0;0
1.269;868;0;0;0
1.274;876;0;0;0
1.279;883;0;0;0
1.284;894;0;0;0
1.289;904;0;0;0
1.294;911;0;0;0
1.299;923;0;0;0
1.304;932;0;0;0
1.309;938;0;0;0
1.314;946;0;0;0
1.319;951;0;0;0
1.324;958;0;0;0
1.329;964;0;0;0
1.334;964;0;0;0
1.339;964;0;0;0
1.344;964;0;0;0
1.349;962;0;0;0
1.354;962;0;0;0
1.359;962;0;0;0
1.364;964;0;0;0
1.369;964;0;0;0
1.374;962;0;0;0
1.379;962;0;0;0
1.384;962;0;0;0
1.389;964;0;0;0
1.394;964;0;0;0
1.399;964;0;0;0
1.404;964;0;0;0
1.409;964;0;0;0
1.414;964;0;0;0
1.419;964;0;0;0
1.424;964;0;0;0
1.429;964;0;0;0
1.434;964;0;0;0
1.439;964;0;0;0
1.444;964;0;0;0
1.449;964;0;0;0
1.454;964;0;0;0
1.459;964;0;0;0
1.464;964;0;0;0
1.469;964;0;0;0
1.474;964;0;0;0
1.479;964;0;0;0
1.484;964;0;0;0
1.489;964;0;0;0
1.494;964;0;0;0
1.499;964;0;0;0
1.504;964;0;0;0
1.509;964;0;0;0
1.514;964;0;0;0
1.519;964;0;0;0
1.524;962;0;0;0
1.529;958;0;0;0
1.534;953;0;0;0
1.539;946;0;0;0
1.544;938;0;0;0
1.549;923;0;0;0
1.554;911;0;0;0
1.559;894;0;0;0
1.564;876;0;0;0
1.569;852;0;0;0
1.574;827;0;0;0
1.579;790;0;0;0
1.584;760;0;0;0
1.589;718;0;0;0
1.594;673;0;0;0
1.599;625;0;0;0
1.604;562;0;0;0
1.609;502;0;0;0
1.614;439;0;0;0
1.619;368;0;0;0
1.624;301;0;0;0
1.629;225;0;0;0
1.634;148;0;0;0
1.639;70;0;0;0
1.644;-15;0;0;0
1.649;-94;0;0;0
1.654;-171;0;0;0
1.659;-248;0;0;0
1.664;-323;0;0;0
1.669;-389;0;0;0
1.674;-467;0;0;0
1.679;-522;0;0;0
1.684;-575;0;0;0
1.689;-631;0;0;0
1.694;-678;0;0;0
1.699;-718;0;0;0
1.704;-755;0;0;0
1.709;-785;0;0;0
1.714;-813;0;0;0
1.719;-835;0;0;0
1.724;-856;0;0;0
1.729;-872;0;0;0
1.734;-883;0;0;0
1.739;-898;0;0;0
1.744;-904;0;0;0
1.749;-914;0;0;0
1.754;-917;0;0;0
1.759;-920;0;0;0
1.764;-923;0;0;0
1.769;-923;0;0;0
1.774;-920;0;0;0
1.779;-914;0;0;0
1.784;-911;0;0;0
1.789;-898;0;0;0
1.794;-891;0;0;0
1.799;-880;0;0;0
1.804;-864;0;0;0
1.809;-852;0;0;0
1.814;-827;0;0;0
1.819;-804;0;0;0
1.824;-780;0;0;0
1.829;-750;0;0;0
1.834;-718;0;0;0
1.839;-673;0;0;0
1.844;-631;0;0;0
1.849;-587;0;0;0
1.854;-535;0;0;0
1.859;-481;0;0;0
1.864;-425;0;0;0
1.869;-360;0;0;0
1.874;-294;0;0;0
1.879;-233;0;0;0
1.884;-164;0;0;0
1.889;-94;0;0;0
1.894;-15;0;0;0
1.899;54;0;0;0
1.904;125;0;0;0
1.909;187;0;0;0
1.914;256;0;0;0
1.919;316;0;0;0
1.924;382;0;0;0
1.929;439;0;0;0
1.934;488;0;0;0
1.939;535;0;0;0
1.944;581;0;0;0
1.949;625;0;0;0
1.954;667;0;0;0
1.959;695;0;0;0
1.964;728;0;0;0
1.969;750;0;0;0
1.974;775;0;0;0
1.979;794;0;0;0
1.984;813;0;0;0
1.989;827;0;0;0
1.994;840;0;0;0
1.999;848;0;0;0
2.004;852;0;0;0
2.009;860;0;0;0
2.014;860;0;0;0
2.019;860;0;0;0
2.024;860;0;0;0
2.029;852;0;0;0
2.034;848;0;0;0
2.039;840;0;0;0
2.044;831;0;0;0
2.049;818;0;0;0
2.054;799;0;0;0
2.059;790;0;0;0
2.064;799;0;0;0
2.069;804;0;0;0
2.074;809;0;0;0
2.079;813;0;0;0
2.084;818;0;0;0
2.089;827;0;0;0
2.094;831;0;0;0
2.099;835;0;0;0
2.104;844;0;0;0
2.109;848;0;0;0
2.114;852;0;0;0
2.119;856;0;0;0
2.124;856;0;0;0
2.129;856;0;0;0
2.134;856;0;0;0
2.139;856;0;0;0
2.144;856;0;0;0
2.149;856;0;0;0
2.154;856;0;0;0
2.159;856;0;0;0
2.164;856;0;0;0
2.169;856;0;0;0
2.174;860;0;0;0
2.179;860;0;0;0
2.184;860;0;0;0
2.189;860;0;0;0
2.194;860;0;0;0
2.199;864;0;0;0
2.204;864;0;0;0
2.209;864;0;0;0
2.214;864;0;0;0
2.219;864;0;0;0
2.224;864;0;0;0
2.229;864;0;0;0
2.234;864;0;0;0
2.239;864;0;0;0
2.244;864;0;0;0
2.249;864;0;0;0
2.254;864;0;0;0
2.259;864;0;0;0
2.264;864;0;0;0
2.269;864;0;0;0
2.274;864;0;0;0
2.279;864;0;0;0
2.284;864;0;0;0
2.289;864;0;0;0
2.294;864;0;0;0
2.299;864;0;0;0
2.304;864;0;0;0
2.309;864;0;0;0
2.314;864;0;0;0
2.319;868;0;0;0
2.324;868;0;0;0
2.329;868;0;0;0
2.334;868;0;0;0
2.339;868;0;0;0
2.344;868;0;0;0
2.349;868;0;0;0
2.354;868;0;0;0
2.359;868;0;0;0
2.364;868;0;0;0
2.369;868;0;0;0
2.374;868;0;0;0
2.379;868;0;0;0
2.384;868;0;0;0
2.389;868;0;0;0
2.394;872;0;0;0
2.399;872;0;0;0
2.404;872;0;0;0
2.409;872;0;0;0
2.414;872;0;0;0
2.419;872;0;0;0
2.424;872;0;0;0
2.429;872;0;0;0
2.434;872;0;0;0
2.439;872;0;0;0
2.444;872;0;0;0
2.449;872;0;0;0
2.454;872;0;0;0
2.459;872;0;0;0
2.464;872;0;0;0
2.469;872;0;0;0
2.474;872;0;0;0
2.479;872;0;0;0
2.484;872;0;0;0
2.489;872;0;0;0
2.494;872;0;0;0
2.499;872;0;0;0
2.504;872;0;0;0
2.509;872;0;0;0
2.514;872;0;0;0
2.519;872;0;0;0
2.524;872;0;0;0
2.529;876;0;0;0
2.534;876;0;0;0
2.539;876;0;0;0
2.544;876;0;0;0
2.549;876;0;0;0
2.554;876;0;0;0
2.559;876;0;0;0
2.564;876;0;0;0
2.569;876;0;0;0
2.574;876;0;0;0
2.579;876;0;0;0
2.584;876;0;0;0
2.589;876;0;0;0
2.594;876;0;0;0
2.599;876;0;0;0
2.604;876;0;0;0
2.609;876;0;0;0
2.614;876;0;0;0
2.619;876;0;0;0
2.624;876;0;0;0
2.629;876;0;0;0
2.634;876;0;0;0
2.639;876;0;0;0
2.644;876;0;0;0
2.649;876;0;0;0
2.654;876;0;0;0