t;e;d;i;set

55.584;-23;-441;-167;0
55.589;-23;-447;-351;0
55.594;-7;-155;-431;0
55.599;7;146;-403;0
55.604;7;297;-347;0
55.609;15;357;-275;0
55.614;15;380;-155;0
55.619;23;421;13;0
55.624;15;271;133;0
55.629;15;172;253;0
55.634;7;57;309;0
55.639;0;-30;344;0
55.644;-7;-180;309;0
55.649;-15;-274;245;0
55.654;-23;-343;117;0
55.659;-23;-434;-67;0
55.664;-23;-455;-251;0
55.669;-15;-354;-387;0
55.674;-7;-123;-443;0
55.679;7;226;-401;0
55.684;7;334;-345;0
55.689;15;422;-225;0
55.694;23;5196;-49;0
55.699;15;4467;127;0
55.704;7;3730;239;0
55.709;7;3035;295;0
55.714;0;2494;337;0
55.719;-7;1932;295;0
55.724;-7;1516;239;0
55.729;-15;1187;119;0
55.734;-23;921;-25;0
55.739;-23;695;-209;0
55.744;-15;611;-353;0
55.749;-7;683;-417;0
55.754;7;884;-368;0
55.759;7;899;-312;0
55.764;15;857;-248;0
55.769;15;797;-128;0
55.774;15;712;32;0
55.779;15;520;152;0
55.784;7;334;216;0
55.789;7;206;272;0
55.794;0;94;286;0
55.799;-7;-61;244;0
55.804;-7;-156;188;0
55.809;-15;-227;92;0
55.814;-15;-264;-28;0
55.819;-15;-311;-204;0
55.824;-7;-184;-316;0
55.829;0;-19;-365;0
55.834;7;256;-316;0
55.839;7;357;-260;0
55.844;7;388;-204;0
55.849;15;430;-116;0
55.854;15;417;4;0
55.859;7;363;108;0
55.864;7;276;164;0
55.869;7;204;220;0
55.874;0;143;262;0
55.879;-7;63;255;0
55.884;-7;-74;199;0
55.889;-15;-203;79;0
55.894;-15;-257;-41;0
55.899;-15;-279;-161;0
55.904;-15;-285;-281;0
55.909;-7;3252;-337;0
55.914;7;2953;-316;0
55.919;7;2687;-260;0
55.924;7;2382;-204;0
55.929;7;2094;-148;0
55.934;15;1835;-84;0
55.939;15;1606;36;0
55.944;7;1373;140;0
55.949;7;1137;196;0
55.954;7;941;252;0
55.959;0;734;259;0
55.964;-7;529;231;0
55.969;-15;351;167;0
55.974;-15;184;47;0
55.979;-15;81;-73;0
55.984;-15;13;-193;0
55.989;-7;24;-273;0
55.994;-7;56;-329;0
55.999;0;135;-336;0
56.004;7;278;-280;0
56.009;7;337;-224;0
56.014;7;355;-168;0
56.019;15;373;-80;0
56.024;15;365;40;0
56.029;15;348;160;0
56.034;7;247;216;0
56.039;7;182;272;0
56.044;0;113;307;0
56.049;-7;-66;265;0
56.054;-15;-205;169;0
56.059;-23;-383;-15;0
56.064;-23;-434;-199;0
56.069;-15;-312;-327;0
56.074;-7;-98;-383;0
56.079;7;103;-362;0
56.084;7;254;-306;0
56.089;7;312;-250;0
56.094;15;339;-154;0
56.099;15;345;-34;0
56.104;15;342;134;0
56.109;15;218;254;0
56.114;7;60;310;0
56.119;0;-39;345;0
56.124;-7;-210;303;0
56.129;-15;-304;231;0
56.134;-23;-436;71;0
56.139;-23;-499;-113;0
56.144;-23;-505;-297;0
56.149;-15;-383;-425;0
56.154;0;-161;-467;0
56.159;7;144;-411;0
56.164;15;293;-347;0
56.169;15;345;-227;0
56.174;23;430;-43;0
56.179;23;450;141;0
56.184;15;386;301;0
56.189;7;238;397;0
56.194;0;58;432;0
56.199;-7;-185;376;0
56.204;-15;-303;272;0
56.209;-23;-410;104;0
56.214;-23;-455;-80;0
56.219;-23;-458;-264;0
56.224;-23;-443;-448;0
56.229;-7;-143;-500;0
56.234;7;215;-458;0
56.239;7;337;-402;0
56.244;15;394;-290;0
56.249;23;452;-130;0
56.254;23;484;54;0
56.259;15;458;230;0
56.264;15;339;350;0
56.269;7;150;406;0
56.274;-7;-44;399;0
56.279;-7;-217;343;0
56.284;-23;-312;215;0
56.289;-23;-412;31;0
56.294;-23;-437;-153;0
56.299;-23;-435;-337;0
56.304;-15;-377;-497;0
56.309;0;-84;-500;0
56.314;7;204;-444;0
56.319;7;301;-388;0
56.324;15;345;-308;0
56.329;23;519;-124;0
56.334;23;491;100;0
56.339;23;322;284;0
56.344;15;156;404;0
56.349;7;-10;460;0
56.354;-7;-266;425;0
56.359;-15;-399;345;0
56.364;-23;-479;201;0
56.369;-23;-527;17;0
56.374;-23;-526;-167;0
56.379;-23;-505;-351;0
56.384;-15;-447;-500;0
56.389;0;-131;-500;0
56.394;7;137;-458;0
56.399;7;250;-402;0
56.404;15;304;-330;0
56.409;23;451;-162;0
56.414;31;552;78;0
56.419;23;365;262;0
56.424;15;184;390;0
56.429;7;4;454;0
56.434;-7;-242;426;0
56.439;-15;-376;362;0
56.444;-15;-439;242;0
56.449;-23;-508;58;0
56.454;-23;-518;-126;0
56.459;-23;-411;-342;0
56.464;-23;-288;-500;0
56.469;-7;153;-500;0
56.474;7;420;-472;0
56.479;7;511;-416;0
56.484;15;532;-352;0
56.489;23;571;-208;0
56.494;23;623;-24;0
56.499;23;614;160;0
56.504;15;481;296;0
56.509;7;327;392;0
56.514;0;135;420;0
56.519;-7;-96;364;0
56.524;-15;-228;244;0
56.529;-23;-325;76;0
56.534;-23;-369;-108;0
56.539;-23;-380;-292;0
56.544;-23;-372;-476;0
56.549;-7;-101;-500;0
56.554;7;142;-486;0
56.559;7;300;-430;0
56.564;7;355;-374;0
56.569;15;382;-262;0
56.574;23;493;-78;0
56.579;23;521;106;0
56.584;23;512;290;0
56.589;15;382;410;0
56.594;0;139;452;0
56.599;-7;-152;396;0
56.604;-23;-308;260;0
56.609;-23;-410;76;0
56.614;-23;-437;-108;0
56.619;-23;-434;-292;0
56.624;-23;-418;-476;0
56.629;-7;-229;-500;0
56.634;0;-22;-500;0
56.639;7;215;-444;0
56.644;7;302;-388;0
56.649;15;376;-268;0
56.654;23;467;-84;0
56.659;23;487;100;0
56.664;15;430;268;0
56.669;15;318;388;0
56.674;0;138;430;0
56.679;-7;-155;374;0
56.684;-23;-311;246;0
56.689;-23;-425;62;0
56.694;-23;-454;-122;0
56.699;-23;-450;-306;0
56.704;-23;-432;-490;0
56.709;-7;-135;-500;0
56.714;0;40;-500;0
56.719;7;260;-444;0
56.724;7;340;-388;0
56.729;15;403;-268;0
56.734;23;499;-84;0
56.739;23;519;100;0
56.744;15;393;236;0
56.749;7;268;340;0
56.754;0;94;375;0
56.759;-7;-175;319;0
56.764;-15;-318;207;0
56.769;-23;-369;79;0
56.774;-23;-413;-105;0
56.779;-23;-420;-289;0
56.784;-23;-407;-473;0
56.789;-7;-269;-500;0
56.794;0;-22;-500;0
56.799;7;198;-444;0
56.804;7;282;-388;0
56.809;15;320;-316;0
56.814;23;434;-156;0
56.819;23;503;28;0
56.824;15;431;180;0
56.829;15;307;300;0
56.834;7;134;356;0
56.839;-7;-118;328;0
56.844;-7;-263;272;0
56.849;-15;-335;160;0
56.854;-23;-467;-24;0
56.859;-23;-498;-208;0
56.864;-23;-492;-392;0
56.869;-15;-428;-500;0
56.874;-7;-127;-500;0
56.879;7;30;-493;0
56.884;7;221;-437;0
56.889;15;303;-349;0
56.894;23;422;-181;0
56.899;39;522;67;0
56.904;39;627;379;0
56.909;31;606;500;0
56.914;15;312;500;0
56.919;15;98;500;0
56.924;15;217;500;0
56.929;7;177;500;0
56.934;0;-27;500;0
56.939;0;-136;500;0
56.944;-7;-196;479;0
56.949;-7;-235;423;0
56.954;-23;-329;287;0
56.959;-23;-423;103;0
56.964;-15;-342;-41;0
56.969;-7;-182;-129;0
56.974;0;4;-150;0
56.979;7;210;-94;0
56.984;15;315;18;0
56.989;23;424;194;0
56.994;23;461;378;0
56.999;23;460;500;0
57.004;15;373;500;0
57.009;7;135;500;0
57.014;7;7;500;0
57.019;0;-66;500;0
57.024;-7;-327;444;0
57.029;-15;-430;324;0
57.034;-7;-295;260;0
57.039;-15;-288;156;0
57.044;-15;-294;36;0
57.049;-7;-225;-36;0
57.054;7;-78;-43;0
57.059;7;127;13;0
57.064;7;211;69;0
57.069;7;249;125;0
57.074;15;275;245;0
57.079;23;349;421;0
57.084;15;209;500;0
57.089;7;-24;500;0
57.094;7;-111;500;0
57.099;0;-175;500;0
57.104;-7;-213;493;0
57.109;-15;-325;413;0
57.114;-15;-411;293;0
57.119;-15;-434;173;0
57.124;-15;-429;53;0
57.129;-7;-351;-27;0
57.134;0;-225;-62;0
57.139;7;-47;-34;0
57.144;7;80;22;0
57.149;15;176;134;0
57.154;15;228;254;0
57.159;15;251;374;0
57.164;15;258;494;0
57.169;7;206;500;0
57.174;7;144;500;0
57.179;0;56;500;0
57.184;0;-25;500;0
57.189;-7;-114;451;0
57.194;-7;-172;395;0
57.199;-15;-216;307;0
57.204;-15;-252;187;0
57.209;-15;-265;67;0
57.214;-7;-223;-21;0
57.219;0;-154;-70;0
57.224;7;81;-28;0
57.229;7;203;28;0
57.234;15;14664;124;0
57.239;15;12546;244;0
57.244;15;10735;396;0
57.249;15;9061;500;0
57.254;7;7601;500;0
57.259;7;6382;500;0
57.264;7;5369;500;0
57.269;0;4509;500;0
57.274;-7;3645;444;0
57.279;-7;2989;388;0
57.284;-7;2467;332;0
57.289;-7;2044;276;0
57.294;-15;1687;156;0
57.299;-15;1395;36;0
57.304;0;1227;-13;0
57.309;0;1216;-13;0
57.314;7;1142;22;0
57.319;7;1055;78;0
57.324;15;976;166;0
57.329;15;903;286;0
57.334;15;822;406;0
57.339;15;726;500;0
57.344;7;582;500;0
57.349;7;465;500;0
57.354;0;332;500;0
57.359;-7;223;493;0
57.364;-7;82;437;0
57.369;-15;-34;333;0
57.374;-15;-113;213;0
57.379;-15;-156;93;0
57.384;-7;-85;37;0
57.389;0;17;16;0
57.394;0;106;16;0
57.399;7;171;51;0
57.404;7;218;107;0
57.409;15;298;227;0
57.414;15;328;347;0
57.419;15;335;467;0
57.424;7;260;500;0
57.429;7;185;500;0
57.434;7;127;500;0
57.439;0;41;500;0
57.444;-7;-63;465;0
57.449;-7;-148;409;0
57.454;-15;-223;297;0
57.459;-15;-265;177;0
57.464;-7;-210;97;0
57.469;-7;-136;41;0
57.474;0;-43;20;0
57.479;7;47;34;0
57.484;7;150;90;0
57.489;7;200;146;0
57.494;15;258;266;0
57.499;15;278;386;0
57.504;15;283;500;0
57.509;7;191;500;0
57.514;7;132;500;0
57.519;0;43;500;0
57.524;0;-26;500;0
57.529;-7;-120;444;0
57.534;-15;-202;364;0
57.539;-15;-321;196;0
57.544;-15;-152;76;0
57.549;-7;0;20;0
57.554;0;155;20;0
57.559;7;270;62;0
57.564;7;322;118;0
57.569;7;338;174;0
57.574;15;345;254;0
57.579;7;296;350;0
57.584;7;210;406;0
57.589;7;144;462;0
57.594;7;92;500;0
57.599;7;55;500;0
57.604;0;13;500;0
57.609;-7;-61;479;0
57.614;-7;-167;423;0
57.619;-15;-219;351;0
57.624;-15;-223;215;0
57.629;-7;-44;103;0
57.634;-7;95;47;0
57.639;0;223;47;0
57.644;7;315;82;0
57.649;7;357;138;0
57.654;7;366;194;0
57.659;7;360;250;0
57.664;7;344;306;0
57.669;7;324;362;0
57.674;7;254;442;0
57.679;7;186;498;0
57.684;7;134;500;0
57.689;0;88;500;0
57.694;0;20;500;0
57.699;-7;-76;458;0
57.704;-7;-149;402;0
57.709;-23;-333;242;0
57.714;-7;-178;122;0
57.719;-7;39;66;0
57.724;0;169;66;0
57.729;0;229;66;0
57.734;7;282;122;0
57.739;7;303;178;0
57.744;7;306;234;0
57.749;7;298;290;0
57.754;7;285;346;0
57.759;15;277;434;0
57.764;7;203;498;0
57.769;7;142;500;0
57.774;0;87;500;0
57.779;0;5;500;0
57.784;-7;-115;444;0
57.789;-7;-159;395;0
57.794;-15;-212;267;0
57.799;-7;42;187;0
57.804;-7;165;131;0
57.809;-7;220;75;0
57.814;-7;246;19;0
57.819;7;431;61;0
57.824;7;510;117;0
57.829;7;521;173;0
57.834;15;505;237;0
57.839;23;532;381;0
57.844;15;532;500;0
57.849;23;476;500;0
57.854;47;873;500;0
57.859;31;525;500;0
57.864;47;666;500;0
57.869;62;907;500;0
57.874;62;936;500;0
57.879;62;891;500;0
57.884;70;837;500;0
57.889;86;861;500;0
57.894;94;958;500;0
57.899;101;980;500;0
57.904;109;944;500;0
57.909;117;993;500;0
57.914;125;1039;500;0
57.919;133;1047;500;0
57.924;148;1131;500;0
57.929;164;1222;500;0
57.934;171;1218;500;0
57.939;187;1231;500;0
57.944;195;1318;500;0
57.949;210;1372;500;0
57.954;225;1440;500;0
57.959;241;1450;500;0
57.964;256;1538;500;0
57.969;263;1521;500;0
57.974;256;1133;500;0
57.979;256;888;500;0
57.984;256;701;500;0
57.989;256;553;500;0
57.994;256;434;500;0
57.999;263;382;500;0
58.004;263;349;500;0
58.009;271;357;500;0
58.014;271;373;500;0
58.019;271;369;500;0
58.024;271;355;500;0
58.029;271;336;500;0
58.034;271;315;500;0
58.039;271;291;500;0
58.044;271;269;500;0
58.049;263;234;500;0
58.054;256;87;500;0
58.059;256;-41;500;0
58.064;248;-117;500;0
58.069;241;-204;500;0
58.074;241;-286;500;0
58.079;233;-353;500;0
58.084;225;-445;500;0
58.089;218;-481;500;0
58.094;210;-533;500;0
58.099;202;-616;500;0
58.104;195;-705;500;0
58.109;187;-730;500;0
58.114;179;-802;500;0
58.119;164;-867;500;0
58.124;156;-909;500;0
58.129;148;-1009;500;0
58.134;133;-1103;500;0
58.139;125;-1107;500;0
58.144;117;-1120;500;0
58.149;109;-1136;500;0
58.154;101;-1151;500;0
58.159;94;-1092;500;0
58.164;86;-1043;500;0
58.169;86;-1020;500;0
58.174;78;-993;500;0
58.179;70;-971;500;0
58.184;70;-920;500;0
58.189;62;-864;500;0
58.194;54;-820;500;0
58.199;54;-812;500;0
58.204;47;-777;500;0
58.209;47;-742;500;0
58.214;39;-756;500;0
58.219;39;-722;500;0
58.224;39;-671;500;0
58.229;39;-615;500;0
58.234;31;-576;500;0
58.239;31;-529;500;0
58.244;31;-481;500;0
58.249;31;-439;500;0
58.254;23;-409;500;0
58.259;23;-387;500;0
58.264;23;-360;500;0
58.269;23;-336;500;0
58.274;23;-308;500;0
58.279;23;-285;500;0
58.284;23;-260;500;0
58.289;23;-237;500;0
58.294;23;-217;500;0
58.299;23;-199;500;0
58.304;23;-185;500;0
58.309;23;-169;500;0
58.314;23;-152;500;0
58.319;23;-137;500;0
58.324;23;-124;500;0
58.329;23;-113;500;0
58.334;23;-103;500;0
58.339;23;-96;500;0
58.344;31;-86;500;0
58.349;31;-65;500;0
58.354;31;-48;500;0
58.359;31;-33;500;0
58.364;31;-20;500;0
58.369;31;-10;500;0
58.374;39;14;500;0
58.379;39;42;500;0
58.384;39;64;500;0
58.389;39;78;500;0
58.394;39;89;500;0
58.399;39;92;500;0
58.404;39;94;500;0
58.409;47;108;500;0
58.414;47;116;500;0
58.419;54;187;500;0
58.424;54;224;500;0
58.429;62;279;500;0
58.434;70;312;500;0
58.439;70;358;500;0
58.444;70;369;500;0
58.449;70;363;500;0
58.454;70;348;500;0
58.459;70;328;500;0
58.464;70;308;500;0
58.469;70;285;500;0
58.474;70;265;500;0
58.479;70;244;500;0
58.484;70;223;500;0
58.489;70;205;500;0
58.494;70;189;500;0
58.499;62;147;500;0
58.504;54;-38;500;0
58.509;47;-177;500;0
58.514;39;-271;500;0
58.519;39;-340;500;0
58.524;39;-362;500;0
58.529;31;-370;500;0
58.534;31;-371;500;0
58.539;23;-425;500;0
58.544;23;-439;500;0
58.549;15;-457;500;0
58.554;15;-451;500;0
58.559;7;-458;500;0
58.564;7;-454;500;0
58.569;7;-436;500;0
58.574;7;-410;500;0
58.579;7;-380;500;0
58.584;0;-362;500;0
58.589;0;-343;500;0
58.594;-7;-354;465;0
58.599;-7;-370;409;0
58.604;-7;-366;353;0
58.609;-7;-352;297;0
58.614;-15;-350;177;0
58.619;-15;-341;57;0
58.624;-23;-361;-111;0
58.629;-23;-374;-295;0
58.634;-23;-368;-479;0
58.639;-7;-83;-500;0
58.644;7;189;-479;0
58.649;7;325;-423;0
58.654;7;371;-367;0
58.659;15;385;-303;0
58.664;23;407;-167;0
58.669;23;484;17;0
58.674;7;300;121;0
58.679;7;105;177;0
58.684;7;0;233;0
58.689;-7;-136;212;0
58.694;-15;-278;140;0
58.699;-23;-484;-36;0
58.704;-23;-545;-220;0
58.709;-23;-546;-404;0
58.714;-7;-318;-500;0
58.719;0;-109;-500;0
58.724;7;117;-451;0
58.729;7;218;-395;0
58.734;15;304;-291;0
58.739;15;326;-171;0
58.744;15;213;-11;0
58.749;15;112;109;0
58.754;7;-121;165;0
58.759;7;-184;221;0
58.764;-7;-362;186;0
58.769;-15;-451;122;0
58.774;-15;-494;2;0
58.779;-23;-531;-166;0
58.784;-23;-536;-350;0
58.789;-15;-435;-494;0
58.794;-7;-184;-500;0
58.799;7;93;-472;0
58.804;7;240;-416;0
58.809;7;297;-360;0
58.814;15;326;-264;0
58.819;23;363;-120;0
58.824;15;366;48;0
58.829;7;197;144;0
58.834;7;42;200;0
58.839;0;-47;242;0
58.844;-7;-182;214;0
58.849;-15;-311;126;0
58.854;-23;-502;-58;0
58.859;-23;-544;-242;0
58.864;-23;-539;-426;0
58.869;-7;-412;-500;0
58.874;0;-179;-500;0
58.879;7;107;-451;0
58.884;7;225;-395;0
58.889;7;275;-339;0
58.894;15;301;-251;0
58.899;15;307;-131;0
58.904;15;302;-11;0
58.909;7;250;77;0
58.914;7;182;133;0
58.919;7;132;189;0
58.924;-7;17;175;0
58.929;-7;-148;119;0
58.934;-15;-249;-1;0
58.939;-23;-351;-177;0
58.944;-23;-395;-361;0
58.949;-15;-315;-500;0
58.954;-7;-67;-500;0
58.959;7;183;-472;0
58.964;7;324;-416;0
58.969;7;371;-360;0
58.974;15;387;-288;0
58.979;15;386;-168;0
58.984;15;386;0;0
58.989;7;207;96;0
58.994;7;49;152;0
58.999;7;-38;208;0
59.004;-7;-109;201;0
59.009;-7;-268;145;0
59.014;-23;-422;-7;0
59.019;-23;-509;-191;0
59.024;-23;-522;-375;0
59.029;-15;-457;-500;0
59.034;-7;-221;-500;0
59.039;7;4;-486;0
59.044;7;190;-430;0
59.049;7;263;-374;0
59.054;7;292;-318;0
59.059;15;310;-198;0
59.064;15;310;-78;0
59.069;7;282;34;0
59.074;7;210;90;0
59.079;7;152;146;0
59.084;0;90;181;0
59.089;-7;-60;146;0
59.094;-15;-169;82;0
59.099;-23;-254;-46;0
59.104;-23;-352;-230;0
59.109;-23;-384;-414;0
59.114;-15;-339;-500;0
59.119;-7;-58;-500;0
59.124;7;221;-465;0
59.129;7;339;-409;0
59.134;7;377;-353;0
59.139;7;384;-297;0
59.144;15;384;-177;0
59.149;15;369;-57;0
59.154;7;306;31;0
59.159;7;230;87;0
59.164;7;172;143;0
59.169;0;89;157;0
59.174;-7;-74;108;0
59.179;-15;-208;4;0
59.184;-23;-356;-180;0
59.189;-23;-407;-364;0
59.194;-15;-326;-500;0
59.199;0;-96;-500;0
59.204;7;112;-472;0
59.209;7;231;-416;0
59.214;7;281;-360;0
59.219;7;299;-304;0
59.224;15;312;-184;0
59.229;15;309;-64;0
59.234;7;253;24;0
59.239;7;185;80;0
59.244;7;132;136;0
59.249;0;76;171;0
59.254;-7;-105;129;0
59.259;-15;-239;33;0
59.264;-23;-421;-151;0
59.269;-23;-471;-335;0
59.274;-15;-397;-487;0
59.279;-7;-180;-500;0
59.284;7;45;-486;0
59.289;7;212;-430;0
59.294;7;277;-374;0
59.299;7;303;-318;0
59.304;15;317;-214;0
59.309;15;315;-94;0
59.314;7;265;2;0
59.319;7;195;58;0
59.324;7;139;114;0
59.329;7;96;170;0
59.334;-7;-88;135;0
59.339;-15;-219;63;0
59.344;-23;-376;-97;0
59.349;-23;-453;-281;0
59.354;-15;-362;-425;0
59.359;-7;-178;-500;0
59.364;0;11;-500;0
59.369;7;197;-444;0
59.374;7;274;-388;0
59.379;7;305;-332;0
59.384;15;319;-252;0
59.389;15;321;-132;0
59.394;15;312;-12;0
59.399;7;205;44;0
59.404;7;144;100;0
59.409;7;100;156;0
59.414;-7;-38;135;0
59.419;-7;-195;79;0
59.424;-15;-282;-41;0
59.429;-23;-356;-201;0
59.434;-23;-398;-385;0
59.439;-15;-254;-500;0
59.444;-7;-66;-500;0
59.449;7;175;-472;0
59.454;7;303;-416;0
59.459;7;348;-360;0
59.464;7;360;-304;0
59.469;15;390;-184;0
59.474;15;376;-64;0
59.479;7;309;24;0
59.484;7;233;80;0
59.489;7;173;136;0
59.494;0;110;171;0
59.499;-7;-91;122;0
59.504;-15;-223;18;0
59.509;-23;-361;-158;0
59.514;-23;-414;-342;0
59.519;-15;-367;-500;0
59.524;-7;-79;-500;0
59.529;7;113;-479;0
59.534;7;238;-423;0
59.539;7;289;-367;0
59.544;7;308;-311;0
59.549;15;319;-199;0
59.554;15;316;-79;0
59.559;7;210;-15;0
59.564;7;148;41;0
59.569;7;101;97;0
59.574;0;60;146;0
59.579;-7;-79;118;0
59.584;-15;-203;54;0
59.589;-15;-286;-66;0
59.594;-15;-318;-186;0
59.599;-23;-371;-370;0
59.604;-15;-291;-500;0
59.609;-7;-61;-500;0
59.614;7;83;-493;0
59.619;7;268;-437;0
59.624;7;332;-381;0
59.629;15;388;-261;0
59.634;15;390;-141;0
59.639;15;378;-21;0
59.644;7;255;35;0
59.649;7;186;91;0
59.654;7;131;147;0
59.659;-7;18;140;0
59.664;-15;-155;76;0
59.669;-23;-267;-52;0
59.674;-23;-370;-236;0
59.679;-15;-374;-412;0
59.684;-7;-208;-500;0
59.689;0;-9;-500;0
59.694;7;195;-451;0
59.699;7;285;-395;0
59.704;7;318;-339;0
59.709;7;327;-283;0
59.714;15;358;-163;0
59.719;15;346;-43;0
59.724;7;249;13;0
59.729;7;182;69;0
59.734;7;132;125;0
59.739;0;68;146;0
59.744;-7;-125;90;0
59.749;-15;-240;-14;0
59.754;-23;-323;-150;0
59.759;-23;-295;-310;0
59.764;-15;-206;-446;0
59.769;-7;-41;-500;0
59.774;0;92;-500;0
59.779;7;286;-444;0
59.784;7;357;-388;0
59.789;7;379;-332;0
59.794;15;387;-220;0
59.799;15;379;-100;0
59.804;7;343;12;0
59.809;7;259;68;0
59.814;7;190;124;0
59.819;0;116;152;0
59.824;-7;-58;110;0
59.829;-15;-165;46;0
59.834;-15;-247;-74;0
59.839;-23;-355;-258;0
59.844;-23;-387;-442;0
59.849;-7;-212;-500;0
59.854;0;4;-500;0
59.859;7;234;-444;0
59.864;7;318;-388;0
59.869;7;347;-332;0
59.874;7;351;-276;0
59.879;15;381;-156;0
59.884;15;364;-36;0
59.889;7;242;20;0
59.894;7;175;76;0
59.899;7;126;132;0
59.904;-7;55;132;0
59.909;-7;-137;76;0
59.914;-23;-247;-52;0
59.919;-23;-379;-236;0
59.924;-15;-322;-388;0
59.929;-7;-173;-484;0
59.934;0;-7;-500;0
59.939;7;154;-472;0
59.944;7;257;-416;0
59.949;7;298;-360;0
59.954;7;310;-304;0
59.959;15;319;-192;0
59.964;15;315;-72;0
59.969;7;241;0;0
59.974;7;174;56;0
59.979;7;123;112;0
59.984;0;75;154;0
59.989;-7;-200;98;0
59.994;-15;-342;-6;0
59.999;-15;-387;-126;0
60.004;-15;-397;-246;0
60.009;-15;-388;-366;0
60.014;-7;-322;-454;0
60.019;-7;-240;-500;0
60.024;7;-45;-486;0
60.029;7;136;-430;0
60.034;7;212;-374;0
60.039;15;253;-294;0
60.044;15;274;-174;0
60.049;15;280;-54;0
60.054;7;220;26;0
60.059;7;157;82;0
60.064;7;107;138;0
60.069;0;36;152;0
60.074;-7;-148;96;0
60.079;-23;-311;-40;0
60.084;-23;-418;-224;0
60.089;-15;-398;-392;0
60.094;-15;-274;-500;0
60.099;-7;-111;-500;0
60.104;7;16;-493;0
60.109;7;221;-437;0
60.114;7;295;-381;0
60.119;7;323;-325;0
60.124;15;356;-205;0
60.129;15;350;-85;0
60.134;7;288;3;0
60.139;7;214;59;0
60.144;7;154;115;0
60.149;0;100;157;0
60.154;-7;-88;115;0
60.159;-15;-209;35;0
60.164;-15;-281;-85;0
60.169;-23;-371;-269;0
60.174;-15;-290;-413;0
60.179;-7;-126;-500;0
60.184;-7;1;-500;0
60.189;7;153;-479;0
60.194;7;280;-423;0
60.199;7;326;-367;0
60.204;15;364;-287;0
60.209;15;367;-167;0
60.214;15;357;-47;0
60.219;7;267;17;0
60.224;7;197;73;0
60.229;7;141;129;0
60.234;0;68;143;0
60.239;-7;-122;87;0
60.244;-15;-265;-33;0
60.249;-23;-384;-217;0
60.254;-23;-417;-401;0
60.259;-15;-317;-500;0
60.264;0;-100;-500;0
60.269;7;138;-465;0
60.274;7;256;-409;0
60.279;7;303;-353;0
60.284;7;318;-297;0
60.289;15;357;-177;0
60.294;15;346;-57;0
60.299;7;248;-1;0
60.304;7;180;55;0
60.309;7;130;111;0
60.314;0;71;139;0
60.319;-7;-143;83;0
60.324;-23;-308;-53;0
60.329;-15;-190;-189;0
60.334;-23;-276;-373;0
60.339;-7;-149;-485;0
60.344;-7;16;-500;0
60.349;7;163;-486;0
60.354;7;318;-430;0
60.359;7;370;-374;0
60.364;7;382;-318;0
60.369;15;383;-214;0
60.374;15;372;-94;0
60.379;7;296;-14;0
60.384;7;222;42;0
60.389;7;162;98;0
60.394;0;107;140;0
60.399;-7;-81;98;0
60.404;-15;-203;18;0
60.409;-15;-279;-102;0
60.414;-23;-328;-254;0
60.419;-15;-311;-422;0
60.424;-7;-183;-500;0
60.429;-7;-23;-500;0
60.434;7;163;-472;0
60.439;7;282;-416;0
60.444;7;327;-360;0
60.449;7;341;-304;0
60.454;15;346;-200;0
60.459;15;338;-80;0
60.464;7;258;-8;0
60.469;7;189;48;0
60.474;7;136;104;0
60.479;7;93;160;0
60.484;-7;0;146;0
60.489;-7;-163;90;0
60.494;-7;-231;34;0
60.499;-7;-262;-22;0
60.504;-15;-279;-134;0
60.509;-15;-283;-254;0
60.514;-15;-279;-374;0
60.519;-7;-203;-430;0
60.524;7;7;-402;0
60.529;7;151;-346;0
60.534;7;216;-290;0
60.539;15;256;-194;0
60.544;23;321;-42;0
60.549;15;331;126;0
60.554;15;210;246;0
60.559;7;53;302;0
60.564;0;-53;330;0
60.569;-7;-257;274;0
60.574;-15;-347;186;0
60.579;-23;-521;2;0
60.584;-23;-558;-182;0
60.589;-23;-550;-366;0
60.594;-15;-451;-500;0
60.599;0;-192;-500;0
60.604;7;67;-458;0
60.609;7;190;-402;0
60.614;15;250;-330;0
60.619;23;324;-186;0
60.624;23;404;-2;0
60.629;15;324;142;0
60.634;15;217;262;0
60.639;7;89;326;0
60.644;0;-30;354;0
60.649;-7;-256;298;0
60.654;-15;-375;202;0
60.659;-23;-524;18;0
60.664;-23;-559;-166;0
60.669;-23;-550;-350;0
60.674;-23;-523;-500;0
60.679;-7;-230;-500;0
60.684;7;-24;-493;0
60.689;7;176;-437;0
60.694;7;254;-381;0
60.699;23;8150;-245;0
60.704;23;7084;-61;0
60.709;23;6116;123;0
60.714;15;5126;243;0
60.719;7;4186;299;0
60.724;7;3465;355;0
60.729;-7;2773;327;0
60.734;-15;2206;255;0
60.739;-23;1631;79;0
60.744;-23;1254;-105;0
60.749;-23;984;-289;0
60.754;-23;779;-473;0
60.759;-7;745;-500;0
60.764;-7;819;-500;0
60.769;7;947;-458;0
60.774;7;951;-402;0
60.779;15;903;-322;0
60.784;23;939;-154;0
60.789;23;920;30;0
60.794;15;783;182;0
60.799;7;607;294;0
60.804;7;397;350;0
60.809;-7;192;343;0
60.814;-7;-20;287;0
60.819;-15;-140;167;0
60.824;-23;-263;-17;0
60.829;-23;-315;-201;0
60.834;-23;-332;-385;0
60.839;-15;-313;-500;0
60.844;-7;-226;-500;0
60.849;7;-19;-493;0
60.854;7;238;-437;0
60.859;7;321;-381;0
60.864;23;370;-277;0
60.869;23;540;-93;0
60.874;23;572;91;0
60.879;15;450;227;0
60.884;7;252;299;0
60.889;0;114;348;0
60.894;-7;-157;299;0
60.899;-15;-301;179;0
60.904;-23;-390;11;0
60.909;-23;-424;-173;0
60.914;-23;-425;-357;0
60.919;-23;-411;-500;0
60.924;-7;-162;-500;0
60.929;7;139;-479;0
60.934;7;335;-423;0
60.939;7;394;-367;0
60.944;15;415;-279;0
60.949;23;531;-103;0
60.954;23;566;81;0
60.959;15;482;233;0
60.964;7;337;337;0
60.969;0;177;386;0
60.974;-7;-117;337;0
60.979;-15;-264;233;0
60.984;-23;-411;49;0
60.989;-23;-456;-135;0
60.994;-23;-459;-319;0
60.999;-23;-443;-500;0
61.004;-7;-210;-500;0
61.009;0;-4;-500;0
61.014;7;280;-444;0
61.019;7;370;-388;0
61.024;15;404;-300;0
61.029;23;443;-156;0
61.034;15;435;12;0
61.039;15;295;132;0
61.044;7;184;236;0
61.049;7;76;292;0
61.054;-7;-115;278;0
61.059;-7;-281;222;0
61.064;-15;-361;102;0
61.069;-23;-412;-50;0
61.074;-23;-441;-234;0
61.079;-23;-440;-418;0
61.084;-7;-355;-500;0
61.089;-7;-81;-500;0
61.094;0;54;-500;0
61.099;-15;68;-500;0
61.104;-7;409;-500;0
61.109;-7;510;-500;0
61.114;-23;347;-500;0
61.119;-7;348;-500;0
61.124;-23;-158;-500;0
61.129;-23;-295;-500;0
61.134;-23;-344;-500;0
61.139;-31;-363;-500;0
61.144;-39;-251;-500;0
61.149;-39;-286;-500;0
61.154;-54;-72;-500;0
61.159;-54;-213;-500;0
61.164;-62;-282;-500;0
61.169;-70;-508;-500;0
61.174;-70;-559;-500;0
61.179;-86;-581;-500;0
61.184;-86;-658;-500;0
61.189;-94;-672;-500;0
61.194;-101;-4375;-500;0
61.199;-109;-3870;-500;0
61.204;-117;-3454;-500;0
61.209;-117;-3057;-500;0
61.214;-133;-2705;-500;0
61.219;-140;-2484;-500;0
61.224;-148;-2339;-500;0
61.229;-156;-2125;-500;0
61.234;-171;-2046;-500;0
61.239;-179;-2023;-500;0
61.244;-187;-1909;-500;0
61.249;-179;-1617;-500;0
61.254;-179;-1311;-500;0
61.259;-179;-1066;-500;0
61.264;-179;-868;-500;0
61.269;-179;-707;-500;0
61.274;-179;-571;-500;0
61.279;-179;-463;-500;0
61.284;-179;-372;-500;0
61.289;-179;-297;-500;0
61.294;-179;-238;-500;0
61.299;-179;-187;-500;0
61.304;-179;-144;-500;0
61.309;-171;-29;-500;0
61.314;-171;-10;-500;0
61.319;-171;6;-500;0
61.324;-171;20;-500;0
61.329;-171;24;-500;0
61.334;-179;-16;-500;0
61.339;-179;-21;-500;0
61.344;-179;-25;-500;0
61.349;-179;-29;-500;0
61.354;-179;-32;-500;0
61.359;-179;-35;-500;0
61.364;-179;-37;-500;0
61.369;-179;-39;-500;0
61.374;-187;-4591;-500;0
61.379;-187;-3928;-500;0
61.384;-195;-3428;-500;0
61.389;-195;-2979;-500;0
61.394;-202;-2594;-500;0
61.399;-202;-2273;-500;0
61.404;-210;-2049;-500;0
61.409;-210;-1819;-500;0
61.414;-210;-1604;-500;0
61.419;-218;-1426;-500;0
61.424;-225;-1305;-500;0
61.429;-225;-1207;-500;0
61.434;-233;-1115;-500;0
61.439;-233;-1022;-500;0
61.444;-241;-980;-500;0
61.449;-241;-906;-500;0
61.454;-241;-826;-500;0
61.459;-241;-745;-500;0
61.464;-241;-670;-500;0
61.469;-241;-599;-500;0
61.474;-241;-534;-500;0
61.479;-241;-476;-500;0
61.484;-241;-427;-500;0
61.489;-241;-378;-500;0
61.494;-241;-337;-500;0
61.499;-241;-301;-500;0
61.504;-241;-271;-500;0
61.509;-241;-245;-500;0
61.514;-241;-216;-500;0
61.519;-241;-191;-500;0
61.524;-241;-170;-500;0
61.529;-241;-152;-500;0
61.534;-241;-136;-500;0
61.539;-241;-123;-500;0
61.544;-248;-6828;-500;0
61.549;-256;-5876;-500;0
61.554;-263;-5072;-500;0
61.559;-271;-4467;-500;0
61.564;-271;-3932;-500;0
61.569;-286;-3519;-500;0
61.574;-301;-3202;-500;0
61.579;-309;-2942;-500;0
61.584;-323;-15880;-500;0
61.589;-331;-13747;-500;0
61.594;-353;-11893;-500;0
61.599;-368;-10338;-500;0
61.604;-2456;0;500;0
61.609;-2434;0;500;0
61.614;-2634;0;500;0
61.619;-2651;0;500;0
61.624;-2805;0;500;0
61.629;-2901;0;500;0
61.634;-2995;0;500;0
61.639;-3201;0;500;0
61.644;-3199;0;500;0
61.649;-3276;0;500;0
61.654;-3313;0;500;0
61.659;-3370;0;500;0
61.664;-3426;0;500;0
61.669;-3494;0;500;0
61.674;-3531;0;500;0
61.679;-3579;0;500;0
61.684;-3628;0;500;0
61.689;-3684;0;500;0
61.694;-3740;0;500;0
61.699;-3776;0;500;0
61.704;-3810;0;500;0
61.709;-3848;0;500;0
61.714;-3915;0;500;0
61.719;-3934;0;500;0
61.724;-3956;0;500;0
61.729;-3979;0;500;0
61.734;-3997;0;500;0
61.739;-4050;0;368;0
61.744;-4072;0;2;0
61.749;-4102;0;-500;0
61.754;-4126;0;-500;0
61.759;-4151;0;-500;0
61.764;-4157;0;-500;0
61.769;-4188;0;-500;0
61.774;-4195;0;-500;0
61.779;-4220;0;-500;0
61.784;-4227;0;-500;0
61.789;-4253;0;-500;0
61.794;-4280;0;-500;0
61.799;-4328;0;-500;0
61.804;-4337;0;-500;0
61.809;-4406;0;-500;0
61.814;-4437;0;-500;0
61.819;-4483;0;-500;0
61.824;-4537;0;-500;0
61.829;-4584;0;-500;0
61.834;-4626;0;-500;0
61.839;-4676;0;-500;0
61.844;-4720;0;-500;0
61.849;-4763;0;-500;0
61.854;-4808;0;-500;0
61.859;-4839;0;-500;0
61.864;-4876;0;-500;0
61.869;-4907;0;-500;0
61.874;-4932;0;-500;0
61.879;-4968;0;-500;0
61.884;-4999;0;-500;0
61.889;-5036;0;-500;0
61.894;-5072;0;-500;0
61.899;-5104;0;-500;0
61.904;-5133;0;-500;0
61.909;-5157;0;-500;0
61.914;-5179;0;-500;0
61.919;-5202;0;-500;0
61.924;-5223;0;-500;0
61.929;-5237;0;-500;0
61.934;-5251;0;-500;0
61.939;-5271;0;-500;0
61.944;-5283;0;-500;0
61.949;-5288;0;-500;0
61.954;-5299;0;-500;0
61.959;-5316;0;-500;0
61.964;-5326;0;-500;0
61.969;-5328;0;-500;0
61.974;-5337;0;-500;0
61.979;-5339;0;-500;0
61.984;-5346;0;-500;0
61.989;-5340;0;-500;0
61.994;-5325;0;-500;0
61.999;-5310;0;-500;0
62.004;-5287;0;-500;0
62.009;-5248;0;-492;0
62.014;-5194;0;-208;0
62.019;-5137;0;500;0
62.024;-5044;0;500;0
62.029;-4927;0;500;0
62.034;-4792;0;500;0
62.039;-4645;0;500;0
62.044;-4473;0;500;0
62.049;-4282;0;500;0
62.054;-4077;0;500;0
62.059;-3846;0;500;0
62.064;-3634;0;500;0
62.069;-3371;0;500;0
62.074;-3132;0;500;0
62.079;-2835;0;500;0
62.084;-2604;0;500;0
62.089;-2323;0;500;0
62.094;-2070;0;500;0
62.099;-1853;0;500;0
62.104;-1678;0;500;0
62.109;-1453;0;500;0
62.114;-1226;0;500;0
62.119;-1045;0;500;0
62.124;-950;0;500;0
62.129;-773;0;500;0
62.134;-589;0;500;0
62.139;-360;0;500;0
62.144;-176;0;500;0
62.149;55;0;500;0
62.154;242;0;500;0
62.159;522;0;500;0
62.164;719;0;500;0
62.169;963;0;500;0
62.174;1209;0;500;0
62.179;1411;0;500;0
62.184;1660;0;500;0
62.189;1865;0;500;0
62.194;2022;0;500;0
62.199;2225;0;500;0
62.204;2472;0;500;0
62.209;2575;0;500;0
62.214;2726;0;500;0
62.219;2974;0;500;0
62.224;3125;0;500;0
62.229;3219;0;500;0
62.234;3411;0;500;0
62.239;3607;0;500;0
62.244;3697;0;500;0
62.249;3782;0;500;0
62.254;4016;0;500;0
62.259;4154;0;500;0
62.264;4236;0;500;0
62.269;4415;0;500;0
62.274;4602;0;500;0
62.279;4682;0;500;0
62.284;4811;0;500;0
62.289;4886;0;500;0
62.294;5003;0;500;0
62.299;5180;0;500;0
62.304;5251;0;500;0
62.309;5319;0;500;0
62.314;5490;0;500;0
62.319;5555;0;500;0
62.324;5670;0;500;0
62.329;5778;0;500;0
62.334;5839;0;500;0
62.339;5948;0;500;0
62.344;6057;0;500;0
62.349;6114;0;500;0
62.354;6221;0;500;0
62.359;6327;0;500;0
62.364;6380;0;500;0
62.369;6431;0;500;0
62.374;6531;0;500;0
62.379;6579;0;500;0
62.384;6671;0;500;0
62.389;6716;0;500;0
62.394;7;-8912;14;0
62.399;7;-7439;70;0
62.404;31;-6087;214;0
62.409;31;-4935;462;0
62.414;23;-4328;500;0
62.419;23;-3757;500;0
62.424;23;-3252;500;0
62.429;23;-2811;500;0
62.434;23;-2427;500;0
62.439;23;-2095;500;0
62.444;23;-1807;500;0
62.449;15;-1563;500;0
62.454;23;-1223;500;0
62.459;23;-1017;500;0
62.464;23;-847;500;0
62.469;15;-755;500;0
62.474;23;-575;500;0
62.479;23;-511;500;0
62.484;15;-617;500;0
62.489;23;-377;500;0
62.494;31;-103;500;0
62.499;23;-124;500;0
62.504;23;-169;500;0
62.509;39;1;500;0
62.514;31;-167;500;0
62.519;23;-403;500;0
62.524;39;-192;500;0
62.529;31;-98;500;0
62.534;7;-508;500;0
62.539;7;-615;500;0
62.544;-7;-634;493;0
62.549;-23;-960;341;0
62.554;-23;-997;157;0
62.559;-23;-947;-27;0
62.564;-23;-874;-211;0
62.569;-23;-794;-395;0
62.574;-15;-701;-500;0
62.579;-7;-397;-500;0
62.584;7;-50;-465;0
62.589;7;110;-409;0
62.594;15;191;-337;0
62.599;23;294;-185;0
62.604;31;391;23;0
62.609;23;216;207;0
62.614;23;109;391;0
62.619;7;-115;471;0
62.624;-7;-318;471;0
62.629;-23;-543;359;0
62.634;-23;-673;175;0
62.639;-23;-680;-9;0
62.644;-23;-418;-193;0
62.649;-23;-296;-377;0
62.654;-23;-205;-500;0
62.659;-7;2768;-500;0
62.664;7;2533;-493;0
62.669;7;2385;-437;0
62.674;15;2147;-373;0
62.679;23;1956;-229;0
62.684;31;1819;-21;0
62.689;23;1426;163;0
62.694;15;1125;339;0
62.699;7;845;443;0
62.704;0;545;471;0
62.709;-15;212;391;0
62.714;-23;-96;207;0
62.719;-23;-202;23;0
62.724;-23;-250;-161;0
62.729;-23;-269;-345;0
62.734;-23;-274;-500;0
62.739;-15;-228;-500;0
62.744;0;0;-500;0
62.749;7;284;-444;0
62.754;23;427;-308;0
62.759;31;559;-92;0
62.764;31;602;156;0
62.769;31;593;404;0
62.774;23;485;500;0
62.779;7;172;500;0
62.784;-7;-48;493;0
62.789;0;172;493;0
62.794;-23;-134;381;0
62.799;-23;-330;197;0
62.804;-23;-390;13;0
62.809;-23;-405;-171;0
62.814;-23;-399;-355;0
62.819;-7;-257;-467;0
62.824;0;-10;-495;0
62.829;15;230;-423;0
62.834;23;494;-239;0
62.839;31;605;9;0
62.844;31;609;257;0
62.849;31;584;500;0
62.854;15;400;500;0
62.859;7;88;500;0
62.864;0;-102;500;0
62.869;-7;-203;479;0
62.874;-23;-487;311;0
62.879;-23;-569;127;0
62.884;-23;-575;-57;0
62.889;-23;-554;-241;0
62.894;-23;-520;-425;0
62.899;-7;-194;-497;0
62.904;7;129;-448;0
62.909;15;289;-328;0
62.914;23;407;-144;0
62.919;31;444;48;0
62.924;31;472;296;0
62.929;31;467;500;0
62.934;15;251;500;0
62.939;7;6;500;0
62.944;0;-161;500;0
62.949;-15;-300;442;0
62.954;-23;-555;258;0
62.959;-23;-606;74;0
62.964;-23;-599;-110;0
62.969;-15;-493;-254;0
62.974;-15;-373;-374;0
62.979;0;-220;-423;0
62.984;7;74;-374;0
62.989;15;214;-286;0
62.994;23;322;-134;0
62.999;23;393;50;0
63.004;23;410;234;0
63.009;23;405;418;0
63.014;15;363;500;0
63.019;7;127;500;0
63.024;-7;-155;472;0
63.029;-7;-311;416;0
63.034;-23;-377;312;0
63.039;-23;-539;128;0
63.044;-23;-568;-56;0
63.049;-23;-556;-240;0
63.054;-15;-400;-360;0
63.059;-7;-201;-416;0
63.064;7;123;-381;0
63.069;15;268;-309;0
63.074;23;408;-149;0
63.079;23;476;35;0
63.084;23;485;219;0
63.089;23;472;403;0
63.094;15;407;500;0
63.099;7;149;500;0
63.104;-7;-96;479;0
63.109;-7;-269;423;0
63.114;-15;-339;335;0
63.119;-23;-496;151;0
63.124;-23;-535;-33;0
63.129;-15;-491;-201;0
63.134;-15;-361;-321;0
63.139;-7;-225;-401;0
63.144;7;31;-387;0
63.149;7;213;-331;0
63.154;23;310;-203;0
63.159;23;411;-19;0
63.164;23;437;165;0
63.169;23;434;349;0
63.174;23;418;500;0
63.179;7;244;500;0
63.184;-7;37;493;0
63.189;-7;-218;437;0
63.194;-15;-305;373;0
63.199;-23;-564;189;0
63.204;-23;-614;5;0
63.209;-15;-544;-155;0
63.214;-15;-403;-275;0
63.219;-7;-251;-347;0
63.224;0;-117;-382;0
63.229;7;135;-326;0
63.234;23;264;-214;0
63.239;23;424;-30;0
63.244;23;465;154;0
63.249;23;465;338;0
63.254;15;419;500;0
63.259;7;212;500;0
63.264;-7;35;493;0
63.269;-7;-204;437;0
63.274;-7;-287;381;0
63.279;-23;-545;205;0
63.284;-23;-612;21;0
63.289;-23;-609;-163;0
63.294;-15;-442;-283;0
63.299;-7;-310;-387;0
63.304;0;-160;-429;0
63.309;7;129;-373;0
63.314;23;338;-245;0
63.319;23;469;-61;0
63.324;23;499;123;0
63.329;23;493;307;0
63.334;23;471;491;0
63.339;7;351;500;0
63.344;0;136;500;0
63.349;-7;-162;444;0
63.354;-7;-263;388;0
63.359;-23;-531;212;0
63.364;-23;-599;28;0
63.369;-23;-597;-156;0
63.374;-15;-429;-276;0
63.379;-7;-277;-364;0
63.384;0;-122;-399;0
63.389;7;132;-343;0
63.394;23;264;-223;0
63.399;23;411;-39;0
63.404;23;450;145;0
63.409;23;451;329;0
63.414;15;380;481;0
63.419;7;171;500;0
63.424;-7;-42;486;0
63.429;-7;-252;430;0
63.434;-7;-323;374;0
63.439;-23;-568;198;0
63.444;-23;-631;14;0
63.449;-23;-624;-170;0
63.454;-15;-465;-290;0
63.459;-7;-327;-386;0
63.464;0;-173;-428;0
63.469;7;104;-379;0
63.474;23;245;-267;0
63.479;23;416;-83;0
63.484;23;460;101;0
63.489;23;464;285;0
63.494;23;447;469;0
63.499;7;295;500;0
63.504;0;78;500;0
63.509;-7;-214;444;0
63.514;-15;-323;380;0
63.519;-23;-486;212;0
63.524;-23;-549;28;0
63.529;-23;-551;-156;0
63.534;-15;-466;-308;0
63.539;-7;-249;-388;0
63.544;0;-63;-409;0
63.549;7;142;-353;0
63.554;15;250;-249;0
63.559;23;397;-65;0
63.564;23;444;119;0
63.569;23;448;303;0
63.574;15;338;431;0
63.579;7;167;500;0
63.584;0;6;500;0
63.589;-7;-190;444;0
63.594;-15;-273;380;0
63.599;-23;-389;228;0
63.604;-23;-472;44;0
63.609;-23;-487;-140;0
63.614;-15;-443;-308;0
63.619;-7;-328;-420;0
63.624;0;-152;-469;0
63.629;7;119;-427;0
63.634;15;261;-339;0
63.639;23;438;-155;0
63.644;31;490;37;0
63.649;23;428;261;0
63.654;23;302;445;0
63.659;15;163;500;0
63.664;0;-35;500;0
63.669;-7;-364;444;0
63.674;-7;-448;388;0
63.679;-23;-634;228;0
63.684;-23;-701;44;0
63.689;-23;-689;-140;0
63.694;-15;-586;-292;0
63.699;-7;-448;-404;0
63.704;0;-217;-432;0
63.709;7;34;-376;0
63.714;15;168;-272;0
63.719;23;266;-120;0
63.724;23;332;64;0
63.729;23;354;248;0
63.734;23;354;432;0
63.739;7;275;500;0
63.744;0;49;500;0
63.749;-7;-280;444;0
63.754;-15;-388;380;0
63.759;-23;-559;212;0
63.764;-23;-617;28;0
63.769;-23;-611;-156;0
63.774;-23;-580;-340;0
63.779;-7;-393;-444;0
63.784;0;-172;-479;0
63.789;7;94;-423;0
63.794;23;290;-279;0
63.799;23;416;-95;0
63.804;23;449;89;0
63.809;23;449;273;0
63.814;23;432;457;0
63.819;7;343;500;0
63.824;0;107;500;0
63.829;-7;-204;444;0
63.834;-15;-314;372;0
63.839;-23;-511;196;0
63.844;-23;-568;12;0
63.849;-23;-567;-172;0
63.854;-15;-509;-340;0
63.859;-7;-319;-428;0
63.864;7;-110;-442;0
63.869;7;125;-386;0
63.874;23;246;-258;0
63.879;23;379;-74;0
63.884;23;418;110;0
63.889;23;422;294;0
63.894;15;380;462;0
63.899;7;234;500;0
63.904;0;42;500;0
63.909;-7;-187;444;0
63.914;-15;-281;372;0
63.919;-23;-523;188;0
63.924;-23;-575;4;0
63.929;-23;-570;-180;0
63.934;-23;-543;-364;0
63.939;-15;-447;-500;0
63.944;0;-200;-500;0
63.949;15;158;-436;0
63.954;15;304;-316;0
63.959;23;385;-148;0
63.964;31;435;60;0
63.969;31;474;308;0
63.974;23;317;492;0
63.979;7;173;500;0
63.984;0;-69;500;0
63.989;-7;-338;444;0
63.994;-15;-426;364;0
63.999;-23;-622;180;0
64.004;-23;-655;-4;0
64.009;-23;-636;-188;0
64.014;-23;-598;-372;0