t;e;d;i;set

6.124;0;0;0;0
6.127;0;0;0;0
6.13;0;0;0;0
6.133;0;0;0;0
6.136;0;0;0;0
6.139;0;0;0;0
6.142;0;0;0;0
6.145;0;0;0;0
6.148;0;0;0;0
6.151;0;0;0;0
6.154;0;0;0;0
6.157;0;0;0;0
6.16;0;0;0;0
6.163;0;0;0;0
6.166;0;0;0;0
6.169;0;0;0;0
6.172;0;0;0;0
6.175;0;0;0;0
6.178;0;0;0;0
6.181;0;0;0;0
6.184;0;0;0;0
6.187;0;0;0;0
6.19;0;0;0;0
6.193;0;0;0;0
6.196;0;0;0;0
6.199;0;0;0;0
6.202;0;0;0;0
6.205;0;0;0;0
6.208;0;0;0;0
6.211;0;0;0;0
6.214;0;0;0;0
6.217;0;0;0;0
6.22;0;0;0;0
6.223;0;0;0;0
6.226;0;0;0;0
6.229;0;0;0;0
6.232;0;0;0;0
6.235;0;0;0;0
6.238;0;0;0;0
6.241;0;0;0;0
6.244;0;0;0;0
6.247;0;0;0;0
6.25;0;0;0;0
6.253;0;0;0;0
6.256;0;0;0;0
6.259;0;0;0;0
6.262;0;0;0;0
6.265;0;0;0;0
6.268;0;0;0;0
6.271;0;0;0;0
6.274;0;0;0;0
6.277;0;0;0;0
6.28;0;0;0;0
6.283;0;0;0;0
6.286;0;0;0;0
6.289;0;0;0;0
6.292;0;0;0;0
6.295;0;0;0;0
6.298;0;0;0;0
6.301;0;0;0;0
6.304;0;0;0;0
6.307;0;0;0;0
6.31;0;0;0;0
6.313;0;0;0;0
6.316;0;0;0;0
6.319;0;0;0;0
6.322;0;0;0;0
6.325;0;0;0;0
6.328;0;0;0;0
6.331;0;0;0;0
6.334;0;0;0;0
6.337;0;0;0;0
6.34;0;0;0;0
6.343;0;0;0;0
6.346;0;0;0;0
6.349;0;0;0;0
6.352;0;0;0;0
6.355;0;0;0;0
6.358;0;0;0;0
6.361;0;0;0;0
6.364;0;0;0;0
6.367;0;0;0;0
6.37;0;0;0;0
6.373;0;0;0;0
6.376;0;0;0;0
6.379;0;0;0;0
6.382;0;0;0;0
6.385;0;0;0;0
6.388;0;0;0;0
6.391;0;0;0;0
6.394;0;0;0;0
6.397;0;0;0;0
6.4;0;0;0;0
6.403;0;0;0;0
6.406;0;0;0;0
6.409;0;0;0;0
6.412;0;0;0;0
6.415;0;0;0;0
6.418;0;0;0;0
6.421;0;0;0;0
6.424;0;0;0;0
6.427;0;0;0;0
6.43;0;0;0;0
6.433;0;0;0;0
6.436;0;0;0;0
6.439;0;0;0;0
6.442;0;0;0;0
6.445;0;0;0;0
6.448;0;0;0;0
6.451;0;0;0;0
6.454;0;0;0;0
6.457;0;0;0;0
6.46;0;0;0;0
6.463;0;0;0;0
6.466;0;0;0;0
6.469;0;0;0;0
6.472;0;0;0;0
6.475;0;0;0;0
6.478;0;0;0;0
6.481;0;0;0;0
6.484;0;0;0;0
6.487;0;0;0;0
6.49;0;0;0;0
6.493;0;0;0;0
6.496;0;0;0;0
6.499;0;0;0;0
6.502;0;0;0;0
6.505;0;0;0;0
6.508;0;0;0;0
6.511;0;0;0;0
6.514;0;0;0;0
6.517;0;0;0;0
6.52;0;0;0;0
6.523;0;0;0;0
6.526;0;0;0;0
6.529;0;0;0;0
6.532;0;0;0;0
6.535;0;0;0;0
6.538;0;0;0;0
6.541;0;0;0;0
6.544;0;0;0;0
6.547;0;0;0;0
6.55;0;0;0;0
6.553;0;0;0;0
6.556;0;0;0;0
6.559;0;0;0;0
6.562;0;0;0;0
6.565;0;0;0;0
6.568;0;0;0;0
6.571;0;0;0;0
6.574;0;0;0;0
6.577;0;0;0;0
6.58;0;0;0;0
6.583;0;0;0;0
6.586;0;0;0;0
6.589;0;0;0;0
6.592;0;0;0;0
6.595;0;0;0;0
6.598;0;0;0;0
6.601;0;0;0;0
6.604;0;0;0;0
6.607;0;0;0;0
6.61;0;0;0;0
6.613;0;0;0;0
6.616;0;0;0;0
6.619;0;0;0;0
6.622;0;0;0;0
6.625;0;0;0;0
6.628;0;0;0;0
6.631;0;0;0;0
6.634;0;0;0;0
6.637;0;0;0;0
6.64;0;0;0;0
6.643;0;0;0;0
6.646;0;0;0;0
6.649;0;0;0;0
6.652;0;0;0;0
6.655;0;0;0;0
6.658;0;0;0;0
6.661;0;0;0;0
6.664;0;0;0;0
6.667;0;0;0;0
6.67;0;0;0;0
6.673;0;0;0;0
6.676;0;0;0;0
6.679;0;0;0;0
6.682;0;0;0;0
6.685;0;0;0;0
6.688;0;0;0;0
6.691;0;0;0;0
6.694;0;0;0;0
6.697;0;0;0;0
6.7;0;0;0;0
6.703;0;0;0;0
6.706;0;0;0;0
6.709;0;0;0;0
6.712;0;0;0;0
6.715;0;0;0;0
6.718;0;0;0;0
6.721;0;0;0;0
6.724;0;0;0;0
6.727;0;0;0;0
6.73;0;0;0;0
6.733;0;0;0;0
6.736;0;0;0;0
6.739;0;0;0;0
6.742;0;0;0;0
6.745;0;0;0;0
6.748;0;0;0;0
6.751;0;0;0;0
6.754;0;0;0;0
6.757;0;0;0;0
6.76;0;0;0;0
6.763;0;0;0;0
6.766;0;0;0;0
6.769;0;0;0;0
6.772;0;0;0;0
6.775;0;0;0;0
6.778;0;0;0;0
6.781;0;0;0;0
6.784;0;0;0;0
6.787;0;0;0;0
6.79;0;0;0;0
6.793;0;0;0;0
6.796;0;0;0;0
6.799;0;0;0;0
6.802;0;0;0;0
6.805;0;0;0;0
6.808;0;0;0;0
6.811;0;0;0;0
6.814;0;0;0;0
6.817;0;0;0;0
6.82;0;0;0;0
6.823;0;0;0;0
6.826;0;0;0;0
6.829;0;0;0;0
6.832;0;0;0;0
6.835;0;0;0;0
6.838;0;0;0;0
6.841;0;0;0;0
6.844;0;0;0;0
6.847;0;0;0;0
6.85;0;0;0;0
6.853;0;0;0;0
6.856;0;0;0;0
6.859;0;0;0;0
6.862;0;0;0;0
6.865;0;0;0;0
6.868;0;0;0;0
6.871;0;0;0;0
6.874;0;0;0;0
6.877;0;0;0;0
6.88;0;0;0;0
6.883;0;0;0;0
6.886;0;0;0;0
6.889;0;0;0;0
6.892;0;0;0;0
6.895;0;0;0;0
6.898;0;0;0;0
6.901;0;0;0;0
6.904;0;0;0;0
6.907;0;0;0;0
6.91;0;0;0;0
6.913;0;0;0;0
6.916;0;0;0;0
6.919;0;0;0;0
6.922;0;0;0;0
6.925;0;0;0;0
6.928;0;0;0;0
6.931;0;0;0;0
6.934;0;0;0;0
6.937;0;0;0;0
6.94;0;0;0;0
6.943;0;0;0;0
6.946;0;0;0;0
6.949;0;0;0;0
6.952;0;0;0;0
6.955;0;0;0;0
6.958;0;0;0;0
6.961;0;0;0;0
6.964;0;0;0;0
6.967;0;0;0;0
6.97;0;0;0;0
6.973;0;0;0;0
6.976;0;0;0;0
6.979;0;0;0;0
6.982;0;0;0;0
6.985;0;0;0;0
6.988;0;0;0;0
6.991;0;0;0;0
6.994;0;0;0;0
6.997;0;0;0;0
7.0;0;0;0;0
7.003;0;0;0;0
7.006;0;0;0;0
7.009;0;0;0;0
7.012;0;0;0;0
7.015;0;0;0;0
7.018;0;0;0;0
7.021;0;0;0;0
7.024;0;0;0;0
7.027;0;0;0;0
7.03;0;0;0;0
7.033;0;0;0;0
7.036;0;0;0;0
7.039;0;0;0;0
7.042;0;0;0;0
7.045;0;0;0;0
7.048;0;0;0;0
7.051;0;0;0;0
7.054;0;0;0;0
7.057;-7;16;0;0
7.061;-7;26;0;0
7.065;0;12;0;0
7.068;0;6;0;0
7.071;0;5;0;0
7.075;-7;4;0;0
7.079;-7;0;0;0
7.083;-7;0;0;0
7.086;-7;0;0;0
7.089;-7;0;0;0
7.093;-7;0;0;0
7.096;-7;0;0;0
7.099;-7;0;0;0
7.103;-7;0;0;0
7.107;-7;0;0;0
7.11;-7;0;0;0
7.113;-7;0;0;0
7.117;-7;0;0;0
7.12;-7;0;0;0
7.123;-7;0;0;0
7.127;-7;0;0;0
7.131;-7;0;0;0
7.134;-7;0;0;0
7.137;-7;0;0;0
7.141;-7;0;0;0
7.144;0;0;0;0
7.147;0;0;0;0
7.15;0;0;0;0
7.153;0;0;0;0
7.156;0;0;0;0
7.159;0;0;0;0
7.162;0;0;0;0
7.165;0;0;0;0
7.168;0;0;0;0
7.171;0;0;0;0
7.174;0;0;0;0
7.177;0;0;0;0
7.18;0;0;0;0
7.183;0;0;0;0
7.186;0;0;0;0
7.189;0;0;0;0
7.192;0;0;0;0
7.195;0;0;0;0
7.198;0;0;0;0
7.201;0;0;0;0
7.204;0;0;0;0
7.207;0;0;0;0
7.21;0;0;0;0
7.213;0;0;0;0
7.216;0;0;0;0
7.219;0;0;0;0
7.222;0;0;0;0
7.225;0;0;0;0
7.228;0;0;0;0
7.231;0;0;0;0
7.234;0;0;0;0
7.237;0;0;0;0
7.24;0;0;0;0
7.243;0;0;0;0
7.246;0;0;0;0
7.249;0;0;0;0
7.252;0;0;0;0
7.255;0;0;0;0
7.258;0;0;0;0
7.261;0;0;0;0
7.264;0;0;0;0
7.267;0;0;0;0
7.27;0;0;0;0
7.273;0;0;0;0
7.276;0;0;0;0
7.279;0;0;0;0
7.282;0;0;0;0
7.285;7;-7269;0;0
7.289;7;-10904;0;0
7.293;7;-11805;0;0
7.297;7;-12707;0;0
7.301;7;-13608;0;0
7.305;7;-14509;0;0
7.309;7;-14509;0;0
7.313;7;-14509;0;0
7.317;7;-14509;0;0
7.321;7;-14509;0;0
7.325;7;-14509;0;0
7.329;15;-12213;0;0
7.333;15;-11065;0;0
7.337;15;-10781;0;0
7.341;15;-10211;0;0
7.345;15;-9927;0;0
7.349;15;-9927;0;0
7.353;15;-9927;0;0
7.357;23;-1764;0;0
7.361;23;2316;0;0
7.365;23;3328;0;0
7.369;31;2044;0;0
7.373;31;1909;0;0
7.377;31;2636;0;0
7.381;31;2351;0;0
7.385;31;2067;0;0
7.389;39;1263;0;0
7.393;39;940;0;0
7.397;47;1205;0;0
7.401;47;1305;0;0
7.405;54;1125;0;0
7.409;62;759;0;0
7.413;62;597;0;0
7.417;62;476;0;0
7.421;70;405;0;0
7.425;78;390;0;0
7.429;78;387;0;0
7.433;94;436;0;0
7.437;94;458;0;0
7.441;101;456;0;0
7.445;109;466;0;0
7.449;117;459;0;0
7.453;125;440;0;0
7.457;133;438;0;0
7.461;140;439;0;0
7.465;148;411;0;0
7.469;156;368;0;0
7.473;171;353;0;0
7.477;179;328;0;0
7.481;187;299;0;0
7.485;202;315;0;0
7.489;210;303;0;0
7.493;218;290;0;0
7.497;233;296;0;0
7.501;248;255;0;0
7.505;263;259;0;0
7.509;278;222;0;0
7.513;294;164;0;0
7.517;309;177;0;0
7.521;323;221;0;0
7.525;331;215;0;0
7.529;338;204;0;0
7.533;353;233;0;0
7.537;368;221;0;0
7.541;382;219;0;0
7.545;404;187;0;0
7.549;418;188;0;0
7.553;432;182;0;0
7.557;453;170;0;0
7.561;467;183;0;0
7.565;481;153;0;0
7.569;502;155;0;0
7.573;515;159;0;0
7.577;535;153;0;0
7.581;549;167;0;0
7.585;562;156;0;0
7.589;575;174;0;0
7.593;587;166;0;0
7.597;606;174;0;0
7.601;619;178;0;0
7.605;631;184;0;0
7.609;649;183;0;0
7.613;661;154;0;0
7.617;684;132;0;0
7.621;695;166;0;0
7.625;707;158;0;0
7.629;718;129;0;0
7.633;728;155;0;0
7.637;744;117;0;0
7.641;760;129;0;0
7.645;770;132;0;0
7.649;785;153;0;0
7.653;794;169;0;0
7.657;809;144;0;0
7.661;818;157;0;0
7.665;827;151;0;0
7.669;840;152;0;0
7.673;848;159;0;0
7.677;860;149;0;0
7.681;868;121;0;0
7.685;880;131;0;0
7.689;891;126;0;0
7.693;901;129;0;0
7.697;911;144;0;0
7.701;917;132;0;0
7.705;929;98;0;0
7.709;935;136;0;0
7.713;940;141;0;0
7.717;951;126;0;0
7.721;955;137;0;0
7.725;962;135;0;0
7.729;968;131;0;0
7.733;975;127;0;0
7.737;979;137;0;0
7.741;983;138;0;0
7.745;987;130;0;0
7.749;991;127;0;0
7.753;993;131;0;0
7.757;996;135;0;0
7.761;998;131;0;0
7.765;999;121;0;0
7.769;999;125;0;0
7.773;999;134;0;0
7.777;999;131;0;0
7.781;998;120;0;0
7.785;995;114;0;0
7.789;993;114;0;0
7.793;990;121;0;0
7.797;985;130;0;0
7.801;982;122;0;0
7.805;975;110;0;0
7.809;968;106;0;0
7.813;962;113;0;0
7.817;953;124;0;0
7.821;946;95;0;0
7.825;940;105;0;0
7.829;929;113;0;0
7.833;917;107;0;0
7.837;904;100;0;0
7.841;898;111;0;0
7.845;887;120;0;0
7.849;876;124;0;0
7.853;860;117;0;0
7.857;844;106;0;0
7.861;831;109;0;0
7.865;818;127;0;0
7.869;804;128;0;0
7.873;790;118;0;0
7.877;770;106;0;0
7.881;750;100;0;0
7.885;734;78;0;0
7.889;718;112;0;0
7.893;701;117;0;0
7.897;678;105;0;0
7.901;661;101;0;0
7.905;637;103;0;0
7.909;612;108;0;0
7.913;594;112;0;0
7.917;575;120;0;0
7.921;555;117;0;0
7.925;535;113;0;0
7.929;509;115;0;0
7.933;481;113;0;0
7.937;460;124;0;0
7.941;432;116;0;0
7.945;411;119;0;0
7.949;389;120;0;0
7.953;368;110;0;0
7.957;338;105;0;0
7.961;309;104;0;0
7.965;286;111;0;0
7.969;256;119;0;0
7.973;233;127;0;0
7.977;218;121;0;0
7.981;187;118;0;0
7.985;171;134;0;0
7.989;140;141;0;0
7.993;125;125;0;0
7.997;94;115;0;0
8.001;62;117;0;0
8.005;39;120;0;0
8.009;23;122;0;0
8.013;0;116;0;0
8.016;-31;116;0;0
8.02;-47;133;0;0
8.024;-62;130;0;0
8.028;-94;126;0;0
8.032;-109;140;0;0
8.036;-140;149;0;0
8.04;-156;138;0;0
8.044;-179;148;0;0
8.048;-195;147;0;0
8.052;-218;142;0;0
8.056;-241;86;0;0
8.06;-263;142;0;0
8.064;-278;130;0;0
8.068;-301;135;0;0
8.072;-316;149;0;0
8.076;-338;149;0;0
8.08;-353;168;0;0
8.084;-368;162;0;0
8.088;-382;130;0;0
8.092;-397;146;0;0
8.096;-418;200;0;0
8.1;-425;179;0;0
8.104;-439;215;0;0
8.108;-453;210;0;0
8.112;-460;216;0;0
8.116;-474;217;0;0
8.12;-488;221;0;0
8.124;-502;225;0;0
8.128;-509;210;0;0
8.132;-522;241;0;0
8.136;-535;229;0;0
8.14;-542;239;0;0
8.144;-549;290;0;0
8.148;-562;277;0;0
8.152;-562;270;0;0
8.156;-575;329;0;0
8.16;-581;355;0;0
8.164;-587;334;0;0
8.168;-587;339;0;0
8.172;-600;437;0;0
8.176;-600;461;0;0
8.18;-606;469;0;0
8.184;-612;469;0;0
8.188;-612;474;0;0
8.192;-612;478;0;0
8.196;-612;477;0;0
8.2;-612;476;0;0
8.204;-619;666;0;0
8.208;-619;761;0;0
8.212;-619;785;0;0
8.216;-619;808;0;0
8.22;-612;692;0;0
8.224;-612;645;0;0
8.228;-612;628;0;0
8.232;-612;610;0;0
8.236;-612;593;0;0
8.24;-606;456;0;0
8.244;-606;396;0;0
8.248;-600;560;0;0
8.252;-594;792;0;0
8.256;-594;879;0;0
8.26;-587;708;0;0
8.264;-587;652;0;0
8.268;-575;661;0;0
8.272;-568;583;0;0
8.276;-562;474;0;0
8.28;-562;416;0;0
8.284;-549;421;0;0
8.288;-542;298;0;0
8.292;-535;218;0;0
8.296;-522;326;0;0
8.3;-509;277;0;0
8.304;-509;250;0;0
8.308;-495;303;0;0
8.312;-488;206;0;0
8.316;-481;176;0;0
8.32;-474;254;0;0
8.324;-460;290;0;0
8.328;-453;257;0;0
8.332;-439;280;0;0
8.336;-425;257;0;0
8.34;-418;265;0;0
8.344;-404;257;0;0
8.348;-397;229;0;0
8.352;-382;261;0;0
8.356;-368;235;0;0
8.36;-360;175;0;0
8.364;-353;166;0;0
8.368;-338;215;0;0
8.372;-331;241;0;0
8.376;-316;248;0;0
8.38;-309;238;0;0
8.384;-294;262;0;0
8.388;-278;240;0;0
8.392;-271;241;0;0
8.396;-256;243;0;0
8.4;-248;227;0;0
8.404;-233;259;0;0
8.408;-218;243;0;0
8.412;-210;250;0;0
8.416;-202;263;0;0
8.42;-187;248;0;0
8.424;-171;254;0;0
8.428;-164;257;0;0
8.432;-156;261;0;0
8.436;-148;289;0;0
8.44;-133;301;0;0
8.444;-125;280;0;0
8.448;-117;297;0;0
8.452;-101;297;0;0
8.456;-94;273;0;0
8.46;-78;297;0;0
8.464;-70;296;0;0
8.468;-62;283;0;0
8.472;-54;322;0;0
8.476;-47;355;0;0
8.48;-39;377;0;0
8.484;-31;397;0;0
8.488;-31;408;0;0
8.492;-23;465;0;0
8.496;-15;518;0;0
8.5;-7;497;0;0
8.504;0;461;0;0
8.507;0;452;0;0
8.511;0;447;0;0
8.515;7;526;0;0
8.519;7;567;0;0
8.523;15;699;0;0
8.527;15;770;0;0
8.531;15;796;0;0
8.535;15;822;0;0
8.539;15;837;0;0
8.543;15;852;0;0
8.547;15;852;0;0
8.551;15;852;0;0
8.555;7;1034;0;0
8.559;7;1126;0;0
8.563;0;1536;0;0
8.566;0;1753;0;0
8.57;0;1824;0;0
8.573;-7;1701;0;0
8.577;-15;1100;0;0
8.581;-15;1028;0;0
8.585;-23;859;0;0
8.589;-31;549;0;0
8.593;-39;529;0;0
8.597;-47;525;0;0
8.601;-54;482;0;0
8.605;-62;417;0;0
8.609;-70;402;0;0
8.613;-78;419;0;0
8.617;-94;345;0;0
8.621;-94;321;0;0
8.625;-109;329;0;0
8.629;-125;289;0;0
8.633;-133;290;0;0
8.637;-140;326;0;0
8.641;-148;326;0;0
8.645;-156;308;0;0
8.649;-164;327;0;0
8.653;-171;356;0;0
8.657;-187;334;0;0
8.661;-195;331;0;0
8.665;-202;258;0;0
8.669;-218;260;0;0
8.673;-225;270;0;0
8.677;-241;266;0;0
8.681;-248;255;0;0
8.685;-256;265;0;0
8.689;-271;301;0;0
8.693;-278;216;0;0
8.697;-278;174;0;0
8.701;-294;308;0;0
8.705;-301;349;0;0
8.709;-309;332;0;0
8.713;-309;346;0;0
8.717;-323;303;0;0
8.721;-331;240;0;0
8.725;-338;346;0;0
8.729;-338;347;0;0
8.733;-346;383;0;0
8.737;-353;445;0;0
8.741;-360;490;0;0
8.745;-360;499;0;0
8.749;-368;540;0;0
8.753;-368;561;0;0
8.757;-368;565;0;0
8.761;-368;573;0;0
8.765;-368;577;0;0
8.769;-368;577;0;0
8.773;-368;577;0;0
8.777;-368;577;0;0
8.781;-368;577;0;0
8.785;-360;415;0;0
8.789;-360;334;0;0
8.793;-353;823;0;0
8.797;-353;1058;0;0
8.801;-346;1266;0;0
8.805;-338;707;0;0
8.809;-331;562;0;0
8.813;-323;425;0;0
8.817;-316;440;0;0
8.821;-309;360;0;0
8.825;-294;352;0;0
8.829;-278;287;0;0
8.833;-271;283;0;0
8.837;-263;293;0;0
8.841;-248;230;0;0
8.845;-233;247;0;0
8.849;-218;226;0;0
8.853;-210;220;0;0
8.857;-187;204;0;0
8.861;-179;203;0;0
8.865;-156;193;0;0
8.869;-140;201;0;0
8.873;-125;190;0;0
8.877;-109;204;0;0
8.881;-94;188;0;0
8.885;-78;200;0;0
8.889;-62;177;0;0
8.893;-47;194;0;0
8.897;-31;181;0;0
8.901;-15;192;0;0
8.905;0;173;0;0
8.908;23;170;0;0
8.912;31;162;0;0
8.916;54;164;0;0
8.92;70;166;0;0
8.924;94;154;0;0
8.928;109;179;0;0
8.932;125;173;0;0
8.936;140;188;0;0
8.94;156;174;0;0
8.944;179;175;0;0
8.948;195;179;0;0
8.952;210;175;0;0
8.956;225;127;0;0
8.96;248;151;0;0
8.964;256;183;0;0
8.968;278;183;0;0
8.972;286;193;0;0
8.976;301;216;0;0
8.98;309;211;0;0
8.984;323;240;0;0
8.988;338;234;0;0
8.992;346;243;0;0
8.996;353;272;0;0
9.0;368;262;0;0
9.004;375;194;0;0
9.008;389;235;0;0
9.012;397;254;0;0
9.016;404;267;0;0
9.02;411;307;0;0
9.024;411;327;0;0
9.028;418;426;0;0
9.032;418;474;0;0
9.036;425;606;0;0
9.04;425;679;0;0
9.044;425;704;0;0
9.048;425;728;0;0
9.052;425;743;0;0
9.056;425;757;0;0
9.06;418;849;0;0
9.064;418;895;0;0
9.068;411;1214;0;0
9.072;404;1235;0;0
9.076;404;1212;0;0
9.08;397;908;0;0
9.084;389;738;0;0
9.088;382;680;0;0
9.092;368;476;0;0
9.096;353;359;0;0
9.1;338;291;0;0
9.104;338;268;0;0
9.108;323;309;0;0
9.112;316;309;0;0
9.116;301;285;0;0
9.12;286;252;0;0
9.124;278;230;0;0
9.128;263;251;0;0
9.132;248;232;0;0
9.136;233;238;0;0
9.14;218;208;0;0
9.144;202;211;0;0
9.148;187;198;0;0
9.152;171;224;0;0
9.156;156;199;0;0
9.16;140;139;0;0
9.164;125;167;0;0
9.168;117;188;0;0
9.172;94;177;0;0
9.176;86;186;0;0
9.18;70;199;0;0
9.184;54;207;0;0
9.188;39;213;0;0
9.192;31;201;0;0
9.196;15;237;0;0
9.2;0;230;0;0
9.203;-7;233;0;0
9.207;-23;232;0;0
9.211;-31;210;0;0
9.215;-47;231;0;0
9.219;-62;220;0;0
9.223;-78;253;0;0
9.227;-94;236;0;0
9.231;-94;231;0;0
9.235;-109;278;0;0
9.239;-117;304;0;0
9.243;-125;304;0;0
9.247;-125;306;0;0
9.251;-133;272;0;0
9.255;-140;257;0;0
9.259;-148;250;0;0
9.263;-156;384;0;0
9.267;-156;449;0;0
9.271;-156;479;0;0
9.275;-156;496;0;0
9.279;-164;649;0;0
9.283;-164;717;0;0
9.287;-164;734;0;0
9.291;-156;633;0;0
9.295;-156;591;0;0
9.299;-156;579;0;0
9.303;-148;918;0;0
9.307;-140;1185;0;0
9.311;-140;1282;0;0
9.315;-133;972;0;0
9.319;-125;658;0;0
9.323;-117;601;0;0
9.327;-109;535;0;0
9.331;-94;394;0;0
9.335;-86;349;0;0
9.339;-78;350;0;0
9.343;-62;266;0;0
9.347;-47;280;0;0
9.351;-31;244;0;0
9.355;-23;236;0;0
9.359;-7;227;0;0
9.363;0;209;0;0
9.366;23;202;0;0
9.37;31;184;0;0
9.374;54;186;0;0
9.378;70;185;0;0
9.382;86;179;0;0
9.386;101;176;0;0
9.39;125;157;0;0
9.394;140;173;0;0
9.398;156;158;0;0
9.402;187;145;0;0
9.406;202;102;0;0
9.41;218;123;0;0
9.414;241;138;0;0
9.418;263;149;0;0
9.422;278;137;0;0
9.426;309;150;0;0
9.43;316;160;0;0
9.434;338;160;0;0
9.438;346;170;0;0
9.442;368;167;0;0
9.446;382;177;0;0
9.45;397;165;0;0
9.454;418;163;0;0
9.458;439;166;0;0
9.462;453;152;0;0
9.466;474;173;0;0
9.47;481;176;0;0
9.474;495;202;0;0
9.478;509;194;0;0
9.482;522;237;0;0
9.486;529;245;0;0
9.49;535;255;0;0
9.494;549;289;0;0
9.498;555;291;0;0
9.502;562;282;0;0
9.506;568;315;0;0
9.51;575;349;0;0
9.514;575;364;0;0
9.518;581;279;0;0
9.522;581;232;0;0
9.526;587;325;0;0
9.53;587;364;0;0
9.534;587;365;0;0
9.538;581;353;0;0
9.542;581;363;0;0
9.546;581;360;0;0
9.55;575;735;0;0
9.554;568;937;0;0
9.558;562;742;0;0
9.562;562;666;0;0
9.566;549;591;0;0
9.57;542;502;0;0
9.574;535;387;0;0
9.578;522;334;0;0
9.582;509;281;0;0
9.586;502;287;0;0
9.59;495;300;0;0
9.594;481;260;0;0
9.598;467;251;0;0
9.602;453;208;0;0
9.606;432;183;0;0
9.61;411;191;0;0
9.614;404;190;0;0
9.618;389;196;0;0
9.622;368;187;0;0
9.626;353;186;0;0
9.63;331;150;0;0
9.634;309;143;0;0
9.638;294;162;0;0
9.642;278;159;0;0
9.646;263;171;0;0
9.65;248;165;0;0
9.654;233;182;0;0
9.658;218;177;0;0
9.662;195;167;0;0
9.666;171;174;0;0
9.67;156;158;0;0
9.674;133;158;0;0
9.678;109;169;0;0
9.682;94;146;0;0
9.686;78;179;0;0
9.69;62;161;0;0
9.694;47;176;0;0
9.698;31;167;0;0
9.702;7;177;0;0
9.706;-7;179;0;0
9.71;-23;190;0;0
9.714;-39;181;0;0
9.718;-62;172;0;0
9.722;-70;175;0;0
9.726;-94;174;0;0
9.73;-109;192;0;0
9.734;-125;182;0;0
9.738;-140;204;0;0
9.742;-148;211;0;0
9.746;-164;220;0;0
9.75;-171;243;0;0
9.754;-187;246;0;0
9.758;-195;277;0;0
9.762;-202;227;0;0
9.766;-210;197;0;0
9.77;-218;324;0;0
9.774;-225;345;0;0
9.778;-233;262;0;0
9.782;-241;220;0;0
9.786;-248;311;0;0
9.79;-248;347;0;0
9.794;-256;405;0;0
9.798;-256;450;0;0
9.802;-256;475;0;0
9.806;-256;483;0;0
9.81;-256;483;0;0
9.814;-256;483;0;0
9.818;-256;483;0;0
9.822;-256;483;0;0
9.826;-248;840;0;0
9.83;-248;869;0;0
9.834;-241;805;0;0
9.838;-233;478;0;0
9.842;-225;540;0;0
9.846;-218;480;0;0
9.85;-210;393;0;0
9.854;-202;393;0;0
9.858;-187;348;0;0
9.862;-179;319;0;0
9.866;-164;306;0;0
9.87;-156;281;0;0
9.874;-140;278;0;0
9.878;-125;190;0;0
9.882;-117;210;0;0
9.886;-101;219;0;0
9.89;-86;207;0;0
9.894;-62;174;0;0
9.898;-47;196;0;0
9.902;-31;182;0;0
9.906;-15;191;0;0
9.91;0;176;0;0
9.913;15;189;0;0
9.917;31;175;0;0
9.921;47;186;0;0
9.925;62;173;0;0
9.929;78;187;0;0
9.933;94;178;0;0
9.937;117;182;0;0
9.941;125;177;0;0
9.945;148;180;0;0
9.949;164;183;0;0
9.953;179;184;0;0
9.957;195;187;0;0
9.961;218;179;0;0
9.965;233;209;0;0
9.969;248;197;0;0
9.973;256;201;0;0
9.977;271;208;0;0
9.981;278;199;0;0
9.985;294;233;0;0
9.989;301;255;0;0
9.993;309;271;0;0
9.997;323;317;0;0
10.001;331;326;0;0
10.005;338;305;0;0
10.009;346;332;0;0
10.013;353;401;0;0
10.017;353;431;0;0
10.021;360;467;0;0
10.025;360;490;0;0
10.029;360;504;0;0
10.033;368;598;0;0
10.037;360;506;0;0
10.041;360;451;0;0
10.045;353;625;0;0
10.049;353;712;0;0
10.053;346;853;0;0
10.057;338;747;0;0
10.061;338;689;0;0
10.065;323;611;0;0
10.069;316;506;0;0
10.073;309;427;0;0
10.077;301;381;0;0
10.081;286;341;0;0
10.085;278;258;0;0
10.089;263;271;0;0
10.093;248;194;0;0
10.097;233;202;0;0
10.101;218;181;0;0
10.105;195;173;0;0
10.109;179;173;0;0
10.113;156;169;0;0
10.117;148;175;0;0
10.121;125;173;0;0
10.125;109;184;0;0
10.129;94;163;0;0
10.133;70;114;0;0
10.137;54;141;0;0
10.141;31;146;0;0
10.145;15;162;0;0
10.149;0;149;0;0
10.152;-23;158;0;0
10.156;-31;158;0;0
10.16;-54;165;0;0
10.164;-78;172;0;0
10.168;-94;160;0;0
10.172;-109;168;0;0
10.176;-133;162;0;0
10.18;-156;148;0;0
10.184;-171;158;0;0
10.188;-187;153;0;0
10.192;-210;157;0;0
10.196;-225;161;0;0
10.2;-248;157;0;0
10.204;-263;173;0;0
10.208;-286;162;0;0
10.212;-301;166;0;0
10.216;-316;172;0;0
10.22;-331;172;0;0
10.224;-346;176;0;0
10.228;-368;173;0;0
10.232;-382;204;0;0
10.236;-397;188;0;0
10.24;-404;197;0;0
10.244;-418;218;0;0
10.248;-425;211;0;0
10.252;-439;280;0;0
10.256;-453;259;0;0
10.26;-453;250;0;0
10.264;-467;311;0;0
10.268;-474;328;0;0
10.272;-481;311;0;0
10.276;-481;307;0;0
10.28;-495;382;0;0
10.284;-495;421;0;0
10.288;-509;297;0;0
10.292;-509;240;0;0
10.296;-509;225;0;0
10.3;-509;209;0;0
10.304;-509;193;0;0
10.308;-509;193;0;0
10.312;-509;193;0;0
10.316;-509;193;0;0
10.32;-509;193;0;0
10.324;-509;193;0;0
10.328;-509;193;0;0
10.332;-502;704;0;0
10.336;-495;1481;0;0
10.34;-488;1431;0;0
10.344;-481;866;0;0
10.348;-481;694;0;0
10.352;-467;694;0;0
10.356;-460;594;0;0
10.36;-453;323;0;0
10.364;-439;340;0;0
10.368;-425;270;0;0
10.372;-418;266;0;0
10.376;-411;287;0;0
10.38;-397;243;0;0
10.384;-389;243;0;0
10.388;-375;246;0;0
10.392;-368;229;0;0
10.396;-353;251;0;0
10.4;-338;222;0;0
10.404;-323;222;0;0
10.408;-309;202;0;0
10.412;-294;210;0;0
10.416;-278;192;0;0
10.42;-256;183;0;0
10.424;-241;182;0;0
10.428;-218;168;0;0
10.432;-202;176;0;0
10.436;-187;166;0;0
10.44;-164;163;0;0
10.444;-148;165;0;0
10.448;-133;168;0;0
10.452;-117;175;0;0
10.456;-94;165;0;0
10.46;-78;181;0;0
10.464;-62;171;0;0
10.468;-47;178;0;0
10.472;-23;176;0;0
10.476;0;155;0;0
10.479;15;165;0;0
10.483;31;150;0;0
10.487;54;150;0;0
10.491;70;150;0;0
10.495;94;139;0;0
10.499;117;148;0;0
10.503;140;157;0;0
10.507;156;142;0;0
10.511;187;140;0;0
10.515;202;153;0;0
10.519;218;143;0;0
10.523;241;143;0;0
10.527;263;154;0;0
10.531;286;143;0;0
10.535;309;137;0;0
10.539;323;150;0;0
10.543;338;140;0;0
10.547;368;130;0;0
10.551;389;138;0;0
10.555;411;142;0;0
10.559;432;99;0;0
10.563;453;110;0;0
10.567;474;126;0;0
10.571;495;130;0;0
10.575;515;124;0;0
10.579;535;122;0;0
10.583;562;119;0;0
10.587;575;128;0;0
10.591;600;133;0;0
10.595;619;129;0;0
10.599;637;119;0;0
10.603;661;109;0;0
10.607;678;110;0;0
10.611;701;113;0;0
10.615;718;120;0;0
10.619;734;120;0;0
10.623;755;114;0;0
10.627;775;109;0;0
10.631;794;106;0;0
10.635;813;102;0;0
10.639;827;94;0;0
10.643;844;91;0;0
10.647;860;91;0;0
10.651;880;91;0;0
10.655;894;93;0;0
10.659;908;94;0;0
10.663;920;93;0;0
10.667;935;90;0;0
10.671;948;85;0;0
10.675;960;81;0;0
10.679;968;77;0;0
10.683;977;81;0;0
10.687;985;88;0;0
10.691;990;87;0;0
10.695;995;78;0;0
10.699;998;73;0;0
10.703;999;77;0;0
10.707;999;72;0;0
10.711;998;68;0;0
10.715;993;73;0;0
10.719;987;70;0;0
10.723;980;70;0;0
10.727;970;70;0;0
10.731;955;69;0;0
10.735;940;63;0;0
10.739;926;63;0;0
10.743;904;59;0;0
10.747;876;59;0;0
10.751;856;60;0;0
10.755;831;63;0;0
10.759;804;62;0;0
10.763;775;63;0;0
10.767;739;63;0;0
10.771;707;60;0;0
10.775;667;58;0;0
10.779;625;59;0;0
10.783;581;59;0;0
10.787;522;58;0;0
10.791;481;55;0;0
10.795;432;59;0;0
10.799;389;57;0;0
10.803;338;54;0;0
10.807;286;55;0;0
10.811;233;58;0;0
10.815;179;55;0;0
10.819;125;53;0;0
10.823;62;52;0;0
10.827;7;52;0;0
10.831;-47;55;0;0
10.835;-117;56;0;0
10.839;-171;58;0;0
10.843;-218;52;0;0
10.847;-278;52;0;0
10.851;-323;59;0;0
10.855;-375;59;0;0
10.859;-425;57;0;0
10.863;-467;58;0;0
10.867;-522;59;0;0
10.871;-575;59;0;0
10.875;-612;53;0;0
10.879;-655;56;0;0
10.883;-690;57;0;0
10.887;-728;54;0;0
10.891;-765;56;0;0
10.895;-799;59;0;0
10.899;-827;57;0;0
10.903;-852;64;0;0
10.907;-876;64;0;0
10.911;-901;66;0;0
10.915;-920;64;0;0
10.919;-935;68;0;0
10.923;-951;64;0;0
10.927;-964;69;0;0
10.931;-975;66;0;0
10.935;-985;76;0;0
10.939;-990;82;0;0
10.943;-995;72;0;0
10.947;-998;71;0;0
10.951;-999;75;0;0
10.955;-999;81;0;0
10.959;-998;80;0;0
10.963;-995;77;0;0
10.967;-992;79;0;0
10.971;-986;84;0;0
10.975;-980;86;0;0
10.979;-972;90;0;0
10.983;-962;86;0;0
10.987;-953;89;0;0
10.991;-943;96;0;0
10.995;-935;107;0;0
10.999;-923;111;0;0
11.003;-911;110;0;0
11.007;-898;111;0;0
11.011;-883;112;0;0
11.015;-868;115;0;0
11.019;-852;116;0;0
11.023;-840;109;0;0
11.027;-822;109;0;0
11.031;-809;114;0;0
11.035;-794;132;0;0
11.039;-780;152;0;0
11.043;-770;138;0;0
11.047;-755;143;0;0
11.051;-739;147;0;0
11.055;-723;136;0;0
11.059;-707;122;0;0
11.063;-690;128;0;0
11.067;-673;139;0;0
11.071;-661;132;0;0
11.075;-649;155;0;0
11.079;-637;184;0;0
11.083;-625;209;0;0
11.087;-612;204;0;0
11.091;-600;216;0;0
11.095;-587;189;0;0
11.099;-575;215;0;0
11.103;-562;189;0;0
11.107;-549;194;0;0
11.111;-535;183;0;0
11.115;-522;199;0;0
11.119;-509;198;0;0
11.123;-495;260;0;0
11.127;-488;258;0;0
11.131;-481;236;0;0
11.135;-467;279;0;0
11.139;-460;281;0;0
11.143;-453;252;0;0
11.147;-439;288;0;0
11.151;-432;300;0;0
11.155;-425;281;0;0
11.159;-418;311;0;0
11.163;-404;319;0;0
11.167;-397;292;0;0
11.171;-389;319;0;0
11.175;-382;368;0;0
11.179;-375;365;0;0
11.183;-368;353;0;0
11.187;-360;402;0;0
11.191;-353;458;0;0
11.195;-353;477;0;0
11.199;-346;465;0;0
11.203;-338;442;0;0
11.207;-331;478;0;0
11.211;-331;493;0;0
11.215;-323;544;0;0
11.219;-316;561;0;0
11.223;-309;552;0;0
11.227;-309;545;0;0
11.231;-309;547;0;0
11.235;-301;610;0;0
11.239;-301;613;0;0
11.243;-294;791;0;0
11.247;-294;811;0;0
11.251;-294;824;0;0
11.255;-294;838;0;0
11.259;-286;953;0;0
11.263;-286;1017;0;0
11.267;-286;1029;0;0
11.271;-278;1115;0;0
11.275;-278;1174;0;0
11.279;-278;1183;0;0
11.283;-278;1192;0;0
11.287;-278;1201;0;0
11.291;-278;1201;0;0
11.295;-278;1201;0;0
11.299;-278;1201;0;0
11.303;-278;1201;0;0
11.307;-278;1201;0;0
11.311;-286;1413;0;0
11.315;-286;1545;0;0
11.319;-286;1571;0;0
11.323;-286;1597;0;0
11.327;-294;2518;0;0
11.331;-294;2592;0;0
11.335;-294;2666;0;0
11.339;-301;2532;0;0
11.343;-301;2503;0;0
11.347;-309;1855;0;0
11.351;-309;1519;0;0
11.355;-309;1416;0;0
11.359;-316;1254;0;0
11.363;-323;890;0;0
11.367;-323;676;0;0
11.371;-331;379;0;0
11.375;-338;448;0;0
11.379;-338;460;0;0
11.383;-346;507;0;0
11.387;-353;569;0;0
11.391;-360;561;0;0
11.395;-368;396;0;0
11.399;-368;318;0;0
11.403;-375;318;0;0
11.407;-382;432;0;0
11.411;-397;379;0;0
11.415;-397;329;0;0
11.419;-404;359;0;0
11.423;-411;421;0;0
11.427;-425;295;0;0
11.431;-432;215;0;0
11.435;-446;269;0;0
11.439;-453;257;0;0
11.443;-460;270;0;0
11.447;-467;315;0;0
11.451;-481;303;0;0
11.455;-481;290;0;0
11.459;-495;325;0;0
11.463;-509;274;0;0
11.467;-522;267;0;0
11.471;-535;228;0;0
11.475;-549;239;0;0
11.479;-562;209;0;0
11.483;-568;208;0;0
11.487;-581;220;0;0
11.491;-587;210;0;0
11.495;-606;234;0;0
11.499;-612;218;0;0
11.503;-631;212;0;0
11.507;-643;186;0;0
11.511;-661;166;0;0
11.515;-673;168;0;0
11.519;-684;156;0;0
11.523;-701;156;0;0
11.527;-718;166;0;0
11.531;-728;160;0;0
11.535;-739;173;0;0
11.539;-750;168;0;0
11.543;-765;116;0;0
11.547;-780;128;0;0
11.551;-799;126;0;0
11.555;-818;121;0;0
11.559;-831;115;0;0
11.563;-844;110;0;0
11.567;-860;122;0;0
11.571;-868;151;0;0
11.575;-880;146;0;0
11.579;-891;124;0;0
11.583;-904;102;0;0
11.587;-917;91;0;0
11.591;-932;86;0;0
11.595;-943;88;0;0
11.599;-951;88;0;0
11.603;-960;92;0;0
11.607;-968;96;0;0
11.611;-975;94;0;0
11.615;-982;85;0;0
11.619;-988;83;0;0
11.623;-993;87;0;0
11.627;-997;89;0;0
11.631;-999;86;0;0
11.635;-999;88;0;0
11.639;-999;84;0;0
11.643;-998;80;0;0
11.647;-993;85;0;0
11.651;-988;81;0;0
11.655;-982;71;0;0
11.659;-974;71;0;0
11.663;-962;75;0;0
11.667;-951;71;0;0
11.671;-935;77;0;0
11.675;-920;76;0;0
11.679;-904;70;0;0
11.683;-883;69;0;0
11.687;-860;64;0;0
11.691;-831;63;0;0
11.695;-804;63;0;0
11.699;-770;58;0;0
11.703;-739;65;0;0
11.707;-707;62;0;0
11.711;-673;65;0;0
11.715;-637;58;0;0
11.719;-581;56;0;0
11.723;-542;59;0;0
11.727;-502;58;0;0
11.731;-453;56;0;0
11.735;-411;62;0;0
11.739;-360;60;0;0
11.743;-316;59;0;0
11.747;-263;61;0;0
11.751;-218;56;0;0
11.755;-156;55;0;0
11.759;-109;61;0;0
11.763;-54;56;0;0
11.767;0;53;0;0
11.77;47;56;0;0
11.774;94;55;0;0
11.778;140;57;0;0
11.782;195;58;0;0
11.786;248;55;0;0
11.79;301;57;0;0
11.794;346;58;0;0
11.798;397;57;0;0
11.802;439;63;0;0
11.806;481;58;0;0
11.81;535;54;0;0
11.814;575;60;0;0
11.818;619;59;0;0
11.822;661;55;0;0
11.826;695;63;0;0
11.83;728;63;0;0
11.834;765;66;0;0
11.838;790;61;0;0
11.842;818;67;0;0
11.846;844;64;0;0
11.85;872;69;0;0
11.854;891;61;0;0
11.858;911;69;0;0
11.862;929;65;0;0
11.866;946;71;0;0
11.87;958;72;0;0
11.874;968;69;0;0
11.878;979;74;0;0
11.882;986;75;0;0
11.886;992;72;0;0
11.89;996;74;0;0
11.894;998;80;0;0
11.898;1000;74;0;0
11.902;999;72;0;0
11.906;997;76;0;0
11.91;993;83;0;0
11.914;988;81;0;0
11.918;982;76;0;0
11.922;974;78;0;0
11.926;964;84;0;0
11.93;955;89;0;0
11.934;943;90;0;0
11.938;929;86;0;0
11.942;917;86;0;0
11.946;904;83;0;0
11.95;891;80;0;0
11.954;876;82;0;0
11.958;860;89;0;0
11.962;844;90;0;0
11.966;822;90;0;0
11.97;799;96;0;0
11.974;780;101;0;0
11.978;765;100;0;0
11.982;744;98;0;0
11.986;723;104;0;0
11.99;701;102;0;0
11.994;678;100;0;0
11.998;661;91;0;0
12.002;637;88;0;0
12.006;612;89;0;0
12.01;587;90;0;0
12.014;562;92;0;0
12.018;535;95;0;0
12.022;509;99;0;0
12.026;481;99;0;0
12.03;460;105;0;0
12.034;432;102;0;0
12.038;404;99;0;0
12.042;368;95;0;0
12.046;346;100;0;0
12.05;323;105;0;0
12.054;286;107;0;0
12.058;263;110;0;0
12.062;233;119;0;0
12.066;202;124;0;0
12.07;179;119;0;0
12.074;156;112;0;0
12.078;125;104;0;0
12.082;94;99;0;0
12.086;62;97;0;0
12.09;31;93;0;0
12.094;15;101;0;0
12.098;-15;115;0;0
12.102;-47;120;0;0
12.106;-70;114;0;0
12.11;-101;112;0;0
12.114;-125;104;0;0
12.118;-156;104;0;0
12.122;-179;111;0;0
12.126;-202;119;0;0
12.13;-233;89;0;0
12.134;-256;96;0;0
12.138;-294;113;0;0
12.142;-316;111;0;0
12.146;-338;101;0;0
12.15;-368;102;0;0
12.154;-397;101;0;0
12.158;-418;112;0;0
12.162;-439;124;0;0
12.166;-467;125;0;0
12.17;-488;118;0;0
12.174;-509;108;0;0
12.178;-535;101;0;0
12.182;-562;96;0;0
12.186;-587;93;0;0
12.19;-612;91;0;0
12.194;-637;91;0;0
12.198;-661;93;0;0
12.202;-684;93;0;0
12.206;-707;95;0;0
12.21;-728;97;0;0
12.214;-744;101;0;0
12.218;-770;98;0;0
12.222;-790;91;0;0
12.226;-813;82;0;0
12.23;-831;82;0;0
12.234;-852;87;0;0
12.238;-868;95;0;0
12.242;-883;100;0;0
12.246;-898;104;0;0
12.25;-911;107;0;0
12.254;-923;108;0;0
12.258;-938;98;0;0
12.262;-951;83;0;0
12.266;-962;76;0;0
12.27;-972;81;0;0
12.274;-982;81;0;0
12.278;-987;82;0;0
12.282;-992;83;0;0
12.286;-995;81;0;0
12.29;-998;80;0;0
12.294;-999;75;0;0
12.298;-999;72;0;0
12.302;-997;78;0;0
12.306;-993;86;0;0
12.31;-988;84;0;0
12.314;-982;77;0;0
12.318;-975;73;0;0
12.322;-964;76;0;0
12.326;-951;68;0;0
12.33;-935;70;0;0
12.334;-917;68;0;0
12.338;-894;70;0;0
12.342;-876;67;0;0
12.346;-852;74;0;0
12.35;-831;73;0;0
12.354;-809;66;0;0
12.358;-775;65;0;0
12.362;-739;67;0;0
12.366;-707;61;0;0
12.37;-673;63;0;0
12.374;-637;59;0;0
12.378;-594;60;0;0
12.382;-555;61;0;0
12.386;-509;58;0;0
12.39;-467;64;0;0
12.394;-425;62;0;0
12.398;-382;62;0;0
12.402;-331;64;0;0
12.406;-286;62;0;0
12.41;-241;64;0;0
12.414;-187;57;0;0
12.418;-140;63;0;0
12.422;-94;59;0;0
12.426;-31;56;0;0
12.43;15;61;0;0
12.434;62;58;0;0
12.438;125;57;0;0
12.442;171;62;0;0
12.446;218;60;0;0
12.45;263;64;0;0
12.454;309;62;0;0
12.458;353;66;0;0
12.462;404;65;0;0
12.466;446;66;0;0
12.47;481;60;0;0
12.474;529;60;0;0
12.478;575;64;0;0
12.482;612;61;0;0
12.486;649;67;0;0
12.49;678;71;0;0
12.494;707;70;0;0
12.498;734;72;0;0
12.502;765;69;0;0
12.506;794;69;0;0
12.51;822;50;0;0
12.514;844;60;0;0
12.518;864;72;0;0
12.522;887;81;0;0
12.526;904;78;0;0
12.53;917;78;0;0
12.534;929;76;0;0
12.538;943;75;0;0
12.542;953;77;0;0
12.546;964;83;0;0
12.55;974;84;0;0
12.554;982;81;0;0
12.558;987;84;0;0
12.562;992;92;0;0
12.566;994;99;0;0
12.57;997;102;0;0
12.574;998;109;0;0
12.578;999;112;0;0
12.582;999;111;0;0
12.586;998;114;0;0
12.59;996;118;0;0
12.594;994;116;0;0
12.598;992;106;0;0
12.602;987;113;0;0
12.606;985;148;0;0
12.61;982;138;0;0
12.614;975;126;0;0
12.618;970;134;0;0
12.622;966;137;0;0
12.626;960;129;0;0
12.63;955;151;0;0
12.634;951;153;0;0
12.638;943;109;0;0
12.642;940;147;0;0
12.646;935;210;0;0
12.65;929;195;0;0
12.654;923;216;0;0
12.658;917;213;0;0
12.662;914;212;0;0
12.666;908;217;0;0
12.67;904;208;0;0
12.674;901;240;0;0
12.678;894;296;0;0
12.682;891;309;0;0
12.686;891;312;0;0
12.69;883;258;0;0
12.694;883;235;0;0
12.698;880;259;0;0
12.702;876;467;0;0
12.706;876;480;0;0
12.71;876;521;0;0
12.714;876;538;0;0
12.718;872;649;0;0
12.722;872;704;0;0
12.726;872;718;0;0
12.73;872;732;0;0
12.734;872;745;0;0
12.738;876;762;0;0
12.742;876;763;0;0
12.746;876;764;0;0
12.75;880;1229;0;0
12.754;880;1461;0;0
12.758;883;1511;0;0
12.762;887;1092;0;0
12.766;891;796;0;0
12.77;891;736;0;0
12.774;898;654;0;0
12.778;901;449;0;0
12.782;904;273;0;0
12.786;908;313;0;0
12.79;914;313;0;0
12.794;917;267;0;0
12.798;923;258;0;0
12.802;929;231;0;0
12.806;935;240;0;0
12.81;940;218;0;0
12.814;946;220;0;0
12.818;951;185;0;0
12.822;955;204;0;0
12.826;960;180;0;0
12.83;966;172;0;0
12.834;970;168;0;0
12.838;975;147;0;0
12.842;980;147;0;0
12.846;985;153;0;0
12.85;987;136;0;0
12.854;992;123;0;0
12.858;994;125;0;0
12.862;996;135;0;0
12.866;998;129;0;0
12.87;999;117;0;0
12.874;1000;113;0;0
12.878;999;107;0;0
12.882;998;106;0;0
12.886;995;95;0;0
12.89;992;92;0;0
12.894;987;89;0;0
12.898;982;88;0;0
12.902;975;86;0;0
12.906;968;87;0;0
12.91;960;86;0;0
12.914;948;88;0;0
12.918;935;89;0;0
12.922;920;81;0;0
12.926;904;73;0;0
12.93;883;80;0;0
12.934;864;79;0;0
12.938;844;72;0;0
12.942;822;74;0;0
12.946;794;82;0;0
12.95;770;66;0;0
12.954;739;71;0;0
12.958;712;68;0;0
12.962;684;64;0;0
12.966;643;64;0;0
12.97;600;69;0;0
12.974;568;67;0;0
12.978;535;62;0;0
12.982;495;67;0;0
12.986;453;61;0;0
12.99;397;57;0;0
12.994;353;62;0;0
12.998;294;61;0;0
13.002;248;58;0;0
13.006;202;61;0;0
13.01;148;60;0;0
13.014;101;61;0;0
13.018;62;59;0;0
13.022;7;59;0;0
13.026;-47;62;0;0
13.03;-101;59;0;0
13.034;-156;54;0;0
13.038;-210;57;0;0
13.042;-263;66;0;0
13.046;-309;60;0;0
13.05;-346;60;0;0
13.054;-404;59;0;0
13.058;-446;60;0;0
13.062;-488;61;0;0
13.066;-535;59;0;0
13.07;-575;64;0;0
13.074;-612;60;0;0
13.078;-649;63;0;0
13.082;-695;64;0;0
13.086;-728;58;0;0
13.09;-760;62;0;0
13.094;-790;61;0;0
13.098;-822;63;0;0
13.102;-844;65;0;0
13.106;-868;71;0;0
13.11;-891;67;0;0
13.114;-911;68;0;0
13.118;-929;65;0;0
13.122;-946;70;0;0
13.126;-958;70;0;0
13.13;-968;68;0;0
13.134;-977;74;0;0
13.138;-985;83;0;0
13.142;-992;73;0;0
13.146;-995;69;0;0
13.15;-998;80;0;0
13.154;-999;79;0;0
13.158;-999;74;0;0
13.162;-998;75;0;0
13.166;-995;80;0;0
13.17;-992;81;0;0
13.174;-986;82;0;0
13.178;-979;87;0;0
13.182;-970;83;0;0
13.186;-960;78;0;0
13.19;-951;78;0;0
13.194;-940;79;0;0
13.198;-926;85;0;0
13.202;-914;88;0;0
13.206;-901;88;0;0
13.21;-883;94;0;0
13.214;-868;97;0;0
13.218;-848;93;0;0
13.222;-831;91;0;0
13.226;-809;86;0;0
13.23;-790;85;0;0
13.234;-765;91;0;0
13.238;-744;91;0;0
13.242;-728;89;0;0
13.246;-707;89;0;0
13.25;-678;93;0;0
13.254;-655;94;0;0
13.258;-625;100;0;0
13.262;-606;100;0;0
13.266;-581;102;0;0
13.27;-562;99;0;0
13.274;-535;99;0;0
13.278;-509;97;0;0
13.282;-481;94;0;0
13.286;-460;102;0;0
13.29;-432;103;0;0
13.294;-404;102;0;0
13.298;-382;113;0;0
13.302;-353;118;0;0
13.306;-323;121;0;0
13.31;-301;115;0;0
13.314;-271;112;0;0
13.318;-248;106;0;0
13.322;-218;109;0;0
13.326;-195;113;0;0
13.33;-171;114;0;0
13.334;-133;119;0;0
13.338;-109;125;0;0
13.342;-86;118;0;0
13.346;-62;114;0;0
13.35;-31;111;0;0
13.354;-7;112;0;0
13.358;15;124;0;0
13.362;39;121;0;0
13.366;70;115;0;0
13.37;94;111;0;0
13.374;125;121;0;0
13.378;140;134;0;0
13.382;164;127;0;0
13.386;187;113;0;0
13.39;218;109;0;0
13.394;248;107;0;0
13.398;271;111;0;0
13.402;294;116;0;0
13.406;323;126;0;0
13.41;338;122;0;0
13.414;368;118;0;0
13.418;397;102;0;0
13.422;425;101;0;0
13.426;446;104;0;0
13.43;474;107;0;0
13.434;502;111;0;0
13.438;522;114;0;0
13.442;542;119;0;0
13.446;562;115;0;0
13.45;587;108;0;0
13.454;612;103;0;0
13.458;637;94;0;0
13.462;661;89;0;0
13.466;684;86;0;0
13.47;707;87;0;0
13.474;728;90;0;0
13.478;750;88;0;0
13.482;770;83;0;0
13.486;790;84;0;0
13.49;809;84;0;0
13.494;827;81;0;0
13.498;848;85;0;0
13.502;868;90;0;0
13.506;883;89;0;0
13.51;901;86;0;0
13.514;917;82;0;0
13.518;929;79;0;0
13.522;943;80;0;0
13.526;955;85;0;0
13.53;968;70;0;0
13.534;977;74;0;0
13.538;985;80;0;0
13.542;992;70;0;0
13.546;996;72;0;0
13.55;999;73;0;0
13.554;1000;68;0;0
13.558;999;68;0;0
13.562;996;68;0;0
13.566;991;67;0;0
13.57;983;66;0;0
13.574;974;65;0;0
13.578;960;63;0;0
13.582;946;67;0;0
13.586;929;61;0;0
13.59;911;64;0;0
13.594;887;62;0;0
13.598;860;56;0;0
13.602;835;61;0;0
13.606;804;59;0;0
13.61;770;56;0;0
13.614;739;58;0;0
13.618;695;60;0;0
13.622;661;54;0;0
13.626;612;52;0;0
13.63;568;54;0;0
13.634;515;56;0;0
13.638;467;57;0;0
13.642;425;53;0;0
13.646;368;51;0;0
13.65;309;53;0;0
13.654;263;55;0;0
13.658;210;53;0;0
13.662;148;53;0;0
13.666;78;53;0;0
13.67;31;52;0;0
13.674;-23;51;0;0
13.678;-78;56;0;0
13.682;-140;57;0;0
13.686;-195;55;0;0
13.69;-256;53;0;0
13.694;-309;53;0;0
13.698;-368;52;0;0
13.702;-411;56;0;0
13.706;-453;56;0;0
13.71;-509;52;0;0
13.714;-555;52;0;0
13.718;-600;59;0;0
13.722;-649;58;0;0
13.726;-684;54;0;0
13.73;-723;56;0;0
13.734;-760;60;0;0
13.738;-794;58;0;0
13.742;-827;56;0;0
13.746;-852;62;0;0
13.75;-876;61;0;0
13.754;-898;63;0;0
13.758;-917;60;0;0
13.762;-935;65;0;0
13.766;-951;64;0;0
13.77;-964;69;0;0
13.774;-975;63;0;0
13.778;-983;69;0;0
13.782;-990;78;0;0
13.786;-994;78;0;0
13.79;-998;71;0;0
13.794;-999;74;0;0
13.798;-999;82;0;0
13.802;-998;78;0;0
13.806;-995;79;0;0
13.81;-992;82;0;0
13.814;-987;83;0;0
13.818;-980;86;0;0
13.822;-972;93;0;0
13.826;-964;95;0;0
13.83;-955;103;0;0
13.834;-946;113;0;0
13.838;-938;112;0;0
13.842;-929;101;0;0
13.846;-914;102;0;0
13.85;-901;99;0;0
13.854;-891;94;0;0
13.858;-876;93;0;0
13.862;-860;94;0;0
13.866;-844;100;0;0
13.87;-835;120;0;0
13.874;-822;127;0;0
13.878;-809;122;0;0
13.882;-794;129;0;0
13.886;-780;143;0;0
13.89;-770;138;0;0
13.894;-750;131;0;0
13.898;-739;107;0;0
13.902;-723;128;0;0
13.906;-707;137;0;0
13.91;-695;149;0;0
13.914;-684;146;0;0
13.918;-667;152;0;0
13.922;-655;168;0;0
13.926;-643;185;0;0
13.93;-637;191;0;0
13.934;-625;209;0;0
13.938;-612;204;0;0
13.942;-600;236;0;0
13.946;-587;217;0;0
13.95;-575;246;0;0
13.954;-568;238;0;0
13.958;-562;218;0;0
13.962;-549;240;0;0
13.966;-535;219;0;0
13.97;-522;280;0;0
13.974;-515;285;0;0
13.978;-509;274;0;0
13.982;-502;317;0;0
13.986;-495;342;0;0
13.99;-481;313;0;0
13.994;-481;297;0;0
13.998;-467;349;0;0
14.002;-460;354;0;0
14.006;-453;332;0;0
14.01;-453;322;0;0
14.014;-446;247;0;0
14.018;-439;285;0;0
14.022;-432;305;0;0
14.026;-425;264;0;0
14.03;-425;244;0;0
14.034;-425;248;0;0
14.038;-418;500;0;0
14.042;-411;651;0;0
14.046;-411;681;0;0
14.05;-404;716;0;0
14.054;-404;725;0;0
14.058;-397;737;0;0
14.062;-397;743;0;0
14.066;-397;744;0;0
14.07;-397;746;0;0
14.074;-397;749;0;0
14.078;-397;749;0;0
14.082;-397;749;0;0
14.086;-397;749;0;0
14.09;-397;749;0;0
14.094;-397;749;0;0
14.098;-397;749;0;0
14.102;-397;749;0;0
14.106;-404;1130;0;0
14.11;-404;1320;0;0
14.114;-404;1368;0;0
14.118;-411;2063;0;0
14.122;-411;2435;0;0
14.126;-418;2193;0;0
14.13;-425;1431;0;0
14.134;-425;1136;0;0
14.138;-432;1070;0;0
14.142;-432;933;0;0
14.146;-439;761;0;0
14.15;-446;687;0;0
14.154;-453;579;0;0
14.158;-453;537;0;0
14.162;-460;541;0;0
14.166;-467;545;0;0
14.17;-474;499;0;0
14.174;-481;440;0;0
14.178;-488;435;0;0
14.182;-495;440;0;0
14.186;-509;373;0;0
14.19;-515;341;0;0
14.194;-529;309;0;0
14.198;-535;263;0;0
14.202;-549;204;0;0
14.206;-555;172;0;0
14.21;-562;217;0;0
14.214;-575;288;0;0
14.218;-581;284;0;0
14.222;-587;263;0;0
14.226;-606;162;0;0
14.23;-612;204;0;0
14.234;-625;217;0;0
14.238;-637;194;0;0
14.242;-655;201;0;0
14.246;-661;186;0;0
14.25;-678;195;0;0
14.254;-684;183;0;0
14.258;-695;199;0;0
14.262;-712;187;0;0
14.266;-728;152;0;0
14.27;-744;158;0;0
14.274;-755;154;0;0
14.278;-770;144;0;0
14.282;-780;156;0;0
14.286;-790;146;0;0
14.29;-809;133;0;0
14.294;-818;144;0;0
14.298;-831;143;0;0
14.302;-844;134;0;0
14.306;-856;131;0;0
14.31;-868;134;0;0
14.314;-883;132;0;0
14.318;-894;126;0;0
14.322;-908;115;0;0
14.326;-920;109;0;0
14.33;-929;103;0;0
14.334;-940;97;0;0
14.338;-951;91;0;0
14.342;-960;86;0;0
14.346;-968;88;0;0
14.35;-977;91;0;0
14.354;-982;87;0;0
14.358;-987;88;0;0
14.362;-993;96;0;0
14.366;-995;92;0;0
14.37;-998;85;0;0
14.374;-999;88;0;0
14.378;-999;85;0;0
14.382;-998;82;0;0
14.386;-995;78;0;0
14.39;-992;75;0;0
14.394;-986;79;0;0
14.398;-977;77;0;0
14.402;-968;71;0;0
14.406;-958;72;0;0
14.41;-946;79;0;0
14.414;-929;70;0;0
14.418;-911;71;0;0
14.422;-894;71;0;0
14.426;-876;67;0;0
14.43;-852;70;0;0
14.434;-827;65;0;0
14.438;-790;62;0;0
14.442;-765;63;0;0
14.446;-734;64;0;0
14.45;-701;64;0;0
14.454;-655;59;0;0
14.458;-619;59;0;0
14.462;-581;58;0;0
14.466;-535;56;0;0
14.47;-495;62;0;0
14.474;-453;61;0;0
14.478;-411;64;0;0
14.482;-360;62;0;0
14.486;-309;56;0;0
14.49;-263;60;0;0
14.494;-210;60;0;0
14.498;-156;55;0;0
14.502;-109;63;0;0
14.506;-62;59;0;0
14.51;-15;60;0;0
14.514;47;60;0;0
14.518;94;57;0;0
14.522;148;59;0;0
14.526;202;62;0;0
14.53;248;59;0;0
14.534;294;64;0;0
14.538;338;62;0;0
14.542;397;62;0;0
14.546;432;62;0;0
14.55;474;62;0;0
14.554;522;63;0;0
14.558;562;58;0;0
14.562;606;59;0;0
14.566;643;62;0;0
14.57;678;67;0;0
14.574;707;66;0;0
14.578;739;70;0;0
14.582;770;66;0;0
14.586;799;70;0;0
14.59;827;67;0;0
14.594;848;68;0;0
14.598;872;72;0;0
14.602;891;71;0;0
14.606;904;71;0;0
14.61;920;76;0;0
14.614;935;83;0;0
14.618;951;76;0;0
14.622;962;75;0;0
14.626;972;81;0;0
14.63;980;80;0;0
14.634;987;77;0;0
14.638;992;81;0;0
14.642;995;83;0;0
14.646;998;82;0;0
14.65;999;83;0;0
14.654;1000;85;0;0
14.658;999;88;0;0
14.662;997;97;0;0
14.666;995;96;0;0
14.67;992;95;0;0
14.674;988;102;0;0
14.678;982;106;0;0
14.682;979;116;0;0
14.686;972;123;0;0
14.69;964;127;0;0
14.694;960;118;0;0
14.698;953;131;0;0
14.702;948;140;0;0
14.706;940;137;0;0
14.71;935;156;0;0
14.714;926;152;0;0
14.718;917;146;0;0
14.722;911;162;0;0
14.726;904;152;0;0
14.73;898;175;0;0
14.734;891;181;0;0
14.738;883;214;0;0
14.742;876;200;0;0
14.746;872;213;0;0
14.75;864;236;0;0
14.754;860;251;0;0
14.758;852;198;0;0
14.762;848;158;0;0
14.766;844;206;0;0
14.77;840;264;0;0
14.774;835;330;0;0
14.778;831;367;0;0
14.782;827;372;0;0
14.786;827;376;0;0
14.79;822;456;0;0
14.794;818;520;0;0
14.798;818;556;0;0
14.802;813;573;0;0
14.806;809;424;0;0
14.81;809;354;0;0
14.814;809;333;0;0
14.818;809;313;0;0
14.822;809;294;0;0
14.826;809;275;0;0
14.83;809;275;0;0
14.834;809;275;0;0
14.838;809;275;0;0
14.842;809;275;0;0
14.846;813;740;0;0
14.85;813;1030;0;0
14.854;813;1088;0;0
14.858;818;2111;0;0
14.862;818;2186;0;0
14.866;818;2262;0;0
14.87;822;1872;0;0
14.874;822;1714;0;0
14.878;827;1140;0;0
14.882;827;824;0;0
14.886;827;702;0;0
14.89;827;581;0;0
14.894;831;517;0;0
14.898;831;453;0;0
14.902;831;453;0;0
14.906;835;581;0;0
14.91;835;645;0;0
14.914;835;660;0;0
14.918;840;959;0;0
14.922;840;1117;0;0
14.926;840;1168;0;0
14.93;840;1203;0;0
14.934;840;1238;0;0
14.938;844;1337;0;0
14.942;844;1370;0;0
14.946;844;1378;0;0
14.95;844;1386;0;0
14.954;844;1394;0;0
14.958;840;1213;0;0
14.962;840;1119;0;0
14.966;840;1096;0;0
14.97;840;1072;0;0
14.974;840;1049;0;0
14.978;835;1470;0;0
14.982;835;1693;0;0
14.986;835;1748;0;0
14.99;831;1953;0;0
14.994;831;2156;0;0
14.998;827;1479;0;0
15.002;827;1438;0;0
15.006;827;1379;0;0
15.01;822;1209;0;0
15.014;822;1094;0;0
15.018;818;1071;0;0
15.022;818;1053;0;0
15.026;813;954;0;0
15.03;809;521;0;0
15.034;809;439;0;0
15.038;804;395;0;0
15.042;804;363;0;0
15.046;799;527;0;0
15.05;794;539;0;0
15.054;790;510;0;0
15.058;790;502;0;0
15.062;785;552;0;0
15.066;780;604;0;0
15.07;780;626;0;0
15.074;775;608;0;0
15.078;770;582;0;0
15.082;770;578;0;0
15.086;770;577;0;0
15.09;765;619;0;0
15.094;760;719;0;0
15.098;760;732;0;0
15.102;755;743;0;0
15.106;755;755;0;0
15.11;750;566;0;0
15.114;750;469;0;0
15.118;750;444;0;0
15.122;750;420;0;0
15.126;750;396;0;0
15.13;750;372;0;0
15.134;750;372;0;0
15.138;750;372;0;0
15.142;744;651;0;0
15.146;744;826;0;0
15.15;744;860;0;0
15.154;750;575;0;0
15.158;750;450;0;0
15.162;750;371;0;0
15.166;750;332;0;0
15.17;750;292;0;0
15.174;750;292;0;0
15.178;755;1153;0;0
15.182;755;1583;0;0
15.186;760;1956;0;0
15.19;760;2195;0;0
15.194;765;1648;0;0
15.198;770;1202;0;0
15.202;770;1028;0;0
15.206;775;947;0;0
15.21;780;820;0;0
15.214;785;628;0;0
15.218;790;501;0;0
15.222;790;461;0;0
15.226;799;466;0;0
15.23;804;431;0;0
15.234;809;371;0;0
15.238;813;358;0;0
15.242;818;382;0;0
15.246;822;362;0;0
15.25;827;342;0;0
15.254;831;381;0;0
15.258;835;433;0;0
15.262;844;333;0;0
15.266;848;306;0;0
15.27;852;365;0;0
15.274;856;349;0;0
15.278;860;311;0;0
15.282;868;313;0;0
15.286;872;305;0;0
15.29;876;290;0;0
15.294;883;310;0;0
15.298;887;302;0;0
15.302;894;290;0;0
15.306;898;309;0;0
15.31;904;276;0;0
15.314;908;283;0;0
15.318;911;306;0;0
15.322;917;270;0;0
15.326;923;269;0;0
15.33;929;238;0;0
15.334;932;236;0;0
15.338;938;237;0;0
15.342;940;233;0;0
15.346;946;269;0;0
15.35;948;269;0;0
15.354;951;246;0;0
15.358;955;265;0;0
15.362;960;237;0;0
15.366;964;247;0;0
15.37;968;222;0;0
15.374;970;218;0;0
15.378;975;206;0;0
15.382;977;220;0;0
15.386;979;240;0;0
15.39;982;241;0;0
15.394;985;234;0;0
15.398;987;197;0;0
15.402;991;193;0;0
15.406;992;183;0;0
15.41;993;242;0;0
15.414;995;236;0;0
15.418;996;256;0;0
15.422;996;286;0;0
15.426;998;260;0;0
15.43;998;255;0;0
15.434;999;257;0;0
15.438;999;239;0;0
15.442;999;252;0;0
15.446;1000;233;0;0
15.45;999;263;0;0
15.454;999;351;0;0
15.458;999;369;0;0
15.462;999;373;0;0
15.466;999;379;0;0
15.47;998;427;0;0
15.474;998;395;0;0
15.478;998;384;0;0
15.482;998;378;0;0
15.486;997;287;0;0
15.49;997;239;0;0
15.494;996;303;0;0
15.498;996;329;0;0
15.502;996;493;0;0
15.506;996;574;0;0
15.51;996;604;0;0
15.514;996;655;0;0
15.518;996;675;0;0
15.522;996;675;0;0
15.526;996;675;0;0
15.53;996;888;0;0
15.534;996;995;0;0
15.538;996;1021;0;0
15.542;997;1720;0;0
15.546;997;1853;0;0
15.55;998;1749;0;0
15.554;998;1724;0;0
15.558;998;1705;0;0
15.562;998;1331;0;0
15.566;998;1135;0;0
15.57;998;1094;0;0
15.574;998;1061;0;0
15.578;998;1020;0;0
15.582;999;966;0;0
15.586;999;963;0;0
15.59;999;964;0;0
15.594;999;963;0;0
15.598;999;961;0;0
15.602;999;960;0;0
15.606;999;960;0;0
15.61;998;1149;0;0
15.614;998;1165;0;0
15.618;998;1181;0;0
15.622;998;1625;0;0
15.626;998;1713;0;0
15.63;998;1696;0;0
15.634;997;1270;0;0
15.638;996;984;0;0
15.642;996;722;0;0
15.646;995;442;0;0
15.65;994;418;0;0
15.654;993;412;0;0
15.658;993;379;0;0
15.662;992;338;0;0
15.666;990;338;0;0
15.67;988;324;0;0
15.674;987;292;0;0
15.678;985;290;0;0
15.682;982;242;0;0
15.686;979;253;0;0
15.69;975;213;0;0
15.694;972;219;0;0
15.698;968;203;0;0
15.702;964;201;0;0
15.706;960;171;0;0
15.71;955;180;0;0
15.714;951;162;0;0
15.718;943;147;0;0
15.722;935;162;0;0
15.726;926;154;0;0
15.73;917;136;0;0
15.734;908;147;0;0
15.738;898;147;0;0
15.742;891;131;0;0
15.746;876;121;0;0
15.75;868;139;0;0
15.754;852;144;0;0
15.758;840;129;0;0
15.762;827;115;0;0
15.766;809;109;0;0
15.77;790;104;0;0
15.774;770;97;0;0
15.778;755;101;0;0
15.782;734;106;0;0
15.786;718;108;0;0
15.79;695;108;0;0
15.794;673;106;0;0
15.798;643;99;0;0
15.802;619;96;0;0
15.806;594;95;0;0
15.81;568;95;0;0
15.814;542;95;0;0
15.818;509;89;0;0
15.822;481;85;0;0
15.826;453;83;0;0
15.83;425;82;0;0
15.834;389;84;0;0
15.838;353;87;0;0
15.842;316;84;0;0
15.846;278;79;0;0
15.85;248;81;0;0
15.854;218;82;0;0
15.858;187;82;0;0
15.862;140;87;0;0
15.866;109;90;0;0
15.87;62;82;0;0
15.874;31;79;0;0
15.878;-7;81;0;0
15.882;-39;85;0;0
15.886;-70;90;0;0
15.89;-109;91;0;0
15.894;-148;83;0;0
15.898;-187;79;0;0
15.902;-218;79;0;0
15.906;-248;80;0;0
15.91;-286;83;0;0
15.914;-316;84;0;0
15.918;-353;92;0;0
15.922;-382;99;0;0
15.926;-418;97;0;0
15.93;-446;94;0;0
15.934;-481;90;0;0
15.938;-509;88;0;0
15.942;-529;92;0;0
15.946;-555;93;0;0
15.95;-581;93;0;0
15.954;-612;90;0;0
15.958;-637;87;0;0
15.962;-655;93;0;0
15.966;-678;101;0;0
15.97;-695;116;0;0
15.974;-718;121;0;0
15.978;-734;114;0;0
15.982;-755;110;0;0
15.986;-770;106;0;0
15.99;-790;104;0;0
15.994;-809;107;0;0
15.998;-818;131;0;0
16.002;-827;135;0;0
16.006;-840;147;0;0
16.01;-848;154;0;0
16.014;-860;141;0;0
16.018;-872;144;0;0
16.022;-883;152;0;0
16.026;-891;147;0;0
16.03;-898;180;0;0
16.034;-904;190;0;0
16.038;-908;202;0;0
16.042;-914;209;0;0
16.046;-920;214;0;0
16.05;-926;170;0;0
16.054;-929;135;0;0
16.058;-932;213;0;0
16.062;-935;282;0;0
16.066;-938;306;0;0
16.07;-940;339;0;0
16.074;-943;382;0;0
16.078;-946;421;0;0
16.082;-948;320;0;0
16.086;-948;260;0;0
16.09;-951;319;0;0
16.094;-951;335;0;0
16.098;-951;343;0;0
16.102;-951;351;0;0
16.106;-951;360;0;0
16.11;-951;360;0;0
16.114;-948;465;0;0
16.118;-946;1009;0;0
16.122;-946;1261;0;0
16.126;-943;1208;0;0
16.13;-940;873;0;0
16.134;-940;745;0;0
16.138;-935;664;0;0
16.142;-932;436;0;0
16.146;-929;353;0;0
16.15;-926;339;0;0
16.154;-920;334;0;0
16.158;-917;315;0;0
16.162;-911;305;0;0
16.166;-908;282;0;0
16.17;-901;259;0;0
16.174;-894;234;0;0
16.178;-883;193;0;0
16.182;-876;173;0;0
16.186;-868;181;0;0
16.19;-860;172;0;0
16.194;-848;122;0;0
16.198;-840;152;0;0
16.202;-827;150;0;0
16.206;-813;137;0;0
16.21;-799;141;0;0
16.214;-790;137;0;0
16.218;-775;136;0;0
16.222;-760;150;0;0
16.226;-750;139;0;0
16.23;-728;124;0;0
16.234;-707;120;0;0
16.238;-690;116;0;0
16.242;-673;115;0;0
16.246;-649;115;0;0
16.25;-625;122;0;0
16.254;-606;118;0;0
16.258;-587;106;0;0
16.262;-562;102;0;0
16.266;-535;102;0;0
16.27;-509;98;0;0
16.274;-488;102;0;0
16.278;-460;102;0;0
16.282;-432;101;0;0
16.286;-404;103;0;0
16.29;-375;107;0;0
16.294;-353;112;0;0
16.298;-316;100;0;0
16.302;-286;95;0;0
16.306;-248;95;0;0
16.31;-218;91;0;0
16.314;-195;105;0;0
16.318;-164;73;0;0
16.322;-133;81;0;0
16.326;-94;85;0;0
16.33;-70;91;0;0
16.334;-39;94;0;0
16.338;-7;96;0;0
16.342;31;86;0;0
16.346;62;89;0;0
16.35;94;91;0;0
16.354;125;90;0;0
16.358;156;92;0;0
16.362;187;96;0;0
16.366;218;95;0;0
16.37;241;99;0;0
16.374;271;104;0;0
16.378;294;111;0;0
16.382;323;116;0;0
16.386;346;114;0;0
16.39;375;114;0;0
16.394;397;113;0;0
16.398;418;120;0;0
16.402;439;131;0;0
16.406;460;131;0;0
16.41;481;125;0;0
16.414;502;135;0;0
16.418;515;144;0;0
16.422;535;140;0;0
16.426;549;159;0;0
16.43;568;160;0;0
16.434;581;184;0;0
16.438;587;180;0;0
16.442;600;215;0;0
16.446;612;218;0;0
16.45;619;228;0;0
16.454;631;275;0;0
16.458;637;268;0;0
16.462;643;289;0;0
16.466;649;342;0;0
16.47;649;366;0;0
16.474;661;282;0;0
16.478;661;244;0;0
16.482;661;241;0;0
16.486;661;234;0;0
16.49;661;212;0;0
16.494;661;212;0;0
16.498;661;212;0;0
16.502;661;212;0;0
16.506;661;212;0;0
16.51;655;629;0;0
16.514;649;1238;0;0
16.518;643;1073;0;0
16.522;637;575;0;0
16.526;637;429;0;0
16.53;625;550;0;0
16.534;612;315;0;0
16.538;612;304;0;0
16.542;600;317;0;0
16.546;587;273;0;0
16.55;581;258;0;0
16.554;562;222;0;0
16.558;555;227;0;0
16.562;542;223;0;0
16.566;535;204;0;0
16.57;522;223;0;0
16.574;509;205;0;0
16.578;495;215;0;0
16.582;481;196;0;0
16.586;460;189;0;0
16.59;446;185;0;0
16.594;425;167;0;0
16.598;411;181;0;0
16.602;397;166;0;0
16.606;382;175;0;0
16.61;368;163;0;0
16.614;346;163;0;0
16.618;331;169;0;0
16.622;309;165;0;0
16.626;294;186;0;0
16.63;278;176;0;0
16.634;263;193;0;0
16.638;248;185;0;0
16.642;233;204;0;0
16.646;218;184;0;0
16.65;202;199;0;0
16.654;187;194;0;0
16.658;179;205;0;0
16.662;164;173;0;0
16.666;156;141;0;0
16.67;140;214;0;0
16.674;125;221;0;0
16.678;117;225;0;0
16.682;101;237;0;0
16.686;94;245;0;0
16.69;86;291;0;0
16.694;78;323;0;0
16.698;70;342;0;0
16.702;62;357;0;0
16.706;62;368;0;0
16.71;54;422;0;0
16.714;47;491;0;0
16.718;39;519;0;0
16.722;31;532;0;0
16.726;31;544;0;0
16.73;31;548;0;0
16.734;31;548;0;0
16.738;31;548;0;0
16.742;23;747;0;0
16.746;23;764;0;0
16.75;23;796;0;0
16.754;23;813;0;0
16.758;31;798;0;0
16.762;31;789;0;0
16.766;31;787;0;0
16.77;31;783;0;0
16.774;31;783;0;0
16.778;39;1326;0;0
16.782;39;1349;0;0
16.786;47;1291;0;0
16.79;47;1328;0;0
16.794;54;854;0;0
16.798;62;792;0;0
16.802;62;776;0;0
16.806;62;732;0;0
16.81;78;714;0;0
16.814;78;758;0;0
16.818;86;703;0;0
16.822;94;557;0;0
16.826;94;527;0;0
16.83;101;519;0;0
16.834;109;533;0;0
16.838;117;516;0;0
16.842;125;479;0;0
16.846;125;466;0;0
16.85;133;489;0;0
16.854;140;327;0;0
16.858;148;288;0;0
16.862;156;376;0;0
16.866;156;415;0;0
16.87;164;435;0;0
16.874;171;458;0;0
16.878;179;445;0;0
16.882;187;431;0;0
16.886;195;452;0;0
16.89;202;485;0;0
16.894;202;494;0;0
16.898;210;480;0;0
16.902;218;468;0;0
16.906;218;467;0;0
16.91;225;502;0;0
16.914;233;546;0;0
16.918;241;529;0;0
16.922;248;479;0;0
16.926;256;479;0;0
16.93;263;367;0;0
16.934;271;278;0;0
16.938;278;346;0;0
16.942;278;376;0;0
16.946;286;403;0;0
16.95;294;465;0;0
16.954;301;504;0;0
16.958;301;521;0;0
16.962;309;531;0;0
16.966;309;533;0;0
16.97;316;601;0;0
16.974;316;635;0;0
16.978;323;702;0;0
16.982;323;741;0;0
16.986;331;739;0;0
16.99;331;746;0;0
16.994;338;761;0;0
16.998;338;760;0;0
17.002;338;758;0;0
17.006;338;759;0;0
17.01;338;759;0;0
17.014;338;759;0;0
17.018;338;759;0;0
17.022;338;759;0;0
17.026;338;759;0;0
17.03;338;759;0;0
17.034;338;759;0;0
17.038;338;759;0;0
17.042;338;759;0;0
17.046;338;759;0;0
17.05;338;759;0;0
17.054;338;759;0;0
17.058;338;759;0;0
17.062;338;759;0;0
17.066;338;759;0;0
17.07;331;1505;0;0
17.074;331;1878;0;0
17.078;323;2956;0;0
17.082;323;3757;0;0
17.086;323;4094;0;0
17.09;316;3521;0;0
17.094;309;2226;0;0
17.098;309;1665;0;0
17.102;309;1462;0;0
17.106;301;1216;0;0
17.11;294;967;0;0
17.114;294;832;0;0
17.118;286;740;0;0
17.122;278;618;0;0
17.126;278;564;0;0
17.13;271;556;0;0
17.134;263;570;0;0
17.138;256;424;0;0
17.142;256;358;0;0
17.146;248;356;0;0
17.15;248;347;0;0
17.154;248;314;0;0
17.158;241;542;0;0
17.162;241;656;0;0
17.166;233;799;0;0
17.17;233;885;0;0
17.174;233;928;0;0
17.178;233;970;0;0
17.182;225;1085;0;0
17.186;225;1149;0;0
17.19;225;1162;0;0
17.194;225;1174;0;0
17.198;218;1311;0;0
17.202;218;1386;0;0
17.206;218;1417;0;0
17.21;218;1432;0;0
17.214;210;958;0;0
17.218;210;917;0;0
17.222;202;772;0;0
17.226;202;680;0;0
17.23;195;626;0;0
17.234;187;475;0;0
17.238;187;393;0;0
17.242;179;538;0;0
17.246;179;608;0;0
17.25;171;639;0;0
17.254;171;657;0;0
17.258;164;665;0;0
17.262;156;643;0;0
17.266;156;622;0;0
17.27;148;615;0;0
17.274;140;628;0;0
17.278;133;596;0;0
17.282;133;581;0;0
17.286;133;578;0;0
17.29;133;576;0;0
17.294;125;722;0;0
17.298;125;735;0;0
17.302;125;747;0;0
17.306;133;624;0;0
17.31;140;811;0;0
17.314;148;912;0;0
17.318;156;652;0;0
17.322;171;477;0;0
17.326;187;373;0;0
17.33;195;306;0;0
17.334;210;258;0;0
17.338;218;233;0;0
17.342;241;208;0;0
17.346;256;196;0;0
17.35;278;139;0;0
17.354;294;163;0;0
17.358;309;165;0;0
17.362;323;179;0;0
17.366;338;130;0;0
17.37;353;230;0;0
17.374;368;220;0;0
17.378;368;219;0;0
17.382;382;254;0;0
17.386;397;258;0;0
17.39;397;249;0;0
17.394;411;323;0;0
17.398;418;322;0;0
17.402;425;313;0;0
17.406;425;313;0;0
17.41;439;424;0;0
17.414;439;475;0;0
17.418;439;486;0;0
17.422;439;498;0;0
17.426;439;511;0;0
17.43;439;524;0;0
17.434;439;524;0;0
17.438;439;524;0;0
17.442;439;524;0;0
17.446;432;822;0;0
17.45;432;971;0;0
17.454;425;1435;0;0
17.458;425;1685;0;0
17.462;425;1775;0;0
17.466;418;1659;0;0
17.47;411;1116;0;0
17.474;404;815;0;0
17.478;397;420;0;0
17.482;397;339;0;0
17.486;389;495;0;0
17.49;382;532;0;0
17.494;382;565;0;0
17.498;375;554;0;0
17.502;375;559;0;0
17.506;368;591;0;0
17.51;368;607;0;0
17.514;368;606;0;0
17.518;368;606;0;0
17.522;382;801;0;0
17.526;382;900;0;0
17.53;397;625;0;0
17.534;397;499;0;0
17.538;404;510;0;0
17.542;411;531;0;0
17.546;425;363;0;0
17.55;425;359;0;0
17.554;432;382;0;0
17.558;439;419;0;0
17.562;446;415;0;0
17.566;453;409;0;0
17.57;453;411;0;0
17.574;446;437;0;0
17.578;446;436;0;0
17.582;439;605;0;0
17.586;439;691;0;0
17.59;439;713;0;0
17.594;432;833;0;0
17.598;425;802;0;0
17.602;425;784;0;0
17.606;418;564;0;0
17.61;411;433;0;0
17.614;397;416;0;0
17.618;397;391;0;0
17.622;389;274;0;0
17.626;382;244;0;0
17.63;368;310;0;0
17.634;368;333;0;0
17.638;353;225;0;0
17.642;353;237;0;0
17.646;346;323;0;0
17.65;338;339;0;0
17.654;338;333;0;0
17.658;331;412;0;0
17.662;323;530;0;0
17.666;331;487;0;0
17.67;331;460;0;0
17.674;338;513;0;0
17.678;338;534;0;0
17.682;353;542;0;0
17.686;360;475;0;0
17.69;368;383;0;0
17.694;382;359;0;0
17.698;397;303;0;0
17.702;404;285;0;0
17.706;411;289;0;0
17.71;425;270;0;0
17.714;425;258;0;0
17.718;432;342;0;0
17.722;432;381;0;0
17.726;439;509;0;0
17.73;439;578;0;0
17.734;439;602;0;0
17.738;439;627;0;0
17.742;439;642;0;0
17.746;439;656;0;0
17.75;439;656;0;0
17.754;432;898;0;0
17.758;425;1410;0;0
17.762;425;1528;0;0
17.766;418;1417;0;0
17.77;411;1099;0;0
17.774;411;940;0;0
17.778;404;692;0;0
17.782;397;485;0;0
17.786;397;379;0;0
17.79;382;518;0;0
17.794;382;513;0;0
17.798;368;286;0;0
17.802;368;266;0;0
17.806;360;359;0;0
17.81;353;410;0;0
17.814;346;379;0;0
17.818;338;344;0;0
17.822;331;361;0;0
17.826;323;395;0;0
17.83;316;388;0;0
17.834;309;391;0;0
17.838;309;396;0;0
17.842;309;400;0;0
17.846;309;402;0;0
17.85;316;498;0;0
17.854;323;772;0;0
17.858;331;799;0;0
17.862;338;559;0;0
17.866;360;363;0;0
17.87;368;312;0;0
17.874;382;250;0;0
17.878;397;218;0;0
17.882;404;219;0;0
17.886;425;216;0;0
17.89;425;210;0;0
17.894;439;247;0;0
17.898;453;247;0;0
17.902;453;240;0;0
17.906;460;305;0;0
17.91;467;423;0;0
17.914;467;475;0;0
17.918;467;491;0;0
17.922;467;509;0;0
17.926;467;527;0;0
17.93;467;537;0;0
17.934;467;537;0;0
17.938;467;537;0;0
17.942;460;763;0;0
17.946;453;1238;0;0
17.95;453;1520;0;0
17.954;453;1593;0;0
17.958;446;1499;0;0
17.962;439;1165;0;0
17.966;432;924;0;0
17.97;425;655;0;0
17.974;425;579;0;0
17.978;418;394;0;0
17.982;411;318;0;0
17.986;404;298;0;0
17.99;397;248;0;0
17.994;389;324;0;0
17.998;382;392;0;0
18.002;368;339;0;0
18.006;368;348;0;0
18.01;368;343;0;0
18.014;368;337;0;0
18.018;368;331;0;0
18.022;368;331;0;0
18.026;375;543;0;0
18.03;382;565;0;0
18.034;397;408;0;0
18.038;404;338;0;0
18.042;411;341;0;0
18.046;425;284;0;0
18.05;432;266;0;0
18.054;446;271;0;0
18.058;453;248;0;0
18.062;467;294;0;0
18.066;467;319;0;0
18.07;474;320;0;0
18.074;481;370;0;0
18.078;481;399;0;0
18.082;481;411;0;0
18.086;481;416;0;0
18.09;481;422;0;0
18.094;481;428;0;0
18.098;474;562;0;0
18.102;467;939;0;0
18.106;460;765;0;0
18.11;453;506;0;0
18.114;446;510;0;0
18.118;439;550;0;0
18.122;432;475;0;0
18.126;425;418;0;0
18.13;425;393;0;0
18.134;418;427;0;0
18.138;411;477;0;0
18.142;404;460;0;0
18.146;397;414;0;0
18.15;389;303;0;0
18.154;375;333;0;0
18.158;368;324;0;0
18.162;360;313;0;0
18.166;353;328;0;0
18.17;338;299;0;0
18.174;331;302;0;0
18.178;323;312;0;0
18.182;309;288;0;0
18.186;301;292;0;0
18.19;294;324;0;0
18.194;286;325;0;0
18.198;278;313;0;0
18.202;271;355;0;0
18.206;263;429;0;0
18.21;263;460;0;0
18.214;256;456;0;0
18.218;248;457;0;0
18.222;248;460;0;0
18.226;248;457;0;0
18.23;241;347;0;0
18.234;241;292;0;0
18.238;241;278;0;0
18.242;241;265;0;0
18.246;241;251;0;0
18.25;241;238;0;0
18.254;248;527;0;0
18.258;248;672;0;0
18.262;248;743;0;0
18.266;256;1267;0;0
18.27;263;1472;0;0
18.274;278;895;0;0
18.278;278;631;0;0
18.282;294;515;0;0
18.286;309;426;0;0
18.29;309;359;0;0
18.294;323;225;0;0
18.298;338;232;0;0
18.302;346;249;0;0
18.306;360;266;0;0
18.31;368;248;0;0
18.314;375;266;0;0
18.318;382;295;0;0
18.322;397;290;0;0
18.326;397;284;0;0
18.33;411;348;0;0
18.334;418;373;0;0
18.338;425;368;0;0
18.342;425;368;0;0
18.346;425;374;0;0
18.35;432;471;0;0
18.354;432;515;0;0
18.358;439;694;0;0
18.362;439;789;0;0
18.366;432;657;0;0
18.37;432;607;0;0
18.374;425;714;0;0
18.378;425;768;0;0
18.382;425;761;0;0
18.386;418;877;0;0
18.39;411;820;0;0
18.394;404;659;0;0
18.398;397;514;0;0
18.402;397;492;0;0
18.406;382;512;0;0
18.41;382;516;0;0
18.414;375;491;0;0
18.418;368;447;0;0
18.422;368;432;0;0
18.426;360;461;0;0
18.43;353;536;0;0
18.434;353;565;0;0
18.438;353;573;0;0
18.442;360;552;0;0
18.446;368;694;0;0
18.45;368;785;0;0
18.454;375;858;0;0
18.458;382;747;0;0
18.462;389;579;0;0
18.466;397;460;0;0
18.47;404;439;0;0
18.474;411;449;0;0
18.478;425;385;0;0
18.482;425;380;0;0
18.486;425;385;0;0
18.49;425;386;0;0
18.494;425;383;0;0
18.498;432;535;0;0
18.502;432;631;0;0
18.506;425;535;0;0
18.51;425;496;0;0
18.514;425;501;0;0
18.518;425;486;0;0
18.522;425;472;0;0
18.526;411;1271;0;0
18.53;411;1391;0;0
18.534;404;898;0;0
18.538;397;795;0;0
18.542;397;696;0;0
18.546;397;628;0;0
18.55;389;604;0;0
18.554;382;662;0;0
18.558;382;690;0;0
18.562;375;450;0;0
18.566;368;409;0;0
18.57;368;374;0;0
18.574;368;349;0;0
18.578;360;516;0;0
18.582;353;627;0;0
18.586;346;581;0;0
18.59;338;504;0;0
18.594;338;488;0;0
18.598;323;508;0;0
18.602;316;366;0;0
18.606;309;268;0;0
18.61;309;240;0;0
18.614;294;352;0;0
18.618;286;368;0;0
18.622;278;320;0;0
18.626;271;325;0;0
18.63;263;354;0;0
18.634;248;329;0;0
18.638;241;316;0;0
18.642;233;327;0;0
18.646;218;298;0;0
18.65;218;279;0;0
18.654;202;333;0;0
18.658;202;357;0;0
18.662;195;394;0;0
18.666;187;427;0;0
18.67;187;448;0;0
18.674;187;453;0;0
18.678;187;459;0;0
18.682;195;579;0;0
18.686;202;894;0;0
18.69;218;593;0;0
18.694;233;409;0;0
18.698;248;331;0;0
18.702;263;259;0;0
18.706;286;180;0;0
18.71;309;137;0;0
18.714;331;144;0;0
18.718;346;141;0;0
18.722;368;135;0;0
18.726;382;154;0;0
18.73;404;154;0;0
18.734;425;143;0;0
18.738;446;162;0;0
18.742;453;152;0;0
18.746;467;174;0;0
18.75;481;179;0;0
18.754;495;231;0;0
18.758;502;252;0;0
18.762;509;254;0;0
18.766;515;305;0;0
18.77;515;262;0;0
18.774;522;239;0;0
18.778;522;235;0;0
18.782;515;231;0;0
18.786;515;227;0;0
18.79;509;495;0;0
18.794;509;518;0;0
18.798;509;541;0;0
18.802;502;819;0;0
18.806;495;865;0;0
18.81;488;700;0;0
18.814;481;562;0;0
18.818;481;521;0;0
18.822;467;499;0;0
18.826;467;478;0;0
18.83;453;401;0;0
18.834;453;363;0;0
18.838;439;410;0;0
18.842;439;428;0;0
18.846;425;366;0;0
18.85;425;368;0;0
18.854;418;389;0;0
18.858;411;429;0;0
18.862;411;435;0;0
18.866;411;441;0;0
18.87;411;446;0;0
18.874;411;450;0;0
18.878;425;986;0;0
18.882;425;1030;0;0
18.886;432;938;0;0
18.89;446;568;0;0
18.894;453;469;0;0
18.898;467;338;0;0
18.902;481;255;0;0
18.906;481;222;0;0
18.91;495;289;0;0
18.914;495;321;0;0
18.918;502;356;0;0
18.922;509;412;0;0
18.926;509;444;0;0
18.93;509;462;0;0
18.934;515;555;0;0
18.938;515;606;0;0
18.942;515;631;0;0
18.946;515;642;0;0
18.95;509;664;0;0
18.954;509;670;0;0
18.958;509;672;0;0
18.962;502;1080;0;0
18.966;502;1334;0;0
18.97;495;1432;0;0
18.974;495;1506;0;0
18.978;488;764;0;0
18.982;481;611;0;0
18.986;481;504;0;0
18.99;481;427;0;0
18.994;474;536;0;0
18.998;467;620;0;0
19.002;460;446;0;0
19.006;453;316;0;0
19.01;453;286;0;0
19.014;446;414;0;0
19.018;439;501;0;0
19.022;439;513;0;0
19.026;446;511;0;0
19.03;453;627;0;0
19.034;453;678;0;0
19.038;467;538;0;0
19.042;474;404;0;0
19.046;481;330;0;0
19.05;495;311;0;0
19.054;509;262;0;0
19.058;515;260;0;0
19.062;529;265;0;0
19.066;535;256;0;0
19.07;542;273;0;0
19.074;549;316;0;0
19.078;562;305;0;0
19.082;562;298;0;0
19.086;568;359;0;0
19.09;568;392;0;0
19.094;575;521;0;0
19.098;575;586;0;0
19.102;575;631;0;0
19.106;575;646;0;0
19.11;568;633;0;0
19.114;568;619;0;0
19.118;562;880;0;0
19.122;562;1009;0;0
19.126;562;1038;0;0
19.13;562;1068;0;0
19.134;555;1240;0;0
19.138;549;1191;0;0
19.142;549;1131;0;0
19.146;542;886;0;0
19.15;535;669;0;0
19.154;535;636;0;0
19.158;529;625;0;0
19.162;522;645;0;0
19.166;522;646;0;0
19.17;515;594;0;0
19.174;515;592;0;0
19.178;515;587;0;0
19.182;515;581;0;0
19.186;522;653;0;0
19.19;522;689;0;0
19.194;529;914;0;0
19.198;535;973;0;0
19.202;542;627;0;0
19.206;549;595;0;0
19.21;555;535;0;0
19.214;562;437;0;0
19.218;568;399;0;0
19.222;575;271;0;0
19.226;581;239;0;0
19.23;587;361;0;0
19.234;587;360;0;0
19.238;587;370;0;0
19.242;587;380;0;0
19.246;587;392;0;0
19.25;587;392;0;0
19.254;587;392;0;0
19.258;587;392;0;0
19.262;581;698;0;0
19.266;581;851;0;0
19.27;575;1317;0;0
19.274;575;1569;0;0
19.278;568;1427;0;0
19.282;562;1028;0;0
19.286;562;865;0;0
19.29;555;840;0;0
19.294;549;715;0;0
19.298;549;671;0;0
19.302;542;634;0;0
19.306;535;580;0;0
19.31;535;559;0;0
19.314;529;585;0;0
19.318;522;613;0;0
19.322;515;560;0;0
19.326;509;484;0;0
19.33;509;453;0;0
19.334;502;458;0;0
19.338;495;471;0;0
19.342;481;402;0;0
19.346;481;369;0;0
19.35;467;403;0;0
19.354;460;371;0;0
19.358;453;307;0;0
19.362;439;343;0;0
19.366;432;321;0;0
19.37;425;291;0;0
19.374;418;302;0;0
19.378;404;308;0;0
19.382;397;273;0;0
19.386;382;300;0;0
19.39;375;298;0;0
19.394;368;273;0;0
19.398;353;295;0;0
19.402;346;297;0;0
19.406;338;280;0;0
19.41;323;307;0;0
19.414;316;309;0;0
19.418;309;294;0;0
19.422;301;306;0;0
19.426;294;335;0;0
19.43;278;301;0;0
19.434;271;332;0;0
19.438;263;366;0;0
19.442;256;277;0;0
19.446;248;219;0;0
19.45;241;298;0;0
19.454;233;351;0;0
19.458;218;321;0;0
19.462;218;303;0;0
19.466;202;357;0;0
19.47;195;376;0;0
19.474;187;357;0;0
19.478;179;370;0;0
19.482;171;407;0;0
19.486;164;409;0;0
19.49;156;393;0;0
19.494;156;389;0;0
19.498;148;423;0;0
19.502;140;474;0;0
19.506;133;480;0;0
19.51;125;463;0;0
19.514;125;460;0;0
19.518;125;465;0;0
19.522;117;352;0;0
19.526;109;373;0;0
19.53;109;398;0;0
19.534;109;394;0;0
19.538;101;657;0;0
19.542;101;689;0;0
19.546;94;732;0;0
19.55;94;764;0;0
19.554;94;789;0;0
19.558;94;792;0;0
19.562;94;794;0;0
19.566;94;797;0;0
19.57;94;797;0;0
19.574;94;797;0;0
19.578;94;797;0;0
19.582;94;797;0;0
19.586;94;797;0;0
19.59;94;797;0;0
19.594;94;797;0;0
19.598;94;797;0;0
19.602;94;797;0;0
19.606;94;797;0;0
19.61;94;797;0;0
19.614;94;797;0;0
19.618;101;1508;0;0
19.622;101;1863;0;0
19.626;101;1952;0;0
19.63;109;1860;0;0
19.634;109;1924;0;0
19.638;109;1901;0;0
19.642;109;1857;0;0
19.646;109;1857;0;0
19.65;117;1325;0;0
19.654;117;1059;0;0
19.658;117;993;0;0
19.662;125;1445;0;0
19.666;125;1427;0;0
19.67;125;1476;0;0
19.674;125;1524;0;0
19.678;125;1572;0;0
19.682;125;1572;0;0
19.686;125;1572;0;0
19.69;125;1572;0;0
19.694;125;1572;0;0
19.698;133;1839;0;0
19.702;133;1861;0;0
19.706;133;1883;0;0
19.71;133;1906;0;0
19.714;133;1928;0;0
19.718;133;1928;0;0
19.722;133;1928;0;0
19.726;133;1928;0;0
19.73;133;1928;0;0
19.734;133;1928;0;0
19.738;133;1928;0;0
19.742;133;1928;0;0
19.746;133;1928;0;0
19.75;133;1928;0;0
19.754;133;1928;0;0
19.758;133;1928;0;0
19.762;133;1928;0;0
19.766;133;1928;0;0
19.77;133;1928;0;0
19.774;133;1928;0;0
19.778;133;1928;0;0
19.782;125;2430;0;0
19.786;125;2681;0;0
19.79;125;2744;0;0
19.794;125;2806;0;0
19.798;125;2868;0;0
19.802;125;2931;0;0
19.806;125;2931;0;0
19.81;125;2931;0;0
19.814;125;2931;0;0
19.818;117;2346;0;0
19.822;117;2298;0;0
19.826;117;2250;0;0
19.83;109;1444;0;0
19.834;109;1386;0;0
19.838;109;1327;0;0
19.842;109;1269;0;0
19.846;109;1210;0;0
19.85;101;1809;0;0
19.854;101;1859;0;0
19.858;101;1908;0;0
19.862;94;1723;0;0
19.866;94;1655;0;0
19.87;94;1626;0;0
19.874;94;1568;0;0
19.878;94;1538;0;0
19.882;86;1138;0;0
19.886;86;938;0;0
19.89;86;889;0;0
19.894;78;874;0;0
19.898;78;841;0;0
19.902;78;796;0;0
19.906;78;800;0;0
19.91;70;804;0;0
19.914;70;808;0;0
19.918;70;808;0;0
19.922;62;756;0;0
19.926;62;730;0;0
19.93;62;723;0;0
19.934;62;717;0;0
19.938;62;711;0;0
19.942;54;705;0;0
19.946;54;705;0;0
19.95;54;705;0;0
19.954;47;741;0;0
19.958;47;760;0;0
19.962;47;769;0;0
19.966;47;773;0;0
19.97;39;1097;0;0
19.974;39;1256;0;0
19.978;31;1213;0;0
19.982;31;1211;0;0
19.986;31;1270;0;0
19.99;31;1259;0;0
19.994;23;930;0;0
19.998;23;770;0;0
20.002;15;733;0;0
20.006;15;694;0;0
20.01;15;655;0;0
20.014;7;864;0;0
20.018;7;988;0;0
20.022;0;963;0;0
20.025;0;965;0;0
20.029;0;989;0;0
20.032;0;1013;0;0
20.036;0;1006;0;0
20.039;-7;1090;0;0
20.043;-7;1136;0;0
20.047;-7;1147;0;0
20.051;-15;1302;0;0
20.055;-15;1324;0;0
20.059;-15;1346;0;0
20.063;-23;1312;0;0
20.067;-23;1290;0;0
20.071;-23;1285;0;0
20.075;-31;1246;0;0
20.079;-31;1239;0;0
20.083;-31;1234;0;0
20.087;-31;1232;0;0
20.091;-31;1232;0;0
20.095;-31;1232;0;0
20.099;-31;1232;0;0
20.103;-39;938;0;0
20.107;-39;790;0;0
20.111;-39;754;0;0
20.115;-39;681;0;0
20.119;-39;644;0;0
20.123;-47;912;0;0
20.127;-47;1046;0;0
20.131;-47;1079;0;0
20.135;-47;1113;0;0
20.139;-47;1146;0;0
20.143;-47;1179;0;0
20.147;-47;1179;0;0
20.151;-47;1179;0;0
20.155;-47;1179;0;0
20.159;-47;1179;0;0
20.163;-39;1111;0;0
20.167;-39;1069;0;0
20.171;-39;1060;0;0
20.175;-39;1052;0;0
20.179;-39;1043;0;0
20.183;-39;1043;0;0
20.187;-39;1043;0;0
20.191;-39;1043;0;0
20.195;-39;1043;0;0
20.199;-31;2217;0;0
20.203;-31;2804;0;0
20.207;-31;3095;0;0
20.211;-31;3240;0;0
20.215;-31;3386;0;0
20.219;-31;3386;0;0
20.223;-31;3386;0;0
20.227;-31;3386;0;0
20.231;-31;3386;0;0
20.235;-31;3386;0;0
20.239;-31;3386;0;0
20.243;-31;3386;0;0
20.247;-31;3386;0;0
20.251;-31;3386;0;0
20.255;-31;3386;0;0
20.259;-31;3386;0;0
20.263;-31;3386;0;0
20.267;-31;3386;0;0
20.271;-31;3386;0;0
20.275;-31;3386;0;0
20.279;-31;3386;0;0
20.283;-31;3386;0;0
20.287;-31;3386;0;0
20.291;-31;3386;0;0
20.295;-31;3386;0;0
20.299;-31;3386;0;0
20.303;-23;5180;0;0
20.307;-23;5329;0;0
20.311;-23;5477;0;0
20.315;-23;5626;0;0
20.319;-23;5774;0;0
20.323;-23;5774;0;0
20.327;-23;5774;0;0
20.331;-23;5774;0;0
20.335;-23;5774;0;0
20.339;-23;5774;0;0
20.343;-23;5774;0;0
20.347;-23;4600;0;0
20.351;-15;4018;0;0
20.355;-15;3875;0;0
20.359;-15;3585;0;0
20.363;-15;3440;0;0
20.367;-15;3441;0;0
20.371;-15;3441;0;0
20.375;-15;3441;0;0
20.379;-15;3441;0;0
20.383;-15;3441;0;0
20.387;-15;3441;0;0
20.391;-15;3441;0;0
20.395;-15;3441;0;0
20.399;-15;3441;0;0
20.403;-15;3441;0;0
20.407;-15;3441;0;0
20.411;-15;3441;0;0
20.415;-15;3441;0;0
20.419;-7;3161;0;0
20.423;-7;3021;0;0
20.427;-7;2986;0;0
20.431;-7;2916;0;0
20.435;-7;2882;0;0
20.439;-7;2882;0;0
20.443;-7;2882;0;0
20.447;-7;2882;0;0
20.451;-7;2882;0;0
20.455;-7;2882;0;0
20.459;-7;2882;0;0
20.463;-7;2882;0;0
20.467;-7;2882;0;0
20.471;0;2877;0;0
20.474;0;2875;0;0
20.478;0;2874;0;0
20.481;0;2874;0;0
20.485;0;2873;0;0
20.488;0;2873;0;0
20.492;0;2873;0;0
20.495;0;2873;0;0
20.499;0;2873;0;0
20.502;0;2873;0;0
20.506;0;2873;0;0
20.509;0;2873;0;0
20.513;0;2873;0;0
20.517;0;2873;0;0
20.521;0;2873;0;0
20.525;0;2873;0;0
20.529;0;2873;0;0
20.532;0;2873;0;0
20.536;0;2873;0;0
20.539;0;2873;0;0
20.543;0;2873;0;0
20.546;0;2873;0;0
20.55;0;2873;0;0
20.553;0;2873;0;0
20.557;0;2873;0;0
20.56;0;2873;0;0
20.564;0;2873;0;0
20.567;0;2873;0;0
20.571;0;2873;0;0
20.574;0;2873;0;0
20.578;0;2873;0;0