t;e;d;i;set

0.534;-7;3;0;0
0.539;-7;3;0;0
0.544;-7;3;0;0
0.549;-7;3;0;0
0.554;-7;3;0;0
0.559;-7;3;0;0
0.564;-7;3;0;0
0.569;-7;3;0;0
0.574;-7;3;0;0
0.579;-7;3;0;0
0.584;-7;3;0;0
0.589;-7;3;0;0
0.594;-7;3;0;0
0.599;-7;3;0;0
0.604;-7;3;0;0
0.609;-7;3;0;0
0.614;-7;3;0;0
0.619;-7;3;0;0
0.624;-7;3;0;0
0.629;-7;3;0;0
0.634;-7;3;0;0
0.639;-7;3;0;0
0.644;-7;3;0;0
0.649;-7;3;0;0
0.654;-7;3;0;0
0.659;-7;3;0;0
0.664;-7;3;0;0
0.669;-7;3;0;0
0.674;-7;3;0;0
0.679;-7;3;0;0
0.684;-7;3;0;0
0.689;-7;3;0;0
0.694;-7;3;0;0
0.699;-7;3;0;0
0.704;-7;3;0;0
0.709;-7;3;0;0
0.714;-7;3;0;0
0.719;-7;3;0;0
0.724;-7;3;0;0
0.729;-7;3;0;0
0.734;-7;3;0;0
0.739;-7;3;0;0
0.744;-7;3;0;0
0.749;-7;3;0;0
0.754;-7;3;0;0
0.759;-7;3;0;0
0.764;-7;3;0;0
0.769;-7;3;0;0
0.774;-7;3;0;0
0.779;-7;3;0;0
0.784;-7;3;0;0
0.789;-7;3;0;0
0.794;-7;3;0;0
0.799;-7;3;0;0
0.804;-7;3;0;0
0.809;-7;3;0;0
0.814;-7;3;0;0
0.819;-7;3;0;0
0.824;-7;3;0;0
0.829;-7;3;0;0
0.834;-7;3;0;0
0.839;-7;3;0;0
0.844;-7;3;0;0
0.849;-7;3;0;0
0.854;-7;3;0;0
0.859;-7;3;0;0
0.864;-7;3;0;0
0.869;-7;3;0;0
0.874;-7;3;0;0
0.879;-7;3;0;0
0.884;-7;3;0;0
0.889;-7;3;0;0
0.894;-7;3;0;0
0.899;-7;3;0;0
0.904;-7;3;0;0
0.909;-7;3;0;0
0.914;-7;3;0;0
0.919;-7;3;0;0
0.924;-7;3;0;0
0.929;-7;3;0;0
0.934;-7;3;0;0
0.939;-7;3;0;0
0.944;-7;3;0;0
0.949;-7;3;0;0
0.954;-7;3;0;0
0.959;-7;3;0;0
0.964;-7;3;0;0
0.969;-7;3;0;0
0.974;-7;3;0;0
0.979;-7;3;0;0
0.984;-7;3;0;0
0.989;-7;3;0;0
0.994;-7;3;0;0
0.999;-7;3;0;0
1.004;-7;3;0;0
1.009;-7;3;0;0
1.014;-7;3;0;0
1.019;-7;3;0;0
1.024;-7;3;0;0
1.029;-7;3;0;0
1.034;-7;3;0;0
1.039;-7;3;0;0
1.044;-7;3;0;0
1.049;-7;3;0;0
1.054;-7;3;0;0
1.059;-7;3;0;0
1.064;-7;3;0;0
1.069;-7;3;0;0
1.074;-7;3;0;0
1.079;-7;3;0;0
1.084;-7;3;0;0
1.089;-7;3;0;0
1.094;-7;3;0;0
1.099;-7;3;0;0
1.104;-7;3;0;0
1.109;-7;3;0;0
1.114;-7;3;0;0
1.119;-7;3;0;0
1.124;-7;3;0;0
1.129;-7;3;0;0
1.134;-7;3;0;0
1.139;-7;3;0;0
1.144;-7;3;0;0
1.149;-7;3;0;0
1.154;-7;3;0;0
1.159;-7;3;0;0
1.164;-7;3;0;0
1.169;-7;3;0;0
1.174;-7;3;0;0
1.179;-7;3;0;0
1.184;-7;3;0;0
1.189;-7;3;0;0
1.194;-7;3;0;0
1.199;-7;3;0;0
1.204;-7;3;0;0
1.209;-7;3;0;0
1.214;-7;3;0;0
1.219;-7;3;0;0
1.224;-7;3;0;0
1.229;-7;3;0;0
1.234;-7;3;0;0
1.239;-7;3;0;0
1.244;-7;3;0;0
1.249;-7;3;0;0
1.254;-7;3;0;0
1.259;-7;3;0;0
1.264;-7;3;0;0
1.269;-7;3;0;0
1.274;-7;3;0;0
1.279;-7;3;0;0
1.284;-7;3;0;0
1.289;-7;3;0;0
1.294;-7;3;0;0
1.299;-7;3;0;0
1.304;-7;3;0;0
1.309;-7;3;0;0
1.314;-7;3;0;0
1.319;-7;3;0;0
1.324;-7;3;0;0
1.329;-7;3;0;0
1.334;-7;3;0;0
1.339;-7;3;0;0
1.344;-7;3;0;0
1.349;-7;3;0;0
1.354;-7;3;0;0
1.359;-7;3;0;0
1.364;-7;3;0;0
1.369;-7;3;0;0
1.374;-7;3;0;0
1.379;-7;3;0;0
1.384;-7;3;0;0
1.389;-7;3;0;0
1.394;-7;3;0;0
1.399;-7;3;0;0
1.404;-7;3;0;0
1.409;-7;3;0;0
1.414;-7;3;0;0
1.419;-7;3;0;0
1.424;-7;3;0;0
1.429;-7;3;0;0
1.434;-7;3;0;0
1.439;-7;3;0;0
1.444;-7;3;0;0
1.449;-7;3;0;0
1.454;-7;3;0;0
1.459;-7;3;0;0
1.464;-7;3;0;0
1.469;-7;3;0;0
1.474;-7;3;0;0
1.479;-7;3;0;0
1.484;-7;3;0;0
1.489;-7;3;0;0
1.494;-7;3;0;0
1.499;-7;3;0;0
1.504;-31;4;0;0
1.509;-62;9;0;0
1.514;-101;30;0;0
1.519;-133;35;0;0
1.524;-164;14;0;0
1.529;-195;-5;0;0
1.534;-225;-12;0;0
1.539;-248;-30;0;0
1.544;-271;-37;0;0
1.549;-301;-34;0;0
1.554;-323;-25;0;0
1.559;-338;-21;0;0
1.564;-360;-7;0;0
1.569;-375;18;0;0
1.574;-389;0;0;0
1.579;-404;6;0;0
1.584;-411;11;0;0
1.589;-425;-2;0;0
1.594;-432;-14;0;0
1.599;-439;-18;0;0
1.604;-446;-18;0;0
1.609;-446;-18;0;0
1.614;-446;-17;0;0
1.619;-446;-17;0;0
1.624;-432;-10;0;0
1.629;-432;-2;0;0
1.634;-425;3;0;0
1.639;-411;6;0;0
1.644;-404;-3;0;0
1.649;-389;2;0;0
1.654;-375;6;0;0
1.659;-360;-5;0;0
1.664;-346;-6;0;0
1.669;-323;1;0;0
1.674;-301;1;0;0
1.679;-278;10;0;0
1.684;-256;33;0;0
1.689;-233;44;0;0
1.694;-210;41;0;0
1.699;-179;37;0;0
1.704;-148;31;0;0
1.709;-125;9;0;0
1.714;-94;-3;0;0
1.719;-62;-20;0;0
1.724;-31;-19;0;0
1.729;-7;-20;0;0
1.734;23;-13;0;0
1.739;54;8;0;0
1.744;86;23;0;0
1.749;109;19;0;0
1.754;133;8;0;0
1.759;164;-15;0;0
1.764;195;-25;0;0
1.769;225;-25;0;0
1.774;241;-35;0;0
1.779;256;-22;0;0
1.784;278;-14;0;0
1.789;301;-24;0;0
1.794;316;-17;0;0
1.799;331;-11;0;0
1.804;346;-7;0;0
1.809;353;-4;0;0
1.814;368;-14;0;0
1.819;375;-20;0;0
1.824;382;-6;0;0
1.829;389;-4;0;0
1.834;397;0;0;0
1.839;397;3;0;0
1.844;397;5;0;0
1.849;397;5;0;0
1.854;397;6;0;0
1.859;389;3;0;0
1.864;382;2;0;0
1.869;375;1;0;0
1.874;360;-1;0;0
1.879;353;-4;0;0
1.884;346;-2;0;0
1.889;323;-2;0;0
1.894;309;-1;0;0
1.899;294;13;0;0
1.904;271;5;0;0
1.909;256;0;0;0
1.914;233;7;0;0
1.919;210;17;0;0
1.924;195;24;0;0
1.929;164;32;0;0
1.934;133;44;0;0
1.939;109;24;0;0
1.944;86;16;0;0
1.949;62;-28;0;0
1.954;39;-32;0;0
1.959;7;-14;0;0
1.964;-23;-2;0;0
1.969;-39;0;0;0
1.974;-70;16;0;0
1.979;-101;11;0;0
1.984;-117;26;0;0
1.989;-148;15;0;0
1.994;-171;8;0;0
1.999;-187;0;0;0
2.004;-210;13;0;0
2.009;-233;-10;0;0
2.014;-248;-18;0;0
2.019;-271;-22;0;0
2.024;-278;-20;0;0
2.029;-301;-19;0;0
2.034;-309;-13;0;0
2.039;-323;-10;0;0
2.044;-331;-11;0;0
2.049;-338;-7;0;0
2.054;-346;-1;0;0
2.059;-353;-1;0;0
2.064;-360;3;0;0
2.069;-360;6;0;0
2.074;-360;8;0;0
2.079;-360;9;0;0
2.084;-360;9;0;0
2.089;-353;9;0;0
2.094;-346;5;0;0
2.099;-338;3;0;0
2.104;-331;3;0;0
2.109;-323;5;0;0
2.114;-309;4;0;0
2.119;-301;1;0;0
2.124;-286;7;0;0
2.129;-271;17;0;0
2.134;-256;16;0;0
2.139;-241;24;0;0
2.144;-218;34;0;0
2.149;-202;9;0;0
2.154;-179;14;0;0
2.159;-156;12;0;0
2.164;-133;14;0;0
2.169;-117;1;0;0
2.174;-86;0;0;0
2.179;-62;-18;0;0
2.184;-39;-14;0;0
2.189;-23;-24;0;0
2.194;7;-23;0;0
2.199;23;-15;0;0
2.204;54;3;0;0
2.209;70;22;0;0
2.214;101;11;0;0
2.219;117;5;0;0
2.224;133;-5;0;0
2.229;164;-20;0;0
2.234;179;-29;0;0
2.239;195;-26;0;0