t;e;d;i;set

8.974;0;153;0;0
8.979;0;153;0;0
8.984;0;153;0;0
8.989;0;153;0;0
8.994;0;153;0;0
8.999;0;153;0;0
9.004;0;153;0;0
9.009;0;153;0;0
9.014;0;153;0;0
9.019;0;153;0;0
9.024;0;153;0;0
9.029;0;153;0;0
9.034;0;153;0;0
9.039;0;153;0;0
9.044;0;153;0;0
9.049;0;153;0;0
9.054;0;153;0;0
9.059;0;153;0;0
9.064;0;153;0;0
9.069;0;153;0;0
9.074;0;153;0;0
9.079;0;153;0;0
9.084;0;153;0;0
9.089;0;153;0;0
9.094;0;153;0;0
9.099;0;153;0;0
9.104;0;153;0;0
9.109;0;153;0;0
9.114;0;153;0;0
9.119;0;153;0;0
9.124;0;153;0;0
9.129;0;153;0;0
9.134;0;153;0;0
9.139;0;153;0;0
9.144;0;153;0;0
9.149;0;153;0;0
9.154;0;153;0;0
9.159;0;153;0;0
9.164;0;153;0;0
9.169;0;153;0;0
9.174;0;153;0;0
9.179;0;153;0;0
9.184;0;153;0;0
9.189;0;153;0;0
9.194;0;153;0;0
9.199;0;153;0;0
9.204;0;153;0;0
9.209;0;153;0;0
9.214;0;153;0;0
9.219;0;153;0;0
9.224;0;153;0;0
9.229;0;153;0;0
9.234;0;153;0;0
9.239;0;153;0;0
9.244;0;153;0;0
9.249;0;153;0;0
9.254;0;153;0;0
9.259;0;153;0;0
9.264;0;153;0;0
9.269;0;153;0;0
9.274;0;153;0;0
9.279;0;153;0;0
9.284;0;153;0;0
9.289;0;153;0;0
9.294;0;153;0;0
9.299;0;153;0;0
9.304;0;153;0;0
9.309;0;153;0;0
9.314;0;153;0;0
9.319;0;153;0;0
9.324;0;153;0;0
9.329;0;153;0;0
9.334;0;153;0;0
9.339;0;153;0;0
9.344;0;153;0;0
9.349;0;153;0;0
9.354;0;153;0;0
9.359;0;153;0;0
9.364;0;153;0;0
9.369;0;153;0;0
9.374;0;153;0;0
9.379;0;153;0;0
9.384;0;153;0;0
9.389;0;153;0;0
9.394;0;153;0;0
9.399;0;153;0;0
9.404;0;153;0;0
9.409;0;153;0;0
9.414;0;153;0;0
9.419;0;153;0;0
9.424;0;153;0;0
9.429;0;153;0;0
9.434;0;153;0;0
9.439;0;153;0;0
9.444;0;153;0;0
9.449;0;153;0;0
9.454;0;153;0;0
9.459;0;153;0;0
9.464;0;153;0;0
9.469;0;153;0;0
9.474;0;153;0;0
9.479;0;153;0;0
9.484;0;153;0;0
9.489;0;153;0;0
9.494;0;153;0;0
9.499;0;153;0;0
9.504;0;153;0;0
9.509;0;153;0;0
9.514;0;153;0;0
9.519;0;153;0;0
9.524;0;153;0;0
9.529;0;153;0;0
9.534;0;153;0;0
9.539;0;153;0;0
9.544;0;153;0;0
9.549;0;153;0;0
9.554;0;153;0;0
9.559;0;153;0;0
9.564;0;153;0;0
9.569;0;153;0;0
9.574;0;153;0;0
9.579;0;153;0;0
9.584;0;153;0;0
9.589;0;153;0;0
9.594;0;153;0;0
9.599;0;153;0;0
9.604;0;153;0;0
9.609;0;153;0;0
9.614;0;153;0;0
9.619;0;153;0;0
9.624;0;153;0;0
9.629;0;153;0;0
9.634;0;153;0;0
9.639;0;153;0;0
9.644;0;153;0;0
9.649;0;153;0;0
9.654;0;153;0;0
9.659;0;153;0;0
9.664;0;153;0;0
9.669;0;153;0;0
9.674;0;153;0;0
9.679;0;153;0;0
9.684;0;153;0;0
9.689;0;153;0;0
9.694;0;153;0;0
9.699;0;141;0;0
9.704;0;122;0;0
9.709;0;111;0;0
9.714;0;103;0;0
9.719;0;96;0;0
9.724;0;90;0;0
9.729;0;85;0;0
9.734;0;82;0;0
9.739;0;79;0;0
9.744;0;74;0;0
9.749;0;69;0;0
9.754;0;65;0;0
9.759;0;62;0;0
9.764;0;60;0;0
9.769;0;56;0;0
9.774;0;53;0;0
9.779;0;49;0;0
9.784;0;45;0;0
9.789;0;47;0;0
9.794;0;44;0;0
9.799;0;41;0;0
9.804;0;37;0;0
9.809;0;35;0;0
9.814;0;37;0;0
9.819;0;38;0;0
9.824;0;40;0;0
9.829;0;42;0;0
9.834;0;44;0;0
9.839;0;44;0;0
9.844;0;45;0;0
9.849;0;46;0;0
9.854;0;46;0;0
9.859;0;45;0;0
9.864;0;44;0;0
9.869;0;43;0;0
9.874;0;42;0;0
9.879;0;41;0;0
9.884;0;40;0;0
9.889;0;40;0;0
9.894;0;38;0;0
9.899;0;37;0;0
9.904;0;35;0;0
9.909;0;33;0;0
9.914;0;33;0;0
9.919;0;34;0;0
9.924;0;33;0;0
9.929;0;32;0;0
9.934;0;31;0;0
9.939;0;29;0;0
9.944;0;28;0;0
9.949;0;26;0;0
9.954;0;24;0;0
9.959;0;22;0;0
9.964;0;21;0;0
9.969;0;19;0;0
9.974;0;18;0;0
9.979;0;19;0;0
9.984;0;18;0;0
9.989;0;19;0;0
9.994;0;18;0;0
9.999;0;17;0;0
10.004;0;17;0;0
10.009;0;17;0;0
10.014;0;9;0;0
10.019;0;7;0;0
10.024;0;5;0;0
10.029;0;5;0;0
10.034;0;6;0;0
10.039;0;7;0;0
10.044;0;7;0;0
10.049;0;7;0;0
10.054;0;7;0;0
10.059;0;6;0;0
10.064;0;6;0;0
10.069;0;5;0;0
10.074;0;5;0;0
10.079;0;5;0;0
10.084;0;4;0;0
10.089;0;4;0;0
10.094;0;3;0;0
10.099;0;3;0;0
10.104;0;3;0;0
10.109;0;3;0;0
10.114;0;2;0;0
10.119;0;2;0;0
10.124;0;2;0;0
10.129;0;2;0;0
10.134;0;2;0;0
10.139;0;2;0;0
10.144;0;2;0;0
10.149;0;2;0;0
10.154;0;2;0;0
10.159;0;2;0;0
10.164;0;2;0;0
10.169;0;2;0;0
10.174;0;2;0;0
10.179;0;2;0;0
10.184;0;2;0;0
10.189;0;2;0;0
10.194;0;2;0;0
10.199;0;2;0;0
10.204;0;2;0;0
10.209;0;2;0;0
10.214;0;2;0;0
10.219;0;2;0;0
10.224;0;2;0;0
10.229;0;2;0;0
10.234;0;1;0;0
10.239;0;1;0;0
10.244;0;0;0;0
10.249;0;-2;0;0
10.254;0;-5;0;0
10.259;0;-8;0;0
10.264;0;-12;0;0
10.269;0;-17;0;0
10.274;0;-22;0;0
10.279;0;-28;0;0
10.284;0;-35;0;0
10.289;0;-43;0;0
10.294;0;-52;0;0
10.299;0;-61;0;0
10.304;0;-69;0;0
10.309;0;-80;0;0
10.314;0;-92;0;0
10.319;0;-102;0;0
10.324;0;-112;0;0
10.329;0;-120;0;0
10.334;0;-128;0;0
10.339;0;-137;0;0
10.344;0;-144;0;0
10.349;0;-150;0;0
10.354;0;-154;0;0
10.359;0;-155;0;0
10.364;0;-159;0;0
10.369;0;-161;0;0
10.374;0;-159;0;0
10.379;0;-154;0;0
10.384;0;-153;0;0
10.389;0;-148;0;0
10.394;0;-139;0;0
10.399;0;-132;0;0
10.404;0;-124;0;0
10.409;0;-115;0;0
10.414;0;-105;0;0
10.419;0;-98;0;0
10.424;0;-89;0;0
10.429;0;-81;0;0
10.434;0;-74;0;0
10.439;0;-66;0;0
10.444;0;-60;0;0
10.449;0;-54;0;0
10.454;0;-48;0;0
10.459;0;-42;0;0
10.464;0;-39;0;0
10.469;0;-35;0;0
10.474;0;-32;0;0
10.479;0;-29;0;0
10.484;0;-25;0;0
10.489;0;-21;0;0
10.494;0;-18;0;0
10.499;0;-13;0;0
10.504;0;-9;0;0
10.509;0;-4;0;0
10.514;0;0;0;0
10.519;0;5;0;0
10.524;0;11;0;0
10.529;0;18;0;0
10.534;0;25;0;0
10.539;0;32;0;0
10.544;0;42;0;0
10.549;0;50;0;0
10.554;0;60;0;0
10.559;0;69;0;0
10.564;0;77;0;0
10.569;0;86;0;0
10.574;0;97;0;0
10.579;0;107;0;0
10.584;0;115;0;0
10.589;0;122;0;0
10.594;0;127;0;0
10.599;0;136;0;0
10.604;0;142;0;0
10.609;0;144;0;0
10.614;0;143;0;0
10.619;0;146;0;0
10.624;0;145;0;0
10.629;0;142;0;0
10.634;0;138;0;0
10.639;0;135;0;0
10.644;0;130;0;0
10.649;0;124;0;0
10.654;0;118;0;0
10.659;0;111;0;0
10.664;0;104;0;0
10.669;0;98;0;0
10.674;0;91;0;0
10.679;0;84;0;0
10.684;0;80;0;0
10.689;0;73;0;0
10.694;0;67;0;0
10.699;0;63;0;0
10.704;0;57;0;0
10.709;0;52;0;0
10.714;0;46;0;0
10.719;0;42;0;0
10.724;0;39;0;0
10.729;0;34;0;0
10.734;0;28;0;0
10.739;0;23;0;0
10.744;0;18;0;0
10.749;0;13;0;0
10.754;0;8;0;0
10.759;0;3;0;0
10.764;0;-2;0;0
10.769;0;-9;0;0
10.774;0;-16;0;0
10.779;0;-22;0;0
10.784;0;-29;0;0
10.789;0;-37;0;0
10.794;0;-46;0;0
10.799;0;-55;0;0
10.804;0;-63;0;0
10.809;0;-72;0;0
10.814;0;-79;0;0
10.819;0;-87;0;0
10.824;0;-96;0;0
10.829;0;-102;0;0
10.834;0;-110;0;0
10.839;0;-116;0;0
10.844;0;-121;0;0
10.849;0;-126;0;0
10.854;0;-129;0;0
10.859;0;-135;0;0
10.864;0;-136;0;0
10.869;0;-134;0;0
10.874;0;-130;0;0
10.879;0;-127;0;0
10.884;0;-125;0;0
10.889;0;-122;0;0
10.894;0;-116;0;0
10.899;0;-110;0;0
10.904;0;-105;0;0
10.909;0;-98;0;0
10.914;0;-92;0;0
10.919;0;-90;0;0
10.924;0;-83;0;0
10.929;0;-76;0;0
10.934;0;-70;0;0
10.939;0;-64;0;0
10.944;0;-58;0;0
10.949;0;-56;0;0
10.954;0;-51;0;0
10.959;0;-46;0;0
10.964;0;-42;0;0
10.969;0;-38;0;0
10.974;0;-35;0;0
10.979;0;-31;0;0
10.984;0;-26;0;0
10.989;0;-21;0;0
10.994;0;-16;0;0
10.999;0;-10;0;0
11.004;0;-1;0;0
11.009;0;4;0;0
11.014;0;10;0;0
11.019;0;15;0;0
11.024;0;23;0;0
11.029;0;35;0;0
11.034;0;42;0;0
11.039;0;47;0;0
11.044;0;56;0;0
11.049;0;63;0;0
11.054;0;69;0;0
11.059;0;77;0;0
11.064;0;85;0;0
11.069;0;93;0;0
11.074;0;98;0;0
11.079;0;101;0;0
11.084;0;107;0;0
11.089;0;114;0;0
11.094;0;117;0;0
11.099;0;116;0;0
11.104;0;118;0;0
11.109;0;120;0;0
11.114;0;120;0;0
11.119;0;118;0;0
11.124;0;115;0;0
11.129;0;113;0;0
11.134;0;110;0;0
11.139;0;107;0;0
11.144;0;102;0;0
11.149;0;96;0;0
11.154;0;91;0;0
11.159;0;87;0;0
11.164;0;83;0;0
11.169;0;78;0;0
11.174;0;72;0;0
11.179;0;66;0;0
11.184;0;62;0;0
11.189;0;56;0;0
11.194;0;52;0;0
11.199;0;48;0;0
11.204;0;43;0;0
11.209;0;39;0;0
11.214;0;36;0;0
11.219;0;32;0;0
11.224;0;27;0;0
11.229;0;23;0;0
11.234;0;17;0;0
11.239;0;11;0;0
11.244;0;5;0;0
11.249;0;0;0;0
11.254;0;-6;0;0
11.259;0;-12;0;0
11.264;0;-19;0;0
11.269;0;-31;0;0
11.274;0;-37;0;0
11.279;0;-44;0;0
11.284;0;-50;0;0
11.289;0;-56;0;0
11.294;0;-61;0;0
11.299;0;-67;0;0
11.304;0;-74;0;0
11.309;0;-80;0;0
11.314;0;-86;0;0
11.319;0;-90;0;0
11.324;0;-94;0;0
11.329;0;-97;0;0
11.334;0;-101;0;0
11.339;0;-104;0;0
11.344;0;-107;0;0
11.349;0;-108;0;0
11.354;0;-107;0;0
11.359;0;-106;0;0
11.364;0;-104;0;0
11.369;0;-102;0;0
11.374;0;-100;0;0
11.379;0;-98;0;0
11.384;0;-94;0;0
11.389;0;-90;0;0
11.394;0;-85;0;0
11.399;0;-81;0;0
11.404;0;-77;0;0
11.409;0;-71;0;0
11.414;0;-66;0;0
11.419;0;-62;0;0
11.424;0;-57;0;0
11.429;0;-53;0;0
11.434;0;-49;0;0
11.439;0;-44;0;0
11.444;0;-40;0;0
11.449;0;-37;0;0
11.454;0;-34;0;0
11.459;0;-30;0;0
11.464;0;-25;0;0
11.469;0;-21;0;0
11.474;0;-16;0;0
11.479;0;-10;0;0
11.484;0;-4;0;0
11.489;0;1;0;0
11.494;0;7;0;0
11.499;0;12;0;0
11.504;0;18;0;0
11.509;0;25;0;0
11.514;0;30;0;0
11.519;0;35;0;0
11.524;0;44;0;0
11.529;0;51;0;0
11.534;0;60;0;0
11.539;0;67;0;0
11.544;0;72;0;0
11.549;0;75;0;0
11.554;0;80;0;0
11.559;0;84;0;0
11.564;0;89;0;0
11.569;0;92;0;0
11.574;0;94;0;0
11.579;0;97;0;0
11.584;0;98;0;0
11.589;0;100;0;0
11.594;0;99;0;0
11.599;0;98;0;0
11.604;0;96;0;0
11.609;0;95;0;0
11.614;0;92;0;0
11.619;0;89;0;0
11.624;0;85;0;0
11.629;0;82;0;0
11.634;0;78;0;0
11.639;0;74;0;0
11.644;0;71;0;0
11.649;0;67;0;0
11.654;0;63;0;0
11.659;0;59;0;0
11.664;0;54;0;0
11.669;0;51;0;0
11.674;0;47;0;0
11.679;0;42;0;0
11.684;0;39;0;0
11.689;0;35;0;0
11.694;0;29;0;0
11.699;0;23;0;0
11.704;0;19;0;0
11.709;0;13;0;0
11.714;0;8;0;0
11.719;0;3;0;0
11.724;0;-1;0;0
11.729;0;-6;0;0
11.734;0;-10;0;0
11.739;0;-16;0;0
11.744;0;-21;0;0
11.749;0;-27;0;0
11.754;0;-32;0;0
11.759;0;-37;0;0
11.764;0;-43;0;0
11.769;0;-49;0;0
11.774;0;-55;0;0
11.779;0;-60;0;0
11.784;0;-65;0;0
11.789;0;-69;0;0
11.794;0;-71;0;0
11.799;0;-75;0;0
11.804;0;-80;0;0
11.809;0;-83;0;0
11.814;0;-85;0;0
11.819;0;-87;0;0
11.824;0;-87;0;0
11.829;0;-87;0;0
11.834;0;-88;0;0
11.839;0;-87;0;0
11.844;0;-85;0;0
11.849;0;-83;0;0
11.854;0;-81;0;0
11.859;0;-80;0;0
11.864;0;-77;0;0
11.869;0;-73;0;0
11.874;0;-70;0;0
11.879;0;-67;0;0
11.884;0;-64;0;0
11.889;0;-60;0;0
11.894;0;-56;0;0
11.899;0;-52;0;0
11.904;0;-49;0;0
11.909;0;-45;0;0
11.914;0;-41;0;0
11.919;0;-38;0;0
11.924;0;-34;0;0
11.929;0;-31;0;0
11.934;0;-28;0;0
11.939;0;-23;0;0
11.944;0;-19;0;0
11.949;0;-16;0;0
11.954;0;-10;0;0
11.959;0;-5;0;0
11.964;0;0;0;0
11.969;0;4;0;0
11.974;0;10;0;0
11.979;0;15;0;0
11.984;0;23;0;0
11.989;0;28;0;0
11.994;0;31;0;0
11.999;0;37;0;0
12.004;0;45;0;0
12.009;0;49;0;0
12.014;0;51;0;0
12.019;0;56;0;0
12.024;0;67;0;0
12.029;0;70;0;0
12.034;0;72;0;0
12.039;0;73;0;0
12.044;0;75;0;0
12.049;0;77;0;0
12.054;0;79;0;0
12.059;0;80;0;0
12.064;0;81;0;0
12.069;0;80;0;0
12.074;0;79;0;0
12.079;0;78;0;0
12.084;0;76;0;0
12.089;0;74;0;0
12.094;0;72;0;0
12.099;0;70;0;0
12.104;0;68;0;0
12.109;0;66;0;0
12.114;0;62;0;0
12.119;0;59;0;0
12.124;0;57;0;0
12.129;0;53;0;0
12.134;0;49;0;0
12.139;0;46;0;0
12.144;0;43;0;0
12.149;0;39;0;0
12.154;0;36;0;0
12.159;0;33;0;0
12.164;0;31;0;0
12.169;0;28;0;0
12.174;0;24;0;0
12.179;0;20;0;0
12.184;0;17;0;0
12.189;0;12;0;0
12.194;0;7;0;0
12.199;0;2;0;0
12.204;0;-2;0;0
12.209;0;-6;0;0
12.214;0;-11;0;0
12.219;0;-16;0;0
12.224;0;-21;0;0
12.229;0;-26;0;0
12.234;0;-31;0;0
12.239;0;-35;0;0
12.244;0;-40;0;0
12.249;0;-45;0;0
12.254;0;-49;0;0
12.259;0;-52;0;0
12.264;0;-55;0;0
12.269;0;-58;0;0
12.274;0;-62;0;0
12.279;0;-65;0;0
12.284;0;-67;0;0
12.289;0;-68;0;0
12.294;0;-69;0;0
12.299;0;-69;0;0
12.304;0;-69;0;0
12.309;0;-69;0;0
12.314;0;-69;0;0
12.319;0;-68;0;0
12.324;0;-67;0;0
12.329;0;-65;0;0
12.334;0;-64;0;0
12.339;0;-62;0;0
12.344;0;-60;0;0
12.349;0;-58;0;0
12.354;0;-55;0;0
12.359;0;-51;0;0
12.364;0;-48;0;0
12.369;0;-46;0;0
12.374;0;-43;0;0
12.379;0;-40;0;0
12.384;0;-39;0;0
12.389;0;-37;0;0
12.394;0;-36;0;0
12.399;0;-35;0;0
12.404;0;-34;0;0
12.409;0;-29;0;0
12.414;0;-24;0;0
12.419;0;-20;0;0
12.424;0;-13;0;0
12.429;0;-8;0;0
12.434;0;-3;0;0
12.439;0;4;0;0
12.444;0;8;0;0
12.449;0;12;0;0
12.454;0;17;0;0
12.459;0;22;0;0
12.464;0;27;0;0
12.469;0;34;0;0
12.474;0;36;0;0
12.479;0;39;0;0
12.484;0;43;0;0
12.489;0;46;0;0
12.494;0;49;0;0
12.499;0;51;0;0
12.504;0;55;0;0
12.509;0;59;0;0
12.514;0;61;0;0
12.519;0;61;0;0
12.524;0;63;0;0
12.529;0;64;0;0
12.534;0;65;0;0
12.539;0;65;0;0
12.544;0;63;0;0
12.549;0;63;0;0
12.554;0;63;0;0
12.559;0;61;0;0
12.564;0;59;0;0
12.569;0;58;0;0
12.574;0;56;0;0
12.579;0;54;0;0
12.584;0;52;0;0
12.589;0;50;0;0
12.594;0;48;0;0
12.599;0;45;0;0
12.604;0;45;0;0
12.609;0;43;0;0
12.614;0;40;0;0
12.619;0;37;0;0
12.624;0;34;0;0
12.629;0;31;0;0
12.634;0;27;0;0
12.639;0;21;0;0
12.644;0;17;0;0
12.649;0;13;0;0
12.654;0;11;0;0
12.659;0;7;0;0
12.664;0;4;0;0
12.669;0;0;0;0
12.674;0;-3;0;0
12.679;0;-7;0;0
12.684;0;-10;0;0
12.689;0;-14;0;0
12.694;0;-18;0;0
12.699;0;-23;0;0
12.704;0;-26;0;0
12.709;0;-30;0;0
12.714;0;-33;0;0
12.719;0;-35;0;0
12.724;0;-38;0;0
12.729;0;-41;0;0
12.734;0;-44;0;0
12.739;0;-46;0;0
12.744;0;-48;0;0
12.749;0;-50;0;0
12.754;0;-52;0;0
12.759;0;-53;0;0
12.764;0;-53;0;0
12.769;0;-57;0;0
12.774;0;-57;0;0
12.779;0;-57;0;0
12.784;0;-57;0;0
12.789;0;-56;0;0
12.794;0;-59;0;0
12.799;0;-58;0;0
12.804;0;-56;0;0
12.809;0;-53;0;0
12.814;0;-51;0;0
12.819;0;-49;0;0
12.824;0;-46;0;0
12.829;0;-43;0;0
12.834;0;-44;0;0
12.839;0;-42;0;0
12.844;0;-39;0;0
12.849;0;-36;0;0
12.854;0;-34;0;0
12.859;0;-31;0;0
12.864;0;-28;0;0
12.869;0;-26;0;0
12.874;0;-21;0;0
12.879;0;-17;0;0
12.884;0;-14;0;0
12.889;0;-11;0;0
12.894;0;-7;0;0
12.899;0;-3;0;0
12.904;0;0;0;0
12.909;0;3;0;0
12.914;0;6;0;0
12.919;0;13;0;0
12.924;0;16;0;0
12.929;0;23;0;0
12.934;0;25;0;0
12.939;0;28;0;0
12.944;0;31;0;0
12.949;0;33;0;0
12.954;0;34;0;0
12.959;0;36;0;0
12.964;0;40;0;0
12.969;0;43;0;0
12.974;0;45;0;0
12.979;0;45;0;0
12.984;0;45;0;0
12.989;0;47;0;0
12.994;0;49;0;0
12.999;0;50;0;0
13.004;0;50;0;0
13.009;0;49;0;0
13.014;0;53;0;0
13.019;0;54;0;0
13.024;0;53;0;0
13.029;0;52;0;0
13.034;0;49;0;0
13.039;0;47;0;0
13.044;0;45;0;0
13.049;0;48;0;0
13.054;0;46;0;0
13.059;0;44;0;0
13.064;0;41;0;0
13.069;0;38;0;0
13.074;0;36;0;0
13.079;0;33;0;0
13.084;0;31;0;0
13.089;0;29;0;0
13.094;0;27;0;0
13.099;0;25;0;0
13.104;0;23;0;0
13.109;0;19;0;0
13.114;0;15;0;0
13.119;0;12;0;0
13.124;0;9;0;0
13.129;0;7;0;0
13.134;0;4;0;0
13.139;0;1;0;0
13.144;0;-1;0;0
13.149;0;-5;0;0
13.154;0;-11;0;0
13.159;0;-14;0;0
13.164;0;-16;0;0
13.169;0;-19;0;0
13.174;0;-21;0;0
13.179;0;-23;0;0
13.184;0;-25;0;0
13.189;0;-28;0;0
13.194;0;-34;0;0
13.199;0;-36;0;0
13.204;0;-37;0;0
13.209;0;-38;0;0
13.214;0;-40;0;0
13.219;0;-40;0;0
13.224;0;-41;0;0
13.229;0;-41;0;0
13.234;0;-41;0;0
13.239;0;-42;0;0
13.244;0;-43;0;0
13.249;0;-43;0;0
13.254;0;-42;0;0
13.259;0;-41;0;0
13.264;0;-41;0;0
13.269;0;-40;0;0
13.274;0;-40;0;0
13.279;0;-38;0;0
13.284;0;-40;0;0
13.289;0;-38;0;0
13.294;0;-36;0;0
13.299;0;-34;0;0
13.304;0;-32;0;0
13.309;0;-30;0;0
13.314;0;-28;0;0
13.319;0;-26;0;0
13.324;0;-24;0;0
13.329;0;-22;0;0
13.334;0;-21;0;0
13.339;0;-19;0;0
13.344;0;-18;0;0
13.349;0;-16;0;0
13.354;0;-13;0;0
13.359;0;-11;0;0
13.364;0;-8;0;0
13.369;0;-5;0;0
13.374;0;-2;0;0
13.379;0;0;0;0
13.384;0;4;0;0
13.389;0;6;0;0
13.394;0;9;0;0
13.399;0;11;0;0
13.404;0;17;0;0
13.409;0;23;0;0
13.414;0;24;0;0
13.419;0;31;0;0
13.424;0;32;0;0
13.429;0;33;0;0
13.434;0;37;0;0
13.439;0;38;0;0
13.444;0;42;0;0
13.449;0;41;0;0
13.454;0;40;0;0
13.459;0;40;0;0
13.464;0;41;0;0
13.469;0;40;0;0
13.474;0;39;0;0
13.479;0;38;0;0
13.484;0;37;0;0
13.489;0;42;0;0
13.494;0;40;0;0
13.499;0;39;0;0
13.504;0;37;0;0
13.509;0;39;0;0
13.514;0;38;0;0
13.519;0;36;0;0
13.524;0;35;0;0
13.529;0;35;0;0
13.534;0;35;0;0
13.539;0;34;0;0
13.544;0;33;0;0
13.549;0;31;0;0
13.554;0;29;0;0
13.559;0;27;0;0
13.564;0;26;0;0
13.569;0;24;0;0
13.574;0;23;0;0
13.579;0;22;0;0
13.584;0;18;0;0
13.589;0;15;0;0
13.594;0;12;0;0
13.599;0;10;0;0
13.604;0;8;0;0
13.609;0;5;0;0
13.614;0;2;0;0
13.619;0;0;0;0
13.624;0;-2;0;0
13.629;0;-5;0;0
13.634;0;-11;0;0
13.639;0;-13;0;0
13.644;0;-15;0;0
13.649;0;-16;0;0
13.654;0;-18;0;0
13.659;0;-19;0;0
13.664;0;-21;0;0
13.669;0;-23;0;0
13.674;0;-24;0;0
13.679;0;-25;0;0
13.684;0;-25;0;0
13.689;0;-27;0;0
13.694;0;-27;0;0
13.699;0;-27;0;0
13.704;0;-27;0;0
13.709;0;-27;0;0
13.714;0;-28;0;0
13.719;0;-28;0;0
13.724;0;-28;0;0
13.729;0;-28;0;0
13.734;0;-31;0;0
13.739;0;-31;0;0
13.744;0;-29;0;0
13.749;0;-28;0;0
13.754;0;-26;0;0
13.759;0;-25;0;0
13.764;0;-24;0;0
13.769;0;-23;0;0
13.774;0;-22;0;0
13.779;0;-21;0;0
13.784;0;-20;0;0
13.789;0;-19;0;0
13.794;0;-18;0;0
13.799;0;-17;0;0
13.804;0;-16;0;0
13.809;0;-16;0;0
13.814;0;-15;0;0
13.819;0;-13;0;0
13.824;0;-10;0;0
13.829;0;-9;0;0
13.834;0;-7;0;0
13.839;0;-4;0;0
13.844;0;-2;0;0
13.849;0;0;0;0
13.854;0;2;0;0
13.859;0;5;0;0
13.864;0;7;0;0
13.869;0;9;0;0
13.874;0;11;0;0
13.879;0;12;0;0
13.884;0;15;0;0
13.889;0;18;0;0
13.894;0;18;0;0
13.899;0;19;0;0
13.904;0;19;0;0
13.909;0;20;0;0
13.914;0;20;0;0
13.919;0;19;0;0
13.924;0;20;0;0
13.929;0;21;0;0
13.934;0;20;0;0
13.939;0;20;0;0
13.944;0;20;0;0
13.949;0;20;0;0
13.954;0;19;0;0
13.959;0;18;0;0
13.964;0;18;0;0
13.969;0;18;0;0
13.974;0;17;0;0
13.979;0;16;0;0
13.984;0;15;0;0
13.989;0;15;0;0
13.994;0;14;0;0
13.999;0;13;0;0
14.004;0;12;0;0
14.009;0;11;0;0
14.014;0;11;0;0
14.019;0;10;0;0
14.024;0;10;0;0
14.029;0;7;0;0
14.034;0;6;0;0
14.039;0;4;0;0
14.044;0;3;0;0
14.049;0;2;0;0
14.054;0;1;0;0
14.059;0;0;0;0
14.064;0;-1;0;0
14.069;0;-2;0;0
14.074;0;-3;0;0
14.079;0;-5;0;0
14.084;0;-6;0;0
14.089;0;-9;0;0
14.094;0;-10;0;0
14.099;0;-11;0;0
14.104;0;-11;0;0
14.109;0;-11;0;0
14.114;0;-11;0;0
14.119;0;-11;0;0
14.124;0;-10;0;0
14.129;0;-10;0;0
14.134;0;-10;0;0
14.139;0;-10;0;0
14.144;0;-9;0;0
14.149;0;-9;0;0
14.154;0;-9;0;0
14.159;0;-9;0;0
14.164;0;-9;0;0
14.169;0;-9;0;0
14.174;0;-8;0;0
14.179;0;-8;0;0
14.184;0;-8;0;0
14.189;0;-8;0;0
14.194;0;-8;0;0
14.199;0;-8;0;0
14.204;0;-7;0;0
14.209;0;-7;0;0
14.214;0;-7;0;0
14.219;0;-7;0;0
14.224;0;-7;0;0
14.229;0;-7;0;0
14.234;0;-7;0;0
14.239;0;-7;0;0
14.244;0;-7;0;0
14.249;0;-7;0;0
14.254;0;-7;0;0
14.259;0;-7;0;0
14.264;0;-7;0;0
14.269;0;-7;0;0
14.274;0;-6;0;0
14.279;0;-7;0;0
14.284;0;-6;0;0
14.289;0;-6;0;0
14.294;0;-6;0;0
14.299;0;-6;0;0
14.304;0;-6;0;0
14.309;0;-6;0;0
14.314;0;-6;0;0
14.319;0;-6;0;0
14.324;0;-6;0;0
14.329;0;-6;0;0
14.334;0;-6;0;0
14.339;0;-6;0;0
14.344;0;-6;0;0
14.349;0;-6;0;0
14.354;0;-6;0;0
14.359;0;-6;0;0
14.364;0;-6;0;0
14.369;0;-6;0;0
14.374;0;-6;0;0
14.379;0;-6;0;0
14.384;0;-6;0;0
14.389;0;-6;0;0
14.394;0;-6;0;0
14.399;0;-6;0;0
14.404;0;-6;0;0
14.409;0;-6;0;0
14.414;0;-6;0;0
14.419;0;-6;0;0
14.424;0;-6;0;0
14.429;0;-6;0;0
14.434;0;-6;0;0
14.439;0;-30;0;0
14.444;0;-57;0;0
14.449;0;-73;0;0
14.454;0;-67;0;0
14.459;0;-64;0;0
14.464;0;-57;0;0
14.469;0;-49;0;0
14.474;0;-42;0;0
14.479;0;-35;0;0
14.484;0;-29;0;0
14.489;0;-24;0;0
14.494;0;-20;0;0
14.499;0;-16;0;0
14.504;0;-12;0;0
14.509;0;-8;0;0
14.514;0;-6;0;0
14.519;0;-3;0;0
14.524;0;0;0;0
14.529;0;1;0;0
14.534;0;3;0;0
14.539;0;4;0;0
14.544;0;5;0;0
14.549;0;6;0;0
14.554;0;6;0;0
14.559;0;6;0;0
14.564;0;6;0;0
14.569;0;7;0;0
14.574;0;7;0;0
14.579;0;7;0;0
14.584;0;6;0;0
14.589;0;6;0;0
14.594;0;6;0;0
14.599;0;6;0;0
14.604;0;6;0;0
14.609;0;6;0;0
14.614;0;5;0;0
14.619;0;3;0;0
14.624;0;1;0;0
14.629;0;2;0;0
14.634;0;3;0;0
14.639;0;4;0;0
14.644;0;4;0;0
14.649;0;4;0;0
14.654;0;5;0;0
14.659;0;7;0;0
14.664;0;9;0;0
14.669;0;12;0;0
14.674;0;15;0;0
14.679;0;19;0;0
14.684;0;24;0;0
14.689;0;26;0;0
14.694;0;30;0;0
14.699;0;33;0;0
14.704;0;36;0;0
14.709;0;39;0;0
14.714;0;41;0;0
14.719;0;42;0;0
14.724;0;42;0;0
14.729;0;42;0;0
14.734;0;42;0;0
14.739;0;40;0;0
14.744;0;38;0;0
14.749;0;36;0;0
14.754;0;33;0;0
14.759;0;27;0;0
14.764;0;21;0;0
14.769;0;17;0;0
14.774;0;12;0;0
14.779;0;6;0;0
14.784;0;0;0;0
14.789;0;-7;0;0
14.794;0;-13;0;0
14.799;0;-18;0;0
14.804;0;-24;0;0
14.809;0;-34;0;0
14.814;0;-39;0;0
14.819;0;-43;0;0
14.824;0;-47;0;0
14.829;0;-52;0;0
14.834;0;-54;0;0
14.839;0;-57;0;0
14.844;0;-59;0;0
14.849;0;-60;0;0
14.854;0;-61;0;0
14.859;0;-62;0;0
14.864;0;-62;0;0
14.869;0;-65;0;0
14.874;0;-65;0;0
14.879;0;-64;0;0
14.884;0;-65;0;0
14.889;0;-57;0;0
14.894;0;-46;0;0
14.899;0;-38;0;0
14.904;0;-29;0;0
14.909;0;-20;0;0
14.914;0;-10;0;0
14.919;0;0;0;0
14.924;0;7;0;0
14.929;0;13;0;0
14.934;0;18;0;0
14.939;0;24;0;0
14.944;0;29;0;0
14.949;0;32;0;0
14.954;0;34;0;0
14.959;0;35;0;0
14.964;0;36;0;0
14.969;0;36;0;0
14.974;0;36;0;0
14.979;0;34;0;0
14.984;0;33;0;0
14.989;0;31;0;0
14.994;0;29;0;0
14.999;0;28;0;0
15.004;0;26;0;0
15.009;0;25;0;0
15.014;0;24;0;0
15.019;0;20;0;0
15.024;0;17;0;0
15.029;0;14;0;0
15.034;0;10;0;0
15.039;0;6;0;0
15.044;0;2;0;0
15.049;0;-1;0;0
15.054;0;-4;0;0
15.059;0;-11;0;0
15.064;0;-14;0;0
15.069;0;-17;0;0
15.074;0;-19;0;0
15.079;0;-22;0;0
15.084;0;-24;0;0
15.089;0;-27;0;0
15.094;0;-28;0;0
15.099;0;-30;0;0
15.104;0;-32;0;0
15.109;0;-33;0;0
15.114;0;-36;0;0
15.119;0;-41;0;0
15.124;0;-42;0;0
15.129;0;-41;0;0
15.134;0;-41;0;0
15.139;0;-41;0;0
15.144;0;-41;0;0
15.149;0;-41;0;0
15.154;0;-41;0;0
15.159;0;-41;0;0
15.164;0;-39;0;0
15.169;0;-39;0;0
15.174;0;-42;0;0
15.179;0;-40;0;0
15.184;0;-38;0;0
15.189;0;-36;0;0
15.194;0;-34;0;0
15.199;0;-33;0;0
15.204;0;-31;0;0
15.209;0;-29;0;0
15.214;0;-27;0;0
15.219;0;-25;0;0
15.224;0;-23;0;0
15.229;0;-22;0;0
15.234;0;-19;0;0
15.239;0;-15;0;0
15.244;0;-11;0;0
15.249;0;-2;0;0
15.254;0;3;0;0
15.259;0;5;0;0
15.264;0;5;0;0
15.269;0;6;0;0
15.274;0;7;0;0
15.279;0;10;0;0
15.284;0;11;0;0
15.289;0;16;0;0
15.294;0;18;0;0
15.299;0;19;0;0
15.304;0;20;0;0
15.309;0;21;0;0
15.314;0;27;0;0
15.319;0;29;0;0
15.324;0;31;0;0
15.329;0;31;0;0
15.334;0;32;0;0
15.339;0;32;0;0
15.344;0;32;0;0
15.349;0;33;0;0
15.354;0;36;0;0
15.359;0;37;0;0
15.364;0;37;0;0
15.369;0;37;0;0
15.374;0;40;0;0
15.379;0;40;0;0
15.384;0;38;0;0
15.389;0;38;0;0
15.394;0;37;0;0
15.399;0;35;0;0
15.404;0;35;0;0
15.409;0;33;0;0
15.414;0;32;0;0
15.419;0;31;0;0
15.424;0;29;0;0
15.429;0;28;0;0
15.434;0;26;0;0
15.439;0;27;0;0
15.444;0;27;0;0
15.449;0;27;0;0
15.454;0;25;0;0
15.459;0;24;0;0
15.464;0;22;0;0
15.469;0;21;0;0
15.474;0;19;0;0
15.479;0;15;0;0
15.484;0;12;0;0
15.489;0;9;0;0
15.494;0;7;0;0
15.499;0;6;0;0
15.504;0;3;0;0
15.509;0;1;0;0
15.514;0;0;0;0
15.519;0;-2;0;0
15.524;0;-5;0;0
15.529;0;-7;0;0
15.534;0;-9;0;0
15.539;0;-11;0;0
15.544;0;-13;0;0
15.549;0;-14;0;0
15.554;0;-16;0;0
15.559;0;-18;0;0
15.564;0;-19;0;0
15.569;0;-21;0;0
15.574;0;-22;0;0
15.579;0;-24;0;0
15.584;0;-24;0;0
15.589;0;-26;0;0
15.594;0;-26;0;0
15.599;0;-26;0;0
15.604;0;-26;0;0
15.609;0;-26;0;0
15.614;0;-27;0;0
15.619;0;-27;0;0
15.624;0;-26;0;0
15.629;0;-26;0;26
15.634;0;-26;0;133
15.64;0;-26;0;319
15.644;0;-25;0;518
15.65;0;-25;0;784
15.654;0;-24;0;1024
15.66;0;-24;0;1343
15.664;0;-23;0;1609
15.67;0;-23;0;1941
15.675;0;-23;0;2261
15.68;0;-23;0;2580
15.684;0;-23;0;2846
15.69;0;-22;0;3192
15.694;0;-22;0;3471
15.7;0;-21;0;3830
15.704;0;-21;0;4149
15.71;0;-20;0;4588
15.714;0;-20;0;4947
15.72;0;-17;0;5293
15.724;0;-15;0;5506
15.73;0;-14;0;5758
15.734;0;-12;0;5985
15.74;0;-10;0;6277
15.744;0;-8;0;6543
15.75;0;-6;0;6849
15.754;0;-3;0;7075
15.76;0;0;0;7328
15.764;0;1;0;7514
15.77;0;3;0;7714
15.774;0;4;0;7900
15.78;0;6;0;8086
15.784;0;7;0;8259
15.79;0;8;0;8445
15.794;0;10;0;8591
15.8;0;11;0;8738
15.804;0;12;0;8844
15.809;0;13;0;8964
15.815;0;14;0;9030
15.819;0;15;0;9070
15.824;0;16;0;9083
15.829;0;17;0;9083
15.835;0;20;0;9097
15.839;0;21;0;9097
15.845;0;21;0;9097
15.849;0;21;0;9097
15.855;0;21;0;9097
15.859;0;23;0;9097
15.865;0;24;0;9083
15.869;0;23;0;9083
15.874;0;22;0;9083
15.88;0;22;0;9097
15.884;0;21;0;9097
15.889;0;21;0;9097
15.895;0;20;0;9097
15.899;0;20;0;9097
15.905;0;20;0;9083
15.909;0;20;0;9083
15.915;0;19;0;9083
15.919;0;19;0;9097
15.925;0;19;0;9083
15.929;0;18;0;9083
15.935;0;18;0;9083
15.939;0;17;0;9097
15.945;0;17;0;9097
15.949;0;15;0;9083
15.955;0;13;0;9083
15.959;0;11;0;9097
15.965;0;10;0;9097
15.969;0;9;0;9097
15.975;0;7;0;9097
15.979;0;6;0;9097
15.985;0;5;0;9097
15.989;0;4;0;9097
15.995;0;2;0;9097
15.999;0;0;0;9083
16.005;0;-2;0;9083
16.009;0;-3;0;9083
16.015;0;-4;0;9083
16.019;0;-5;0;9083
16.025;0;-6;0;9083
16.029;0;-7;0;9083
16.035;0;-8;0;9083
16.039;0;-9;0;9097
16.045;0;-10;0;9097
16.049;0;-11;0;9083
16.054;0;-11;0;9083
16.06;0;-12;0;9097
16.064;0;-13;0;9097
16.07;0;-15;0;9097
16.075;0;-16;0;9097
16.08;0;-17;0;9097
16.084;0;-18;0;9097
16.09;0;-19;0;9083
16.094;0;-19;0;9097
16.1;0;-18;0;9097
16.104;0;-19;0;9097
16.11;0;-19;0;9083
16.114;0;-19;0;9097
16.12;0;-20;0;9097
16.124;0;-19;0;9097
16.13;0;-18;0;9097
16.134;0;-17;0;9097
16.14;0;-16;0;9097
16.144;0;-16;0;9097
16.15;0;-15;0;9097
16.154;0;-14;0;9097
16.16;0;-13;0;9097
16.164;0;-13;0;9083
16.17;0;-12;0;9083
16.174;0;-11;0;9097
16.18;0;-10;0;9097
16.184;0;-9;0;9097
16.19;0;-8;0;9097
16.194;0;-7;0;9097
16.2;0;-6;0;9097
16.204;0;-5;0;9097
16.21;0;-4;0;9097
16.214;0;-4;0;9097
16.22;0;-3;0;9097
16.224;0;-2;0;9097
16.23;0;-1;0;9097
16.234;0;-1;0;9097
16.24;0;0;0;9097
16.244;0;0;0;9097
16.249;0;1;0;9097
16.255;0;2;0;9083
16.26;0;3;0;9083
16.264;0;3;0;9083
16.27;0;4;0;9097
16.274;0;5;0;9097
16.28;0;5;0;9097
16.284;0;6;0;9097
16.289;0;6;0;9097
16.294;0;7;0;9097
16.3;0;9;0;9097
16.304;0;10;0;9097
16.309;0;11;0;9097
16.315;0;12;0;9097
16.319;0;12;0;9097
16.324;0;13;0;9083
16.33;0;14;0;9083
16.334;0;13;0;9083
16.34;0;13;0;9097
16.344;0;13;0;9097
16.35;0;13;0;9083
16.354;0;12;0;9083
16.36;0;12;0;9083
16.364;0;11;0;9097
16.37;0;11;0;9097
16.374;0;10;0;9083
16.38;0;10;0;9083
16.384;0;10;0;9083
16.39;0;9;0;9097
16.394;0;9;0;9083
16.4;0;8;0;9083
16.404;0;8;0;9083
16.41;0;7;0;9097
16.414;0;6;0;9083
16.42;0;4;0;9083
16.424;0;4;0;9083
16.43;0;3;0;9097
16.434;0;2;0;9097
16.44;0;3;0;9083
16.444;0;3;0;9083
16.45;0;6;0;9083
16.454;0;12;0;9097
16.46;0;25;0;9083
16.465;0;36;0;9097
16.469;0;49;0;9097
16.475;0;63;0;9097
16.479;0;73;0;9097
16.485;0;83;0;9097
16.489;0;87;0;9083
16.495;0;87;0;9083
16.499;0;83;0;9097
16.505;0;77;0;9097
16.509;0;70;0;9097
16.515;0;59;0;9083
16.519;0;48;0;9083
16.524;0;38;0;9083
16.529;0;28;0;9083
16.534;0;15;0;9083
16.539;0;7;0;9083
16.544;0;-1;0;9083
16.55;0;-9;0;9097
16.554;0;-15;0;9083
16.56;0;-20;0;9083
16.564;0;-24;0;9083
16.569;0;-27;0;9083
16.575;0;-30;0;9097
16.579;0;-30;0;9097
16.585;0;-31;0;9083
16.589;0;-30;0;9083
16.595;0;-29;0;9083
16.599;0;-28;0;9097
16.605;0;-26;0;9083
16.609;0;-22;0;9083
16.615;0;-19;0;9083
16.619;0;-16;0;9097
16.624;0;-13;0;9097
16.629;0;-9;0;9097
16.635;0;-5;0;9097
16.64;0;-3;0;9097
16.644;0;-1;0;9097
16.65;0;0;0;9097
16.654;0;0;0;9097
16.659;0;0;0;9083
16.665;0;-2;0;9083
16.669;0;-4;0;9083
16.675;0;-9;0;9097
16.679;0;-14;0;9083
16.685;0;-24;0;9083
16.689;0;-32;0;9097
16.695;0;-45;0;9083
16.699;0;-56;0;9083
16.705;0;-72;0;9083
16.709;0;-85;0;9097
16.715;0;-103;0;9097
16.719;0;-116;0;9097
16.725;0;-135;0;9097
16.729;0;-150;0;9097
16.735;0;-166;0;9097
16.739;0;-177;0;9097
16.745;0;-189;0;9083
16.749;0;-197;0;9083
16.755;0;-205;0;9097
16.759;0;-208;0;9097
16.765;0;-207;0;9083
16.769;0;-203;0;9083
16.775;0;-196;0;9097
16.779;0;-187;0;9097
16.785;0;-174;0;9097
16.789;0;-167;0;9097
16.795;0;-148;0;9097
16.799;0;-134;0;9097
16.805;0;-115;0;9097
16.809;0;-99;0;9097
16.815;0;-84;0;9097
16.819;0;-69;0;9097
16.825;0;-53;0;9097
16.829;0;-42;0;9097
16.835;0;-28;0;9083
16.839;0;-20;0;9083
16.845;0;-8;0;9083
16.849;0;-2;0;9097
16.854;0;2;0;9097
16.86;0;7;0;9083
16.864;0;10;0;9083
16.87;0;11;0;9083
16.874;0;12;0;9097
16.88;0;13;0;9097
16.884;0;12;0;9083
16.89;0;11;0;9083
16.894;0;11;0;9083
16.9;0;8;0;9097
16.904;0;6;0;9083
16.91;0;4;0;9083
16.914;0;2;0;9083
16.919;0;0;0;9097
16.924;0;0;0;9097
16.93;0;-1;0;9083
16.934;0;-1;0;9083
16.94;0;0;0;9083
16.945;0;1;0;9097
16.949;0;4;0;9097
16.955;0;9;0;9097
16.959;0;14;0;9097
16.965;0;22;0;9097
16.969;0;31;0;9097
16.975;0;41;0;9097
16.979;0;51;0;9097
16.985;0;63;0;9097
16.989;0;76;0;9097
16.995;0;92;0;9097
16.999;0;105;0;9097
17.005;0;120;0;9097
17.009;0;132;0;9083
17.015;0;148;0;9083
17.019;0;157;0;9083
17.025;0;166;0;9083
17.029;0;173;0;9083
17.035;0;179;0;9097
17.039;0;182;0;9083
17.045;0;181;0;9083
17.049;0;179;0;9083
17.055;0;175;0;9083
17.059;0;169;0;9097
17.065;0;160;0;9097
17.069;0;152;0;9083
17.075;0;140;0;9083
17.079;0;134;0;9083
17.085;0;120;0;9097
17.089;0;108;0;9097
17.095;0;93;0;9083
17.099;0;82;0;9083
17.105;0;69;0;9083
17.109;0;59;0;9083
17.115;0;49;0;9083
17.119;0;40;0;9083
17.124;0;33;0;9083
17.129;0;27;0;9097
17.135;0;20;0;9083
17.139;0;16;0;9083
17.145;0;13;0;9097
17.15;0;11;0;9097
17.154;0;9;0;9097
17.159;0;8;0;9097
17.164;0;7;0;9097
17.17;0;7;0;9083
17.175;0;7;0;9097
17.179;0;7;0;9097
17.185;0;7;0;9083
17.189;0;7;0;9083
17.195;0;7;0;9097
17.199;0;6;0;9097
17.204;0;5;0;9083
17.21;0;2;0;9083
17.214;0;0;0;9083
17.22;0;-3;0;9097
17.224;0;-8;0;9097
17.229;0;-14;0;9097
17.234;0;-22;0;9097
17.239;0;-31;0;9097
17.245;0;-42;0;9097
17.249;0;-52;0;9097
17.254;0;-64;0;9097
17.26;0;-78;0;9083
17.264;0;-89;0;9097
17.27;0;-103;0;9097
17.274;0;-115;0;9097
17.28;0;-127;0;9097
17.284;0;-136;0;9083
17.29;0;-149;0;9083
17.294;0;-156;0;9083
17.299;0;-163;0;9097
17.305;0;-167;0;9097
17.309;0;-170;0;9083
17.315;0;-171;0;9083
17.319;0;-169;0;9083
17.325;0;-166;0;9083
17.329;0;-162;0;9097
17.335;0;-154;0;9097
17.339;0;-145;0;9083
17.345;0;-134;0;9083
17.349;0;-125;0;9083
17.355;0;-113;0;9097
17.359;0;-103;0;9097
17.365;0;-92;0;9097
17.369;0;-83;0;9097
17.375;0;-73;0;9097
17.379;0;-64;0;9083
17.385;0;-55;0;9083
17.389;0;-50;0;9083
17.395;0;-42;0;9083
17.399;0;-38;0;9083
17.405;0;-32;0;9083
17.409;0;-30;0;9083
17.415;0;-26;0;9083
17.419;0;-23;0;9097
17.425;0;-21;0;9097
17.429;0;-20;0;9097
17.435;0;-18;0;9097
17.44;0;-17;0;9097
17.445;0;-16;0;9097
17.449;0;-15;0;9097
17.455;0;-14;0;9097
17.459;0;-12;0;9083
17.465;0;-9;0;9097
17.469;0;-7;0;9097
17.475;0;-3;0;9097
17.479;0;1;0;9097
17.484;0;6;0;9097
17.49;0;13;0;9097
17.494;0;20;0;9097
17.5;0;28;0;9097
17.504;0;36;0;9083
17.51;0;47;0;9083
17.514;0;57;0;9083
17.52;0;69;0;9097
17.524;0;79;0;9083
17.53;0;91;0;9097
17.534;0;102;0;9097
17.54;0;115;0;9097
17.544;0;124;0;9097
17.55;0;132;0;9097
17.554;0;139;0;9097
17.56;0;147;0;9083
17.564;0;150;0;9097
17.57;0;152;0;9083
17.574;0;153;0;9083
17.58;0;153;0;9083
17.584;0;151;0;9097
17.59;0;147;0;9097
17.594;0;143;0;9097
17.6;0;136;0;9097
17.605;0;130;0;9097
17.609;0;122;0;9097
17.615;0;113;0;9097
17.619;0;105;0;9097
17.624;0;97;0;9097
17.63;0;88;0;9097
17.634;0;81;0;9083
17.64;0;74;0;9083
17.644;0;67;0;9083
17.65;0;60;0;9097
17.654;0;54;0;9097
17.66;0;48;0;9083
17.664;0;44;0;9083
17.67;0;40;0;9083
17.674;0;37;0;9097
17.68;0;34;0;9083
17.684;0;32;0;9083
17.69;0;29;0;9083
17.694;0;26;0;9097
17.7;0;23;0;9083
17.704;0;20;0;9083
17.71;0;17;0;9083
17.714;0;14;0;9083
17.72;0;11;0;9097
17.725;0;7;0;9097
17.73;0;3;0;9097
17.735;0;-2;0;9097
17.739;0;-7;0;9097
17.745;0;-14;0;9097
17.749;0;-20;0;9097
17.755;0;-29;0;9083
17.759;0;-37;0;9083
17.765;0;-47;0;9083
17.769;0;-56;0;9083
17.775;0;-68;0;9097
17.779;0;-78;0;9097
17.785;0;-88;0;9097
17.789;0;-96;0;9097
17.795;0;-106;0;9097
17.799;0;-114;0;9097
17.805;0;-123;0;9097
17.809;0;-129;0;9097
17.815;0;-136;0;9097
17.819;0;-139;0;9097
17.825;0;-142;0;9083
17.829;0;-144;0;9083
17.835;0;-144;0;9097
17.839;0;-146;0;9097
17.845;0;-144;0;9097
17.849;0;-140;0;9097
17.855;0;-133;0;9097
17.859;0;-127;0;9083
17.865;0;-120;0;9083
17.869;0;-114;0;9083
17.875;0;-109;0;9083
17.879;0;-104;0;9097
17.885;0;-95;0;9097
17.889;0;-88;0;9083
17.895;0;-80;0;9083
17.899;0;-74;0;9083
17.905;0;-67;0;9083
17.909;0;-62;0;9097
17.915;0;-55;0;9097
17.919;0;-52;0;9097
17.925;0;-47;0;9097
17.929;0;-44;0;9097
17.935;0;-41;0;9083
17.939;0;-38;0;9083
17.945;0;-35;0;9083
17.949;0;-33;0;9097
17.955;0;-29;0;9083
17.959;0;-27;0;9083
17.965;0;-23;0;9097
17.969;0;-19;0;9097
17.975;0;-14;0;9097
17.979;0;-10;0;9083
17.985;0;-5;0;9083
17.989;0;0;0;9097
17.995;0;7;0;9097
17.999;0;13;0;9083
18.005;0;21;0;9083
18.009;0;29;0;9083
18.015;0;40;0;9083
18.019;0;48;0;9097
18.025;0;58;0;9083
18.029;0;65;0;9083
18.035;0;76;0;9097
18.039;0;85;0;9097
18.045;0;95;0;9097
18.049;0;102;0;9083
18.055;0;109;0;9097
18.059;0;116;0;9083
18.064;0;121;0;9097
18.07;0;124;0;9097
18.074;0;127;0;9097
18.08;0;129;0;9097
18.084;0;129;0;9097
18.09;0;128;0;9097
18.094;0;126;0;9097
18.1;0;123;0;9097
18.104;0;120;0;9097
18.11;0;116;0;9083
18.114;0;112;0;9083
18.12;0;106;0;9083
18.124;0;101;0;9083
18.129;0;96;0;9083
18.135;0;90;0;9083
18.139;0;85;0;9083
18.145;0;78;0;9083
18.149;0;73;0;9097
18.155;0;67;0;9097
18.159;0;63;0;9083
18.165;0;58;0;9083
18.169;0;54;0;9083
18.174;0;50;0;9097
18.179;0;46;0;9097
18.185;0;43;0;9097
18.189;0;40;0;9083
18.194;0;36;0;9097
18.2;0;33;0;9097
18.204;0;30;0;9097
18.21;0;26;0;9097
18.214;0;22;0;9097
18.22;0;13;0;9097
18.224;0;9;0;9097
18.23;0;3;0;9097
18.234;0;-1;0;9097
18.239;0;-7;0;9097
18.245;0;-13;0;9097
18.249;0;-20;0;9097
18.255;0;-29;0;9097
18.259;0;-35;0;9097
18.265;0;-45;0;9097
18.269;0;-55;0;9083
18.275;0;-62;0;9083
18.279;0;-69;0;9083
18.285;0;-78;0;9097
18.289;0;-92;0;9097
18.295;0;-99;0;9083
18.299;0;-104;0;9083
18.305;0;-109;0;9097
18.309;0;-115;0;9083
18.315;0;-118;0;9083
18.319;0;-121;0;9097
18.325;0;-123;0;9097
18.329;0;-125;0;9097
18.335;0;-124;0;9097
18.339;0;-122;0;9097
18.345;0;-121;0;9097
18.349;0;-118;0;9097
18.355;0;-113;0;9097
18.359;0;-109;0;9097
18.365;0;-104;0;9097
18.369;0;-99;0;9097
18.375;0;-94;0;9097
18.379;0;-89;0;9097
18.385;0;-83;0;9097
18.389;0;-78;0;9083
18.395;0;-73;0;9097
18.399;0;-71;0;9083
18.405;0;-65;0;9097
18.409;0;-61;0;9097
18.415;0;-57;0;9097
18.419;0;-53;0;9083
18.425;0;-50;0;9083
18.429;0;-48;0;9083
18.435;0;-42;0;9083
18.439;0;-38;0;9083
18.445;0;-34;0;9097
18.449;0;-31;0;9097
18.455;0;-26;0;9097
18.459;0;-22;0;9097
18.465;0;-17;0;9097
18.469;0;-13;0;9097
18.475;0;-6;0;9097
18.479;0;-2;0;9097
18.485;0;5;0;9083
18.489;0;11;0;9083
18.495;0;18;0;9097
18.499;0;24;0;9097
18.505;0;33;0;9097
18.509;0;39;0;9097
18.515;0;46;0;9097
18.519;0;54;0;9097
18.525;0;63;0;9097
18.529;0;71;0;9097
18.535;0;77;0;9097
18.539;0;81;0;9097
18.545;0;90;0;9097
18.549;0;96;0;9083
18.555;0;99;0;9083
18.559;0;101;0;9097
18.564;0;104;0;9097
18.569;0;106;0;9097
18.575;0;106;0;9097
18.579;0;107;0;9097
18.584;0;106;0;9097
18.59;0;104;0;9083
18.594;0;102;0;9097
18.599;0;99;0;9097
18.605;0;99;0;9097
18.609;0;96;0;9097
18.615;0;92;0;9083
18.619;0;88;0;9097
18.625;0;84;0;9097
18.629;0;80;0;9097
18.634;0;75;0;9083
18.64;0;71;0;9083
18.644;0;67;0;9083
18.65;0;62;0;9097
18.654;0;59;0;9097
18.66;0;55;0;9083
18.664;0;52;0;9083
18.67;0;49;0;9083
18.674;0;46;0;9097
18.68;0;44;0;9083
18.684;0;41;0;9083
18.69;0;37;0;9097
18.694;0;33;0;9097
18.7;0;28;0;9097
18.704;0;23;0;9083
18.71;0;18;0;9083
18.714;0;13;0;9083
18.72;0;4;0;9097
18.724;0;-1;0;9083
18.73;0;-11;0;9083
18.734;0;-16;0;9083
18.74;0;-24;0;9097
18.744;0;-30;0;9097
18.75;0;-38;0;9083
18.754;0;-43;0;9083
18.76;0;-50;0;9083
18.764;0;-56;0;9097
18.77;0;-62;0;9097
18.774;0;-68;0;9097
18.78;0;-74;0;9097
18.784;0;-79;0;9097
18.79;0;-85;0;9083
18.794;0;-88;0;9083
18.8;0;-92;0;9083
18.804;0;-94;0;9083
18.81;0;-95;0;9097
18.814;0;-98;0;9083
18.82;0;-97;0;9083
18.824;0;-97;0;9083
18.83;0;-96;0;9083
18.834;0;-96;0;9083
18.84;0;-94;0;9083
18.844;0;-92;0;9083
18.85;0;-88;0;9083
18.854;0;-84;0;9097
18.86;0;-81;0;9083
18.864;0;-77;0;9083
18.87;0;-73;0;9083
18.874;0;-70;0;9083
18.88;0;-65;0;9083
18.884;0;-63;0;9083
18.89;0;-58;0;9097
18.894;0;-55;0;9097
18.9;0;-54;0;9097
18.904;0;-51;0;9097
18.91;0;-48;0;9097
18.914;0;-44;0;9097
18.92;0;-39;0;9083
18.924;0;-35;0;9083
18.93;0;-31;0;9097
18.934;0;-27;0;9097
18.94;0;-23;0;9097
18.944;0;-18;0;9097
18.95;0;-12;0;9097
18.954;0;-8;0;9097
18.96;0;-2;0;9097
18.964;0;1;0;9097
18.97;0;8;0;9083
18.974;0;14;0;9083
18.98;0;20;0;9083
18.984;0;26;0;9097
18.99;0;33;0;9097
18.994;0;38;0;9097
19.0;0;46;0;9097
19.004;0;51;0;9097
19.01;0;57;0;9097
19.014;0;62;0;9097
19.02;0;68;0;9097
19.024;0;72;0;9097
19.03;0;77;0;9083
19.034;0;79;0;9097
19.04;0;82;0;9083
19.044;0;85;0;9083
19.05;0;87;0;9083
19.054;0;88;0;9083
19.06;0;88;0;9097
19.064;0;87;0;9097
19.07;0;85;0;9097
19.074;0;83;0;9097
19.08;0;79;0;9097
19.084;0;76;0;9097
19.09;0;72;0;9097
19.094;0;69;0;9097
19.1;0;65;0;9097
19.104;0;59;0;9083
19.11;0;51;0;9097
19.114;0;45;0;9097
19.12;0;36;0;9097
19.124;0;31;0;9097
19.13;0;24;0;9097
19.134;0;19;0;9097
19.139;0;12;0;9097
19.145;0;7;0;9097
19.149;0;4;0;9097
19.154;0;0;0;9097
19.16;0;-4;0;9097
19.164;0;-8;0;9097
19.169;0;-12;0;9097
19.175;0;-16;0;9097
19.179;0;-18;0;9097
19.185;0;-22;0;9083
19.189;0;-25;0;9083
19.194;0;-28;0;9083
19.199;0;-30;0;9097
19.205;0;-33;0;9097
19.209;0;-37;0;9083
19.215;0;-38;0;9083
19.219;0;-40;0;9097
19.225;0;-45;0;9097
19.229;0;-45;0;9097
19.235;0;-45;0;9097
19.239;0;-44;0;9097
19.245;0;-43;0;9097
19.249;0;-43;0;9083
19.255;0;-42;0;9097
19.259;0;-41;0;9083
19.265;0;-40;0;9083
19.269;0;-38;0;9083
19.275;0;-37;0;9083
19.279;0;-36;0;9097
19.285;0;-34;0;9097
19.289;0;-33;0;9097
19.295;0;-30;0;9097
19.299;0;-29;0;9083
19.305;0;-27;0;9083
19.309;0;-26;0;9083
19.315;0;-24;0;9083
19.319;0;-22;0;9083
19.325;0;-19;0;9083
19.329;0;-17;0;9097
19.335;0;-15;0;9097
19.339;0;-13;0;9083
19.345;0;-10;0;9083
19.349;0;-7;0;9083
19.355;0;-5;0;9083
19.359;0;-2;0;9083
19.365;0;0;0;9083
19.369;0;3;0;9097
19.375;0;6;0;9097
19.379;0;8;0;9097
19.385;0;11;0;9097
19.389;0;13;0;9097
19.395;0;15;0;9097
19.399;0;18;0;9097
19.405;0;22;0;9097
19.409;0;23;0;9097
19.415;0;25;0;9097
19.419;0;27;0;9097
19.424;0;29;0;9097
19.429;0;30;0;9097
19.435;0;32;0;9097
19.439;0;33;0;9097
19.445;0;37;0;9097
19.449;0;37;0;9097
19.455;0;36;0;9097
19.459;0;35;0;9097
19.465;0;33;0;9097
19.469;0;32;0;9097
19.475;0;31;0;9097
19.479;0;30;0;9097
19.485;0;28;0;9097
19.489;0;27;0;9097
19.495;0;20;0;9097
19.499;0;18;0;9097
19.505;0;15;0;9097
19.509;0;13;0;9097
19.515;0;10;0;9097
19.519;0;8;0;9097
19.525;0;6;0;9097
19.529;0;4;0;9097
19.535;0;1;0;9097
19.539;0;0;0;9097
19.545;0;-2;0;9083
19.549;0;-4;0;9097
19.554;0;-6;0;9083
19.559;0;-7;0;9083
19.565;0;-8;0;9097
19.569;0;-9;0;9097
19.575;0;-10;0;9097
19.58;0;-10;0;9097
19.584;0;-11;0;9097
19.59;0;-11;0;9097
19.594;0;-12;0;9097
19.6;0;-12;0;9097
19.604;0;-13;0;9097
19.61;0;-13;0;9097
19.614;0;-13;0;9097
19.62;0;-13;0;9097
19.624;0;-13;0;9097
19.63;0;-12;0;9097
19.634;0;-12;0;9083
19.64;0;-12;0;9097
19.644;0;-12;0;9097
19.65;0;-12;0;9097
19.654;0;-11;0;9097
19.66;0;-11;0;9097
19.664;0;-11;0;9097
19.67;0;-11;0;9097
19.674;0;-10;0;9097
19.68;0;-10;0;9097
19.684;0;-10;0;9097
19.69;0;-9;0;9097
19.694;0;-8;0;9097
19.7;0;-6;0;9097
19.704;0;-5;0;9097
19.71;0;-3;0;9097
19.714;0;-2;0;9097
19.72;0;-1;0;9097
19.724;0;0;0;9097
19.73;0;0;0;9097
19.734;0;1;0;9097
19.74;0;2;0;9097
19.744;0;2;0;9097
19.75;0;3;0;9097
19.755;0;4;0;9083
19.759;0;5;0;9083
19.764;0;5;0;9083
19.77;0;6;0;9097
19.774;0;7;0;9097
19.78;0;8;0;9097
19.784;0;8;0;9097
19.789;0;10;0;9097
19.794;0;12;0;9097
19.8;0;13;0;9097
19.804;0;13;0;9097
19.81;0;13;0;9097
19.815;0;14;0;9083
19.819;0;15;0;9083
19.825;0;15;0;9083
19.829;0;15;0;9083
19.835;0;15;0;9083
19.839;0;15;0;9083
19.845;0;14;0;9083
19.849;0;14;0;9097
19.855;0;13;0;9097
19.859;0;13;0;9097
19.865;0;12;0;9097
19.869;0;12;0;9097
19.874;0;12;0;9083
19.88;0;13;0;9083
19.884;0;13;0;9083
19.89;0;13;0;9097
19.894;0;13;0;9097
19.9;0;13;0;9083
19.904;0;13;0;9083
19.91;0;13;0;9083
19.914;0;13;0;9097
19.92;0;13;0;9097
19.924;0;11;0;9097
19.93;0;10;0;9097
19.934;0;9;0;9097
19.94;0;8;0;9097
19.944;0;7;0;9097
19.95;0;6;0;9097
19.954;0;5;0;9083
19.96;0;4;0;9097
19.964;0;3;0;9083
19.97;0;2;0;9097
19.974;0;1;0;9097
19.98;0;0;0;9097
19.984;0;0;0;9097
19.989;0;0;0;9097
19.995;0;-1;0;9097
19.999;0;-2;0;9097
20.005;0;-3;0;9097
20.009;0;-3;0;9083
20.015;0;-4;0;9083
20.019;0;-4;0;9083
20.024;0;-5;0;9097
20.029;0;-5;0;9097
20.035;0;-5;0;9097
20.039;0;-6;0;9097
20.045;0;-6;0;9097
20.049;0;-6;0;9097
20.055;0;-6;0;9097
20.059;0;-7;0;9097
20.065;0;-6;0;9083
20.069;0;-6;0;9083
20.075;0;-6;0;9097
20.079;0;-6;0;9097
20.085;0;-6;0;9097
20.089;0;-6;0;9097
20.094;0;-6;0;9097
20.1;0;-6;0;9083
20.104;0;-6;0;9083
20.11;0;-6;0;9083
20.114;0;-6;0;9097
20.12;0;-6;0;9083
20.124;0;-5;0;9083
20.13;0;-5;0;9083
20.134;0;-5;0;9083
20.14;0;-5;0;9083
20.144;0;-5;0;9083
20.15;0;-5;0;9083
20.154;0;-5;0;9083
20.159;0;-4;0;9083
20.165;0;-3;0;9097
20.17;0;-3;0;9097
20.175;0;-2;0;9097
20.179;0;-2;0;9097
20.185;0;-1;0;9097
20.189;0;-1;0;9097
20.195;0;-1;0;9097
20.199;0;0;0;9083
20.205;0;0;0;9097
20.209;0;0;0;9097
20.215;0;0;0;9097
20.219;0;0;0;9083
20.225;0;0;0;9097
20.229;0;1;0;9097
20.235;0;1;0;9097
20.239;0;1;0;9083
20.245;0;1;0;9083
20.249;0;2;0;9083
20.254;0;2;0;9097
20.259;0;2;0;9097
20.264;0;2;0;9083
20.269;0;2;0;9083
20.275;0;3;0;9097
20.279;0;3;0;9097
20.284;0;3;0;9097
20.29;0;3;0;9097
20.294;0;3;0;9097
20.3;0;3;0;9097
20.304;0;3;0;9097
20.31;0;4;0;9097
20.314;0;4;0;9097
20.32;0;4;0;9097
20.324;0;4;0;9097
20.33;0;4;0;9097
20.334;0;4;0;9097
20.34;0;4;0;9097
20.344;0;4;0;9097
20.35;0;4;0;9097
20.354;0;4;0;9097
20.36;0;4;0;9083
20.364;0;4;0;9083
20.37;0;4;0;9083
20.374;0;4;0;9083
20.38;0;4;0;9083
20.384;0;4;0;9097
20.39;0;4;0;9097
20.394;0;4;0;9097
20.4;0;4;0;9097
20.404;0;4;0;9097
20.41;0;4;0;9097
20.414;0;4;0;9097
20.42;0;4;0;9097
20.424;0;4;0;9097
20.43;0;3;0;9097
20.434;0;3;0;9097
20.44;0;3;0;9097
20.444;0;3;0;9083
20.45;0;3;0;9083
20.454;0;2;0;9083
20.46;0;2;0;9083
20.464;0;2;0;9083
20.47;0;1;0;9083
20.474;0;1;0;9097
20.48;0;1;0;9097
20.484;0;0;0;9097
20.489;0;0;0;9083
20.494;0;0;0;9083
20.499;0;0;0;9097
20.504;0;0;0;9097
20.509;0;0;0;9097