t;e;d;i;set

0.629;0;7.8125;0;0
0.634;0;7.8125;0;0
0.639;0;7.8125;0;0
0.644;0;7.8125;0;0
0.649;0;7.8125;0;0
0.654;0;7.8125;0;0
0.659;0;7.8125;0;0
0.664;0;7.8125;0;0
0.669;0;7.8125;0;0
0.674;0;7.8125;0;0
0.679;0;7.8125;0;0
0.684;0;7.8125;0;0
0.689;0;7.8125;0;0
0.694;0;7.8125;0;0
0.699;0;7.8125;0;0
0.704;0;7.8125;0;0
0.709;0;7.8125;0;0
0.714;0;7.8125;0;0
0.719;0;7.8125;0;0
0.724;0;7.8125;0;0
0.729;-7;-3.125;0;0
0.734;-23;-2.738225629791895;0;0
0.739;-70;-23.364485981308412;0;0
0.744;-117;-35.714285714285715;0;0
0.749;-187;-46.2962962962963;0;0
0.754;-263;-51.02040816326531;0;0
0.759;-338;-49.01960784313726;0;0
0.764;-411;-53.191489361702125;0;0
0.769;-488;-44.24778761061947;0;0
0.774;-549;-51.02040816326531;0;0
0.779;-612;-50.505050505050505;0;0
0.784;-673;-45.04504504504504;0;0
0.789;-718;-40.98360655737705;0;0
0.794;-765;-49.01960784313726;0;0
0.799;-804;-48.54368932038835;0;0
0.804;-840;-38.46153846153846;0;0
0.809;-864;-27.027027027027028;0;0
0.814;-891;-32.6797385620915;0;0
0.819;-914;-36.496350364963504;0;0
0.824;-929;-25.12562814070352;0;0
0.829;-940;-20.833333333333332;0;0
0.834;-951;-20.0;0;0
0.839;-960;-19.37984496124031;0;0
0.844;-966;-14.409221902017292;0;0
0.849;-970;-8.680555555555555;0;0
0.854;-974;-10.351966873706004;0;0
0.859;-977;-7.727975270479135;0;0
0.864;-977;-6.693440428380187;0;0
0.869;-977;-5.903187721369539;0;0
0.874;-977;-5.279831045406547;0;0
0.879;-974;2.3507287259050305;0;0
0.884;-972;3.134796238244514;0;0
0.889;-968;8.474576271186441;0;0
0.894;-962;11.235955056179776;0;0
0.899;-955;21.459227467811157;0;0
0.904;-946;18.65671641791045;0;0
0.909;-935;18.38235294117647;0;0
0.914;-914;33.557046979865774;0;0
0.919;-901;27.027027027027028;0;0
0.924;-880;24.63054187192118;0;0
0.929;-852;34.96503496503497;0;0
0.934;-822;34.96503496503497;0;0
0.939;-785;43.47826086956522;0;0
0.944;-744;47.16981132075472;0;0
0.949;-695;44.24778761061947;0;0
0.954;-643;37.59398496240601;0;0
0.959;-581;58.13953488372093;0;0
0.964;-522;50.505050505050505;0;0
0.969;-453;47.16981132075472;0;0
0.974;-382;50.505050505050505;0;0
0.979;-309;50.505050505050505;0;0
0.984;-233;52.63157894736842;0;0
0.989;-148;60.24096385542169;0;0
0.994;-70;48.54368932038835;0;0
0.999;15;55.55555555555556;0;0
1.004;101;58.13953488372093;0;0
1.009;179;49.504950495049506;0;0
1.014;263;53.763440860215056;0;0
1.019;338;50.0;0;0
1.024;404;46.2962962962963;0;0
1.029;474;42.016806722689076;0;0
1.034;542;53.763440860215056;0;0
1.039;606;39.37007874015748;0;0
1.044;655;34.72222222222222;0;0
1.049;701;38.46153846153846;0;0
1.054;744;39.37007874015748;0;0
1.059;785;33.557046979865774;0;0
1.064;813;31.645569620253166;0;0
1.069;840;24.752475247524753;0;0
1.074;864;33.557046979865774;0;0
1.079;883;23.25581395348837;0;0
1.084;904;26.041666666666668;0;0
1.089;920;26.455026455026456;0;0
1.094;926;14.164305949008499;0;0
1.099;935;11.933174224343675;0;0
1.104;943;13.26259946949602;0;0
1.109;948;9.596928982725528;0;0
1.114;953;10.989010989010989;0;0
1.119;953;9.00900900900901;0;0
1.124;955;4.859086491739553;0;0
1.129;953;-6.887052341597796;0;0
1.134;953;-6.053268765133172;0;0
1.139;948;-2.7731558513588466;0;0
1.144;943;-8.80281690140845;0;0
1.149;935;-12.72264631043257;0;0
1.154;926;-13.623978201634877;0;0
1.159;917;-16.89189189189189;0;0
1.164;901;-18.587360594795538;0;0
1.169;887;-18.867924528301888;0;0
1.174;864;-31.645569620253166;0;0
1.179;840;-27.624309392265193;0;0
1.184;813;-31.446540880503143;0;0
1.189;780;-31.645569620253166;0;0
1.194;750;-33.333333333333336;0;0
1.199;707;-39.37007874015748;0;0
1.204;655;-37.878787878787875;0;0
1.209;606;-38.16793893129771;0;0
1.214;549;-42.016806722689076;0;0
1.219;495;-43.10344827586207;0;0
1.224;432;-44.642857142857146;0;0
1.229;353;-53.191489361702125;0;0
1.234;278;-50.0;0;0
1.239;202;-47.61904761904762;0;0
1.244;133;-46.2962962962963;0;0
1.249;54;-45.87155963302752;0;0
1.254;-31;-54.34782608695652;0;0
1.259;-109;-48.07692307692308;0;0
1.264;-187;-51.54639175257732;0;0
1.269;-271;-57.47126436781609;0;0
1.274;-331;-40.65040650406504;0;0
1.279;-404;-44.24778761061947;0;0
1.284;-467;-47.61904761904762;0;0
1.289;-529;-48.54368932038835;0;0
1.294;-581;-41.32231404958678;0;0
1.299;-631;-40.0;0;0
1.304;-678;-38.16793893129771;0;0
1.309;-723;-36.76470588235294;0;0
1.314;-765;-38.16793893129771;0;0
1.319;-794;-29.069767441860463;0;0
1.324;-822;-29.239766081871345;0;0
1.329;-848;-26.17801047120419;0;0
1.334;-868;-23.04147465437788;0;0
1.339;-880;-15.151515151515152;0;0
1.344;-898;-21.008403361344538;0;0
1.349;-908;-15.479876160990711;0;0
1.354;-917;-14.749262536873156;0;0
1.359;-923;-9.920634920634921;0;0
1.364;-926;-8.305647840531561;0;0
1.369;-932;-6.418485237483954;0;0
1.374;-932;-5.694760820045558;0;0
1.379;-932;-5.112474437627812;0;0
1.384;-932;-4.638218923933209;0;0
1.389;-926;2.3980815347721824;0;0
1.394;-923;2.918855808523059;0;0
1.399;-914;12.345679012345679;0;0
1.404;-908;10.2880658436214;0;0
1.409;-898;16.666666666666668;0;0
1.414;-880;22.624434389140273;0;0
1.419;-864;16.286644951140065;0;0
1.424;-848;16.835016835016834;0;0
1.429;-822;34.48275862068966;0;0
1.434;-794;28.24858757062147;0;0
1.439;-765;31.645569620253166;0;0
1.444;-728;34.01360544217687;0;0
1.449;-690;32.05128205128205;0;0
1.454;-637;42.3728813559322;0;0
1.459;-594;31.84713375796178;0;0
1.464;-542;36.231884057971016;0;0
1.469;-481;40.65040650406504;0;0
1.474;-418;50.0;0;0
1.479;-360;43.10344827586207;0;0
1.484;-294;44.24778761061947;0;0
1.489;-218;48.07692307692308;0;0
1.494;-148;52.63157894736842;0;0
1.499;-78;49.504950495049506;0;0
1.504;7;60.24096385542169;0;0
1.509;78;45.45454545454545;0;0
1.514;148;38.75968992248062;0;0
1.519;225;60.97560975609756;0;0
1.524;294;42.73504273504273;0;0
1.529;353;43.47826086956522;0;0
1.534;418;39.37007874015748;0;0
1.539;481;45.04504504504504;0;0
1.544;542;51.02040816326531;0;0
1.549;594;43.85964912280702;0;0
1.554;637;33.78378378378378;0;0
1.559;673;26.881720430107528;0;0
1.564;712;37.3134328358209;0;0
1.569;750;33.333333333333336;0;0
1.574;780;30.120481927710845;0;0
1.579;804;21.83406113537118;0;0
1.584;822;18.51851851851852;0;0
1.589;840;16.233766233766232;0;0
1.594;856;15.92356687898089;0;0
1.599;868;14.792899408284024;0;0
1.604;880;16.666666666666668;0;0
1.609;891;11.037527593818984;0;0
1.614;894;10.615711252653927;0;0
1.619;901;6.188118811881188;0;0
1.624;901;5.48847420417124;0;0
1.629;901;4.945598417408506;0;0
1.634;898;-4.476275738585497;0;0
1.639;894;-2.6068821689259645;0;0
1.644;891;-3.209242618741977;0;0
1.649;880;-12.376237623762377;0;0
1.654;872;-10.26694045174538;0;0
1.659;860;-14.836795252225519;0;0
1.664;844;-19.083969465648856;0;0
1.669;827;-20.74688796680498;0;0
1.674;804;-20.74688796680498;0;0
1.679;780;-24.390243902439025;0;0
1.684;755;-25.641025641025642;0;0
1.689;723;-28.089887640449437;0;0
1.694;684;-34.48275862068966;0;0
1.699;643;-40.98360655737705;0;0
1.704;600;-36.496350364963504;0;0
1.709;555;-30.864197530864196;0;0
1.714;509;-36.231884057971016;0;0
1.719;446;-38.46153846153846;0;0
1.724;382;-43.47826086956522;0;0
1.729;316;-51.54639175257732;0;0
1.734;248;-43.47826086956522;0;0
1.739;179;-39.0625;0;0
1.744;117;-39.682539682539684;0;0
1.749;39;-54.34782608695652;0;0
1.754;-31;-47.61904761904762;0;0
1.759;-101;-37.878787878787875;0;0
1.764;-171;-46.2962962962963;0;0
1.769;-241;-54.34782608695652;0;0
1.774;-301;-37.3134328358209;0;0
1.779;-360;-37.3134328358209;0;0
1.784;-425;-43.10344827586207;0;0
1.789;-481;-37.3134328358209;0;0
1.794;-529;-34.72222222222222;0;0
1.799;-581;-42.73504273504273;0;0
1.804;-625;-35.46099290780142;0;0
1.809;-667;-28.90173410404624;0;0
1.814;-701;-34.96503496503497;0;0
1.819;-734;-27.3224043715847;0;0
1.824;-765;-31.25;0;0
1.829;-785;-22.93577981651376;0;0
1.834;-809;-22.624434389140273;0;0
1.839;-827;-20.66115702479339;0;0
1.844;-840;-15.337423312883436;0;0
1.849;-856;-17.421602787456447;0;0
1.854;-860;-12.254901960784315;0;0
1.859;-868;-9.31098696461825;0;0
1.864;-872;-7.727975270479135;0;0
1.869;-876;-6.045949214026602;0;0
1.874;-876;-5.393743257820928;0;0
1.879;-876;-4.868549172346641;0;0
1.884;-872;5.291005291005291;0;0
1.889;-868;2.297794117647059;0;0
1.894;-860;5.73394495412844;0;0
1.899;-852;8.59106529209622;0;0
1.904;-840;14.005602240896359;0;0
1.909;-822;21.367521367521366;0;0
1.914;-804;20.92050209205021;0;0
1.919;-785;20.74688796680498;0;0
1.924;-765;22.93577981651376;0;0
1.929;-728;31.645569620253166;0;0
1.934;-701;28.24858757062147;0;0
1.939;-667;23.474178403755868;0;0
1.944;-631;33.78378378378378;0;0
1.949;-581;41.666666666666664;0;0
1.954;-535;33.78378378378378;0;0
1.959;-488;32.05128205128205;0;0
1.964;-432;37.59398496240601;0;0
1.969;-382;30.48780487804878;0;0
1.974;-323;39.682539682539684;0;0
1.979;-256;38.46153846153846;0;0
1.984;-195;35.714285714285715;0;0
1.989;-133;38.46153846153846;0;0
1.994;-62;44.24778761061947;0;0
1.999;7;51.54639175257732;0;0
2.004;70;42.73504273504273;0;0
2.009;133;40.0;0;0
2.014;202;48.07692307692308;0;0
2.019;271;35.97122302158273;0;0
2.024;323;37.878787878787875;0;0
2.029;375;37.03703703703704;0;0
2.034;439;40.0;0;0
2.039;488;39.682539682539684;0;0
2.044;542;38.46153846153846;0;0
2.049;587;30.67484662576687;0;0
2.054;619;29.239766081871345;0;0
2.059;655;23.364485981308412;0;0
2.064;690;34.96503496503497;0;0
2.069;718;23.923444976076556;0;0
2.074;744;20.242914979757085;0;0
2.079;765;16.949152542372882;0;0
2.084;780;14.367816091954023;0;0
2.089;794;15.67398119122257;0;0
2.094;813;15.92356687898089;0;0
2.099;822;10.570824524312897;0;0
2.104;831;10.70663811563169;0;0
2.109;831;8.756567425569177;0;0
2.114;835;5.5432372505543235;0;0
2.119;835;4.990019960079841;0;0
2.124;835;4.537205081669692;0;0
2.129;831;-4.159733777038269;0;0
2.134;831;-2.768549280177187;0;0
2.139;822;-2.444987775061125;0;0
2.144;813;-9.157509157509157;0;0
2.149;799;-11.363636363636363;0;0
2.154;785;-12.56281407035176;0;0
2.159;770;-15.67398119122257;0;0
2.164;750;-19.455252918287936;0;0
2.169;723;-19.841269841269842;0;0
2.174;695;-23.923444976076556;0;0
2.179;667;-24.752475247524753;0;0
2.184;631;-22.624434389140273;0;0
2.189;594;-29.41176470588235;0;0
2.194;549;-31.84713375796178;0;0
2.199;509;-33.11258278145695;0;0
2.204;460;-35.714285714285715;0;0
2.209;404;-43.85964912280702;0;0
2.214;346;-47.16981132075472;0;0
2.219;286;-42.3728813559322;0;0
2.224;225;-44.24778761061947;0;0
2.229;164;-43.85964912280702;0;0
2.234;101;-46.2962962962963;0;0
2.239;39;-48.54368932038835;0;0
2.244;-23;-42.016806722689076;0;0
2.249;-86;-43.47826086956522;0;0
2.254;-148;-40.32258064516129;0;0
2.259;-210;-39.682539682539684;0;0
2.264;-271;-33.11258278145695;0;0
2.269;-331;-40.0;0;0
2.274;-382;-37.878787878787875;0;0
2.279;-432;-30.120481927710845;0;0
2.284;-474;-27.624309392265193;0;0
2.289;-529;-38.75968992248062;0;0
2.294;-568;-25.77319587628866;0;0
2.299;-606;-33.78378378378378;0;0
2.304;-637;-28.90173410404624;0;0
2.309;-673;-24.390243902439025;0;0
2.314;-695;-22.727272727272727;0;0
2.319;-723;-26.31578947368421;0;0
2.324;-744;-22.321428571428573;0;0
2.329;-760;-14.204545454545455;0;0
2.334;-775;-11.904761904761905;0;0
2.339;-790;-15.105740181268882;0;0
2.344;-799;-12.690355329949238;0;0
2.349;-804;-8.771929824561404;0;0
2.354;-809;-6.297229219143577;0;0
2.359;-813;-4.332755632582322;0;0
2.364;-813;-3.9872408293460926;0;0
2.369;-813;-3.692762186115214;0;0
2.374;-804;2.6680896478121663;0;0
2.379;-804;2.5214321734745337;0;0
2.384;-794;5.611672278338945;0;0
2.389;-785;9.276437847866418;0;0
2.394;-765;18.796992481203006;0;0
2.399;-744;19.841269841269842;0;0
2.404;-723;19.53125;0;0
2.409;-707;15.97444089456869;0;0
2.414;-678;31.84713375796178;0;0
2.419;-643;21.1864406779661;0;0
2.424;-619;18.248175182481752;0;0
2.429;-581;37.59398496240601;0;0
2.434;-542;21.73913043478261;0;0
2.439;-502;35.2112676056338;0;0
2.444;-453;34.01360544217687;0;0
2.449;-411;31.645569620253166;0;0
2.454;-360;38.75968992248062;0;0
2.459;-309;32.25806451612903;0;0
2.464;-256;30.303030303030305;0;0
2.469;-202;28.571428571428573;0;0
2.474;-133;37.03703703703704;0;0
2.479;-78;39.37007874015748;0;0
2.484;-15;38.75968992248062;0;0
2.489;39;39.0625;0;0
2.494;101;40.65040650406504;0;0
2.499;164;42.016806722689076;0;0
2.504;218;35.2112676056338;0;0
2.509;271;31.84713375796178;0;0
2.514;323;35.46099290780142;0;0
2.519;375;37.3134328358209;0;0
2.524;425;34.72222222222222;0;0
2.529;467;27.027027027027028;0;0
2.534;515;35.714285714285715;0;0
2.539;555;25.77319587628866;0;0
2.544;594;30.303030303030305;0;0
2.549;619;25.12562814070352;0;0
2.554;643;21.73913043478261;0;0
2.559;667;20.74688796680498;0;0
2.564;690;21.09704641350211;0;0
2.569;712;19.37984496124031;0;0
2.574;734;17.301038062283737;0;0
2.579;744;12.195121951219512;0;0
2.584;755;11.876484560570072;0;0
2.589;760;7.680491551459293;0;0
2.594;770;6.134969325153374;0;0
2.599;775;6.142506142506143;0;0
2.604;775;5.470459518599562;0;0
2.609;775;4.930966469428008;0;0
2.614;770;-4.739336492890995;0;0
2.619;765;-2.526528549772612;0;0
2.624;755;-12.690355329949238;0;0
2.629;744;-8.051529790660226;0;0
2.634;734;-11.185682326621924;0;0
2.639;718;-13.404825737265416;0;0
2.644;701;-12.919896640826874;0;0
2.649;678;-15.105740181268882;0;0
2.654;655;-16.025641025641026;0;0
2.659;625;-23.58490566037736;0;0
2.664;594;-28.089887640449437;0;0
2.669;568;-24.154589371980677;0;0
2.674;529;-23.80952380952381;0;0
2.679;488;-30.48780487804878;0;0
2.684;446;-27.624309392265193;0;0
2.689;404;-30.48780487804878;0;0
2.694;346;-40.65040650406504;0;0
2.699;301;-27.624309392265193;0;0
2.704;248;-34.96503496503497;0;0
2.709;195;-33.78378378378378;0;0
2.714;133;-39.37007874015748;0;0
2.719;78;-37.878787878787875;0;0
2.724;23;-33.11258278145695;0;0
2.729;-39;-33.333333333333336;0;0
2.734;-86;-31.645569620253166;0;0
2.739;-148;-37.3134328358209;0;0
2.744;-210;-42.016806722689076;0;0
2.749;-256;-29.761904761904763;0;0
2.754;-309;-32.89473684210526;0;0
2.759;-353;-29.940119760479043;0;0
2.764;-404;-30.120481927710845;0;0
2.769;-446;-28.735632183908045;0;0
2.774;-481;-28.735632183908045;0;0
2.779;-522;-28.089887640449437;0;0
2.784;-555;-23.58490566037736;0;0
2.789;-581;-23.04147465437788;0;0
2.794;-612;-22.22222222222222;0;0
2.799;-643;-19.68503937007874;0;0
2.804;-661;-16.025641025641026;0;0
2.809;-678;-15.19756838905775;0;0
2.814;-701;-17.857142857142858;0;0
2.819;-718;-15.772870662460567;0;0
2.824;-723;-11.7096018735363;0;0
2.829;-734;-6.587615283267457;0;0
2.834;-739;-6.402048655569782;0;0
2.839;-744;-6.067961165048544;0;0
2.844;-744;-5.411255411255412;0;0
2.849;-744;-4.8828125;0;0
2.854;-739;3.223726627981947;0;0
2.859;-734;2.487562189054726;0;0
2.864;-723;6.180469715698393;0;0
2.869;-712;7.473841554559043;0;0
2.874;-701;12.077294685990339;0;0
2.879;-678;20.32520325203252;0;0
2.884;-661;14.45086705202312;0;0
2.889;-643;12.376237623762377;0;0
2.894;-619;16.722408026755854;0;0
2.899;-587;22.727272727272727;0;0
2.904;-555;23.696682464454977;0;0
2.909;-529;24.271844660194176;0;0
2.914;-488;23.58490566037736;0;0
2.919;-453;26.455026455026456;0;0
2.924;-411;29.940119760479043;0;0
2.929;-368;26.737967914438503;0;0
2.934;-331;31.25;0;0
2.939;-271;38.16793893129771;0;0
2.944;-233;25.252525252525253;0;0
2.949;-179;38.75968992248062;0;0
2.954;-117;40.65040650406504;0;0
2.959;-70;27.77777777777778;0;0
2.964;-15;35.2112676056338;0;0
2.969;39;39.682539682539684;0;0
2.974;94;34.48275862068966;0;0
2.979;140;33.78378378378378;0;0
2.984;195;36.496350364963504;0;0
2.989;241;26.455026455026456;0;0
2.994;286;28.735632183908045;0;0
2.999;331;24.63054187192118;0;0
3.004;375;30.864197530864196;0;0
3.009;418;25.380710659898476;0;0
3.014;460;30.120481927710845;0;0
3.019;502;23.364485981308412;0;0
3.024;535;22.624434389140273;0;0
3.029;562;21.551724137931036;0;0
3.034;587;18.796992481203006;0;0
3.039;606;14.792899408284024;0;0
3.044;625;14.124293785310735;0;0
3.049;643;15.479876160990711;0;0
3.054;667;16.233766233766232;0;0
3.059;678;10.799136069114471;0;0
3.064;690;10.989010989010989;0;0
3.069;695;7.204610951008646;0;0
3.074;701;5.980861244019139;0;0
3.079;701;5.3418803418803416;0;0
3.084;707;3.7397157816005984;0;0
3.089;701;-4.940711462450593;0;0
3.094;701;-4.492362982929021;0;0
3.099;695;-17.36111111111111;0;0
3.104;684;-4.655493482309125;0;0
3.109;673;-9.090909090909092;0;0
3.114;661;-10.416666666666666;0;0
3.119;643;-13.333333333333334;0;0
3.124;625;-15.060240963855422;0;0
3.129;606;-13.054830287206267;0;0
3.134;581;-16.233766233766232;0;0
3.139;555;-16.722408026755854;0;0
3.144;522;-22.42152466367713;0;0
3.149;488;-28.90173410404624;0;0
3.154;460;-24.875621890547265;0;0
3.159;418;-24.50980392156863;0;0
3.164;375;-34.01360544217687;0;0
3.169;331;-27.47252747252747;0;0
3.174;286;-31.84713375796178;0;0
3.179;241;-28.089887640449437;0;0
3.184;195;-31.25;0;0
3.189;148;-25.12562814070352;0;0
3.194;101;-31.645569620253166;0;0
3.199;47;-31.25;0;0
3.204;-7;-29.585798816568047;0;0
3.209;-54;-29.239766081871345;0;0
3.214;-109;-36.76470588235294;0;0
3.219;-156;-31.055900621118013;0;0
3.224;-210;-34.01360544217687;0;0
3.229;-248;-28.40909090909091;0;0
3.234;-301;-34.24657534246575;0;0
3.239;-338;-28.571428571428573;0;0
3.244;-382;-27.47252747252747;0;0
3.249;-418;-25.77319587628866;0;0
3.254;-446;-20.32520325203252;0;0
3.259;-481;-22.727272727272727;0;0
3.264;-515;-19.37984496124031;0;0
3.269;-542;-17.24137931034483;0;0
3.274;-568;-17.006802721088434;0;0
3.279;-587;-16.501650165016503;0;0
3.284;-606;-15.384615384615385;0;0
3.289;-631;-19.37984496124031;0;0
3.294;-637;-13.404825737265416;0;0
3.299;-649;-8.80281690140845;0;0
3.304;-655;-7.352941176470588;0;0
3.309;-667;-6.045949214026602;0;0
3.314;-667;-4.945598417408506;0;0
3.319;-673;-9.615384615384615;0;0
3.324;-673;-8.064516129032258;0;0
3.329;-667;5.025125628140704;0;0
3.334;-661;2.7793218454697053;0;0
3.339;-655;4.042037186742118;0;0
3.344;-643;5.63063063063063;0;0
3.349;-631;9.980039920159681;0;0
3.354;-619;9.487666034155598;0;0
3.359;-594;15.479876160990711;0;0
3.364;-575;16.666666666666668;0;0
3.369;-555;15.625;0;0
3.374;-529;20.0;0;0
3.379;-502;20.5761316872428;0;0
3.384;-474;23.923444976076556;0;0
3.389;-439;23.364485981308412;0;0
3.394;-404;21.551724137931036;0;0
3.399;-368;24.154589371980677;0;0
3.404;-331;29.940119760479043;0;0
3.409;-286;25.510204081632654;0;0
3.414;-248;23.25581395348837;0;0
3.419;-210;27.77777777777778;0;0
3.424;-156;34.24657534246575;0;0
3.429;-109;30.48780487804878;0;0
3.434;-62;26.041666666666668;0;0
3.439;-15;33.557046979865774;0;0
3.444;39;35.2112676056338;0;0
3.449;78;27.027027027027028;0;0
3.454;125;28.735632183908045;0;0
3.459;171;33.11258278145695;0;0
3.464;218;25.906735751295336;0;0
3.469;256;25.77319587628866;0;0
3.474;294;20.242914979757085;0;0
3.479;331;21.367521367521366;0;0
3.484;375;29.761904761904763;0;0
3.489;404;26.737967914438503;0;0
3.494;446;22.22222222222222;0;0
3.499;474;19.157088122605366;0;0
3.504;502;15.384615384615385;0;0
3.509;522;14.084507042253522;0;0
3.514;542;15.772870662460567;0;0
3.519;568;17.36111111111111;0;0
3.524;581;11.682242990654206;0;0
3.529;600;13.157894736842104;0;0
3.534;612;9.45179584120983;0;0
3.539;619;9.31098696461825;0;0
3.544;625;5.767012687427912;0;0
3.549;631;4.672897196261682;0;0
3.554;631;4.273504273504273;0;0
3.559;631;3.937007874015748;0;0
3.564;631;3.6496350364963503;0;0
3.569;631;3.401360544217687;0;0
3.574;619;-3.1446540880503147;0;0
3.579;619;-2.82326369282891;0;0
3.584;600;-8.726003490401396;0;0
3.589;587;-10.526315789473685;0;0
3.594;568;-13.966480446927374;0;0
3.599;555;-10.351966873706004;0;0
3.604;535;-15.105740181268882;0;0
3.609;515;-15.92356687898089;0;0
3.614;488;-19.607843137254903;0;0
3.619;460;-20.833333333333332;0;0
3.624;425;-22.93577981651376;0;0
3.629;389;-20.92050209205021;0;0
3.634;353;-24.50980392156863;0;0
3.639;316;-27.932960893854748;0;0
3.644;286;-21.83406113537118;0;0
3.649;241;-22.123893805309734;0;0
3.654;195;-32.25806451612903;0;0
3.659;156;-25.77319587628866;0;0
3.664;109;-29.585798816568047;0;0
3.669;70;-28.24858757062147;0;0
3.674;23;-22.831050228310502;0;0
3.679;-23;-28.90173410404624;0;0
3.684;-62;-25.0;0;0
3.689;-117;-37.878787878787875;0;0
3.694;-156;-26.881720430107528;0;0
3.699;-195;-19.76284584980237;0;0
3.704;-241;-31.446540880503143;0;0
3.709;-278;-27.17391304347826;0;0
3.714;-316;-20.833333333333332;0;0
3.719;-353;-22.727272727272727;0;0
3.724;-382;-21.83406113537118;0;0
3.729;-418;-24.03846153846154;0;0
3.734;-446;-20.408163265306122;0;0
3.739;-467;-18.38235294117647;0;0
3.744;-495;-17.857142857142858;0;0
3.749;-515;-14.124293785310735;0;0
3.754;-529;-13.550135501355014;0;0
3.759;-549;-12.531328320802006;0;0
3.764;-562;-11.26126126126126;0;0
3.769;-575;-9.487666034155598;0;0
3.774;-581;-8.264462809917354;0;0
3.779;-587;-6.993006993006993;0;0
3.784;-594;-4.830917874396135;0;0
3.789;-600;-4.703668861712136;0;0
3.794;-600;-4.299226139294927;0;0
3.799;-594;4.830917874396135;0;0
3.804;-594;4.405286343612334;0;0
3.809;-581;2.7639579878385847;0;0
3.814;-575;4.975124378109452;0;0
3.819;-568;5.336179295624333;0;0
3.824;-555;8.94454382826476;0;0
3.829;-535;11.086474501108647;0;0
3.834;-522;10.729613733905579;0;0
3.839;-502;14.367816091954023;0;0
3.844;-474;18.939393939393938;0;0
3.849;-453;14.45086705202312;0;0
3.854;-425;18.45018450184502;0;0
3.859;-404;15.432098765432098;0;0
3.864;-368;21.92982456140351;0;0
3.869;-338;20.0;0;0
3.874;-301;24.752475247524753;0;0
3.879;-271;26.041666666666668;0;0
3.884;-233;20.74688796680498;0;0
3.889;-195;20.32520325203252;0;0
3.894;-148;35.714285714285715;0;0
3.899;-109;27.17391304347826;0;0
3.904;-70;20.161290322580644;0;0
3.909;-23;36.76470588235294;0;0
3.914;15;26.041666666666668;0;0
3.919;54;21.1864406779661;0;0
3.924;101;32.89473684210526;0;0
3.929;133;26.041666666666668;0;0
3.934;171;21.1864406779661;0;0
3.939;218;25.380710659898476;0;0
3.944;256;26.595744680851062;0;0
3.949;286;23.14814814814815;0;0
3.954;316;21.645021645021647;0;0
3.959;346;21.459227467811157;0;0
3.964;375;22.026431718061673;0;0
3.969;404;22.42152466367713;0;0
3.974;432;20.32520325203252;0;0
3.979;460;19.157088122605366;0;0
3.984;481;13.123359580052494;0;0
3.989;495;10.526315789473685;0;0
3.994;515;12.820512820512821;0;0
3.999;529;9.276437847866418;0;0
4.004;542;11.415525114155251;0;0
4.009;549;7.451564828614009;0;0
4.014;555;12.077294685990339;0;0
4.019;562;9.541984732824428;0;0
4.024;568;5.296610169491525;0;0
4.029;568;4.789272030651341;0;0
4.034;568;4.370629370629371;0;0
4.039;562;-4.508566275924256;0;0
4.044;555;-2.3331777881474567;0;0
4.049;542;-4.84027105517909;0;0
4.054;542;-4.41306266548985;0;0
4.059;529;-5.181347150259067;0;0
4.064;515;-9.124087591240876;0;0
4.069;488;-16.44736842105263;0;0
4.074;474;-11.160714285714286;0;0
4.079;453;-14.45086705202312;0;0
4.084;432;-14.45086705202312;0;0
4.089;404;-17.482517482517483;0;0
4.094;375;-19.9203187250996;0;0
4.099;346;-21.09704641350211;0;0
4.104;316;-19.53125;0;0
4.109;286;-18.315018315018314;0;0
4.114;248;-22.624434389140273;0;0
4.119;210;-20.92050209205021;0;0
4.124;179;-17.73049645390071;0;0
4.129;140;-23.364485981308412;0;0
4.134;101;-24.752475247524753;0;0
4.139;62;-23.58490566037736;0;0
4.144;23;-18.867924528301888;0;0
4.149;-23;-30.67484662576687;0;0
4.154;-54;-24.50980392156863;0;0
4.159;-94;-25.906735751295336;0;0
4.164;-140;-26.737967914438503;0;0
4.169;-171;-20.0;0;0
4.174;-210;-26.31578947368421;0;0
4.179;-241;-23.04147465437788;0;0
4.184;-271;-20.74688796680498;0;0
4.189;-301;-18.248175182481752;0;0
4.194;-331;-18.51851851851852;0;0
4.199;-360;-17.793594306049823;0;0
4.204;-389;-17.064846416382252;0;0
4.209;-411;-15.337423312883436;0;0
4.214;-432;-11.7096018735363;0;0
4.219;-446;-11.990407673860911;0;0
4.224;-467;-12.195121951219512;0;0
4.229;-488;-10.1010101010101;0;0
4.234;-502;-11.135857461024498;0;0
4.239;-509;-8.635578583765112;0;0
4.244;-515;-6.337135614702155;0;0
4.249;-522;-6.289308176100629;0;0
4.254;-529;-4.757373929590866;0;0
4.259;-529;-4.344048653344918;0;0
4.264;-529;-3.9968025579536373;0;0
4.269;-529;-3.7009622501850483;0;0
4.274;-522;2.5329280648429586;0;0
4.279;-515;1.9083969465648856;0;0
4.284;-509;2.2904260192395784;0;0
4.289;-502;5.219206680584551;0;0
4.294;-481;8.849557522123893;0;0
4.299;-474;10.183299389002036;0;0
4.304;-453;9.416195856873824;0;0
4.309;-432;11.547344110854503;0;0
4.314;-418;12.820512820512821;0;0
4.319;-389;17.921146953405017;0;0
4.324;-368;16.286644951140065;0;0
4.329;-346;14.792899408284024;0;0
4.334;-316;16.722408026755854;0;0
4.339;-286;16.611295681063122;0;0
4.344;-256;16.835016835016834;0;0
4.349;-225;17.006802721088434;0;0
4.354;-195;17.6678445229682;0;0
4.359;-148;29.41176470588235;0;0
4.364;-117;23.25581395348837;0;0
4.369;-86;21.09704641350211;0;0
4.374;-47;28.90173410404624;0;0
4.379;-7;18.181818181818183;0;0
4.384;23;16.556291390728475;0;0
4.389;70;33.78378378378378;0;0
4.394;101;24.154589371980677;0;0
4.399;133;21.459227467811157;0;0
4.404;164;22.727272727272727;0;0
4.409;202;24.50980392156863;0;0
4.414;233;21.367521367521366;0;0
4.419;256;17.857142857142858;0;0
4.424;286;16.39344262295082;0;0
4.429;316;20.0;0;0
4.434;346;20.491803278688526;0;0
4.439;368;17.36111111111111;0;0
4.444;389;12.72264631043257;0;0
4.449;404;13.774104683195592;0;0
4.454;425;12.787723785166241;0;0
4.459;439;10.040160642570282;0;0
4.464;460;12.987012987012987;0;0
4.469;467;8.576329331046312;0;0
4.474;481;8.237232289950576;0;0
4.479;488;7.299270072992701;0;0
4.484;488;6.369426751592357;0;0
4.489;488;5.649717514124294;0;0
4.494;495;3.43878954607978;0;0
4.499;495;3.2175032175032174;0;0
4.504;488;-3.3921302578018997;0;0
4.509;488;-3.1847133757961785;0;0
4.514;481;-2.2644927536231885;0;0
4.519;474;-2.0475020475020473;0;0
4.524;460;-6.887052341597796;0;0
4.529;446;-7.15307582260372;0;0
4.534;432;-9.84251968503937;0;0
4.539;418;-9.174311926605505;0;0
4.544;404;-12.01923076923077;0;0
4.549;375;-15.625;0;0
4.554;353;-14.880952380952381;0;0
4.559;331;-12.224938875305623;0;0
4.564;309;-14.792899408284024;0;0
4.569;286;-15.873015873015873;0;0
4.574;256;-17.793594306049823;0;0
4.579;225;-19.455252918287936;0;0
4.584;195;-18.587360594795538;0;0
4.589;164;-18.181818181818183;0;0
4.594;133;-20.0;0;0
4.599;101;-21.008403361344538;0;0
4.604;62;-22.42152466367713;0;0
4.609;31;-19.841269841269842;0;0
4.614;0;-20.32520325203252;0;0
4.619;-39;-18.248175182481752;0;0
4.624;-70;-15.67398119122257;0;0
4.629;-109;-26.455026455026456;0;0
4.634;-140;-19.157088122605366;0;0
4.639;-164;-13.513513513513514;0;0
4.644;-195;-15.873015873015873;0;0
4.649;-233;-21.92982456140351;0;0
4.654;-256;-13.333333333333334;0;0
4.659;-278;-14.662756598240469;0;0
4.664;-309;-17.793594306049823;0;0
4.669;-331;-15.337423312883436;0;0
4.674;-353;-13.550135501355014;0;0
4.679;-368;-12.987012987012987;0;0
4.684;-389;-12.919896640826874;0;0
4.689;-404;-8.818342151675486;0;0
4.694;-418;-17.18213058419244;0;0
4.699;-432;-12.88659793814433;0;0
4.704;-439;-7.407407407407407;0;0
4.709;-446;-6.273525721455458;0;0
4.714;-453;-5.574136008918618;0;0
4.719;-460;-3.9215686274509802;0;0
4.724;-460;-3.63901018922853;0;0
4.729;-460;-3.3921302578018997;0;0
4.734;-460;-3.1766200762388817;0;0
4.739;-453;2.5906735751295336;0;0
4.744;-446;5.302226935312832;0;0
4.749;-439;6.242197253433209;0;0
4.754;-432;4.1288191577208915;0;0
4.759;-418;6.963788300835654;0;0
4.764;-411;6.385696040868455;0;0
4.769;-389;10.845986984815617;0;0
4.774;-375;10.183299389002036;0;0
4.779;-360;12.755102040816327;0;0
4.784;-338;11.682242990654206;0;0
4.789;-316;13.513513513513514;0;0
4.794;-294;14.367816091954023;0;0
4.799;-271;17.921146953405017;0;0
4.804;-241;18.587360594795538;0;0
4.809;-218;15.772870662460567;0;0
4.814;-187;19.9203187250996;0;0
4.819;-156;21.367521367521366;0;0
4.824;-133;14.705882352941176;0;0
4.829;-101;14.492753623188406;0;0
4.834;-70;18.726591760299627;0;0
4.839;-31;21.09704641350211;0;0
4.844;-7;13.66120218579235;0;0
4.849;23;17.857142857142858;0;0
4.854;54;18.115942028985508;0;0
4.859;86;15.97444089456869;0;0
4.864;117;14.792899408284024;0;0
4.869;140;14.084507042253522;0;0
4.874;171;17.793594306049823;0;0
4.879;202;16.39344262295082;0;0
4.884;225;17.6678445229682;0;0
4.889;256;15.337423312883436;0;0
4.894;271;10.729613733905579;0;0
4.899;294;13.550135501355014;0;0
4.904;316;15.24390243902439;0;0
4.909;338;12.40694789081886;0;0
4.914;353;10.26694045174538;0;0
4.919;368;16.44736842105263;0;0
4.924;375;9.090909090909092;0;0
4.929;389;6.738544474393531;0;0
4.934;404;9.174311926605505;0;0
4.939;411;6.361323155216285;0;0
4.944;418;5.847953216374269;0;0
4.949;425;4.7664442326024785;0;0
4.954;425;4.351610095735422;0;0
4.959;432;8.976660682226212;0;0
4.964;425;-5.995203836930456;0;0
4.969;425;-5.353319057815845;0;0
4.974;418;-2.721829069134458;0;0
4.979;411;-2.4142926122646067;0;0
4.984;404;-3.7064492216456633;0;0
4.989;397;-5.291005291005291;0;0
4.994;382;-6.738544474393531;0;0
4.999;368;-8.94454382826476;0;0
5.004;353;-9.25925925925926;0;0
5.009;338;-10.37344398340249;0;0
5.014;323;-10.141987829614605;0;0
5.019;301;-10.351966873706004;0;0
5.024;286;-12.531328320802006;0;0
5.029;256;-15.290519877675841;0;0
5.034;233;-15.19756838905775;0;0
5.039;210;-11.737089201877934;0;0
5.044;187;-14.245014245014245;0;0
5.049;164;-15.479876160990711;0;0
5.054;133;-17.985611510791365;0;0
5.059;101;-19.53125;0;0
5.064;70;-17.73049645390071;0;0
5.069;47;-17.36111111111111;0;0
5.074;15;-21.09704641350211;0;0
5.079;-15;-17.921146953405017;0;0
5.084;-39;-12.853470437017995;0;0
5.089;-70;-15.576323987538942;0;0
5.094;-101;-17.6678445229682;0;0
5.099;-125;-16.33986928104575;0;0
5.104;-148;-14.705882352941176;0;0
5.109;-179;-19.083969465648856;0;0
5.114;-202;-16.666666666666668;0;0
5.119;-225;-12.56281407035176;0;0
5.124;-248;-13.812154696132596;0;0
5.129;-271;-14.577259475218659;0;0
5.134;-286;-10.060362173038229;0;0
5.139;-301;-11.79245283018868;0;0
5.144;-323;-10.729613733905579;0;0
5.149;-331;-9.191176470588236;0;0
5.154;-346;-7.331378299120234;0;0
5.159;-360;-8.474576271186441;0;0
5.164;-368;-7.9113924050632916;0;0
5.169;-382;-6.329113924050633;0;0
5.174;-389;-5.347593582887701;0;0
5.179;-389;-4.830917874396135;0;0
5.184;-389;-4.405286343612334;0;0
5.189;-397;-9.940357852882704;0;0
5.194;-397;-8.291873963515755;0;0
5.199;-389;4.553734061930784;0;0
5.204;-389;4.173622704507513;0;0
5.209;-389;3.852080123266564;0;0
5.214;-382;1.941747572815534;0;0
5.219;-368;3.7993920972644375;0;0
5.224;-360;5.882352941176471;0;0
5.229;-353;5.347593582887701;0;0
5.234;-331;10.060362173038229;0;0
5.239;-323;7.886435331230284;0;0
5.244;-301;11.876484560570072;0;0
5.249;-286;9.727626459143968;0;0
5.254;-271;13.66120218579235;0;0
5.259;-248;10.526315789473685;0;0
5.264;-233;10.02004008016032;0;0
5.269;-210;15.527950310559007;0;0
5.274;-179;18.115942028985508;0;0
5.279;-156;14.970059880239521;0;0
5.284;-133;12.468827930174564;0;0
5.289;-117;13.66120218579235;0;0
5.294;-86;17.921146953405017;0;0
5.299;-54;21.09704641350211;0;0
5.304;-23;17.54385964912281;0;0
5.309;-7;11.682242990654206;0;0
5.314;23;15.384615384615385;0;0
5.319;54;16.286644951140065;0;0
5.324;78;16.89189189189189;0;0
5.329;101;16.33986928104575;0;0
5.334;125;13.698630136986301;0;0
5.339;148;13.66120218579235;0;0
5.344;171;14.792899408284024;0;0
5.349;195;15.432098765432098;0;0
5.354;218;11.441647597254004;0;0
5.359;233;9.861932938856016;0;0
5.364;256;12.195121951219512;0;0
5.369;271;10.26694045174538;0;0
5.374;286;11.7096018735363;0;0
5.379;301;9.70873786407767;0;0
5.384;316;10.309278350515465;0;0
5.389;323;7.309941520467836;0;0
5.394;338;6.6401062416998675;0;0
5.399;346;7.246376811594203;0;0
5.404;353;5.85480093676815;0;0
5.409;353;4.448398576512456;0;0
5.414;360;7.974481658692185;0;0
5.419;360;6.87757909215956;0;0
5.424;360;6.045949214026602;0;0
5.429;360;5.393743257820928;0;0
5.434;360;4.868549172346641;0;0
5.439;353;-2.6301946344029457;0;0
5.444;346;-1.6361256544502618;0;0
5.449;346;-1.5842839036755387;0;0
5.454;331;-7.440476190476191;0;0
5.459;323;-5.01002004008016;0;0
5.464;316;-5.924170616113744;0;0
5.469;294;-9.523809523809524;0;0
5.474;286;-8.865248226950355;0;0
5.479;263;-10.141987829614605;0;0
5.484;248;-10.893246187363834;0;0
5.489;225;-13.440860215053764;0;0
5.494;210;-10.141987829614605;0;0
5.499;195;-11.363636363636363;0;0
5.504;171;-14.084507042253522;0;0
5.509;148;-13.812154696132596;0;0
5.514;125;-15.337423312883436;0;0
5.519;101;-15.432098765432098;0;0
5.524;78;-14.044943820224718;0;0
5.529;62;-11.904761904761905;0;0
5.534;31;-18.587360594795538;0;0
5.539;7;-26.737967914438503;0;0
5.544;-23;-17.301038062283737;0;0
5.549;-39;-11.037527593818984;0;0
5.554;-62;-14.044943820224718;0;0
5.559;-86;-17.36111111111111;0;0
5.564;-117;-15.479876160990711;0;0
5.569;-133;-10.438413361169102;0;0
5.574;-156;-13.513513513513514;0;0
5.579;-179;-13.333333333333334;0;0
5.584;-195;-10.395010395010395;0;0
5.589;-218;-13.26259946949602;0;0
5.594;-233;-11.26126126126126;0;0
5.599;-248;-9.615384615384615;0;0
5.604;-263;-8.960573476702509;0;0
5.609;-278;-9.433962264150944;0;0
5.614;-286;-7.022471910112359;0;0
5.619;-301;-7.9239302694136295;0;0
5.624;-309;-7.320644216691069;0;0
5.629;-316;-5.112474437627812;0;0
5.634;-323;-9.328358208955224;0;0
5.639;-331;-7.936507936507937;0;0
5.644;-331;-6.8493150684931505;0;0
5.649;-331;-6.024096385542169;0;0
5.654;-338;-3.3400133600534403;0;0
5.659;-338;-3.1308703819661865;0;0
5.664;-331;4.748338081671415;0;0
5.669;-331;4.336513443191674;0;0
5.674;-323;2.0876826722338206;0;0
5.679;-316;1.953125;0;0
5.684;-309;3.238341968911917;0;0
5.689;-301;5.2301255230125525;0;0
5.694;-294;4.752851711026616;0;0
5.699;-278;6.8119891008174385;0;0
5.704;-263;14.45086705202312;0;0
5.709;-256;6.887052341597796;0;0
5.714;-241;8.9126559714795;0;0
5.719;-225;8.210180623973727;0;0
5.724;-210;11.013215859030836;0;0
5.729;-179;16.556291390728475;0;0
5.734;-164;11.441647597254004;0;0
5.739;-148;12.195121951219512;0;0
5.744;-125;12.195121951219512;0;0
5.749;-109;10.775862068965518;0;0
5.754;-86;14.367816091954023;0;0
5.759;-54;19.157088122605366;0;0
5.764;-39;11.11111111111111;0;0
5.769;-15;13.089005235602095;0;0
5.774;7;14.662756598240469;0;0
5.779;23;11.46788990825688;0;0
5.784;47;13.020833333333334;0;0
5.789;70;15.19756838905775;0;0
5.794;94;12.224938875305623;0;0
5.799;109;11.764705882352942;0;0
5.804;133;14.285714285714286;0;0
5.809;148;10.526315789473685;0;0
5.814;171;14.204545454545455;0;0
5.819;187;10.570824524312897;0;0
5.824;202;8.992805755395683;0;0
5.829;218;8.077544426494345;0;0
5.834;225;15.67398119122257;0;0
5.839;241;6.915629322268327;0;0
5.844;256;8.460236886632826;0;0
5.849;263;6.273525721455458;0;0
5.854;271;5.903187721369539;0;0
5.859;286;6.7658998646820026;0;0
5.864;286;5.959475566150179;0;0
5.869;294;4.336513443191674;0;0
5.874;301;3.7821482602118004;0;0
5.879;301;3.5161744022503516;0;0
5.884;301;3.2851511169513796;0;0
5.889;301;3.0807147258163896;0;0
5.894;301;2.9036004645760745;0;0
5.899;294;-2.6525198938992043;0;0
5.904;294;-2.515090543259557;0;0
5.909;286;-1.6015374759769379;0;0
5.914;278;-2.1367521367521367;0;0
5.919;271;-3.4722222222222223;0;0
5.924;263;-4.8076923076923075;0;0
5.929;256;-5.434782608695652;0;0
5.934;241;-5.767012687427912;0;0
5.939;225;-14.005602240896359;0;0
5.944;218;-7.342143906020558;0;0
5.949;202;-7.739938080495356;0;0
5.954;195;-7.800312012480499;0;0
5.959;171;-10.989010989010989;0;0
5.964;148;-10.482180293501049;0;0
5.969;133;-11.52073732718894;0;0
5.974;117;-8.960573476702509;0;0
5.979;101;-11.061946902654867;0;0
5.984;78;-11.876484560570072;0;0
5.989;62;-10.548523206751055;0;0
5.994;39;-12.755102040816327;0;0
5.999;15;-13.812154696132596;0;0
6.004;-7;-12.376237623762377;0;0
6.009;-23;-11.876484560570072;0;0
6.014;-39;-8.756567425569177;0;0
6.019;-62;-12.224938875305623;0;0
6.024;-86;-14.492753623188406;0;0
6.029;-101;-10.02004008016032;0;0
6.034;-117;-12.01923076923077;0;0
6.039;-140;-10.799136069114471;0;0
6.044;-148;-9.615384615384615;0;0
6.049;-171;-9.803921568627452;0;0
6.054;-179;-9.157509157509157;0;0
6.059;-202;-9.940357852882704;0;0
6.064;-210;-8.928571428571429;0;0
6.069;-225;-6.896551724137931;0;0
6.074;-241;-15.822784810126583;0;0
6.079;-241;-10.26694045174538;0;0
6.084;-256;-4.897159647404505;0;0
6.089;-263;-5.324813631522897;0;0
6.094;-263;-4.8123195380173245;0;0
6.099;-271;-4.163197335553705;0;0
6.104;-271;-3.8431975403535743;0;0
6.109;-278;-3.2320620555914674;0;0
6.114;-278;-3.0193236714975846;0;0
6.119;-278;-2.847380410022779;0;0
6.124;-271;3.8226299694189603;0;0
6.129;-271;3.5435861091424523;0;0
6.134;-271;3.3090668431502315;0;0
6.139;-263;1.8733608092918697;0;0
6.144;-263;1.8057060310581436;0;0
6.149;-256;1.8416206261510129;0;0
6.154;-241;4.901960784313726;0;0
6.159;-241;4.436557231588288;0;0
6.164;-225;5.08130081300813;0;0
6.169;-210;7.987220447284345;0;0
6.174;-202;6.451612903225806;0;0
6.179;-187;17.36111111111111;0;0
6.184;-171;8.210180623973727;0;0
6.189;-156;8.210180623973727;0;0
6.194;-148;9.560229445506693;0;0
6.199;-125;9.242144177449168;0;0
6.204;-117;9.9601593625498;0;0
6.209;-94;10.482180293501049;0;0
6.214;-70;12.077294685990339;0;0
6.219;-54;14.084507042253522;0;0
6.224;-39;8.741258741258742;0;0
6.229;-23;11.82033096926714;0;0
6.234;-7;8.561643835616438;0;0
6.239;7;10.121457489878543;0;0
6.244;31;10.729613733905579;0;0
6.249;47;10.16260162601626;0;0
6.254;70;12.56281407035176;0;0
6.259;86;8.976660682226212;0;0
6.264;101;11.037527593818984;0;0
6.269;109;7.6923076923076925;0;0
6.274;133;11.061946902654867;0;0
6.279;140;8.0;0;0
6.284;164;12.285012285012286;0;0
6.289;171;8.650519031141869;0;0
6.294;179;7.396449704142012;0;0
6.299;195;7.246376811594203;0;0
6.304;202;5.567928730512249;0;0
6.309;210;10.224948875255624;0;0
6.314;225;6.738544474393531;0;0
6.319;225;5.938242280285036;0;0
6.324;233;4.038772213247173;0;0
6.329;233;3.7369207772795217;0;0
6.334;241;3.1685678073510775;0;0
6.339;241;2.9797377830750893;0;0
6.344;241;2.81214848143982;0;0
6.349;241;2.6624068157614484;0;0
6.354;241;2.5278058645096055;0;0
6.359;241;2.4061597690086622;0;0
6.364;241;2.332089552238806;0;0
6.369;233;-2.135839384878257;0;0
6.374;225;-1.4771048744460857;0;0
6.379;225;-1.4347202295552368;0;0
6.384;218;-1.9920318725099602;0;0
6.389;210;-2.858776443682104;0;0
6.394;202;-4.00320256204964;0;0
6.399;195;-4.965243296921549;0;0
6.404;179;-11.013215859030836;0;0
6.409;164;-13.88888888888889;0;0
6.414;156;-7.267441860465116;0;0
6.419;140;-7.886435331230284;0;0
6.424;125;-8.431703204047217;0;0
6.429;109;-9.560229445506693;0;0
6.434;101;-9.157509157509157;0;0
6.439;86;-7.215007215007215;0;0
6.444;70;-7.861635220125786;0;0
6.449;54;-7.598784194528875;0;0
6.454;39;-10.869565217391305;0;0
6.459;15;-10.615711252653927;0;0
6.464;0;-10.526315789473685;0;0
6.469;-15;-9.803921568627452;0;0
6.474;-23;-9.363295880149813;0;0
6.479;-39;-6.887052341597796;0;0
6.484;-54;-8.474576271186441;0;0
6.489;-70;-8.143322475570033;0;0
6.494;-86;-9.074410163339383;0;0
6.499;-109;-10.775862068965518;0;0
6.504;-117;-9.746588693957115;0;0
6.509;-133;-6.321112515802781;0;0
6.514;-148;-8.389261744966444;0;0
6.519;-156;-7.530120481927711;0;0
6.524;-164;-5.780346820809249;0;0
6.529;-179;-11.737089201877934;0;0
6.534;-179;-9.505703422053232;0;0
6.539;-195;-4.803073967339097;0;0
6.544;-202;-5.446623093681917;0;0
6.549;-210;-4.9800796812749;0;0
6.554;-210;-4.528985507246377;0;0
6.559;-218;-4.0290088638195005;0;0
6.564;-218;-3.7285607755406414;0;0
6.569;-218;-3.4698126301179735;0;0
6.574;-225;-2.240143369175627;0;0
6.579;-225;-2.144082332761578;0;0
6.584;-225;-2.0559210526315788;0;0
6.589;-218;2.447381302006853;0;0
6.594;-218;2.4330900243309004;0;0
6.599;-210;2.167316861725184;0;0
6.604;-210;2.077274615704196;0;0
6.609;-202;1.6534391534391535;0;0
6.614;-195;2.5214321734745337;0;0
6.619;-187;3.6496350364963503;0;0
6.624;-179;5.2356020942408374;0;0
6.629;-171;4.633920296570899;0;0
6.634;-164;4.681647940074907;0;0
6.639;-148;6.906077348066298;0;0
6.644;-148;6.067961165048544;0;0
6.649;-133;5.117707267144319;0;0
6.654;-117;7.861635220125786;0;0
6.659;-109;6.119951040391677;0;0
6.664;-94;6.993006993006993;0;0
6.669;-78;9.689922480620154;0;0
6.674;-62;16.722408026755854;0;0
6.679;-54;9.140767824497258;0;0
6.684;-39;7.23589001447178;0;0
6.689;-23;8.928571428571429;0;0
6.694;-15;6.20347394540943;0;0
6.699;0;6.87757909215956;0;0
6.704;15;9.090909090909092;0;0
6.709;31;16.778523489932887;0;0
6.714;39;9.487666034155598;0;0
6.719;54;7.564296520423601;0;0
6.724;70;8.680555555555555;0;0
6.729;78;6.51890482398957;0;0
6.734;94;6.305170239596469;0;0
6.739;101;7.032348804500703;0;0
6.744;109;5.482456140350878;0;0
6.749;125;6.321112515802781;0;0
6.754;133;6.648936170212766;0;0
6.759;140;5.353319057815845;0;0
6.764;148;9.746588693957115;0;0
6.769;164;7.1022727272727275;0;0
6.774;164;6.218905472636816;0;0
6.779;171;4.025764895330113;0;0
6.784;179;3.4059945504087192;0;0
6.789;179;3.188775510204082;0;0
6.794;179;2.997601918465228;0;0
6.799;187;2.526528549772612;0;0
6.804;187;2.4061597690086622;0;0
6.809;187;2.295684113865932;0;0
6.814;187;2.194907813871817;0;0
6.819;187;2.1910604732690624;0;0
6.824;187;2.1910604732690624;0;0
6.829;179;-1.7123287671232876;0;0
6.834;179;-1.7123287671232876;0;0
6.839;171;-1.5812776723592663;0;0
6.844;164;-1.920860545524395;0;0
6.849;164;-1.8497965223825379;0;0
6.854;156;-2.9940119760479043;0;0
6.859;148;-3.1625553447185326;0;0
6.864;140;-6.896551724137931;0;0
6.869;133;-8.130081300813009;0;0
6.874;117;-5.055611729019211;0;0
6.879;109;-6.418485237483954;0;0
6.884;101;-6.353240152477763;0;0
6.889;86;-5.3418803418803416;0;0
6.894;78;-6.28140703517588;0;0
6.899;70;-5.841121495327103;0;0
6.904;54;-6.172839506172839;0;0
6.909;39;-9.416195856873824;0;0
6.914;39;-7.309941520467836;0;0
6.919;15;-8.361204013377927;0;0
6.924;7;-8.561643835616438;0;0
6.929;-7;-6.476683937823834;0;0
6.934;-23;-8.818342151675486;0;0
6.939;-23;-6.97350069735007;0;0
6.944;-39;-5.307855626326964;0;0
6.949;-54;-7.680491551459293;0;0
6.954;-54;-6.289308176100629;0;0
6.959;-70;-5.787037037037037;0;0
6.964;-86;-7.656967840735069;0;0
6.969;-94;-7.246376811594203;0;0
6.974;-101;-5.530973451327434;0;0
6.979;-117;-6.476683937823834;0;0
6.984;-117;-5.73394495412844;0;0
6.989;-133;-8.650519031141869;0;0
6.994;-133;-6.622516556291391;0;0
6.999;-140;-7.6452599388379205;0;0
7.004;-148;-6.954102920723226;0;0
7.009;-148;-6.105006105006105;0;0
7.014;-156;-3.508771929824561;0;0
7.019;-156;-3.278688524590164;0;0
7.024;-164;-2.2737608003638017;0;0
7.029;-164;-2.174858634188778;0;0
7.034;-164;-2.084201750729471;0;0
7.039;-164;-2.000800320128051;0;0
7.044;-164;-1.9238168526356292;0;0
7.049;-164;-1.9223375624759709;0;0
7.054;-164;-1.9223375624759709;0;0
7.059;-156;1.6207455429497568;0;0
7.064;-156;1.6207455429497568;0;0
7.069;-148;2.972651605231867;0;0
7.074;-148;2.8058361391694726;0;0
7.079;-140;3.484320557491289;0;0
7.084;-133;2.413127413127413;0;0
7.089;-133;2.3020257826887662;0;0
7.094;-117;4.570383912248629;0;0
7.099;-117;4.156275976724855;0;0
7.104;-109;3.665689149560117;0;0
7.109;-101;7.15307582260372;0;0
7.114;-86;6.257822277847309;0;0
7.119;-78;5.605381165919282;0;0
7.124;-70;10.775862068965518;0;0
7.129;-54;7.122507122507122;0;0
7.134;-54;6.234413965087282;0;0
7.139;-39;5.117707267144319;0;0
7.144;-23;7.352941176470588;0;0
7.149;-23;6.377551020408164;0;0
7.154;-15;4.520795660036167;0;0
7.159;0;5.208333333333333;0;0
7.164;7;6.775067750677507;0;0
7.169;15;5.213764337851929;0;0
7.174;31;6.485084306095979;0;0
7.179;39;7.598784194528875;0;0
7.184;47;5.611672278338945;0;0
7.189;54;5.030181086519114;0;0
7.194;70;6.657789613848203;0;0
7.199;70;5.813953488372093;0;0
7.204;78;4.332755632582322;0;0
7.209;86;7.800312012480499;0;0
7.214;94;7.352941176470588;0;0
7.219;101;8.771929824561404;0;0
7.224;101;7.473841554559043;0;0
7.229;109;4.686035613870666;0;0
7.234;109;4.284490145672665;0;0
7.239;117;2.7548209366391183;0;0
7.244;117;2.6109660574412534;0;0
7.249;125;2.346316283435007;0;0
7.254;125;2.240143369175627;0;0
7.259;133;2.360717658168083;0;0
7.264;133;2.254283137962128;0;0
7.269;133;2.1570319240724762;0;0
7.274;133;2.0678246484698097;0;0
7.279;133;1.9857029388403495;0;0
7.284;133;1.9098548510313216;0;0
7.289;133;1.839587932303164;0;0
7.294;125;-1.9230769230769231;0;0
7.299;117;-1.4801657785671996;0;0
7.304;117;-1.437607820586544;0;0
7.309;109;-1.9825535289452816;0;0
7.314;101;-2.705627705627706;0;0
7.319;101;-2.566735112936345;0;0
7.324;101;-2.44140625;0;0
7.329;86;-2.82326369282891;0;0
7.334;86;-2.672367717797969;0;0
7.339;78;-3.429355281207133;0;0
7.344;70;-3.8402457757296466;0;0
7.349;62;-4.25531914893617;0;0
7.354;54;-3.6845983787767134;0;0
7.359;47;-4.6040515653775325;0;0
7.364;39;-5.117707267144319;0;0
7.369;31;-5.091649694501018;0;0
7.374;23;-4.291845493562231;0;0
7.379;7;-6.329113924050633;0;0
7.384;7;-5.617977528089888;0;0
7.389;0;-11.627906976744185;0;0
7.394;-15;-5.307855626326964;0;0
7.399;-23;-5.841121495327103;0;0
7.404;-23;-5.2301255230125525;0;0
7.409;-31;-11.185682326621924;0;0
7.414;-39;-6.009615384615385;0;0
7.419;-47;-4.019292604501608;0;0
7.424;-54;-4.382120946538125;0;0
7.429;-62;-4.553734061930784;0;0
7.434;-70;-3.5536602700781805;0;0
7.439;-70;-3.3178500331785004;0;0
7.444;-86;-4.29553264604811;0;0
7.449;-86;-3.9556962025316458;0;0
7.454;-86;-3.665689149560117;0;0
7.459;-94;-8.264462809917354;0;0
7.464;-101;-4.642525533890437;0;0
7.469;-101;-4.248088360237893;0;0
7.474;-101;-3.9154267815191854;0;0
7.479;-109;-2.485089463220676;0;0
7.484;-109;-2.367424242424242;0;0
7.489;-109;-2.2603978300180834;0;0
7.494;-109;-2.162629757785467;0;0
7.499;-109;-2.0729684908789388;0;0
7.504;-109;-1.9904458598726114;0;0
7.509;-109;-1.9193857965451055;0;0
7.514;-109;-1.9193857965451055;0;0
7.519;-109;-1.9193857965451055;0;0
7.524;-101;1.9312475859405176;0;0
7.529;-101;1.859427296392711;0;0
7.534;-94;1.5625;0;0
7.539;-94;1.3950892857142858;0;0
7.544;-86;1.8670649738610903;0;0
7.549;-86;1.7998560115190785;0;0
7.554;-78;2.237136465324385;0;0
7.559;-70;2.649708532061473;0;0
7.564;-70;2.5163563160543534;0;0
7.569;-62;2.8216704288939054;0;0
7.574;-54;7.002801120448179;0;0
7.579;-54;6.142506142506143;0;0
7.584;-47;5.580357142857143;0;0
7.589;-39;2.7639579878385847;0;0
7.594;-39;2.6191723415400734;0;0
7.599;-31;2.865329512893983;0;0
7.604;-23;3.7341299477221805;0;0
7.609;-23;3.4746351633078527;0;0
7.614;-23;3.248862897985705;0;0
7.619;-15;2.592016588906169;0;0
7.624;-7;2.6014568158168574;0;0
7.629;0;2.9411764705882355;0;0
7.634;7;4.048582995951417;0;0
7.639;7;3.745318352059925;0;0
7.644;15;3.006614552014432;0;0
7.649;23;3.0303030303030303;0;0
7.654;23;2.857142857142857;0;0
7.659;31;3.1625553447185326;0;0
7.664;39;4.105090311986864;0;0
7.669;39;3.793626707132018;0;0
7.674;47;2.860411899313501;0;0
7.679;47;2.705627705627706;0;0
7.684;54;2.541942043721403;0;0
7.689;54;2.4189646831156266;0;0
7.694;62;2.2603978300180834;0;0
7.699;62;2.162629757785467;0;0
7.704;70;4.935834155972359;0;0
7.709;70;4.492362982929021;0;0
7.714;70;4.122011541632316;0;0
7.719;70;3.808073115003808;0;0
7.724;70;3.538570417551309;0;0
7.729;70;3.3046926635822866;0;0
7.734;70;3.1826861871419476;0;0
7.739;70;3.1826861871419476;0;0
7.744;70;3.1826861871419476;0;0
7.749;70;3.1826861871419476;0;0
7.754;70;3.1826861871419476;0;0
7.759;70;3.1826861871419476;0;0
7.764;70;3.1826861871419476;0;0
7.769;70;3.1826861871419476;0;0
7.774;62;-4.930966469428008;0;0
7.779;62;-4.488330341113106;0;0
7.784;54;-2.655337227827934;0;0
7.789;54;-2.5214321734745337;0;0
7.794;47;-1.7953321364452424;0;0
7.799;47;-1.733102253032929;0;0
7.804;39;-2.0408163265306123;0;0
7.809;39;-1.9607843137254901;0;0
7.814;39;-1.8867924528301887;0;0
7.819;31;-2.189141856392294;0;0
7.824;23;-2.1204410517387617;0;0
7.829;23;-2.034174125305126;0;0
7.834;15;-4.496402877697841;0;0
7.839;7;-5.470459518599562;0;0
7.844;7;-4.930966469428008;0;0
7.849;7;-4.488330341113106;0;0
7.854;0;-2.7027027027027026;0;0
7.859;-7;-2.272727272727273;0;0
7.864;-7;-2.1739130434782608;0;0
7.869;-15;-4.743833017077799;0;0
7.874;-23;-5.336179295624333;0;0
7.879;-23;-4.821600771456123;0;0
7.884;-23;-4.397537379067722;0;0
7.889;-23;-4.042037186742118;0;0
7.894;-31;-5.995203836930456;0;0
7.899;-31;-5.353319057815845;0;0
7.904;-39;-2.9342723004694835;0;0
7.909;-39;-2.7716186252771617;0;0
7.914;-39;-2.6260504201680672;0;0
7.919;-39;-2.4950099800399204;0;0
7.924;-47;-3.3200531208499338;0;0
7.929;-47;-3.1133250311332503;0;0
7.934;-47;-2.9308323563892147;0;0
7.939;-47;-2.768549280177187;0;0
7.944;-47;-2.6232948583420774;0;0
7.949;-47;-2.4925224327018944;0;0
7.954;-47;-2.3980815347721824;0;0
7.959;-47;-2.3980815347721824;0;0
7.964;-39;3.313452617627568;0;0
7.969;-39;3.107520198881293;0;0
7.974;-39;2.925687536571094;0;0
7.979;-39;2.7639579878385847;0;0
7.984;-39;2.6191723415400734;0;0
7.989;-31;2.310536044362292;0;0
7.994;-31;2.226179875333927;0;0
7.999;-31;2.226179875333927;0;0
8.004;-23;2.9886431560071727;0;0
8.009;-23;2.820078962210942;0;0
8.014;-23;2.6695141484249865;0;0
8.019;-23;2.534211860111505;0;0
8.024;-23;2.41196333815726;0;0
8.029;-15;2.300966405890474;0;0
8.034;-15;2.232142857142857;0;0
8.039;-7;1.5413070283600494;0;0
8.044;-7;1.4952153110047848;0;0
8.049;-7;1.4518002322880372;0;0
8.054;0;1.6066838046272494;0;0
8.059;0;1.5566625155666252;0;0
8.064;7;2.084201750729471;0;0
8.069;7;2.00160128102482;0;0
8.074;7;1.924557351809084;0;0
8.079;7;1.8532246108228316;0;0
8.084;7;1.7869907076483202;0;0
8.089;15;1.5015015015015014;0;0
8.094;15;1.4775413711583925;0;0
8.099;23;2.972651605231867;0;0
8.104;23;2.8058361391694726;0;0
8.109;23;2.656748140276302;0;0
8.114;23;2.522704339051463;0;0
8.119;31;2.420135527589545;0;0
8.124;31;2.308402585410896;0;0
8.129;31;2.247191011235955;0;0
8.134;31;2.247191011235955;0;0
8.139;31;2.247191011235955;0;0
8.144;31;2.247191011235955;0;0
8.149;31;2.247191011235955;0;0
8.154;31;2.247191011235955;0;0
8.159;31;2.247191011235955;0;0
8.164;31;2.247191011235955;0;0
8.169;31;2.247191011235955;0;0
8.174;31;2.247191011235955;0;0
8.179;31;2.247191011235955;0;0
8.184;23;-2.2311468094600624;0;0
8.189;23;-2.2311468094600624;0;0
8.194;23;-2.2311468094600624;0;0
8.199;23;-2.2311468094600624;0;0
8.204;23;-2.2311468094600624;0;0
8.209;15;-1.5451174289245984;0;0
8.214;15;-1.498800959232614;0;0
8.219;15;-1.4551804423748544;0;0
8.224;15;-1.414027149321267;0;0
8.229;7;-1.3747594171020072;0;0
8.234;7;-1.3383297644539613;0;0
8.239;7;-1.3034410844629822;0;0
8.244;7;-1.3020833333333333;0;0
8.249;7;-1.3020833333333333;0;0
8.254;7;-1.3020833333333333;0;0
8.259;0;-1.546551190844417;0;0
8.264;0;-1.5001500150015001;0;0
8.269;0;-1.4564520827264782;0;0
8.274;-7;-1.4152278516841212;0;0
8.279;-7;-1.3762730525736306;0;0
8.284;-7;-1.339405304045004;0;0
8.289;-7;-1.3044612575006522;0;0
8.294;-15;-1.5581177937052042;0;0
8.299;-15;-1.5114873035066505;0;0
8.304;-15;-1.4671361502347418;0;0
8.309;-15;-1.4253135689851768;0;0
8.314;-15;-1.3858093126385809;0;0
8.319;-23;-1.348435814455232;0;0
8.324;-23;-1.3126804935678655;0;0
8.329;-23;-1.3020833333333333;0;0
8.334;-23;-1.3020833333333333;0;0
8.339;-23;-1.3020833333333333;0;0
8.344;-23;-1.3020833333333333;0;0
8.349;-23;-1.3020833333333333;0;0
8.354;-23;-1.3020833333333333;0;0
8.359;-23;-1.3020833333333333;0;0
8.364;-23;-1.3020833333333333;0;0
8.369;-23;-1.3020833333333333;0;0
8.374;-23;-1.3020833333333333;0;0
8.379;-23;-1.3020833333333333;0;0
8.384;-23;-1.3020833333333333;0;0
8.389;-23;-1.3020833333333333;0;0
8.394;-23;-1.3020833333333333;0;0
8.399;-23;-1.3020833333333333;0;0
8.404;-23;-1.3020833333333333;0;0
8.409;-23;-1.3020833333333333;0;0
8.414;-23;-1.3020833333333333;0;0
8.419;-23;-1.3020833333333333;0;0
8.424;-23;-1.3020833333333333;0;0
8.429;-15;1.3020833333333333;0;0
8.434;-15;1.3020833333333333;0;0
8.439;-15;1.3020833333333333;0;0
8.444;-15;1.3020833333333333;0;0
8.449;-15;1.3020833333333333;0;0
8.454;-15;1.3020833333333333;0;0
8.459;-15;1.3020833333333333;0;0
8.464;-7;3.0048076923076925;0;0
8.469;-7;2.834467120181406;0;0
8.474;-7;2.6824034334763946;0;0
8.479;-7;2.545824847250509;0;0
8.484;-7;2.4224806201550386;0;0
8.489;-7;2.310536044362292;0;0
8.494;-7;2.230151650312221;0;0
8.499;-7;2.230151650312221;0;0
8.504;0;2.230151650312221;0;0
8.509;0;2.230151650312221;0;0
8.514;0;2.230151650312221;0;0
8.519;0;2.230151650312221;0;0
8.524;0;2.230151650312221;0;0
8.529;0;2.230151650312221;0;0
8.534;0;2.230151650312221;0;0
8.539;7;1.5432098765432098;0;0
8.544;7;1.4970059880239521;0;0
8.549;7;1.4534883720930232;0;0
8.554;7;1.4124293785310735;0;0
8.559;7;1.3736263736263736;0;0
8.564;7;1.3368983957219251;0;0
8.569;7;1.3020833333333333;0;0
8.574;7;1.3020833333333333;0;0
8.579;7;1.3020833333333333;0;0
8.584;7;1.3020833333333333;0;0
8.589;7;1.3020833333333333;0;0
8.594;7;1.3020833333333333;0;0
8.599;7;1.3020833333333333;0;0
8.604;7;1.3020833333333333;0;0
8.609;7;1.3020833333333333;0;0
8.614;7;1.3020833333333333;0;0
8.619;7;1.3020833333333333;0;0
8.624;7;1.3020833333333333;0;0
8.629;7;1.3020833333333333;0;0
8.634;7;1.3020833333333333;0;0
8.639;7;1.3020833333333333;0;0
8.644;7;1.3020833333333333;0;0
8.649;7;1.3020833333333333;0;0
8.654;7;1.3020833333333333;0;0
8.659;7;1.3020833333333333;0;0
8.664;7;1.3020833333333333;0;0
8.669;0;-1.5590894917368257;0;0
8.674;0;-1.5119443604475356;0;0
8.679;0;-1.4675667742882301;0;0
8.684;0;-1.42571998859424;0;0
8.689;0;-1.386193512614361;0;0
8.694;0;-1.348799568384138;0;0
8.699;0;-1.3133701076963489;0;0
8.704;0;-1.3020833333333333;0;0
8.709;0;-1.3020833333333333;0;0
8.714;0;-1.3020833333333333;0;0
8.719;0;-1.3020833333333333;0;0
8.724;0;-1.3020833333333333;0;0
8.729;0;-1.3020833333333333;0;0
8.734;0;-1.3020833333333333;0;0
8.739;0;-1.3020833333333333;0;0
8.744;0;-1.3020833333333333;0;0
8.749;0;-1.3020833333333333;0;0
8.754;0;-1.3020833333333333;0;0
8.759;0;-1.3020833333333333;0;0
8.764;0;-1.3020833333333333;0;0
8.769;0;-1.3020833333333333;0;0
8.774;0;-1.3020833333333333;0;0
8.779;0;-1.3020833333333333;0;0
8.784;0;-1.3020833333333333;0;0
8.789;0;-1.3020833333333333;0;0
8.794;0;-1.3020833333333333;0;0
8.799;0;-1.3020833333333333;0;0
8.804;0;-1.3020833333333333;0;0
8.809;0;-1.3020833333333333;0;0
8.814;0;-1.3020833333333333;0;0
8.819;0;-1.3020833333333333;0;0
8.824;0;-1.3020833333333333;0;0
8.829;0;-1.3020833333333333;0;0
8.834;0;-1.3020833333333333;0;0
8.839;0;-1.3020833333333333;0;0
8.844;0;-1.3020833333333333;0;0
8.849;0;-1.3020833333333333;0;0
8.854;0;-1.3020833333333333;0;0
8.859;0;-1.3020833333333333;0;0
8.864;0;-1.3020833333333333;0;0
8.869;0;-1.3020833333333333;0;0
8.874;0;-1.3020833333333333;0;0
8.879;0;-1.3020833333333333;0;0
8.884;0;-1.3020833333333333;0;0
8.889;0;-1.3020833333333333;0;0
8.894;0;-1.3020833333333333;0;0
8.899;0;-1.3020833333333333;0;0
8.904;0;-1.3020833333333333;0;0
8.909;0;-1.3020833333333333;0;0
8.914;0;-1.3020833333333333;0;0
8.919;0;-1.3020833333333333;0;0
8.924;0;-1.3020833333333333;0;0
8.929;0;-1.3020833333333333;0;0
8.934;0;-1.3020833333333333;0;0
8.939;0;-1.3020833333333333;0;0
8.944;0;-1.3020833333333333;0;0
8.949;0;-1.3020833333333333;0;0
8.954;0;-1.3020833333333333;0;0
8.959;0;-1.3020833333333333;0;0
8.964;0;-1.3020833333333333;0;0
8.969;0;-1.3020833333333333;0;0
8.974;0;-1.3020833333333333;0;0
8.979;0;-1.3020833333333333;0;0
8.984;0;-1.3020833333333333;0;0
8.989;0;-1.3020833333333333;0;0
8.994;0;-1.3020833333333333;0;0
8.999;0;-1.3020833333333333;0;0
9.004;0;-1.3020833333333333;0;0
9.009;0;-1.3020833333333333;0;0
9.014;0;-1.3020833333333333;0;0
9.019;0;-1.3020833333333333;0;0
9.024;0;-1.3020833333333333;0;0
9.029;0;-1.3020833333333333;0;0
9.034;0;-1.3020833333333333;0;0
9.039;0;-1.3020833333333333;0;0
9.044;0;-1.3020833333333333;0;0
9.049;0;-1.3020833333333333;0;0
9.054;0;-1.3020833333333333;0;0
9.059;0;-1.3020833333333333;0;0
9.064;0;-1.3020833333333333;0;0
9.069;0;-1.3020833333333333;0;0
9.074;0;-1.3020833333333333;0;0
9.079;0;-1.3020833333333333;0;0
9.084;0;-1.3020833333333333;0;0
9.089;0;-1.3020833333333333;0;0
9.094;0;-1.3020833333333333;0;0
9.099;0;-1.3020833333333333;0;0
9.104;0;-1.3020833333333333;0;0
9.109;0;-1.3020833333333333;0;0
9.114;0;-1.3020833333333333;0;0
9.119;0;-1.3020833333333333;0;0
9.124;0;-1.3020833333333333;0;0
9.129;0;-1.3020833333333333;0;0
9.134;0;-1.3020833333333333;0;0
9.139;0;-1.3020833333333333;0;0
9.144;0;-1.3020833333333333;0;0
9.149;0;-1.3020833333333333;0;0
9.154;0;-1.3020833333333333;0;0
9.159;0;-1.3020833333333333;0;0
9.164;0;-1.3020833333333333;0;0
9.169;0;-1.3020833333333333;0;0
9.174;0;-1.3020833333333333;0;0
9.179;0;-1.3020833333333333;0;0
9.184;0;-1.3020833333333333;0;0
9.189;0;-1.3020833333333333;0;0
9.194;0;-1.3020833333333333;0;0
9.199;0;-1.3020833333333333;0;0
9.204;0;-1.3020833333333333;0;0
9.209;0;-1.3020833333333333;0;0
9.214;0;-1.3020833333333333;0;0
9.219;0;-1.3020833333333333;0;0
9.224;0;-1.3020833333333333;0;0
9.229;0;-1.3020833333333333;0;0
9.234;0;-1.3020833333333333;0;0
9.239;0;-1.3020833333333333;0;0
9.244;0;-1.3020833333333333;0;0
9.249;0;-1.3020833333333333;0;0
9.254;0;-1.3020833333333333;0;0
9.259;0;-1.3020833333333333;0;0
9.264;0;-1.3020833333333333;0;0
9.269;0;-1.3020833333333333;0;0
9.274;0;-1.3020833333333333;0;0
9.279;0;-1.3020833333333333;0;0
9.284;0;-1.3020833333333333;0;0
9.289;0;-1.3020833333333333;0;0
9.294;0;-1.3020833333333333;0;0
9.299;0;-1.3020833333333333;0;0
9.304;0;-1.3020833333333333;0;0
9.309;0;-1.3020833333333333;0;0
9.314;0;-1.3020833333333333;0;0
9.319;0;-1.3020833333333333;0;0
9.324;0;-1.3020833333333333;0;0
9.329;0;-1.3020833333333333;0;0
9.334;0;-1.3020833333333333;0;0
9.339;0;-1.3020833333333333;0;0
9.344;0;-1.3020833333333333;0;0
9.349;0;-1.3020833333333333;0;0
9.354;0;-1.3020833333333333;0;0
9.359;0;-1.3020833333333333;0;0
9.364;0;-1.3020833333333333;0;0
9.369;0;-1.3020833333333333;0;0
9.374;0;-1.3020833333333333;0;0
9.379;0;-1.3020833333333333;0;0
9.384;0;-1.3020833333333333;0;0
9.389;0;-1.3020833333333333;0;0
9.394;0;-1.3020833333333333;0;0
9.399;0;-1.3020833333333333;0;0
9.404;0;-1.3020833333333333;0;0
9.409;0;-1.3020833333333333;0;0
9.414;0;-1.3020833333333333;0;0
9.419;0;-1.3020833333333333;0;0
9.424;0;-1.3020833333333333;0;0
9.429;0;-1.3020833333333333;0;0
9.434;0;-1.3020833333333333;0;0
9.439;0;-1.3020833333333333;0;0
9.444;0;-1.3020833333333333;0;0
9.449;0;-1.3020833333333333;0;0
9.454;0;-1.3020833333333333;0;0
9.459;0;-1.3020833333333333;0;0
9.464;0;-1.3020833333333333;0;0
9.469;0;-1.3020833333333333;0;0
9.474;0;-1.3020833333333333;0;0
9.479;0;-1.3020833333333333;0;0
9.484;0;-1.3020833333333333;0;0
9.489;0;-1.3020833333333333;0;0
9.494;0;-1.3020833333333333;0;0
9.499;0;-1.3020833333333333;0;0
9.504;0;-1.3020833333333333;0;0
9.509;0;-1.3020833333333333;0;0
9.514;0;-1.3020833333333333;0;0
9.519;0;-1.3020833333333333;0;0
9.524;0;-1.3020833333333333;0;0
9.529;0;-1.3020833333333333;0;0
9.534;0;-1.3020833333333333;0;0
9.539;0;-1.3020833333333333;0;0
9.544;0;-1.3020833333333333;0;0
9.549;0;-1.3020833333333333;0;0
9.554;0;-1.3020833333333333;0;0
9.559;0;-1.3020833333333333;0;0
9.564;0;-1.3020833333333333;0;0
9.569;0;-1.3020833333333333;0;0
9.574;0;-1.3020833333333333;0;0
9.579;0;-1.3020833333333333;0;0
9.584;0;-1.3020833333333333;0;0
9.589;0;-1.3020833333333333;0;0
9.594;0;-1.3020833333333333;0;0
9.599;0;-1.3020833333333333;0;0
9.604;0;-1.3020833333333333;0;0
9.609;0;-1.3020833333333333;0;0
9.614;0;-1.3020833333333333;0;0
9.619;0;-1.3020833333333333;0;0
9.624;0;-1.3020833333333333;0;0
9.629;0;-1.3020833333333333;0;0
9.634;0;-1.3020833333333333;0;0
9.639;0;-1.3020833333333333;0;0
9.644;0;-1.3020833333333333;0;0
9.649;0;-1.3020833333333333;0;0
9.654;0;-1.3020833333333333;0;0
9.659;0;-1.3020833333333333;0;0
9.664;0;-1.3020833333333333;0;0
9.669;0;-1.3020833333333333;0;0
9.674;0;-1.3020833333333333;0;0
9.679;0;-1.3020833333333333;0;0
9.684;0;-1.3020833333333333;0;0
9.689;0;-1.3020833333333333;0;0
9.694;0;-1.3020833333333333;0;0
9.699;0;-1.3020833333333333;0;0
9.704;0;-1.3020833333333333;0;0
9.709;0;-1.3020833333333333;0;0
9.714;0;-1.3020833333333333;0;0
9.719;0;-1.3020833333333333;0;0
9.724;0;-1.3020833333333333;0;0
9.729;0;-1.3020833333333333;0;0
9.734;0;-1.3020833333333333;0;0
9.739;0;-1.3020833333333333;0;0
9.744;0;-1.3020833333333333;0;0
9.749;0;-1.3020833333333333;0;0
9.754;0;-1.3020833333333333;0;0
9.759;0;-1.3020833333333333;0;0
9.764;0;-1.3020833333333333;0;0
9.769;0;-1.3020833333333333;0;0
9.774;0;-1.3020833333333333;0;0
9.779;0;-1.3020833333333333;0;0
9.784;0;-1.3020833333333333;0;0
9.789;0;-1.3020833333333333;0;0
9.794;0;-1.3020833333333333;0;0
9.799;0;-1.3020833333333333;0;0
9.804;0;-1.3020833333333333;0;0
9.809;0;-1.3020833333333333;0;0
9.814;0;-1.3020833333333333;0;0
9.819;0;-1.3020833333333333;0;0
9.824;0;-1.3020833333333333;0;0
9.829;0;-1.3020833333333333;0;0
9.834;0;-1.3020833333333333;0;0
9.839;0;-1.3020833333333333;0;0
9.844;0;-1.3020833333333333;0;0
9.849;0;-1.3020833333333333;0;0
9.854;0;-1.3020833333333333;0;0
9.859;0;-1.3020833333333333;0;0
9.864;0;-1.3020833333333333;0;0
9.869;0;-1.3020833333333333;0;0
9.874;0;-1.3020833333333333;0;0
9.879;0;-1.3020833333333333;0;0
9.884;0;-1.3020833333333333;0;0
9.889;0;-1.3020833333333333;0;0
9.894;0;-1.3020833333333333;0;0
9.899;0;-1.3020833333333333;0;0
9.904;0;-1.3020833333333333;0;0
9.909;0;-1.3020833333333333;0;0
9.914;0;-1.3020833333333333;0;0
9.919;0;-1.3020833333333333;0;0
9.924;0;-1.3020833333333333;0;0
9.929;0;-1.3020833333333333;0;0
9.934;0;-1.3020833333333333;0;0
9.939;0;-1.3020833333333333;0;0
9.944;0;-1.3020833333333333;0;0
9.949;0;-1.3020833333333333;0;0
9.954;0;-1.3020833333333333;0;0
9.959;0;-1.3020833333333333;0;0
9.964;0;-1.3020833333333333;0;0
9.969;0;-1.3020833333333333;0;0
9.974;0;-1.3020833333333333;0;0
9.979;0;-1.3020833333333333;0;0
9.984;0;-1.3020833333333333;0;0
9.989;0;-1.3020833333333333;0;0
9.994;0;-1.3020833333333333;0;0
9.999;0;-1.3020833333333333;0;0
10.004;0;-1.3020833333333333;0;0
10.009;0;-1.3020833333333333;0;0
10.014;0;-1.3020833333333333;0;0
10.019;0;-1.3020833333333333;0;0
10.024;0;-1.3020833333333333;0;0
10.029;0;-1.3020833333333333;0;0
10.034;0;-1.3020833333333333;0;0
10.039;0;-1.3020833333333333;0;0
10.044;0;-1.3020833333333333;0;0
10.049;0;-1.3020833333333333;0;0
10.054;0;-1.3020833333333333;0;0
10.059;0;-1.3020833333333333;0;0
10.064;0;-1.3020833333333333;0;0
10.069;0;-1.3020833333333333;0;0
10.074;0;-1.3020833333333333;0;0
10.079;0;-1.3020833333333333;0;0
10.084;0;-1.3020833333333333;0;0
10.089;0;-1.3020833333333333;0;0
10.094;0;-1.3020833333333333;0;0
10.099;0;-1.3020833333333333;0;0
10.104;0;-1.3020833333333333;0;0
10.109;0;-1.3020833333333333;0;0
10.114;0;-1.3020833333333333;0;0
10.119;0;-1.3020833333333333;0;0
10.124;0;-1.3020833333333333;0;0
10.129;0;-1.3020833333333333;0;0
10.134;0;-1.3020833333333333;0;0
10.139;0;-1.3020833333333333;0;0
10.144;0;-1.3020833333333333;0;0
10.149;0;-1.3020833333333333;0;0
10.154;0;-1.3020833333333333;0;0
10.159;0;-1.3020833333333333;0;0
10.164;0;-1.3020833333333333;0;0
10.169;0;-1.3020833333333333;0;0
10.174;0;-1.3020833333333333;0;0
10.179;0;-1.3020833333333333;0;0
10.184;0;-1.3020833333333333;0;0
10.189;0;-1.3020833333333333;0;0
10.194;0;-1.3020833333333333;0;0
10.199;0;-1.3020833333333333;0;0
10.204;0;-1.3020833333333333;0;0
10.209;0;-1.3020833333333333;0;0
10.214;0;-1.3020833333333333;0;0
10.219;0;-1.3020833333333333;0;0
10.224;0;-1.3020833333333333;0;0
10.229;0;-1.3020833333333333;0;0
10.234;0;-1.3020833333333333;0;0
10.239;0;-1.3020833333333333;0;0
10.244;0;-1.3020833333333333;0;0
10.249;0;-1.3020833333333333;0;0
10.254;0;-1.3020833333333333;0;0
10.259;0;-1.3020833333333333;0;0
10.264;0;-1.3020833333333333;0;0
10.269;0;-1.3020833333333333;0;0
10.274;0;-1.3020833333333333;0;0
10.279;0;-1.3020833333333333;0;0
10.284;0;-1.3020833333333333;0;0
10.289;0;-1.3020833333333333;0;0
10.294;0;-1.3020833333333333;0;0
10.299;0;-1.3020833333333333;0;0
10.304;0;-1.3020833333333333;0;0
10.309;0;-1.3020833333333333;0;0
10.314;0;-1.3020833333333333;0;0
10.319;0;-1.3020833333333333;0;0
10.324;0;-1.3020833333333333;0;0
10.329;0;-1.3020833333333333;0;0
10.334;0;-1.3020833333333333;0;0
10.339;0;-1.3020833333333333;0;0
10.344;0;-1.3020833333333333;0;0
10.349;0;-1.3020833333333333;0;0
10.354;0;-1.3020833333333333;0;0
10.359;0;-1.3020833333333333;0;0
10.364;0;-1.3020833333333333;0;0
10.369;0;-1.3020833333333333;0;0
10.374;0;-1.3020833333333333;0;0
10.379;0;-1.3020833333333333;0;0
10.384;0;-1.3020833333333333;0;0
10.389;0;-1.3020833333333333;0;0
10.394;0;-1.3020833333333333;0;0
10.399;0;-1.3020833333333333;0;0
10.404;0;-1.3020833333333333;0;0
10.409;0;-1.3020833333333333;0;0
10.414;0;-1.3020833333333333;0;0
10.419;0;-1.3020833333333333;0;0
10.424;0;-1.3020833333333333;0;0
10.429;0;-1.3020833333333333;0;0
10.434;0;-1.3020833333333333;0;0
10.439;0;-1.3020833333333333;0;0
10.444;0;-1.3020833333333333;0;0
10.449;0;-1.3020833333333333;0;0
10.454;0;-1.3020833333333333;0;0
10.459;0;-1.3020833333333333;0;0
10.464;0;-1.3020833333333333;0;0
10.469;0;-1.3020833333333333;0;0
10.474;0;-1.3020833333333333;0;0
10.479;0;-1.3020833333333333;0;0
10.484;0;-1.3020833333333333;0;0
10.489;0;-1.3020833333333333;0;0
10.494;0;-1.3020833333333333;0;0
10.499;0;-1.3020833333333333;0;0
10.504;0;-1.3020833333333333;0;0
10.509;0;-1.3020833333333333;0;0
10.514;0;-1.3020833333333333;0;0
10.519;0;-1.3020833333333333;0;0
10.524;0;-1.3020833333333333;0;0
10.529;0;-1.3020833333333333;0;0
10.534;0;-1.3020833333333333;0;0
10.539;0;-1.3020833333333333;0;0
10.544;0;-1.3020833333333333;0;0
10.549;0;-1.3020833333333333;0;0
10.554;0;-1.3020833333333333;0;0
10.559;0;-1.3020833333333333;0;0
10.564;0;-1.3020833333333333;0;0
10.569;0;-1.3020833333333333;0;0
10.574;0;-1.3020833333333333;0;0
10.579;0;-1.3020833333333333;0;0
10.584;0;-1.3020833333333333;0;0
10.589;0;-1.3020833333333333;0;0
10.594;0;-1.3020833333333333;0;0
10.599;0;-1.3020833333333333;0;0
10.604;0;-1.3020833333333333;0;0
10.609;0;-1.3020833333333333;0;0
10.614;0;-1.3020833333333333;0;0
10.619;0;-1.3020833333333333;0;0
10.624;0;-1.3020833333333333;0;0
10.629;0;-1.3020833333333333;0;0
10.634;0;-1.3020833333333333;0;0
10.639;0;-1.3020833333333333;0;0
10.644;0;-1.3020833333333333;0;0
10.649;0;-1.3020833333333333;0;0
10.654;0;-1.3020833333333333;0;0
10.659;0;-1.3020833333333333;0;0
10.664;0;-1.3020833333333333;0;0
10.669;0;-1.3020833333333333;0;0
10.674;0;-1.3020833333333333;0;0
10.679;0;-1.3020833333333333;0;0
10.684;0;-1.3020833333333333;0;0
10.689;0;-1.3020833333333333;0;0
10.694;0;-1.3020833333333333;0;0
10.699;0;-1.3020833333333333;0;0
10.704;0;-1.3020833333333333;0;0
10.709;0;-1.3020833333333333;0;0
10.714;0;-1.3020833333333333;0;0
10.719;0;-1.3020833333333333;0;0
10.724;0;-1.3020833333333333;0;0
10.729;0;-1.3020833333333333;0;0
10.734;0;-1.3020833333333333;0;0
10.739;0;-1.3020833333333333;0;0
10.744;0;-1.3020833333333333;0;0
10.749;0;-1.3020833333333333;0;0
10.754;0;-1.3020833333333333;0;0
10.759;0;-1.3020833333333333;0;0
10.764;0;-1.3020833333333333;0;0
10.769;0;-1.3020833333333333;0;0
10.774;0;-1.3020833333333333;0;0
10.779;0;-1.3020833333333333;0;0
10.784;0;-1.3020833333333333;0;0
10.789;0;-1.3020833333333333;0;0
10.794;0;-1.3020833333333333;0;0
10.799;0;-1.3020833333333333;0;0
10.804;0;-1.3020833333333333;0;0
10.809;0;-1.3020833333333333;0;0
10.814;0;-1.3020833333333333;0;0
10.819;0;-1.3020833333333333;0;0
10.824;0;-1.3020833333333333;0;0
10.829;0;-1.3020833333333333;0;0
10.834;0;-1.3020833333333333;0;0
10.839;0;-1.3020833333333333;0;0
10.844;0;-1.3020833333333333;0;0
10.849;0;-1.3020833333333333;0;0
10.854;0;-1.3020833333333333;0;0
10.859;0;-1.3020833333333333;0;0
10.864;0;-1.3020833333333333;0;0
10.869;0;-1.3020833333333333;0;0
10.874;0;-1.3020833333333333;0;0
10.879;0;-1.3020833333333333;0;0
10.884;0;-1.3020833333333333;0;0
10.889;0;-1.3020833333333333;0;0
10.894;0;-1.3020833333333333;0;0
10.899;0;-1.3020833333333333;0;0
10.904;0;-1.3020833333333333;0;0
10.909;0;-1.3020833333333333;0;0
10.914;0;-1.3020833333333333;0;0
10.919;0;-1.3020833333333333;0;0
10.924;0;-1.3020833333333333;0;0
10.929;0;-1.3020833333333333;0;0
10.934;0;-1.3020833333333333;0;0
10.939;0;-1.3020833333333333;0;0
10.944;0;-1.3020833333333333;0;0
10.949;0;-1.3020833333333333;0;0
10.954;0;-1.3020833333333333;0;0
10.959;0;-1.3020833333333333;0;0
10.964;0;-1.3020833333333333;0;0
10.969;0;-1.3020833333333333;0;0
10.974;0;-1.3020833333333333;0;0
10.979;0;-1.3020833333333333;0;0
10.984;0;-1.3020833333333333;0;0
10.989;0;-1.3020833333333333;0;0
10.994;0;-1.3020833333333333;0;0
10.999;0;-1.3020833333333333;0;0
11.004;0;-1.3020833333333333;0;0
11.009;0;-1.3020833333333333;0;0
11.014;0;-1.3020833333333333;0;0
11.019;0;-1.3020833333333333;0;0
11.024;0;-1.3020833333333333;0;0
11.029;0;-1.3020833333333333;0;0
11.034;0;-1.3020833333333333;0;0
11.039;0;-1.3020833333333333;0;0
11.044;0;-1.3020833333333333;0;0
11.049;0;-1.3020833333333333;0;0
11.054;0;-1.3020833333333333;0;0
11.059;0;-1.3020833333333333;0;0
11.064;0;-1.3020833333333333;0;0
11.069;0;-1.3020833333333333;0;0
11.074;0;-1.3020833333333333;0;0
11.079;0;-1.3020833333333333;0;0
11.084;0;-1.3020833333333333;0;0
11.089;0;-1.3020833333333333;0;0
11.094;0;-1.3020833333333333;0;0
11.099;0;-1.3020833333333333;0;0
11.104;0;-1.3020833333333333;0;0
11.109;0;-1.3020833333333333;0;0
11.114;0;-1.3020833333333333;0;0
11.119;0;-1.3020833333333333;0;0
11.124;0;-1.3020833333333333;0;0
11.129;0;-1.3020833333333333;0;0
11.134;0;-1.3020833333333333;0;0
11.139;0;-1.3020833333333333;0;0
11.144;0;-1.3020833333333333;0;0
11.149;0;-1.3020833333333333;0;0
11.154;0;-1.3020833333333333;0;0
11.159;0;-1.3020833333333333;0;0
11.164;0;-1.3020833333333333;0;0
11.169;0;-1.3020833333333333;0;0
11.174;0;-1.3020833333333333;0;0
11.179;0;-1.3020833333333333;0;0
11.184;0;-1.3020833333333333;0;0
11.189;0;-1.3020833333333333;0;0
11.194;0;-1.3020833333333333;0;0
11.199;0;-1.3020833333333333;0;0
11.204;0;-1.3020833333333333;0;0
11.209;0;-1.3020833333333333;0;0
11.214;0;-1.3020833333333333;0;0
11.219;0;-1.3020833333333333;0;0
11.224;0;-1.3020833333333333;0;0
11.229;0;-1.3020833333333333;0;0
11.234;0;-1.3020833333333333;0;0
11.239;0;-1.3020833333333333;0;0
11.244;0;-1.3020833333333333;0;0
11.249;0;-1.3020833333333333;0;0
11.254;0;-1.3020833333333333;0;0
11.259;0;-1.3020833333333333;0;0
11.264;0;-1.3020833333333333;0;0
11.269;0;-1.3020833333333333;0;0
11.274;0;-1.3020833333333333;0;0
11.279;0;-1.3020833333333333;0;0
11.284;0;-1.3020833333333333;0;0
11.289;0;-1.3020833333333333;0;0
11.294;0;-1.3020833333333333;0;0
11.299;0;-1.3020833333333333;0;0
11.304;0;-1.3020833333333333;0;0
11.309;0;-1.3020833333333333;0;0
11.314;0;-1.3020833333333333;0;0
11.319;0;-1.3020833333333333;0;0
11.324;0;-1.3020833333333333;0;0
11.329;0;-1.3020833333333333;0;0
11.334;0;-1.3020833333333333;0;0
11.339;0;-1.3020833333333333;0;0
11.344;0;-1.3020833333333333;0;0
11.349;0;-1.3020833333333333;0;0
11.354;0;-1.3020833333333333;0;0