t;e;d;i;set

7.764;0;0;0;0
7.767;0;0;0;0
7.77;0;0;0;0
7.773;0;0;0;0
7.776;0;0;0;0
7.779;0;0;0;0
7.782;0;0;0;0
7.785;0;0;0;0
7.788;0;0;0;0
7.791;0;0;0;0
7.794;0;0;0;0
7.797;0;0;0;0
7.8;0;0;0;0
7.803;0;0;0;0
7.806;0;0;0;0
7.809;0;0;0;0
7.812;0;0;0;0
7.815;0;0;0;0
7.818;0;0;0;0
7.821;0;0;0;0
7.824;0;0;0;0
7.827;0;0;0;0
7.83;0;0;0;0
7.833;0;0;0;0
7.836;0;0;0;0
7.839;0;0;0;0
7.842;0;0;0;0
7.845;0;0;0;0
7.848;0;0;0;0
7.851;0;0;0;0
7.854;0;0;0;0
7.857;0;0;0;0
7.86;0;0;0;0
7.863;0;0;0;0
7.866;0;0;0;0
7.869;0;0;0;0
7.872;0;0;0;0
7.875;0;0;0;0
7.878;0;0;0;0
7.881;0;0;0;0
7.884;0;0;0;0
7.887;0;0;0;0
7.89;0;0;0;0
7.893;0;0;0;0
7.896;0;0;0;0
7.899;0;0;0;0
7.902;0;0;0;0
7.905;0;0;0;0
7.908;0;0;0;0
7.911;0;0;0;0
7.914;0;0;0;0
7.917;0;0;0;0
7.92;0;0;0;0
7.923;0;0;0;0
7.926;0;0;0;0
7.929;0;0;0;0
7.932;0;0;0;0
7.935;0;0;0;0
7.938;0;0;0;0
7.941;0;0;0;0
7.944;0;0;0;0
7.947;0;0;0;0
7.95;0;0;0;0
7.953;0;0;0;0
7.956;0;0;0;0
7.959;0;0;0;0
7.962;0;0;0;0
7.965;0;0;0;0
7.968;0;0;0;0
7.971;0;0;0;0
7.974;0;0;0;0
7.977;0;0;0;0
7.98;0;0;0;0
7.983;0;0;0;0
7.986;0;0;0;0
7.989;0;0;0;0
7.992;0;0;0;0
7.995;0;0;0;0
7.998;0;0;0;0
8.001;0;0;0;0
8.004;0;0;0;0
8.007;0;0;0;0
8.01;0;0;0;0
8.013;0;0;0;0
8.016;0;0;0;0
8.019;0;0;0;0
8.022;0;0;0;0
8.025;0;0;0;0
8.028;0;0;0;0
8.031;0;0;0;0
8.034;0;0;0;0
8.037;0;0;0;0
8.04;0;0;0;0
8.043;0;0;0;0
8.046;0;0;0;0
8.049;0;0;0;0
8.052;0;0;0;0
8.055;0;0;0;0
8.058;0;0;0;0
8.061;0;0;0;0
8.064;0;0;0;0
8.067;0;0;0;0
8.07;0;0;0;0
8.073;0;0;0;0
8.076;0;0;0;0
8.079;0;0;0;0
8.082;0;0;0;0
8.085;0;0;0;0
8.088;0;0;0;0
8.091;0;0;0;0
8.094;0;0;0;0
8.097;0;0;0;0
8.1;0;0;0;0
8.103;0;0;0;0
8.106;0;0;0;0
8.109;0;0;0;0
8.112;0;0;0;0
8.115;0;0;0;0
8.118;0;0;0;0
8.121;0;0;0;0
8.124;0;0;0;0
8.127;0;0;0;0
8.13;0;0;0;0
8.133;0;0;0;0
8.136;0;0;0;0
8.139;0;0;0;0
8.142;0;0;0;0
8.145;0;0;0;0
8.148;0;0;0;0
8.151;0;0;0;0
8.154;0;0;0;0
8.157;0;0;0;0
8.16;0;0;0;0
8.163;0;0;0;0
8.166;0;0;0;0
8.169;0;0;0;0
8.172;-7;4;0;0
8.175;-7;4;0;0
8.181;-7;4;0;0
8.184;-7;4;0;0
8.187;-7;4;0;0
8.193;-7;4;0;0
8.196;-7;4;0;0
8.202;-7;4;0;0
8.205;-7;4;0;0
8.211;-7;4;0;0
8.214;-7;4;0;0
8.217;-7;4;0;0
8.223;-7;4;0;0
8.226;-7;4;0;0
8.229;-7;4;0;0
8.235;-15;5;0;0
8.238;-15;5;0;0
8.244;-15;5;0;0
8.247;-15;5;0;0
8.253;-15;5;0;0
8.256;-15;5;0;0
8.262;-15;5;0;0
8.265;-15;5;0;0
8.271;-15;5;0;0
8.274;-15;5;0;0
8.28;-15;5;0;0
8.283;-15;5;0;0
8.289;-15;5;0;0
8.292;-15;5;0;0
8.298;-15;5;0;0
8.301;-15;5;0;0
8.307;-15;5;0;0
8.31;-15;5;0;0
8.316;-15;5;0;0
8.319;-15;5;0;0
8.325;-15;5;0;0
8.328;-15;5;0;0
8.334;-15;5;0;0
8.337;-15;5;0;0
8.343;-15;5;0;0
8.346;-15;5;0;0
8.352;-15;5;0;0
8.355;-15;5;0;0
8.361;-15;5;0;0
8.364;-15;5;0;0
8.37;-15;5;0;0
8.373;-15;5;0;0
8.379;-15;5;0;0
8.382;-15;5;0;0
8.388;-15;5;0;0
8.391;-15;5;0;0
8.397;-15;5;0;0
8.4;-15;5;0;0
8.406;-15;5;0;0
8.409;-15;5;0;0
8.415;-15;5;0;0
8.418;-15;5;0;0
8.424;-15;5;0;0
8.427;-15;5;0;0
8.433;-15;5;0;0
8.436;-15;5;0;0
8.442;-15;5;0;0
8.445;-15;5;0;0
8.451;-15;5;0;0
8.454;-15;5;0;0
8.46;-15;5;0;0
8.463;-15;5;0;0
8.469;-15;5;0;0
8.472;-15;5;0;0
8.478;-15;5;0;0
8.481;-15;5;0;0
8.487;-15;5;0;0
8.49;-15;5;0;0
8.496;-15;5;0;0
8.499;-15;5;0;0
8.505;-15;5;0;0
8.508;-15;5;0;0
8.514;-15;5;0;0
8.517;-15;5;0;0
8.523;-15;5;0;0
8.526;-15;5;0;0
8.532;-15;5;0;0
8.535;-7;5;0;0
8.541;-7;5;0;0
8.544;-7;5;0;0
8.547;-7;5;0;0
8.553;-7;5;0;0
8.556;-7;5;0;0
8.562;-7;5;0;0
8.565;-7;5;0;0
8.571;-7;5;0;0
8.574;-7;5;0;0
8.58;-7;5;0;0
8.583;-7;5;0;0
8.586;-7;5;0;0
8.592;-7;5;0;0
8.595;-7;5;0;0
8.601;-7;5;0;0
8.604;-7;5;0;0
8.607;-7;5;0;0
8.613;-7;5;0;0
8.616;-7;5;0;0
8.622;-7;5;0;0
8.625;-7;5;0;0
8.628;-7;5;0;0
8.634;-7;5;0;0
8.637;-7;5;0;0
8.643;-7;5;0;0
8.646;-7;5;0;0
8.649;-7;5;0;0
8.655;-7;5;0;0
8.658;-7;5;0;0
8.664;-7;5;0;0
8.667;-7;5;0;0
8.673;-7;5;0;0
8.676;-7;5;0;0
8.682;-7;5;0;0
8.688;0;5;0;0
8.691;0;5;0;0
8.694;0;5;0;0
8.697;0;5;0;0
8.7;0;5;0;0
8.703;0;5;0;0
8.706;0;5;0;0
8.709;0;5;0;0
8.712;0;5;0;0
8.715;0;5;0;0
8.718;0;5;0;0
8.721;0;5;0;0
8.724;0;5;0;0
8.727;0;5;0;0
8.73;0;5;0;0
8.733;0;5;0;0
8.736;0;5;0;0
8.739;0;5;0;0
8.742;0;5;0;0
8.745;0;5;0;0
8.748;0;5;0;0
8.751;0;5;0;0
8.754;0;5;0;0
8.757;0;5;0;0
8.76;0;5;0;0
8.763;0;5;0;0
8.766;0;5;0;0
8.769;0;5;0;0
8.772;0;5;0;0
8.775;0;5;0;0
8.778;0;5;0;0
8.781;0;5;0;0
8.784;0;5;0;0
8.787;0;5;0;0
8.79;0;5;0;0
8.793;0;5;0;0
8.796;0;5;0;0
8.799;0;5;0;0
8.802;0;5;0;0
8.805;0;5;0;0
8.808;0;5;0;0
8.811;0;5;0;0
8.814;0;5;0;0
8.817;0;5;0;0
8.82;0;5;0;0
8.823;0;5;0;0
8.826;0;5;0;0
8.829;0;5;0;0
8.832;0;5;0;0
8.835;0;5;0;0
8.838;0;5;0;0
8.841;0;5;0;0
8.844;0;5;0;0
8.847;0;5;0;0
8.85;0;5;0;0
8.853;0;5;0;0
8.856;0;5;0;0
8.859;0;5;0;0
8.862;0;5;0;0
8.865;0;5;0;0
8.868;0;5;0;0
8.871;0;5;0;0
8.874;0;5;0;0
8.877;0;5;0;0
8.88;0;5;0;0
8.883;0;5;0;0
8.886;0;5;0;0
8.889;0;5;0;0
8.892;0;5;0;0
8.895;0;5;0;0
8.898;0;5;0;0
8.901;0;5;0;0
8.904;0;5;0;0
8.907;0;5;0;0
8.91;0;5;0;0
8.913;0;5;0;0
8.916;0;5;0;0
8.919;0;5;0;0
8.922;0;5;0;0
8.925;0;5;0;0
8.928;0;5;0;0
8.931;0;5;0;0
8.934;0;5;0;0
8.937;0;5;0;0
8.94;0;5;0;0
8.943;0;5;0;0
8.946;0;5;0;0
8.949;0;5;0;0
8.952;0;5;0;0
8.955;0;5;0;0
8.958;0;5;0;0
8.961;0;5;0;0
8.964;0;5;0;0
8.967;0;5;0;0
8.97;0;5;0;0
8.973;0;5;0;0
8.976;0;5;0;0
8.979;0;5;0;0
8.982;0;5;0;0
8.985;0;5;0;0
8.988;0;5;0;0
8.991;0;5;0;0
8.994;0;5;0;0
8.997;0;5;0;0
9.0;0;5;0;0
9.003;0;5;0;0
9.006;0;5;0;0
9.009;0;5;0;0
9.012;0;5;0;0
9.015;0;5;0;0
9.018;0;5;0;0
9.021;0;5;0;0
9.024;0;5;0;0
9.027;0;5;0;0
9.03;0;5;0;0
9.033;0;5;0;0
9.036;0;5;0;0
9.039;0;5;0;0
9.042;0;5;0;0
9.045;0;5;0;0
9.048;0;5;0;0
9.051;0;5;0;0
9.054;0;5;0;0
9.057;0;5;0;0
9.06;0;5;0;0
9.063;0;5;0;0
9.066;0;5;0;0
9.069;0;5;0;0
9.072;0;5;0;0
9.075;0;5;0;0
9.078;7;5;0;0
9.081;7;5;0;0
9.084;7;5;0;0
9.087;7;5;0;0
9.09;7;5;0;0
9.093;7;5;0;0
9.096;7;5;0;0
9.102;7;5;0;0
9.105;7;5;0;0
9.108;7;5;0;0
9.111;7;5;0;0
9.114;7;5;0;0
9.117;7;5;0;0
9.123;7;5;0;0
9.126;7;5;0;0
9.129;7;5;0;0
9.132;7;5;0;0
9.135;7;5;0;0
9.138;7;5;0;0
9.144;7;5;0;0
9.147;15;5;0;0
9.15;15;5;0;0
9.156;15;5;0;0
9.159;15;5;0;0
9.165;15;5;0;0
9.168;15;5;0;0
9.171;15;5;0;0
9.177;15;5;0;0
9.18;15;5;0;0
9.186;15;5;0;0
9.189;15;5;0;0
9.195;15;5;0;0
9.198;15;5;0;0
9.204;15;5;0;0
9.207;15;5;0;0
9.213;15;5;0;0
9.216;15;5;0;0
9.222;15;5;0;0
9.225;15;5;0;0
9.231;15;5;0;0
9.234;15;5;0;0
9.24;15;5;0;0
9.243;15;5;0;0
9.249;15;5;0;0
9.252;15;5;0;0
9.258;15;5;0;0
9.261;15;5;0;0
9.267;15;5;0;0
9.27;15;5;0;0
9.276;15;5;0;0
9.279;15;5;0;0
9.282;15;5;0;0
9.288;15;5;0;0
9.291;15;5;0;0
9.294;15;5;0;0
9.3;15;5;0;0
9.303;15;5;0;0
9.306;15;5;0;0
9.312;15;5;0;0
9.315;15;5;0;0
9.321;15;5;0;0
9.324;15;5;0;0
9.327;15;5;0;0
9.333;15;5;0;0
9.336;15;5;0;0
9.342;15;5;0;0
9.345;15;5;0;0
9.351;15;5;0;0
9.354;15;5;0;0
9.36;15;5;0;0
9.363;15;5;0;0
9.369;15;5;0;0
9.372;15;5;0;0
9.378;7;5;0;0
9.381;7;5;0;0
9.384;7;5;0;0
9.387;7;5;0;0
9.39;7;5;0;0
9.393;7;5;0;0
9.399;7;5;0;0
9.402;7;5;0;0
9.405;7;5;0;0
9.408;7;5;0;0
9.411;7;5;0;0
9.414;7;5;0;0
9.417;7;5;0;0
9.423;7;5;0;0
9.426;7;5;0;0
9.429;7;5;0;0
9.432;7;5;0;0
9.435;7;5;0;0
9.438;7;5;0;0
9.444;7;5;0;0
9.447;7;5;0;0
9.45;7;5;0;0
9.453;7;5;0;0
9.456;7;5;0;0
9.459;7;5;0;0
9.465;0;5;0;0
9.468;0;3;0;0
9.471;0;3;0;0
9.474;0;3;0;0
9.477;0;3;0;0
9.48;0;3;0;0
9.483;0;3;0;0
9.486;0;3;0;0
9.489;0;3;0;0
9.492;0;3;0;0
9.495;0;3;0;0
9.498;0;3;0;0
9.501;0;3;0;0
9.504;0;3;0;0
9.507;0;3;0;0
9.51;0;3;0;0
9.513;0;3;0;0
9.516;0;3;0;0
9.519;0;3;0;0
9.522;0;3;0;0
9.525;0;3;0;0
9.528;0;3;0;0
9.531;0;3;0;0
9.534;0;3;0;0
9.537;0;3;0;0
9.54;0;3;0;0
9.543;0;3;0;0
9.546;0;3;0;0
9.549;0;3;0;0
9.552;0;3;0;0
9.555;0;3;0;0
9.558;0;3;0;0
9.561;0;3;0;0
9.564;0;3;0;0
9.567;0;3;0;0
9.57;0;3;0;0
9.573;0;3;0;0
9.576;0;3;0;0
9.579;0;3;0;0
9.582;0;3;0;0
9.585;0;3;0;0
9.588;0;3;0;0
9.591;0;3;0;0
9.594;0;3;0;0
9.597;0;3;0;0
9.6;0;3;0;0
9.603;0;3;0;0
9.606;0;3;0;0
9.609;0;3;0;0
9.612;0;3;0;0
9.615;0;3;0;0
9.618;0;3;0;0
9.621;0;3;0;0
9.624;0;3;0;0
9.627;0;3;0;0
9.63;0;3;0;0
9.633;0;3;0;0
9.636;0;3;0;0
9.639;0;3;0;0
9.642;0;3;0;0
9.645;0;3;0;0
9.648;0;3;0;0
9.651;0;3;0;0
9.654;0;3;0;0
9.657;0;3;0;0
9.66;0;3;0;0
9.663;0;3;0;0
9.666;0;3;0;0
9.669;0;3;0;0
9.672;0;3;0;0
9.675;0;3;0;0
9.678;0;3;0;0
9.681;0;3;0;0
9.684;0;3;0;0
9.687;0;3;0;0
9.69;0;3;0;0
9.693;0;3;0;0
9.696;0;3;0;0
9.699;0;3;0;0
9.702;0;3;0;0
9.705;0;3;0;0
9.708;0;3;0;0
9.711;0;3;0;0
9.714;0;3;0;0
9.717;0;3;0;0
9.72;0;3;0;0
9.723;0;3;0;0
9.726;0;3;0;0
9.729;0;3;0;0
9.732;0;3;0;0
9.735;0;3;0;0
9.738;0;3;0;0
9.741;0;3;0;0
9.744;0;3;0;0
9.747;0;3;0;0
9.75;0;3;0;0
9.753;0;3;0;0
9.756;0;3;0;0
9.759;0;3;0;0
9.762;0;3;0;0
9.765;0;3;0;0
9.768;0;3;0;0
9.771;0;3;0;0
9.774;0;3;0;0
9.777;0;3;0;0
9.78;0;3;0;0
9.783;0;3;0;0
9.786;0;3;0;0
9.789;0;3;0;0
9.792;0;3;0;0
9.795;0;3;0;0
9.798;0;3;0;0
9.801;0;3;0;0
9.804;0;3;0;0
9.807;0;3;0;0
9.81;0;3;0;0
9.813;0;3;0;0
9.816;0;3;0;0
9.819;0;3;0;0
9.822;0;3;0;0
9.825;0;3;0;0
9.828;0;3;0;0
9.831;0;3;0;0
9.834;0;3;0;0
9.837;0;3;0;0
9.84;0;3;0;0
9.843;0;3;0;0
9.846;0;3;0;0
9.849;0;3;0;0
9.852;0;3;0;0
9.855;0;3;0;0
9.858;0;3;0;0
9.861;0;3;0;0
9.864;0;3;0;0
9.867;0;3;0;0
9.87;0;3;0;0
9.873;0;3;0;0
9.876;0;3;0;0
9.879;0;3;0;0
9.882;0;3;0;0
9.885;0;3;0;0
9.888;0;3;0;0
9.891;0;3;0;0
9.894;0;3;0;0
9.897;0;3;0;0
9.9;0;3;0;0
9.903;0;3;0;0
9.906;0;3;0;0
9.909;0;3;0;0
9.912;0;3;0;0
9.915;0;3;0;0
9.918;0;3;0;0
9.921;0;3;0;0
9.924;0;3;0;0
9.927;0;3;0;0
9.93;0;3;0;0
9.933;0;3;0;0
9.936;0;3;0;0
9.939;0;3;0;0
9.942;0;3;0;0
9.945;0;3;0;0
9.948;0;3;0;0
9.951;0;3;0;0
9.954;0;3;0;0
9.957;0;3;0;0
9.96;0;3;0;0
9.963;0;3;0;0
9.966;0;3;0;0
9.969;0;3;0;0
9.972;0;3;0;0
9.975;0;3;0;0
9.978;0;3;0;0
9.981;0;3;0;0
9.984;0;3;0;0
9.987;0;3;0;0
9.99;0;3;0;0
9.993;0;3;0;0
9.996;0;3;0;0
9.999;0;3;0;0
10.002;0;3;0;0
10.005;0;3;0;0
10.008;0;3;0;0
10.011;0;3;0;0
10.014;0;3;0;0
10.017;0;3;0;0
10.02;0;3;0;0
10.023;0;3;0;0
10.026;0;3;0;0
10.029;0;3;0;0
10.032;0;3;0;0
10.035;0;3;0;0
10.038;0;3;0;0
10.041;0;3;0;0
10.044;0;3;0;0
10.047;0;3;0;0
10.05;0;3;0;0
10.053;0;3;0;0
10.056;0;3;0;0
10.059;0;3;0;0
10.062;0;3;0;0
10.065;0;3;0;0
10.068;0;3;0;0
10.071;0;3;0;0
10.074;0;3;0;0
10.077;0;3;0;0
10.08;0;3;0;0
10.083;0;3;0;0
10.086;0;3;0;0
10.089;0;3;0;0
10.092;0;3;0;0
10.095;0;3;0;0
10.098;0;3;0;0
10.101;0;3;0;0
10.104;0;3;0;0
10.107;0;3;0;0
10.11;0;3;0;0
10.113;0;3;0;0
10.116;0;3;0;0
10.119;0;3;0;0
10.122;0;3;0;0
10.125;0;3;0;0
10.128;0;3;0;0
10.131;0;3;0;0
10.134;0;3;0;0
10.137;0;3;0;0
10.14;0;3;0;0
10.143;0;3;0;0
10.146;0;3;0;0
10.149;0;3;0;0
10.152;0;3;0;0
10.155;0;3;0;0
10.158;0;3;0;0
10.161;0;3;0;0
10.164;0;3;0;0
10.167;0;3;0;0
10.17;0;3;0;0
10.173;0;3;0;0
10.176;0;3;0;0
10.179;0;3;0;0
10.182;0;3;0;0
10.185;0;3;0;0
10.188;0;3;0;0
10.191;0;3;0;0
10.194;0;3;0;0
10.197;0;3;0;0
10.2;0;3;0;0
10.203;0;3;0;0
10.206;0;3;0;0
10.209;0;3;0;0
10.212;0;3;0;0
10.215;0;3;0;0
10.218;0;3;0;0
10.221;0;3;0;0
10.224;0;3;0;0
10.227;0;3;0;0
10.23;0;3;0;0
10.233;0;3;0;0
10.236;0;3;0;0
10.239;0;3;0;0
10.242;0;3;0;0
10.245;0;3;0;0
10.248;0;3;0;0
10.251;0;3;0;0
10.254;0;3;0;0
10.257;0;3;0;0
10.26;0;3;0;0
10.263;0;3;0;0
10.266;0;3;0;0
10.269;0;3;0;0
10.272;0;3;0;0
10.275;0;3;0;0
10.278;0;3;0;0
10.281;0;3;0;0
10.284;0;3;0;0
10.287;0;3;0;0
10.29;0;3;0;0
10.293;0;3;0;0
10.296;0;3;0;0
10.299;0;3;0;0
10.302;0;3;0;0
10.305;0;3;0;0
10.308;0;3;0;0
10.311;0;3;0;0
10.314;0;3;0;0
10.317;0;3;0;0
10.32;0;3;0;0
10.323;0;3;0;0
10.326;0;3;0;0
10.329;0;3;0;0
10.332;0;3;0;0
10.335;0;3;0;0
10.338;0;3;0;0
10.341;0;3;0;0
10.344;0;3;0;0
10.347;0;3;0;0
10.35;0;3;0;0
10.353;0;3;0;0
10.356;0;3;0;0
10.359;0;3;0;0
10.362;0;3;0;0
10.365;0;3;0;0
10.368;0;3;0;0
10.371;0;3;0;0
10.374;0;3;0;0
10.377;0;3;0;0
10.38;0;3;0;0
10.383;0;3;0;0
10.386;0;3;0;0
10.389;0;3;0;0
10.392;0;3;0;0
10.395;0;3;0;0
10.398;0;3;0;0
10.401;0;3;0;0
10.404;0;3;0;0
10.407;0;3;0;0
10.41;0;3;0;0
10.413;0;3;0;0
10.416;0;3;0;0
10.419;0;3;0;0
10.422;0;3;0;0
10.425;0;3;0;0
10.428;0;3;0;0
10.431;0;3;0;0
10.434;0;3;0;0
10.437;0;3;0;0
10.44;0;3;0;0
10.443;0;3;0;0
10.446;0;3;0;0
10.449;0;3;0;0
10.452;0;3;0;0
10.455;0;3;0;0
10.458;0;3;0;0
10.461;0;3;0;0
10.464;0;3;0;0
10.467;0;3;0;0
10.47;0;3;0;0
10.473;0;3;0;0
10.476;0;3;0;0
10.479;0;3;0;0
10.482;0;3;0;0
10.485;0;3;0;0
10.488;0;3;0;0
10.491;0;3;0;0
10.494;0;3;0;0
10.497;0;3;0;0
10.5;0;3;0;0
10.503;0;3;0;0
10.506;0;3;0;0
10.509;0;3;0;0
10.512;7;3;0;0
10.515;7;3;0;0
10.518;7;3;0;0
10.524;7;3;0;0
10.527;7;3;0;0
10.53;7;3;0;0
10.536;7;3;0;0
10.539;7;3;0;0
10.542;7;3;0;0
10.548;15;3;0;0
10.551;15;3;0;0
10.557;15;3;0;0
10.56;15;3;0;0
10.566;15;3;0;0
10.569;15;3;0;0
10.575;15;3;0;0
10.578;15;3;0;0
10.584;23;3;0;0
10.587;23;3;0;0
10.593;23;3;0;0
10.596;31;3;0;0
10.602;31;3;0;0
10.605;39;3;0;0
10.611;47;3;0;0
10.614;47;3;0;0
10.62;47;3;0;0
10.623;47;3;0;0
10.629;54;3;0;0
10.632;54;3;0;0
10.638;62;3;0;0
10.641;62;3;0;0
10.647;70;3;0;0
10.65;78;3;0;0
10.656;78;3;0;0
10.659;86;3;0;0
10.665;94;3;0;0
10.668;94;3;0;0
10.674;101;3;0;0
10.68;109;3;0;0
10.686;117;3;0;0
10.692;125;3;0;0
10.698;140;3;0;0
10.701;140;3;0;0
10.707;156;3;0;0
10.713;171;3;0;0
10.716;171;3;0;0
10.722;187;3;0;0
10.728;202;3;0;0
10.734;210;3;0;0
10.74;225;3;0;0
10.746;241;3;0;0
10.752;256;3;0;0
10.758;271;3;0;0
10.764;294;3;0;0
10.77;309;3;0;0
10.776;323;3;0;0
10.782;346;3;0;0
10.788;360;3;0;0
10.794;382;3;0;0
10.8;397;3;0;0
10.806;411;3;0;0
10.812;439;3;0;0
10.818;453;3;0;0
10.824;481;3;0;0
10.83;509;3;0;0
10.836;522;3;0;0
10.842;549;3;0;0
10.848;562;3;0;0
10.854;581;3;0;0
10.86;606;3;0;0
10.866;631;3;0;0
10.872;655;3;0;0
10.878;673;3;0;0
10.884;695;3;0;0
10.89;718;3;0;0
10.896;739;3;0;0
10.902;760;3;0;0
10.908;780;3;0;0
10.914;799;3;0;0
10.92;818;3;0;0
10.926;835;3;0;0
10.932;852;3;0;0
10.938;868;3;0;0
10.944;883;3;0;0
10.95;898;3;0;0
10.956;914;3;0;0
10.962;926;3;0;0
10.968;940;3;0;0
10.974;953;3;0;0
10.98;964;3;0;0
10.986;972;3;0;0
10.992;979;3;0;0
10.998;985;3;0;0
11.004;991;3;0;0
11.01;995;3;0;0
11.016;998;3;0;0
11.022;999;3;0;0
11.028;999;3;0;0
11.034;998;3;0;0
11.04;996;1;0;0
11.046;992;1;0;0
11.052;985;2;0;0
11.058;979;2;0;0
11.064;970;3;0;0
11.07;960;4;0;0
11.076;948;5;0;0
11.082;938;6;0;0
11.088;923;5;0;0
11.094;908;8;0;0
11.1;891;6;0;0
11.106;872;8;0;0
11.112;856;7;0;0
11.118;835;9;0;0
11.124;813;12;0;0
11.13;794;9;0;0
11.136;770;9;0;0
11.142;744;12;0;0
11.148;718;13;0;0
11.154;695;10;0;0
11.16;673;14;0;0
11.166;649;11;0;0
11.172;619;14;0;0
11.178;587;12;0;0
11.184;562;15;0;0
11.19;529;16;0;0
11.196;502;12;0;0
11.202;474;13;0;0
11.208;446;10;0;0
11.214;411;17;0;0
11.22;382;17;0;0
11.226;346;17;0;0
11.232;316;14;0;0
11.238;286;14;0;0
11.244;256;15;0;0
11.25;218;14;0;0
11.256;187;15;0;0
11.262;156;15;0;0
11.268;125;18;0;0
11.274;94;15;0;0
11.28;54;15;0;0
11.286;23;15;0;0
11.292;-7;16;0;0
11.298;-31;15;0;0
11.304;-62;15;0;0
11.31;-94;11;0;0
11.316;-125;19;0;0
11.322;-164;15;0;0
11.328;-202;18;0;0
11.334;-233;15;0;0
11.34;-256;14;0;0
11.346;-286;14;0;0
11.352;-316;15;0;0
11.358;-346;14;0;0
11.364;-382;14;0;0
11.37;-411;14;0;0
11.376;-439;17;0;0
11.382;-467;13;0;0
11.388;-495;13;0;0
11.394;-522;10;0;0
11.4;-549;12;0;0
11.406;-575;15;0;0
11.412;-600;15;0;0
11.418;-631;12;0;0
11.424;-655;11;0;0
11.43;-678;11;0;0
11.436;-701;10;0;0
11.442;-718;11;0;0
11.448;-739;7;0;0
11.454;-760;10;0;0
11.46;-780;12;0;0
11.466;-804;9;0;0
11.472;-827;9;0;0
11.478;-844;8;0;0
11.484;-860;8;0;0
11.49;-872;7;0;0
11.496;-883;7;0;0
11.502;-898;5;0;0
11.508;-911;4;0;0
11.514;-920;6;0;0
11.52;-932;5;0;0
11.526;-943;5;0;0
11.532;-951;3;0;0
11.538;-958;3;0;0
11.544;-964;3;0;0
11.55;-970;2;0;0
11.556;-975;2;0;0
11.562;-980;2;0;0
11.568;-985;1;0;0
11.574;-988;1;0;0
11.58;-992;1;0;0
11.586;-993;1;0;0
11.592;-996;1;0;0
11.598;-998;1;0;0
11.604;-998;1;0;0
11.61;-999;1;0;0
11.616;-999;1;0;0
11.622;-999;1;0;0
11.628;-999;1;0;0
11.634;-999;1;0;0
11.64;-998;1;0;0
11.646;-997;1;0;0
11.652;-996;1;0;0
11.658;-995;1;0;0
11.664;-993;1;0;0
11.67;-992;1;0;0
11.676;-990;1;0;0
11.682;-988;1;0;0
11.688;-986;1;0;0
11.694;-985;1;0;0
11.7;-982;1;0;0
11.706;-980;1;0;0
11.712;-979;1;0;0
11.718;-977;1;0;0
11.724;-975;1;0;0
11.73;-974;1;0;0
11.736;-972;1;0;0
11.742;-970;1;0;0
11.748;-968;1;0;0
11.754;-968;1;0;0
11.76;-966;1;0;0
11.766;-964;1;0;0
11.772;-964;1;0;0
11.778;-964;1;0;0
11.784;-964;1;0;0
11.79;-964;1;0;0
11.796;-964;1;0;0
11.802;-964;1;0;0
11.808;-964;1;0;0
11.814;-964;1;0;0
11.82;-964;1;0;0
11.826;-964;1;0;0
11.832;-966;1;0;0
11.838;-968;1;0;0
11.844;-970;1;0;0
11.85;-972;1;0;0
11.856;-974;1;0;0
11.862;-975;1;0;0
11.868;-979;1;0;0
11.874;-979;1;0;0
11.88;-982;1;0;0
11.886;-983;1;0;0
11.892;-985;1;0;0
11.898;-987;1;0;0
11.904;-990;1;0;0
11.91;-993;1;0;0
11.916;-994;1;0;0
11.922;-996;1;0;0
11.928;-998;1;0;0
11.934;-998;1;0;0
11.94;-999;1;0;0
11.946;-999;1;0;0
11.952;-999;1;0;0
11.958;-999;1;0;0
11.964;-998;1;0;0
11.97;-996;1;0;0
11.976;-993;1;0;0
11.982;-990;1;0;0
11.988;-985;1;0;0
11.994;-980;1;0;0
12.0;-974;1;0;0
12.006;-968;1;0;0
12.012;-960;1;0;0
12.018;-951;1;0;0
12.024;-940;1;0;0
12.03;-929;1;0;0
12.036;-917;1;0;0
12.042;-901;1;0;0
12.048;-887;1;0;0
12.054;-868;1;0;0
12.06;-852;1;0;0
12.066;-835;1;0;0
12.072;-813;1;0;0
12.078;-790;1;0;0
12.084;-770;1;0;0
12.09;-744;1;0;0
12.096;-718;1;0;0
12.102;-695;1;0;0
12.108;-661;1;0;0
12.114;-631;1;0;0
12.12;-600;1;0;0
12.126;-568;1;0;0
12.132;-529;1;0;0
12.138;-495;1;0;0
12.144;-453;1;0;0
12.15;-411;1;0;0
12.156;-375;1;0;0
12.162;-331;1;0;0
12.168;-286;1;0;0
12.174;-241;1;0;0
12.18;-187;1;0;0
12.186;-140;1;0;0
12.192;-86;1;0;0
12.198;-31;1;0;0
12.204;15;1;0;0
12.207;47;1;0;0
12.213;101;1;0;0
12.219;156;1;0;0
12.225;218;1;0;0
12.231;278;1;0;0
12.237;331;1;0;0
12.243;389;1;0;0
12.249;439;1;0;0
12.255;502;1;0;0
12.261;555;1;0;0
12.267;612;1;0;0
12.273;661;1;0;0
12.279;707;1;0;0
12.285;755;1;0;0
12.291;799;1;0;0
12.297;835;1;0;0
12.303;876;1;0;0
12.309;908;1;0;0
12.315;935;1;0;0
12.321;962;1;0;0
12.327;980;1;0;0
12.333;993;1;0;0
12.339;999;1;0;0
12.345;998;1;0;0
12.351;990;2;0;0
12.357;975;6;0;0
12.363;953;9;0;0
12.369;920;13;0;0
12.375;883;18;0;0
12.381;831;22;0;0
12.387;780;24;0;0
12.393;718;29;0;0
12.399;649;32;0;0
12.405;575;35;0;0
12.411;488;41;0;0
12.417;404;43;0;0
12.423;309;42;0;0
12.429;218;43;0;0
12.435;117;49;0;0
12.441;23;46;0;0
12.447;-70;46;0;0
12.453;-171;49;0;0
12.459;-263;44;0;0
12.465;-353;43;0;0
12.471;-439;42;0;0
12.477;-515;37;0;0
12.483;-594;39;0;0
12.489;-667;36;0;0
12.495;-734;36;0;0
12.501;-790;27;0;0
12.507;-840;25;0;0
12.513;-883;21;0;0
12.519;-917;17;0;0
12.525;-946;14;0;0
12.531;-968;11;0;0
12.537;-985;8;0;0
12.543;-994;5;0;0
12.549;-999;2;0;0
12.555;-999;2;0;0
12.561;-995;2;0;0
12.567;-986;2;0;0
12.573;-974;2;0;0
12.579;-958;2;0;0
12.585;-940;2;0;0
12.591;-917;2;0;0
12.597;-898;2;0;0
12.603;-872;2;0;0
12.609;-848;2;0;0
12.615;-822;2;0;0
12.621;-794;2;0;0
12.627;-770;2;0;0
12.633;-739;2;0;0
12.639;-712;2;0;0
12.645;-684;2;0;0
12.651;-655;2;0;0
12.657;-625;2;0;0
12.663;-600;2;0;0
12.669;-575;2;0;0
12.675;-549;2;0;0
12.681;-522;2;0;0
12.687;-495;2;0;0
12.693;-467;2;0;0
12.699;-446;2;0;0
12.705;-425;2;0;0
12.711;-404;2;0;0
12.717;-382;2;0;0
12.723;-353;2;0;0
12.729;-331;2;0;0
12.735;-309;2;0;0
12.741;-294;2;0;0
12.747;-271;2;0;0
12.753;-256;2;0;0
12.759;-233;2;0;0
12.765;-218;2;0;0
12.771;-195;2;0;0
12.777;-179;2;0;0
12.783;-164;2;0;0
12.789;-148;2;0;0
12.795;-133;2;0;0
12.801;-109;2;0;0
12.807;-94;2;0;0
12.813;-78;2;0;0
12.819;-62;2;0;0
12.825;-47;2;0;0
12.831;-39;2;0;0
12.837;-23;2;0;0
12.843;-15;2;0;0
12.849;7;2;0;0
12.852;15;2;0;0
12.858;23;2;0;0
12.861;39;2;0;0
12.867;47;2;0;0
12.87;54;2;0;0
12.876;70;2;0;0
12.879;78;2;0;0
12.885;86;2;0;0
12.888;94;2;0;0
12.894;109;2;0;0
12.897;109;2;0;0
12.903;125;2;0;0
12.909;140;2;0;0
12.915;156;2;0;0
12.921;171;2;0;0
12.927;179;2;0;0
12.933;195;2;0;0
12.939;202;2;0;0
12.945;218;2;0;0
12.948;218;2;0;0
12.954;233;2;0;0
12.96;241;2;0;0
12.966;256;2;0;0
12.972;263;2;0;0
12.978;271;2;0;0
12.984;278;2;0;0
12.99;286;2;0;0
12.996;294;2;0;0
13.002;294;2;0;0
13.008;301;2;0;0
13.014;309;2;0;0
13.02;309;2;0;0
13.026;309;2;0;0
13.032;316;2;0;0
13.038;316;2;0;0
13.044;316;2;0;0
13.05;316;2;0;0
13.056;316;2;0;0
13.062;316;2;0;0
13.068;316;2;0;0
13.074;316;2;0;0
13.08;309;3;0;0
13.086;309;3;0;0
13.092;309;3;0;0
13.098;301;3;0;0
13.104;301;3;0;0
13.11;294;3;0;0
13.116;294;3;0;0
13.122;286;3;0;0
13.128;286;4;0;0
13.134;278;4;0;0
13.14;271;4;0;0
13.146;263;3;0;0
13.152;263;4;0;0
13.158;256;4;0;0
13.164;248;7;0;0
13.17;241;7;0;0
13.176;233;7;0;0
13.182;225;7;0;0
13.188;218;7;0;0
13.194;210;7;0;0
13.2;202;8;0;0
13.206;195;3;0;0
13.212;187;4;0;0
13.218;171;7;0;0
13.224;164;7;0;0
13.23;156;7;0;0
13.236;140;8;0;0
13.242;117;7;0;0
13.248;101;8;0;0
13.254;86;7;0;0
13.257;78;8;0;0
13.263;62;8;0;0
13.266;47;15;0;0
13.272;39;15;0;0
13.278;15;11;0;0
13.284;-7;11;0;0
13.29;-31;11;0;0
13.296;-62;11;0;0
13.302;-78;15;0;0
13.308;-109;11;0;0
13.314;-140;11;0;0
13.32;-171;15;0;0
13.326;-202;15;0;0
13.332;-233;15;0;0
13.338;-263;18;0;0
13.344;-294;14;0;0
13.35;-331;17;0;0
13.356;-368;17;0;0
13.362;-404;14;0;0
13.368;-439;17;0;0
13.374;-481;20;0;0
13.38;-522;20;0;0
13.386;-562;19;0;0
13.392;-600;18;0;0
13.398;-631;18;0;0
13.404;-673;17;0;0
13.41;-712;19;0;0
13.416;-750;18;0;0
13.422;-790;19;0;0
13.428;-822;15;0;0
13.434;-856;16;0;0
13.44;-887;13;0;0
13.446;-914;15;0;0
13.452;-940;11;0;0
13.458;-962;11;0;0
13.464;-979;9;0;0
13.47;-992;6;0;0
13.476;-998;3;0;0
13.482;-999;1;0;0
13.488;-996;1;0;0
13.494;-987;1;0;0
13.5;-972;1;0;0
13.506;-951;1;0;0
13.512;-920;1;0;0
13.518;-883;1;0;0
13.524;-840;1;0;0
13.53;-790;1;0;0
13.536;-728;1;0;0
13.542;-661;1;0;0
13.548;-587;1;0;0
13.554;-509;1;0;0
13.56;-425;1;0;0
13.566;-331;1;0;0
13.572;-248;1;0;0
13.578;-156;1;0;0
13.584;-62;1;0;0
13.59;23;1;0;0
13.596;125;1;0;0
13.602;225;1;0;0
13.608;323;1;0;0
13.614;411;1;0;0
13.62;495;1;0;0
13.626;568;1;0;0
13.632;637;1;0;0
13.638;707;1;0;0
13.644;765;1;0;0
13.65;818;1;0;0
13.656;864;1;0;0
13.662;904;1;0;0
13.668;935;1;0;0
13.674;960;1;0;0
13.68;979;1;0;0
13.686;992;1;0;0
13.692;998;1;0;0
13.698;999;1;0;0
13.704;994;1;0;0
13.71;985;3;0;0
13.716;972;6;0;0
13.722;953;7;0;0
13.728;929;10;0;0
13.734;904;11;0;0
13.74;880;13;0;0
13.746;852;13;0;0
13.752;818;14;0;0
13.758;785;15;0;0
13.764;750;19;0;0
13.77;707;20;0;0
13.776;673;16;0;0
13.782;637;17;0;0
13.788;600;18;0;0
13.794;555;21;0;0
13.8;515;22;0;0
13.806;467;20;0;0
13.812;425;20;0;0
13.818;382;20;0;0
13.824;346;21;0;0
13.83;309;14;0;0
13.836;263;22;0;0
13.842;218;22;0;0
13.848;179;18;0;0
13.854;140;19;0;0
13.86;101;23;0;0
13.866;54;19;0;0
13.872;15;23;0;0
13.878;-23;18;0;0
13.884;-62;15;0;0
13.89;-94;19;0;0
13.896;-140;19;0;0
13.902;-179;22;0;0
13.908;-218;18;0;0
13.914;-256;18;0;0
13.92;-294;14;0;0
13.926;-331;21;0;0
13.932;-368;14;0;0
13.938;-411;21;0;0
13.944;-439;16;0;0
13.95;-474;16;0;0
13.956;-509;13;0;0
13.962;-542;16;0;0
13.968;-575;18;0;0
13.974;-612;15;0;0
13.98;-649;17;0;0
13.986;-673;14;0;0
13.992;-707;13;0;0
13.998;-734;13;0;0
14.004;-760;13;0;0
14.01;-780;12;0;0
14.016;-818;14;0;0
14.022;-844;14;0;0
14.028;-868;12;0;0
14.034;-883;9;0;0
14.04;-901;8;0;0
14.046;-923;7;0;0
14.052;-940;10;0;0
14.058;-955;8;0;0
14.064;-968;5;0;0
14.07;-977;4;0;0
14.076;-987;5;0;0
14.082;-993;3;0;0
14.088;-998;1;0;0
14.094;-999;1;0;0
14.1;-999;1;0;0
14.106;-996;1;0;0
14.112;-991;1;0;0
14.118;-985;1;0;0
14.124;-974;1;0;0
14.13;-962;1;0;0
14.136;-946;1;0;0
14.142;-926;1;0;0
14.148;-908;1;0;0
14.154;-883;1;0;0
14.16;-860;1;0;0
14.166;-831;1;0;0
14.172;-799;1;0;0
14.178;-765;1;0;0
14.184;-728;1;0;0
14.19;-695;1;0;0
14.196;-661;1;0;0
14.202;-625;1;0;0
14.208;-581;1;0;0
14.214;-542;1;0;0
14.22;-495;1;0;0
14.226;-460;1;0;0
14.232;-418;1;0;0
14.238;-382;1;0;0
14.244;-338;1;0;0
14.25;-301;1;0;0
14.256;-263;1;0;0
14.262;-225;1;0;0
14.268;-187;1;0;0
14.274;-156;1;0;0
14.28;-125;1;0;0
14.286;-94;1;0;0
14.292;-62;1;0;0
14.298;-31;1;0;0
14.304;0;1;0;0
14.307;15;1;0;0
14.31;31;1;0;0
14.316;47;1;0;0
14.319;62;1;0;0
14.325;78;1;0;0
14.328;86;1;0;0
14.334;101;1;0;0
14.34;117;1;0;0
14.346;125;1;0;0
14.352;140;1;0;0
14.358;140;1;0;0
14.364;148;1;0;0
14.37;148;1;0;0
14.376;148;1;0;0
14.382;140;3;0;0
14.385;140;3;0;0
14.391;140;3;0;0
14.397;125;3;0;0
14.403;117;7;0;0
14.409;101;4;0;0
14.415;86;7;0;0
14.418;78;8;0;0
14.424;62;8;0;0
14.427;47;15;0;0
14.433;31;15;0;0
14.439;15;15;0;0
14.445;-15;7;0;0
14.451;-39;15;0;0
14.457;-62;11;0;0
14.463;-86;11;0;0
14.469;-109;15;0;0
14.475;-140;11;0;0
14.481;-171;11;0;0
14.487;-202;15;0;0
14.493;-225;15;0;0
14.499;-256;14;0;0
14.505;-286;14;0;0
14.511;-323;15;0;0
14.517;-353;14;0;0
14.523;-382;14;0;0
14.529;-411;14;0;0
14.535;-439;16;0;0
14.541;-474;16;0;0
14.547;-502;13;0;0
14.553;-535;13;0;0
14.559;-562;16;0;0
14.565;-594;15;0;0
14.571;-625;12;0;0
14.577;-649;14;0;0
14.583;-678;14;0;0
14.589;-707;13;0;0
14.595;-739;13;0;0
14.601;-760;10;0;0
14.607;-780;12;0;0
14.613;-804;11;0;0
14.619;-822;9;0;0
14.625;-844;8;0;0
14.631;-860;10;0;0
14.637;-880;7;0;0
14.643;-894;9;0;0
14.649;-911;6;0;0
14.655;-923;7;0;0
14.661;-935;5;0;0
14.667;-946;6;0;0
14.673;-958;4;0;0
14.679;-966;4;0;0
14.685;-974;3;0;0
14.691;-982;3;0;0
14.697;-987;2;0;0
14.703;-992;2;0;0
14.709;-996;1;0;0
14.715;-998;1;0;0
14.721;-999;1;0;0
14.727;-999;1;0;0
14.733;-998;1;0;0
14.739;-996;1;0;0
14.745;-993;1;0;0
14.751;-987;1;0;0
14.757;-982;1;0;0
14.763;-975;1;0;0
14.769;-966;1;0;0
14.775;-955;1;0;0
14.781;-946;1;0;0
14.787;-929;1;0;0
14.793;-914;1;0;0
14.799;-898;1;0;0
14.805;-883;1;0;0
14.811;-864;1;0;0
14.817;-844;1;0;0
14.823;-827;1;0;0
14.829;-804;1;0;0
14.835;-785;1;0;0
14.841;-760;1;0;0
14.847;-739;1;0;0
14.853;-718;1;0;0
14.859;-690;1;0;0
14.865;-661;1;0;0
14.871;-631;1;0;0
14.877;-606;1;0;0
14.883;-575;1;0;0
14.889;-549;1;0;0
14.895;-515;1;0;0
14.901;-488;1;0;0
14.907;-453;1;0;0
14.913;-425;1;0;0
14.919;-389;1;0;0
14.925;-353;1;0;0
14.931;-323;1;0;0
14.937;-286;1;0;0
14.943;-248;1;0;0
14.949;-210;1;0;0
14.955;-171;1;0;0
14.961;-133;1;0;0
14.967;-94;1;0;0
14.973;-54;1;0;0
14.979;-15;1;0;0
14.985;39;1;0;0
14.988;62;1;0;0
14.994;101;1;0;0
15.0;140;1;0;0
15.006;187;1;0;0
15.012;241;1;0;0
15.018;286;1;0;0
15.024;331;1;0;0
15.03;375;1;0;0
15.036;425;1;0;0
15.042;474;1;0;0
15.048;522;1;0;0
15.054;562;1;0;0
15.06;600;1;0;0
15.066;643;1;0;0
15.072;684;1;0;0
15.078;728;1;0;0
15.084;770;1;0;0
15.09;804;1;0;0
15.096;840;1;0;0
15.102;868;1;0;0
15.108;901;1;0;0
15.114;926;1;0;0
15.12;951;1;0;0
15.126;968;1;0;0
15.132;983;1;0;0
15.138;993;1;0;0
15.144;999;1;0;0
15.15;999;1;0;0
15.156;993;1;0;0
15.162;983;4;0;0
15.168;968;7;0;0
15.174;946;8;0;0
15.18;917;12;0;0
15.186;883;15;0;0
15.192;844;20;0;0
15.198;799;21;0;0
15.204;750;23;0;0
15.21;695;23;0;0
15.216;631;30;0;0
15.222;568;33;0;0
15.228;495;31;0;0
15.234;425;37;0;0
15.24;353;34;0;0
15.246;271;39;0;0
15.252;187;37;0;0
15.258;109;41;0;0
15.264;23;41;0;0
15.27;-47;34;0;0
15.276;-133;41;0;0
15.282;-218;37;0;0
15.288;-294;40;0;0
15.294;-360;32;0;0
15.3;-425;31;0;0
15.306;-495;37;0;0
15.312;-562;32;0;0
15.318;-625;27;0;0
15.324;-678;26;0;0
15.33;-728;27;0;0
15.336;-780;22;0;0
15.342;-822;21;0;0
15.348;-860;20;0;0
15.354;-891;14;0;0
15.36;-917;13;0;0
15.366;-935;8;0;0
15.372;-955;9;0;0
15.378;-968;7;0;0
15.384;-979;5;0;0
15.39;-987;4;0;0
15.396;-993;3;0;0
15.402;-998;1;0;0
15.408;-999;1;0;0
15.414;-999;1;0;0
15.42;-998;1;0;0
15.426;-996;1;0;0
15.432;-992;1;0;0
15.438;-986;1;0;0
15.444;-982;1;0;0
15.45;-975;1;0;0
15.456;-970;1;0;0
15.462;-964;1;0;0
15.468;-955;1;0;0
15.474;-951;1;0;0
15.48;-946;1;0;0
15.486;-938;1;0;0
15.492;-932;1;0;0
15.498;-926;1;0;0
15.504;-923;1;0;0
15.51;-920;1;0;0
15.516;-917;1;0;0
15.522;-914;1;0;0
15.528;-914;1;0;0
15.534;-914;1;0;0
15.54;-914;1;0;0
15.546;-914;1;0;0
15.552;-914;1;0;0
15.558;-917;1;0;0
15.564;-920;1;0;0
15.57;-920;1;0;0
15.576;-923;1;0;0
15.582;-926;1;0;0
15.588;-932;2;0;0
15.594;-935;2;0;0
15.6;-943;2;0;0
15.606;-948;2;0;0
15.612;-955;3;0;0
15.618;-962;3;0;0
15.624;-966;1;0;0
15.63;-972;1;0;0
15.636;-975;2;0;0
15.642;-982;2;0;0
15.648;-986;2;0;0
15.654;-991;2;0;0
15.66;-993;1;0;0
15.666;-996;1;0;0
15.672;-998;1;0;0
15.678;-999;1;0;0
15.684;-999;1;0;0
15.69;-998;1;0;0
15.696;-994;1;0;0
15.702;-990;1;0;0
15.708;-983;1;0;0
15.714;-974;1;0;0
15.72;-964;1;0;0
15.726;-948;1;0;0
15.732;-932;1;0;0
15.738;-914;1;0;0
15.744;-894;1;0;0
15.75;-868;1;0;0
15.756;-840;1;0;0
15.762;-804;1;0;0
15.768;-765;1;0;0
15.774;-723;1;0;0
15.78;-678;1;0;0
15.786;-631;1;0;0
15.792;-575;1;0;0
15.798;-522;1;0;0
15.804;-467;1;0;0
15.81;-404;1;0;0
15.816;-346;1;0;0
15.822;-278;1;0;0
15.828;-218;1;0;0
15.834;-148;1;0;0
15.84;-86;1;0;0
15.846;-15;1;0;0
15.852;47;1;0;0
15.855;94;1;0;0
15.861;156;1;0;0
15.867;225;1;0;0
15.873;294;1;0;0
15.879;353;1;0;0
15.885;418;1;0;0
15.891;481;1;0;0
15.897;535;1;0;0
15.903;587;1;0;0
15.909;643;1;0;0
15.915;690;1;0;0
15.921;734;1;0;0
15.927;775;1;0;0
15.933;809;1;0;0
15.939;840;1;0;0
15.945;868;1;0;0
15.951;898;1;0;0
15.957;920;1;0;0
15.963;938;1;0;0
15.969;955;1;0;0
15.975;968;1;0;0
15.981;979;1;0;0
15.987;987;1;0;0
15.993;993;1;0;0
15.999;998;1;0;0
16.005;999;1;0;0
16.011;999;1;0;0
16.017;998;1;0;0
16.023;995;1;0;0
16.029;992;1;0;0
16.035;987;2;0;0
16.041;982;2;0;0
16.047;975;2;0;0
16.053;968;3;0;0
16.059;960;3;0;0
16.065;951;3;0;0
16.071;946;4;0;0
16.077;935;3;0;0
16.083;929;2;0;0
16.089;923;4;0;0
16.095;914;2;0;0
16.101;904;2;0;0
16.107;898;6;0;0
16.113;891;1;0;0
16.119;883;3;0;0
16.125;880;2;0;0
16.131;872;3;0;0
16.137;868;3;0;0
16.143;864;1;0;0
16.149;860;1;0;0
16.155;856;1;0;0
16.161;852;2;0;0
16.167;848;2;0;0
16.173;848;2;0;0
16.179;844;1;0;0
16.185;844;1;0;0
16.191;844;1;0;0
16.197;844;1;0;0
16.203;844;1;0;0
16.209;844;1;0;0
16.215;844;1;0;0
16.221;844;1;0;0
16.227;848;1;0;0
16.233;852;1;0;0
16.239;852;1;0;0
16.245;856;1;0;0
16.251;860;1;0;0
16.257;864;1;0;0
16.263;868;1;0;0
16.269;876;1;0;0
16.275;880;1;0;0
16.281;883;1;0;0
16.287;891;1;0;0
16.293;898;1;0;0
16.299;908;1;0;0
16.305;914;1;0;0
16.311;923;1;0;0
16.317;932;1;0;0
16.323;938;1;0;0
16.329;946;1;0;0
16.335;953;1;0;0
16.341;960;1;0;0
16.347;968;1;0;0
16.353;975;1;0;0
16.359;982;1;0;0
16.365;987;1;0;0
16.371;993;1;0;0
16.377;996;1;0;0
16.383;998;1;0;0
16.389;1000;1;0;0
16.395;999;1;0;0
16.401;996;1;0;0
16.407;992;2;0;0
16.413;985;2;0;0
16.419;974;3;0;0
16.425;960;7;0;0
16.431;946;6;0;0
16.437;923;9;0;0
16.443;901;10;0;0
16.449;876;13;0;0
16.455;848;13;0;0
16.461;818;14;0;0
16.467;780;18;0;0
16.473;739;17;0;0
16.479;695;21;0;0
16.485;649;24;0;0
16.491;594;26;0;0
16.497;535;27;0;0
16.503;467;26;0;0
16.509;411;34;0;0
16.515;338;31;0;0
16.521;271;32;0;0
16.527;202;33;0;0
16.533;125;37;0;0
16.539;54;34;0;0
16.545;-15;38;0;0
16.551;-94;38;0;0
16.557;-171;34;0;0
16.563;-248;37;0;0
16.569;-323;36;0;0
16.575;-389;32;0;0
16.581;-453;30;0;0
16.587;-522;34;0;0
16.593;-587;31;0;0
16.599;-649;27;0;0
16.605;-701;28;0;0
16.611;-755;26;0;0
16.617;-799;24;0;0
16.623;-844;19;0;0
16.629;-880;17;0;0
16.635;-908;14;0;0
16.641;-932;12;0;0
16.647;-953;12;0;0
16.653;-972;8;0;0
16.659;-985;6;0;0
16.665;-992;4;0;0
16.671;-997;2;0;0
16.677;-999;1;0;0
16.683;-999;1;0;0
16.689;-995;1;0;0
16.695;-990;1;0;0
16.701;-982;1;0;0
16.707;-972;1;0;0
16.713;-960;1;0;0
16.719;-946;1;0;0
16.725;-935;1;0;0
16.731;-917;1;0;0
16.737;-898;1;0;0
16.743;-876;1;0;0
16.749;-860;1;0;0
16.755;-844;1;0;0
16.761;-827;1;0;0
16.767;-809;1;0;0
16.773;-785;1;0;0
16.779;-765;1;0;0
16.785;-739;1;0;0
16.791;-718;1;0;0
16.797;-701;1;0;0
16.803;-684;1;0;0
16.809;-661;1;0;0
16.815;-643;1;0;0
16.821;-625;1;0;0
16.827;-600;1;0;0
16.833;-587;1;0;0
16.839;-575;1;0;0
16.845;-549;1;0;0
16.851;-535;1;0;0
16.857;-515;1;0;0
16.863;-495;1;0;0
16.869;-481;1;0;0
16.875;-467;1;0;0
16.881;-460;1;0;0
16.887;-453;1;0;0
16.893;-439;1;0;0
16.899;-439;1;0;0
16.905;-425;1;0;0
16.911;-411;1;0;0
16.917;-397;1;0;0
16.923;-389;1;0;0
16.929;-382;1;0;0
16.935;-382;1;0;0
16.941;-375;1;0;0
16.947;-368;1;0;0
16.953;-360;1;0;0
16.959;-360;1;0;0
16.965;-360;1;0;0
16.971;-353;1;0;0
16.977;-353;1;0;0
16.983;-360;3;0;0
16.989;-360;3;0;0
16.995;-360;3;0;0
17.001;-368;3;0;0
17.007;-375;3;0;0
17.013;-382;3;0;0
17.019;-382;3;0;0
17.025;-389;3;0;0
17.031;-404;3;0;0
17.037;-411;6;0;0
17.043;-418;3;0;0
17.049;-432;6;0;0
17.055;-446;3;0;0
17.061;-460;6;0;0
17.067;-474;6;0;0
17.073;-488;6;0;0
17.079;-502;6;0;0
17.085;-522;9;0;0
17.091;-542;9;0;0
17.097;-562;9;0;0
17.103;-581;9;0;0
17.109;-600;9;0;0
17.115;-619;8;0;0
17.121;-637;9;0;0
17.127;-661;11;0;0
17.133;-684;11;0;0
17.139;-712;14;0;0
17.145;-734;10;0;0
17.151;-755;10;0;0
17.157;-780;9;0;0
17.163;-804;11;0;0
17.169;-835;15;0;0
17.175;-860;12;0;0
17.181;-880;9;0;0
17.187;-898;9;0;0
17.193;-917;9;0;0
17.199;-935;8;0;0
17.205;-955;10;0;0
17.211;-972;8;0;0
17.217;-985;5;0;0
17.223;-992;4;0;0
17.229;-997;2;0;0
17.235;-999;1;0;0
17.241;-998;1;0;0
17.247;-991;1;0;0
17.253;-979;1;0;0
17.259;-964;1;0;0
17.265;-943;1;0;0
17.271;-917;1;0;0
17.277;-883;1;0;0
17.283;-840;1;0;0
17.289;-794;1;0;0
17.295;-739;1;0;0
17.301;-678;1;0;0
17.307;-612;1;0;0
17.313;-535;1;0;0
17.319;-460;1;0;0
17.325;-382;1;0;0
17.331;-294;1;0;0
17.337;-210;1;0;0
17.343;-125;1;0;0
17.349;-31;1;0;0
17.355;62;1;0;0
17.361;156;1;0;0
17.367;248;1;0;0
17.373;338;1;0;0
17.379;425;1;0;0
17.385;502;1;0;0
17.391;575;1;0;0
17.397;649;1;0;0
17.403;718;1;0;0
17.409;780;1;0;0
17.415;831;1;0;0
17.421;876;1;0;0
17.427;911;1;0;0
17.433;940;1;0;0
17.439;964;1;0;0
17.445;983;1;0;0
17.451;994;1;0;0
17.457;999;1;0;0
17.463;998;1;0;0
17.469;990;2;0;0
17.475;977;5;0;0
17.481;960;7;0;0
17.487;940;9;0;0
17.493;911;11;0;0
17.499;883;14;0;0
17.505;848;16;0;0
17.511;813;16;0;0
17.517;780;18;0;0
17.523;739;17;0;0
17.529;701;21;0;0
17.535;661;19;0;0
17.541;612;23;0;0
17.547;568;21;0;0
17.553;522;22;0;0
17.559;474;22;0;0
17.565;425;23;0;0
17.571;382;24;0;0
17.577;331;21;0;0
17.583;278;25;0;0
17.589;233;22;0;0
17.595;179;25;0;0
17.601;133;26;0;0
17.607;78;22;0;0
17.613;31;23;0;0
17.619;-15;23;0;0
17.625;-62;23;0;0
17.631;-109;26;0;0
17.637;-164;22;0;0
17.643;-202;22;0;0
17.649;-256;22;0;0
17.655;-301;21;0;0
17.661;-346;21;0;0
17.667;-389;24;0;0
17.673;-439;20;0;0
17.679;-481;20;0;0
17.685;-522;20;0;0
17.691;-568;19;0;0
17.697;-612;24;0;0
17.703;-649;17;0;0
17.709;-690;19;0;0
17.715;-728;19;0;0
17.721;-765;17;0;0
17.727;-804;18;0;0
17.733;-840;17;0;0
17.739;-872;16;0;0
17.745;-901;14;0;0
17.751;-926;12;0;0
17.757;-948;11;0;0
17.763;-968;9;0;0
17.769;-983;8;0;0
17.775;-993;5;0;0
17.781;-998;3;0;0
17.787;-999;3;0;0
17.793;-995;3;0;0
17.799;-985;3;0;0
17.805;-970;3;0;0
17.811;-946;3;0;0
17.817;-920;3;0;0
17.823;-883;3;0;0
17.829;-844;3;0;0
17.835;-794;3;0;0
17.841;-739;3;0;0
17.847;-673;3;0;0
17.853;-606;3;0;0
17.859;-535;3;0;0
17.865;-453;3;0;0
17.871;-375;3;0;0
17.877;-294;3;0;0
17.883;-202;3;0;0
17.889;-117;3;0;0
17.895;-31;3;0;0
17.901;62;3;0;0
17.907;156;3;0;0
17.913;241;3;0;0
17.919;323;3;0;0
17.925;411;3;0;0
17.931;488;3;0;0
17.937;555;3;0;0
17.943;625;3;0;0
17.949;690;3;0;0
17.955;750;3;0;0
17.961;799;3;0;0
17.967;844;3;0;0
17.973;883;3;0;0
17.979;917;3;0;0
17.985;943;3;0;0
17.991;964;3;0;0
17.997;979;3;0;0
18.003;992;3;0;0
18.009;998;3;0;0
18.015;999;3;0;0
18.021;996;3;0;0
18.027;990;2;0;0
18.033;980;3;0;0
18.039;968;6;0;0
18.045;955;5;0;0
18.051;935;8;0;0
18.057;917;9;0;0
18.063;894;10;0;0
18.069;872;10;0;0
18.075;852;11;0;0
18.081;827;10;0;0
18.087;799;12;0;0
18.093;775;14;0;0
18.099;750;12;0;0
18.105;723;13;0;0
18.111;701;10;0;0
18.117;673;11;0;0
18.123;649;11;0;0
18.129;625;14;0;0
18.135;600;12;0;0
18.141;575;9;0;0
18.147;549;12;0;0
18.153;535;9;0;0
18.159;515;9;0;0
18.165;495;9;0;0
18.171;481;6;0;0
18.177;467;10;0;0
18.183;453;6;0;0
18.189;439;6;0;0
18.195;425;3;0;0
18.201;418;6;0;0
18.207;411;3;0;0
18.213;404;3;0;0
18.219;404;3;0;0
18.225;397;3;0;0
18.231;404;3;0;0
18.237;404;3;0;0
18.243;411;3;0;0
18.249;418;3;0;0
18.255;425;3;0;0
18.261;439;3;0;0
18.267;453;3;0;0
18.273;467;3;0;0
18.279;488;3;0;0
18.285;509;3;0;0
18.291;529;3;0;0
18.297;555;3;0;0
18.303;575;3;0;0
18.309;600;3;0;0
18.315;625;3;0;0
18.321;661;3;0;0
18.327;684;3;0;0
18.333;712;3;0;0
18.339;739;3;0;0
18.345;765;3;0;0
18.351;790;3;0;0
18.357;818;3;0;0
18.363;848;3;0;0
18.369;868;3;0;0
18.375;894;3;0;0
18.381;914;3;0;0
18.387;935;3;0;0
18.393;955;3;0;0
18.399;970;3;0;0
18.405;983;3;0;0
18.411;993;3;0;0
18.417;998;3;0;0
18.423;999;3;0;0
18.429;996;3;0;0
18.435;987;3;0;0
18.441;972;5;0;0
18.447;951;9;0;0
18.453;923;12;0;0
18.459;891;16;0;0
18.465;848;20;0;0
18.471;799;20;0;0
18.477;744;25;0;0
18.483;684;28;0;0
18.489;619;34;0;0
18.495;542;33;0;0
18.501;453;42;0;0
18.507;368;41;0;0
18.513;271;46;0;0
18.519;171;48;0;0
18.525;78;45;0;0
18.531;-15;46;0;0
18.537;-109;45;0;0
18.543;-210;48;0;0
18.549;-301;47;0;0
18.555;-389;39;0;0
18.561;-467;38;0;0
18.567;-549;39;0;0
18.573;-625;37;0;0
18.579;-695;37;0;0
18.585;-765;31;0;0
18.591;-822;31;0;0
18.597;-868;22;0;0
18.603;-908;20;0;0
18.609;-938;14;0;0
18.615;-962;12;0;0
18.621;-980;9;0;0
18.627;-993;7;0;0
18.633;-999;3;0;0
18.639;-999;3;0;0
18.645;-994;3;0;0
18.651;-985;3;0;0
18.657;-972;3;0;0
18.663;-951;3;0;0
18.669;-926;3;0;0
18.675;-898;3;0;0
18.681;-868;3;0;0
18.687;-840;3;0;0
18.693;-809;3;0;0
18.699;-775;3;0;0
18.705;-739;3;0;0
18.711;-695;3;0;0
18.717;-661;3;0;0
18.723;-619;3;0;0
18.729;-575;3;0;0
18.735;-535;3;0;0
18.741;-495;3;0;0
18.747;-446;3;0;0
18.753;-411;3;0;0
18.759;-368;3;0;0
18.765;-323;3;0;0
18.771;-286;3;0;0
18.777;-241;3;0;0
18.783;-195;3;0;0
18.789;-148;3;0;0
18.795;-109;3;0;0
18.801;-62;3;0;0
18.807;-15;3;0;0
18.813;23;3;0;0
18.816;47;3;0;0
18.822;86;3;0;0
18.825;109;3;0;0
18.831;156;3;0;0
18.837;202;3;0;0
18.843;241;3;0;0
18.849;294;3;0;0
18.855;338;3;0;0
18.861;382;3;0;0
18.867;425;3;0;0
18.873;467;3;0;0
18.879;509;3;0;0
18.885;549;3;0;0
18.891;594;3;0;0
18.897;631;3;0;0
18.903;673;3;0;0
18.909;707;3;0;0
18.915;744;3;0;0
18.921;780;3;0;0
18.927;818;3;0;0
18.933;848;3;0;0
18.939;876;3;0;0
18.945;901;3;0;0
18.951;926;3;0;0
18.957;948;3;0;0
18.963;966;3;0;0
18.969;982;3;0;0
18.975;993;3;0;0
18.981;998;3;0;0
18.987;999;3;0;0
18.993;995;1;0;0
18.999;985;3;0;0
19.005;970;7;0;0
19.011;948;9;0;0
19.017;920;12;0;0
19.023;883;15;0;0
19.029;844;20;0;0
19.035;794;20;0;0
19.041;744;25;0;0
19.047;684;25;0;0
19.053;625;31;0;0
19.059;549;33;0;0
19.065;474;38;0;0
19.071;397;37;0;0
19.077;309;42;0;0
19.083;218;40;0;0
19.089;133;44;0;0
19.095;47;38;0;0
19.101;-39;42;0;0
19.107;-117;42;0;0
19.113;-202;37;0;0
19.119;-286;44;0;0
19.125;-360;36;0;0
19.131;-432;35;0;0
19.137;-495;30;0;0
19.143;-562;32;0;0
19.149;-625;30;0;0
19.155;-684;29;0;0
19.161;-739;24;0;0
19.167;-780;25;0;0
19.173;-822;20;0;0
19.179;-860;16;0;0
19.185;-891;16;0;0
19.191;-917;13;0;0
19.197;-940;11;0;0
19.203;-960;8;0;0
19.209;-972;7;0;0
19.215;-983;5;0;0
19.221;-990;4;0;0
19.227;-996;2;0;0
19.233;-999;2;0;0
19.239;-999;2;0;0
19.245;-998;2;0;0
19.251;-996;2;0;0
19.257;-993;2;0;0
19.263;-987;2;0;0
19.269;-980;2;0;0
19.275;-974;2;0;0
19.281;-964;2;0;0
19.287;-958;2;0;0
19.293;-951;2;0;0
19.299;-946;2;0;0
19.305;-938;2;0;0
19.311;-932;2;0;0
19.317;-923;2;0;0
19.323;-917;2;0;0
19.329;-911;2;0;0
19.335;-904;2;0;0
19.341;-898;2;0;0
19.347;-898;2;0;0
19.353;-898;2;0;0
19.359;-898;2;0;0
19.365;-898;2;0;0
19.371;-898;2;0;0
19.377;-898;2;0;0
19.383;-898;2;0;0
19.389;-904;1;0;0
19.395;-911;3;0;0
19.401;-914;1;0;0
19.407;-920;2;0;0
19.413;-923;2;0;0
19.419;-929;2;0;0
19.425;-935;2;0;0
19.431;-946;3;0;0
19.437;-955;3;0;0
19.443;-962;4;0;0
19.449;-968;1;0;0
19.455;-972;3;0;0
19.461;-979;2;0;0
19.467;-986;3;0;0
19.473;-991;2;0;0
19.479;-994;1;0;0
19.485;-997;1;0;0
19.491;-999;1;0;0
19.497;-999;1;0;0
19.503;-998;1;0;0
19.509;-995;1;0;0
19.515;-991;1;0;0
19.521;-985;1;0;0
19.527;-975;1;0;0
19.533;-964;1;0;0
19.539;-948;1;0;0
19.545;-932;1;0;0
19.551;-911;1;0;0
19.557;-891;1;0;0
19.563;-860;1;0;0
19.569;-831;1;0;0
19.575;-794;1;0;0
19.581;-755;1;0;0
19.587;-718;1;0;0
19.593;-673;1;0;0
19.599;-619;1;0;0
19.605;-562;1;0;0
19.611;-502;1;0;0
19.617;-439;1;0;0
19.623;-389;1;0;0
19.629;-331;1;0;0
19.635;-263;1;0;0
19.641;-202;1;0;0
19.647;-133;1;0;0
19.653;-62;1;0;0
19.659;0;1;0;0
19.662;47;1;0;0
19.665;86;1;0;0
19.671;140;1;0;0
19.677;210;1;0;0
19.683;278;1;0;0
19.689;338;1;0;0
19.695;397;1;0;0
19.701;460;1;0;0
19.707;515;1;0;0
19.713;568;1;0;0
19.719;619;1;0;0
19.725;667;1;0;0
19.731;712;1;0;0
19.737;755;1;0;0
19.743;790;1;0;0
19.749;827;1;0;0
19.755;852;1;0;0
19.761;883;1;0;0
19.767;904;1;0;0
19.773;923;1;0;0
19.779;940;1;0;0
19.785;955;1;0;0
19.791;968;1;0;0
19.797;977;1;0;0
19.803;985;1;0;0
19.809;991;1;0;0
19.815;994;1;0;0
19.821;997;1;0;0
19.827;999;1;0;0
19.833;999;1;0;0
19.839;999;1;0;0
19.845;999;1;0;0
19.851;998;1;0;0
19.857;996;1;0;0
19.863;995;1;0;0
19.869;993;1;0;0
19.875;993;1;0;0
19.881;992;1;0;0
19.887;991;1;0;0
19.893;990;1;0;0
19.899;990;1;0;0
19.905;990;1;0;0
19.911;990;1;0;0
19.917;992;1;0;0
19.923;992;1;0;0
19.929;993;1;0;0
19.935;993;1;0;0
19.941;995;1;0;0
19.947;996;1;0;0
19.953;998;1;0;0
19.959;998;1;0;0
19.965;999;1;0;0
19.971;1000;1;0;0
19.977;999;1;0;0
19.983;998;1;0;0
19.989;996;1;0;0
19.995;994;1;0;0
20.001;991;1;0;0
20.007;986;1;0;0
20.013;980;2;0;0
20.019;974;3;0;0
20.025;964;3;0;0
20.031;955;4;0;0
20.037;940;5;0;0
20.043;926;6;0;0
20.049;908;8;0;0
20.055;887;7;0;0
20.061;868;12;0;0
20.067;844;9;0;0
20.073;818;12;0;0
20.079;790;13;0;0
20.085;760;14;0;0
20.091;723;15;0;0
20.097;684;21;0;0
20.103;643;19;0;0
20.109;600;21;0;0
20.115;555;18;0;0
20.121;509;25;0;0
20.127;460;23;0;0
20.133;411;23;0;0
20.139;353;27;0;0
20.145;294;28;0;0
20.151;233;25;0;0
20.157;171;29;0;0
20.163;117;30;0;0
20.169;62;26;0;0
20.175;7;27;0;0
20.178;-31;27;0;0
20.184;-70;27;0;0
20.19;-125;38;0;0
20.196;-171;22;0;0
20.202;-225;22;0;0
20.208;-271;26;0;0
20.214;-309;18;0;0
20.22;-346;21;0;0
20.226;-382;17;0;0
20.232;-418;17;0;0
20.238;-453;13;0;0
20.244;-488;16;0;0
20.25;-515;17;0;0
20.256;-542;12;0;0
20.262;-575;13;0;0
20.268;-600;12;0;0
20.274;-625;12;0;0
20.28;-649;12;0;0
20.286;-667;11;0;0
20.292;-684;8;0;0
20.298;-701;8;0;0
20.304;-718;11;0;0
20.31;-734;4;0;0
20.316;-744;5;0;0
20.322;-755;5;0;0
20.328;-760;4;0;0
20.334;-770;4;0;0
20.34;-780;4;0;0
20.346;-790;2;0;0
20.352;-794;4;0;0
20.358;-799;2;0;0
20.364;-799;2;0;0
20.37;-799;2;0;0
20.376;-799;2;0;0
20.382;-799;2;0;0
20.388;-799;2;0;0
20.394;-799;2;0;0
20.4;-799;2;0;0
20.406;-794;2;0;0
20.412;-790;2;0;0
20.418;-785;2;0;0
20.424;-780;2;0;0
20.43;-770;2;0;0
20.436;-760;2;0;0
20.442;-744;2;0;0
20.448;-734;2;0;0
20.454;-718;2;0;0
20.46;-707;2;0;0
20.466;-695;2;0;0
20.472;-673;2;0;0
20.478;-655;2;0;0
20.484;-631;2;0;0
20.49;-612;2;0;0
20.496;-587;2;0;0
20.502;-568;2;0;0
20.508;-542;2;0;0
20.514;-522;2;0;0
20.52;-495;2;0;0
20.526;-460;2;0;0
20.532;-425;2;0;0
20.538;-397;2;0;0
20.544;-368;2;0;0
20.55;-331;2;0;0
20.556;-301;2;0;0
20.562;-271;2;0;0
20.568;-233;2;0;0
20.574;-202;2;0;0
20.58;-164;2;0;0
20.586;-125;2;0;0
20.592;-86;2;0;0
20.598;-47;2;0;0
20.604;-7;2;0;0
20.607;15;2;0;0
20.613;47;2;0;0
20.616;78;2;0;0
20.622;109;2;0;0
20.628;148;2;0;0
20.634;187;2;0;0
20.64;218;2;0;0
20.646;256;2;0;0
20.652;294;2;0;0
20.658;323;2;0;0
20.664;353;2;0;0
20.67;382;2;0;0
20.676;411;2;0;0
20.682;439;2;0;0
20.688;474;2;0;0
20.694;502;2;0;0
20.7;529;2;0;0
20.706;555;2;0;0
20.712;581;2;0;0
20.718;606;2;0;0
20.724;625;2;0;0
20.73;649;2;0;0
20.736;673;2;0;0
20.742;684;2;0;0
20.748;695;2;0;0
20.754;712;2;0;0
20.76;723;2;0;0
20.766;734;2;0;0
20.772;744;2;0;0
20.778;755;2;0;0
20.784;760;2;0;0
20.79;770;2;0;0
20.796;775;2;0;0
20.802;780;2;0;0
20.808;785;2;0;0
20.814;790;2;0;0
20.82;790;2;0;0
20.826;790;2;0;0
20.832;790;2;0;0
20.838;790;2;0;0
20.844;790;2;0;0
20.85;790;2;0;0
20.856;785;2;0;0
20.862;780;2;0;0
20.868;775;2;0;0
20.874;770;4;0;0
20.88;760;2;0;0
20.886;755;4;0;0
20.892;744;5;0;0
20.898;734;2;0;0
20.904;723;7;0;0
20.91;707;5;0;0
20.916;695;5;0;0
20.922;684;8;0;0
20.928;667;5;0;0
20.934;649;8;0;0
20.94;631;8;0;0
20.946;612;5;0;0
20.952;600;12;0;0
20.958;575;9;0;0
20.964;549;9;0;0
20.97;529;13;0;0
20.976;502;12;0;0
20.982;474;13;0;0
20.988;446;13;0;0
20.994;418;13;0;0
21.0;389;13;0;0
21.006;360;14;0;0
21.012;331;14;0;0
21.018;301;14;0;0
21.024;263;15;0;0
21.03;233;14;0;0
21.036;202;18;0;0
21.042;164;19;0;0
21.048;125;15;0;0
21.054;94;19;0;0
21.06;54;15;0;0
21.066;23;19;0;0
21.072;-15;15;0;0
21.078;-47;15;0;0
21.084;-78;19;0;0
21.09;-117;19;0;0
21.096;-156;15;0;0
21.102;-187;15;0;0
21.108;-218;19;0;0
21.114;-248;15;0;0
21.12;-278;14;0;0
21.126;-301;11;0;0
21.132;-323;14;0;0
21.138;-353;11;0;0
21.144;-368;10;0;0
21.15;-389;6;0;0
21.156;-411;10;0;0
21.162;-425;10;0;0
21.168;-446;6;0;0
21.174;-460;6;0;0
21.18;-474;6;0;0
21.186;-488;6;0;0
21.192;-495;6;0;0
21.198;-509;6;0;0
21.204;-522;6;0;0
21.21;-535;3;0;0
21.216;-542;6;0;0
21.222;-549;3;0;0
21.228;-549;3;0;0
21.234;-549;3;0;0
21.24;-549;3;0;0
21.246;-549;3;0;0
21.252;-555;2;0;0
21.258;-549;2;0;0
21.264;-549;2;0;0
21.27;-549;2;0;0
21.276;-549;2;0;0
21.282;-542;2;0;0
21.288;-535;2;0;0
21.294;-529;2;0;0
21.3;-522;2;0;0
21.306;-515;2;0;0
21.312;-502;2;0;0
21.318;-495;2;0;0
21.324;-481;2;0;0
21.33;-467;2;0;0
21.336;-460;2;0;0
21.342;-446;2;0;0
21.348;-439;2;0;0
21.354;-418;2;0;0
21.36;-404;2;0;0
21.366;-389;2;0;0
21.372;-375;2;0;0
21.378;-360;2;0;0
21.384;-338;2;0;0
21.39;-323;2;0;0
21.396;-301;2;0;0
21.402;-286;2;0;0
21.408;-263;2;0;0
21.414;-248;2;0;0
21.42;-233;2;0;0
21.426;-202;2;0;0
21.432;-187;2;0;0
21.438;-164;2;0;0
21.444;-140;2;0;0
21.45;-117;2;0;0
21.456;-94;2;0;0
21.462;-78;2;0;0
21.468;-47;2;0;0
21.474;-31;2;0;0
21.48;0;2;0;0
21.483;15;2;0;0
21.486;31;2;0;0
21.492;47;2;0;0
21.495;62;2;0;0
21.501;78;2;0;0
21.504;94;2;0;0
21.51;109;2;0;0
21.516;133;2;0;0
21.522;148;2;0;0
21.528;171;2;0;0
21.534;195;2;0;0
21.54;210;2;0;0
21.546;233;2;0;0
21.552;256;2;0;0
21.558;271;2;0;0
21.564;294;2;0;0
21.57;309;2;0;0
21.576;323;2;0;0
21.582;338;2;0;0
21.588;353;2;0;0
21.594;368;2;0;0
21.6;382;2;0;0
21.606;397;2;0;0
21.612;411;2;0;0
21.618;418;2;0;0
21.624;432;2;0;0
21.63;439;2;0;0
21.636;453;2;0;0
21.642;460;2;0;0
21.648;467;2;0;0
21.654;474;2;0;0
21.66;481;2;0;0
21.666;481;2;0;0
21.672;488;2;0;0
21.678;495;2;0;0
21.684;495;2;0;0
21.69;495;2;0;0
21.696;495;2;0;0
21.702;495;2;0;0
21.708;495;2;0;0
21.714;495;2;0;0
21.72;495;2;0;0
21.726;495;2;0;0
21.732;488;3;0;0
21.738;481;3;0;0
21.744;474;3;0;0
21.75;467;6;0;0
21.756;467;6;0;0
21.762;453;3;0;0
21.768;446;3;0;0
21.774;439;6;0;0
21.78;432;6;0;0
21.786;418;7;0;0
21.792;411;6;0;0
21.798;397;3;0;0
21.804;382;7;0;0
21.81;375;3;0;0
21.816;353;10;0;0
21.822;346;6;0;0
21.828;323;7;0;0
21.834;316;4;0;0
21.84;301;11;0;0
21.846;286;3;0;0
21.852;263;11;0;0
21.858;248;7;0;0
21.864;233;11;0;0
21.87;210;7;0;0
21.876;195;8;0;0
21.882;171;11;0;0
21.888;156;11;0;0
21.894;133;7;0;0
21.9;109;11;0;0
21.906;94;7;0;0
21.909;78;11;0;0
21.915;62;11;0;0
21.921;47;15;0;0
21.927;23;7;0;0
21.93;15;8;0;0
21.936;-7;8;0;0
21.939;-15;15;0;0
21.945;-39;15;0;0
21.951;-54;15;0;0
21.957;-78;11;0;0
21.963;-94;7;0;0
21.969;-117;11;0;0
21.975;-140;11;0;0
21.981;-156;7;0;0
21.987;-171;11;0;0
21.993;-195;7;0;0
21.999;-210;7;0;0
22.005;-233;11;0;0
22.011;-248;7;0;0
22.017;-263;7;0;0
22.023;-271;7;0;0
22.029;-294;7;0;0
22.035;-301;3;0;0
22.041;-316;7;0;0
22.047;-323;6;0;0
22.053;-331;6;0;0
22.059;-338;7;0;0
22.065;-353;3;0;0
22.071;-353;3;0;0
22.077;-360;3;0;0
22.083;-368;3;0;0
22.089;-375;3;0;0
22.095;-375;3;0;0
22.101;-375;3;0;0
22.107;-375;3;0;0
22.113;-375;3;0;0
22.119;-375;3;0;0
22.125;-375;3;0;0
22.131;-375;3;0;0
22.137;-375;3;0;0
22.143;-368;3;0;0
22.149;-360;3;0;0
22.155;-353;3;0;0
22.161;-353;3;0;0
22.167;-346;3;0;0
22.173;-338;3;0;0
22.179;-323;3;0;0
22.185;-323;3;0;0
22.191;-309;3;0;0
22.197;-301;3;0;0
22.203;-294;3;0;0
22.209;-286;3;0;0
22.215;-271;3;0;0
22.221;-263;3;0;0
22.227;-248;3;0;0
22.233;-233;3;0;0
22.239;-225;3;0;0
22.245;-210;3;0;0
22.251;-202;3;0;0
22.257;-187;3;0;0
22.263;-171;3;0;0
22.269;-156;3;0;0
22.275;-140;3;0;0
22.281;-125;3;0;0
22.287;-109;3;0;0
22.293;-94;3;0;0
22.299;-78;3;0;0
22.305;-62;3;0;0
22.311;-47;3;0;0
22.317;-31;3;0;0
22.323;-15;3;0;0
22.329;7;3;0;0
22.332;15;3;0;0
22.338;31;3;0;0
22.341;39;3;0;0
22.347;47;3;0;0
22.35;62;3;0;0
22.356;70;3;0;0
22.359;78;3;0;0
22.365;94;3;0;0
22.368;101;3;0;0
22.374;109;3;0;0
22.38;125;3;0;0
22.386;140;3;0;0
22.392;156;3;0;0
22.398;171;3;0;0
22.404;187;3;0;0
22.41;195;3;0;0
22.413;202;3;0;0
22.419;218;3;0;0
22.425;225;3;0;0
22.431;233;3;0;0
22.437;248;3;0;0
22.443;263;3;0;0
22.449;263;3;0;0
22.455;278;3;0;0
22.461;286;3;0;0
22.467;294;3;0;0
22.473;301;3;0;0
22.479;309;3;0;0
22.485;323;3;0;0
22.491;323;3;0;0
22.497;331;3;0;0
22.503;338;3;0;0
22.509;346;3;0;0
22.515;353;3;0;0
22.521;353;3;0;0
22.527;353;3;0;0
22.533;360;3;0;0
22.539;360;3;0;0
22.545;360;3;0;0
22.551;360;3;0;0
22.557;368;3;0;0
22.563;360;3;0;0
22.569;360;3;0;0
22.575;360;3;0;0
22.581;360;3;0;0
22.587;353;3;0;0
22.593;353;3;0;0
22.599;353;3;0;0
22.605;353;3;0;0
22.611;346;3;0;0
22.617;338;3;0;0
22.623;331;3;0;0
22.629;323;3;0;0
22.635;323;4;0;0
22.641;316;3;0;0
22.647;309;3;0;0
22.653;294;4;0;0
22.659;286;3;0;0
22.665;278;7;0;0
22.671;271;3;0;0
22.677;263;4;0;0
22.683;248;7;0;0
22.689;233;3;0;0
22.692;233;4;0;0
22.698;218;4;0;0
22.704;210;11;0;0
22.71;195;3;0;0
22.716;187;7;0;0
22.722;171;7;0;0
22.728;156;3;0;0
22.734;140;8;0;0
22.74;133;7;0;0
22.746;117;8;0;0
22.749;109;4;0;0
22.755;94;4;0;0
22.758;86;11;0;0
22.764;78;11;0;0
22.77;62;11;0;0
22.776;47;7;0;0
22.779;39;4;0;0
22.785;23;4;0;0
22.788;15;12;0;0
22.794;0;12;0;0
22.797;-7;11;0;0
22.803;-15;8;0;0
22.809;-31;16;0;0
22.815;-47;16;0;0
22.821;-54;7;0;0
22.827;-70;16;0;0
22.833;-86;16;0;0
22.839;-109;23;0;0
22.845;-125;16;0;0
22.851;-140;15;0;0
22.857;-148;8;0;0
22.863;-156;8;0;0
22.869;-171;15;0;0
22.875;-171;15;0;0
22.881;-179;8;0;0
22.887;-187;8;0;0
22.893;-202;15;0;0
22.899;-210;8;0;0
22.905;-225;15;0;0
22.911;-233;8;0;0
22.917;-248;15;0;0
22.923;-256;8;0;0
22.929;-263;7;0;0
22.935;-271;8;0;0
22.941;-278;7;0;0
22.947;-286;8;0;0
22.953;-294;8;0;0
22.959;-294;8;0;0
22.965;-301;7;0;0
22.971;-301;7;0;0
22.977;-301;7;0;0
22.983;-309;8;0;0
22.989;-309;8;0;0
22.995;-309;8;0;0
23.001;-309;8;0;0
23.007;-316;7;0;0
23.013;-316;7;0;0
23.019;-316;7;0;0
23.025;-316;7;0;0
23.031;-316;7;0;0
23.037;-316;7;0;0
23.043;-316;7;0;0
23.049;-309;7;0;0
23.055;-309;7;0;0
23.061;-301;7;0;0
23.067;-301;7;0;0
23.073;-294;7;0;0
23.079;-294;7;0;0
23.085;-286;7;0;0
23.091;-278;7;0;0
23.097;-271;7;0;0
23.103;-263;7;0;0
23.109;-263;7;0;0
23.115;-248;7;0;0
23.121;-241;7;0;0
23.127;-233;7;0;0
23.133;-225;7;0;0
23.139;-218;7;0;0
23.145;-202;7;0;0
23.151;-202;7;0;0
23.157;-187;7;0;0
23.163;-171;7;0;0
23.169;-164;7;0;0
23.175;-156;7;0;0
23.181;-140;7;0;0
23.187;-133;7;0;0
23.193;-117;7;0;0
23.199;-109;7;0;0
23.205;-101;7;0;0
23.211;-86;7;0;0
23.214;-78;7;0;0
23.22;-62;7;0;0
23.226;-47;7;0;0
23.229;-47;7;0;0
23.235;-31;7;0;0
23.241;-15;7;0;0
23.244;-15;7;0;0
23.25;0;7;0;0
23.253;7;7;0;0
23.256;15;7;0;0
23.262;23;7;0;0
23.265;31;7;0;0
23.271;39;7;0;0
23.274;47;7;0;0
23.28;62;7;0;0
23.283;70;7;0;0
23.289;78;7;0;0
23.292;86;7;0;0
23.298;101;7;0;0
23.304;109;7;0;0
23.31;125;7;0;0
23.316;133;7;0;0
23.322;140;7;0;0
23.328;148;7;0;0
23.334;164;7;0;0
23.34;171;7;0;0
23.346;179;7;0;0
23.352;187;7;0;0
23.358;202;7;0;0
23.364;210;7;0;0
23.37;218;7;0;0
23.376;225;7;0;0
23.382;233;7;0;0
23.388;241;7;0;0
23.394;248;7;0;0
23.397;248;7;0;0
23.403;256;7;0;0
23.409;263;7;0;0
23.415;263;7;0;0
23.421;271;7;0;0
23.427;271;7;0;0
23.433;278;7;0;0
23.439;278;7;0;0
23.445;278;7;0;0
23.451;286;7;0;0
23.457;286;7;0;0
23.463;294;7;0;0
23.469;294;7;0;0
23.475;294;7;0;0
23.481;294;7;0;0
23.487;294;7;0;0
23.493;294;7;0;0
23.499;294;7;0;0
23.505;294;7;0;0
23.511;294;7;0;0
23.517;286;4;0;0
23.523;278;4;0;0
23.529;278;3;0;0
23.535;271;3;0;0
23.541;271;3;0;0
23.547;263;4;0;0
23.553;263;4;0;0
23.559;256;3;0;0
23.565;248;4;0;0
23.571;241;3;0;0
23.577;233;3;0;0
23.583;225;3;0;0
23.589;218;4;0;0
23.595;210;3;0;0
23.601;202;8;0;0
23.607;195;3;0;0
23.613;187;4;0;0
23.619;171;4;0;0
23.625;164;4;0;0
23.631;156;7;0;0
23.637;140;4;0;0
23.64;140;4;0;0
23.646;133;4;0;0
23.652;117;7;0;0
23.658;109;8;0;0
23.664;94;3;0;0
23.667;94;3;0;0
23.673;78;3;0;0
23.676;78;8;0;0
23.682;62;8;0;0
23.685;54;12;0;0
23.691;47;12;0;0
23.697;39;7;0;0
23.7;31;4;0;0
23.706;15;4;0;0
23.709;15;8;0;0
23.715;0;8;0;0
23.718;-7;11;0;0
23.724;-15;8;0;0
23.73;-23;8;0;0
23.736;-31;8;0;0
23.742;-47;16;0;0
23.748;-54;7;0;0
23.754;-70;16;0;0
23.76;-78;8;0;0
23.766;-94;16;0;0
23.772;-109;15;0;0
23.778;-117;8;0;0
23.784;-125;8;0;0
23.79;-140;15;0;0
23.796;-140;15;0;0
23.802;-148;8;0;0
23.808;-156;8;0;0
23.814;-164;8;0;0
23.82;-171;7;0;0
23.826;-171;7;0;0
23.832;-179;8;0;0
23.838;-187;8;0;0
23.844;-202;15;0;0
23.85;-202;15;0;0
23.856;-210;8;0;0
23.862;-218;8;0;0
23.868;-225;7;0;0
23.874;-233;8;0;0
23.88;-233;8;0;0
23.886;-233;8;0;0
23.892;-241;8;0;0
23.898;-241;8;0;0
23.904;-241;8;0;0
23.91;-248;7;0;0
23.916;-248;7;0;0
23.922;-248;7;0;0
23.928;-248;7;0;0
23.934;-248;7;0;0
23.94;-248;7;0;0
23.946;-248;7;0;0
23.952;-248;7;0;0
23.958;-248;7;0;0
23.964;-248;7;0;0
23.97;-241;7;0;0
23.976;-241;7;0;0
23.982;-233;7;0;0
23.988;-233;7;0;0
23.994;-233;7;0;0
24.0;-225;7;0;0
24.006;-225;7;0;0
24.012;-218;7;0;0
24.018;-210;7;0;0
24.024;-202;7;0;0
24.03;-202;7;0;0
24.036;-195;7;0;0
24.042;-187;7;0;0
24.048;-179;7;0;0
24.054;-171;7;0;0
24.06;-164;7;0;0
24.066;-156;7;0;0
24.072;-148;7;0;0
24.078;-140;7;0;0
24.084;-140;7;0;0
24.09;-125;7;0;0
24.096;-117;7;0;0
24.102;-109;7;0;0
24.108;-101;7;0;0
24.114;-94;7;0;0
24.117;-86;7;0;0
24.123;-78;7;0;0
24.129;-70;7;0;0
24.132;-62;7;0;0
24.138;-47;7;0;0
24.141;-47;7;0;0
24.147;-31;7;0;0
24.153;-23;7;0;0
24.159;-15;7;0;0
24.165;-7;7;0;0
24.168;0;7;0;0
24.171;0;7;0;0
24.174;7;7;0;0
24.177;15;7;0;0
24.183;15;7;0;0
24.186;23;7;0;0
24.192;31;7;0;0
24.195;39;7;0;0
24.201;47;7;0;0
24.204;54;7;0;0
24.21;62;7;0;0
24.213;70;7;0;0
24.219;78;7;0;0
24.222;78;7;0;0
24.228;94;7;0;0
24.231;94;7;0;0
24.237;101;7;0;0
24.243;109;7;0;0
24.246;109;7;0;0
24.252;117;7;0;0
24.258;125;7;0;0
24.264;140;7;0;0
24.267;140;7;0;0
24.273;140;7;0;0
24.279;156;7;0;0
24.282;156;7;0;0
24.288;164;7;0;0
24.294;171;7;0;0
24.3;171;7;0;0
24.306;179;7;0;0
24.312;187;7;0;0
24.318;195;7;0;0
24.324;195;7;0;0
24.33;202;7;0;0
24.336;202;7;0;0
24.342;202;7;0;0
24.348;210;7;0;0
24.354;210;7;0;0
24.36;218;7;0;0
24.366;218;7;0;0
24.372;218;7;0;0
24.378;218;7;0;0
24.384;218;7;0;0
24.39;218;7;0;0
24.396;225;7;0;0
24.402;225;7;0;0
24.408;225;7;0;0
24.414;218;3;0;0
24.42;218;3;0;0
24.426;218;3;0;0
24.432;218;3;0;0
24.438;218;3;0;0
24.444;218;3;0;0
24.45;218;3;0;0
24.456;210;3;0;0
24.462;202;3;0;0
24.468;202;3;0;0
24.474;202;3;0;0
24.48;195;3;0;0
24.486;187;4;0;0
24.492;179;4;0;0
24.498;179;4;0;0
24.504;171;4;0;0
24.507;171;4;0;0
24.513;164;4;0;0
24.519;156;7;0;0
24.525;148;4;0;0
24.531;140;3;0;0
24.537;140;3;0;0
24.543;125;3;0;0
24.549;125;4;0;0
24.552;117;4;0;0
24.558;109;4;0;0
24.561;109;4;0;0
24.567;101;4;0;0
24.573;94;7;0;0
24.576;86;4;0;0
24.582;78;4;0;0
24.585;78;4;0;0
24.591;62;4;0;0
24.594;62;8;0;0
24.6;54;8;0;0
24.603;47;7;0;0
24.609;39;7;0;0
24.612;31;8;0;0
24.618;23;8;0;0
24.621;15;8;0;0
24.627;15;8;0;0
24.63;7;4;0;0
24.636;0;4;0;0
24.639;-7;7;0;0
24.642;-7;7;0;0
24.648;-15;5;0;0
24.651;-15;5;0;0
24.657;-23;5;0;0
24.66;-31;8;0;0
24.666;-39;8;0;0
24.672;-47;8;0;0
24.675;-47;8;0;0
24.681;-54;8;0;0
24.687;-62;7;0;0
24.693;-78;4;0;0
24.699;-78;4;0;0
24.705;-86;4;0;0
24.711;-101;4;0;0
24.717;-109;7;0;0
24.723;-109;7;0;0
24.729;-117;3;0;0
24.735;-125;3;0;0
24.741;-133;3;0;0
24.747;-140;3;0;0
24.753;-140;3;0;0
24.759;-140;3;0;0
24.765;-148;3;0;0
24.771;-148;3;0;0
24.777;-148;3;0;0
24.783;-156;3;0;0
24.789;-156;3;0;0
24.795;-164;3;0;0
24.801;-164;3;0;0
24.807;-171;3;0;0
24.813;-171;3;0;0
24.819;-171;3;0;0
24.825;-171;3;0;0
24.831;-171;3;0;0
24.837;-171;3;0;0
24.843;-179;3;0;0
24.849;-179;3;0;0
24.855;-179;3;0;0
24.861;-179;3;0;0
24.867;-179;3;0;0
24.873;-179;3;0;0
24.879;-171;3;0;0
24.885;-171;3;0;0
24.891;-171;3;0;0
24.897;-171;3;0;0
24.903;-171;3;0;0
24.909;-171;3;0;0
24.915;-164;3;0;0
24.921;-164;3;0;0
24.927;-156;3;0;0
24.933;-156;3;0;0
24.939;-148;3;0;0
24.945;-140;3;0;0
24.951;-140;3;0;0
24.957;-140;3;0;0
24.963;-133;3;0;0
24.969;-133;3;0;0
24.975;-125;3;0;0
24.981;-117;3;0;0
24.987;-109;3;0;0
24.993;-109;3;0;0
24.999;-101;3;0;0
25.005;-94;3;0;0
25.011;-86;3;0;0
25.017;-78;3;0;0
25.023;-78;3;0;0
25.029;-70;3;0;0
25.035;-62;3;0;0
25.041;-54;3;0;0
25.047;-47;3;0;0
25.053;-47;3;0;0
25.059;-31;3;0;0
25.065;-31;3;0;0
25.071;-15;3;0;0
25.077;-15;3;0;0
25.083;-15;3;0;0
25.089;-7;3;0;0
25.092;0;3;0;0
25.095;0;3;0;0
25.098;7;3;0;0
25.101;7;3;0;0
25.104;15;3;0;0
25.11;15;3;0;0
25.113;23;3;0;0
25.119;23;3;0;0
25.122;31;3;0;0
25.128;39;3;0;0
25.131;47;3;0;0
25.137;47;3;0;0
25.14;47;3;0;0
25.146;54;3;0;0
25.149;62;3;0;0
25.155;62;3;0;0
25.158;70;3;0;0
25.164;78;3;0;0
25.167;78;3;0;0
25.173;78;3;0;0
25.176;86;3;0;0
25.182;86;3;0;0
25.185;94;3;0;0
25.191;94;3;0;0
25.194;101;3;0;0
25.2;101;3;0;0
25.206;109;3;0;0
25.212;109;3;0;0
25.218;109;3;0;0
25.224;117;3;0;0
25.23;125;3;0;0
25.236;125;3;0;0
25.239;125;3;0;0
25.245;133;3;0;0
25.251;133;3;0;0
25.257;140;3;0;0
25.26;140;3;0;0
25.266;140;3;0;0
25.269;140;3;0;0
25.275;140;3;0;0
25.278;140;3;0;0
25.284;140;3;0;0
25.287;140;3;0;0
25.293;140;3;0;0
25.296;140;3;0;0
25.302;140;3;0;0
25.308;140;3;0;0
25.314;148;3;0;0
25.317;148;3;0;0
25.323;148;3;0;0
25.329;148;3;0;0
25.335;148;3;0;0
25.341;148;3;0;0
25.347;140;4;0;0
25.353;140;4;0;0
25.356;140;4;0;0
25.362;140;4;0;0
25.368;140;4;0;0
25.371;140;4;0;0
25.377;140;4;0;0
25.38;140;4;0;0
25.386;140;4;0;0
25.392;133;4;0;0
25.398;133;3;0;0
25.404;125;3;0;0
25.41;125;3;0;0
25.416;125;3;0;0
25.422;117;4;0;0
25.428;109;4;0;0
25.434;109;4;0;0
25.44;109;4;0;0
25.446;101;4;0;0
25.452;94;4;0;0
25.455;94;3;0;0
25.461;94;3;0;0
25.464;86;4;0;0
25.47;78;4;0;0
25.473;78;4;0;0
25.479;78;4;0;0
25.482;78;4;0;0
25.488;70;4;0;0
25.491;62;8;0;0
25.497;62;8;0;0
25.5;54;4;0;0
25.506;47;4;0;0
25.509;47;3;0;0
25.515;47;3;0;0
25.518;39;4;0;0
25.524;31;4;0;0
25.527;31;4;0;0
25.533;23;4;0;0
25.536;15;8;0;0
25.542;15;8;0;0
25.545;15;8;0;0
25.551;7;8;0;0
25.554;7;4;0;0
25.56;0;7;0;0
25.563;0;7;0;0
25.566;-7;4;0;0
25.569;-7;4;0;0
25.575;-15;5;0;0
25.581;-15;5;0;0
25.587;-15;5;0;0
25.593;-23;4;0;0
25.599;-31;4;0;0
25.605;-31;4;0;0
25.611;-39;4;0;0
25.617;-47;4;0;0
25.62;-47;4;0;0
25.626;-47;4;0;0
25.629;-47;4;0;0
25.635;-54;4;0;0
25.641;-54;3;0;0
25.647;-62;4;0;0
25.653;-62;4;0;0
25.659;-70;4;0;0
25.665;-78;4;0;0
25.668;-78;4;0;0
25.674;-78;4;0;0
25.68;-78;4;0;0
25.686;-86;4;0;0
25.689;-86;4;0;0
25.695;-94;4;0;0
25.701;-94;4;0;0
25.707;-101;3;0;0
25.713;-101;3;0;0
25.719;-101;3;0;0
25.725;-109;3;0;0
25.731;-109;3;0;0
25.737;-109;3;0;0
25.743;-109;3;0;0
25.749;-109;3;0;0
25.755;-109;3;0;0
25.761;-109;3;0;0
25.767;-109;3;0;0
25.773;-109;3;0;0
25.779;-109;3;0;0
25.785;-109;3;0;0
25.791;-109;3;0;0
25.797;-101;3;0;0
25.803;-101;3;0;0
25.809;-101;3;0;0
25.815;-101;3;0;0
25.821;-101;3;0;0
25.827;-94;3;0;0
25.833;-94;3;0;0
25.839;-94;3;0;0
25.845;-86;3;0;0
25.851;-86;3;0;0
25.857;-78;3;0;0
25.863;-78;3;0;0
25.869;-78;3;0;0
25.875;-78;3;0;0
25.881;-78;3;0;0
25.887;-78;3;0;0
25.893;-70;3;0;0
25.899;-70;3;0;0
25.905;-62;3;0;0
25.911;-62;3;0;0
25.917;-62;3;0;0
25.923;-54;3;0;0
25.929;-54;3;0;0
25.935;-47;3;0;0
25.941;-47;3;0;0
25.947;-47;3;0;0
25.953;-47;3;0;0
25.959;-47;3;0;0
25.962;-39;3;0;0
25.968;-39;3;0;0
25.974;-31;3;0;0
25.98;-31;3;0;0
25.986;-31;3;0;0
25.992;-31;3;0;0
25.998;-23;3;0;0
26.001;-23;3;0;0
26.007;-15;3;0;0
26.013;-15;3;0;0
26.019;-15;3;0;0
26.025;-15;3;0;0
26.031;-7;3;0;0
26.034;-7;3;0;0
26.04;-7;3;0;0
26.046;0;3;0;0
26.049;0;3;0;0
26.052;0;3;0;0
26.055;0;3;0;0
26.058;7;3;0;0
26.061;7;3;0;0
26.064;7;3;0;0
26.07;15;3;0;0
26.073;15;3;0;0
26.079;15;3;0;0
26.082;15;3;0;0
26.088;15;3;0;0
26.091;15;3;0;0
26.097;23;3;0;0
26.1;23;3;0;0
26.106;23;3;0;0
26.109;23;3;0;0
26.115;31;3;0;0
26.118;31;3;0;0
26.124;31;3;0;0
26.127;31;3;0;0
26.133;39;3;0;0
26.136;39;3;0;0
26.142;39;3;0;0
26.145;47;3;0;0
26.151;47;3;0;0
26.154;47;3;0;0
26.16;47;3;0;0
26.163;47;3;0;0
26.169;47;3;0;0
26.172;47;3;0;0
26.178;47;3;0;0
26.181;54;3;0;0
26.187;54;3;0;0
26.19;54;3;0;0
26.196;54;3;0;0
26.199;54;3;0;0
26.205;62;3;0;0
26.208;62;3;0;0
26.214;62;3;0;0
26.217;62;3;0;0
26.223;62;3;0;0
26.226;62;3;0;0
26.232;62;3;0;0
26.235;62;3;0;0
26.241;62;3;0;0
26.244;62;3;0;0
26.25;62;3;0;0
26.253;62;3;0;0
26.259;62;3;0;0
26.262;62;3;0;0
26.268;62;3;0;0
26.271;62;3;0;0
26.277;62;3;0;0
26.28;62;3;0;0
26.286;62;3;0;0
26.289;62;3;0;0
26.295;62;3;0;0
26.298;62;3;0;0
26.304;62;3;0;0
26.307;62;3;0;0
26.313;62;3;0;0
26.316;62;3;0;0
26.322;62;3;0;0
26.325;62;3;0;0
26.331;62;3;0;0
26.334;62;3;0;0
26.34;62;3;0;0
26.343;62;3;0;0
26.349;62;3;0;0
26.352;54;4;0;0
26.358;54;4;0;0
26.361;54;4;0;0
26.367;54;4;0;0
26.37;54;4;0;0
26.376;47;4;0;0
26.379;47;3;0;0
26.385;47;3;0;0
26.388;47;3;0;0
26.394;47;3;0;0
26.397;47;3;0;0
26.403;47;3;0;0
26.406;47;3;0;0
26.412;39;3;0;0
26.415;39;4;0;0
26.421;39;4;0;0
26.424;31;4;0;0
26.43;31;4;0;0
26.433;31;4;0;0
26.439;31;4;0;0
26.442;31;4;0;0
26.448;23;4;0;0
26.451;23;4;0;0
26.457;23;4;0;0
26.46;23;4;0;0
26.466;15;4;0;0
26.469;15;4;0;0
26.475;15;4;0;0
26.478;15;4;0;0
26.484;15;4;0;0
26.487;15;4;0;0
26.493;15;4;0;0
26.496;7;4;0;0
26.502;7;4;0;0
26.505;7;4;0;0
26.508;7;4;0;0
26.514;0;4;0;0
26.517;0;4;0;0
26.52;0;4;0;0
26.523;0;4;0;0
26.526;0;4;0;0
26.529;0;4;0;0
26.532;0;4;0;0
26.535;-7;4;0;0
26.538;-7;4;0;0
26.544;-7;4;0;0
26.547;-7;4;0;0
26.553;-7;4;0;0
26.556;-15;4;0;0
26.562;-15;4;0;0
26.568;-15;4;0;0
26.574;-15;4;0;0
26.58;-15;4;0;0
26.583;-15;4;0;0
26.589;-15;4;0;0
26.595;-15;4;0;0
26.601;-15;4;0;0
26.604;-15;4;0;0
26.61;-15;4;0;0
26.616;-23;4;0;0
26.622;-23;4;0;0
26.625;-23;4;0;0
26.631;-23;4;0;0
26.634;-23;4;0;0
26.64;-23;4;0;0
26.643;-23;4;0;0
26.649;-23;4;0;0
26.652;-23;4;0;0
26.658;-23;4;0;0
26.661;-23;4;0;0
26.667;-23;4;0;0
26.67;-23;4;0;0
26.676;-23;4;0;0
26.682;-23;4;0;0
26.688;-23;4;0;0
26.694;-23;4;0;0
26.7;-23;4;0;0
26.703;-23;4;0;0
26.709;-23;4;0;0
26.715;-23;4;0;0
26.721;-23;4;0;0
26.727;-23;4;0;0
26.733;-23;4;0;0
26.739;-23;4;0;0
26.742;-23;4;0;0
26.748;-23;4;0;0
26.754;-23;4;0;0
26.76;-23;4;0;0
26.766;-23;4;0;0
26.772;-23;4;0;0
26.778;-23;4;0;0
26.784;-15;4;0;0
26.79;-15;4;0;0
26.796;-15;4;0;0
26.799;-15;4;0;0
26.805;-15;4;0;0
26.808;-15;4;0;0
26.814;-15;4;0;0
26.817;-15;4;0;0
26.823;-15;4;0;0
26.826;-15;4;0;0
26.832;-15;4;0;0
26.838;-15;4;0;0
26.844;-7;4;0;0
26.847;-7;4;0;0
26.853;-7;4;0;0
26.856;-7;4;0;0
26.862;-7;4;0;0
26.865;-7;4;0;0
26.871;-7;4;0;0
26.874;-7;4;0;0
26.88;0;4;0;0
26.883;0;4;0;0
26.886;0;4;0;0
26.889;0;4;0;0
26.892;0;4;0;0
26.895;0;4;0;0
26.898;0;4;0;0
26.901;0;4;0;0
26.904;0;4;0;0
26.907;0;4;0;0
26.91;0;4;0;0
26.913;7;4;0;0
26.916;7;4;0;0
26.919;7;4;0;0
26.925;7;4;0;0
26.928;7;4;0;0
26.931;7;4;0;0
26.937;7;4;0;0
26.94;15;4;0;0
26.946;15;4;0;0
26.949;15;4;0;0
26.955;15;4;0;0
26.958;15;4;0;0
26.964;15;4;0;0
26.967;15;4;0;0
26.973;15;4;0;0
26.976;15;4;0;0
26.982;15;4;0;0
26.985;15;4;0;0
26.991;15;4;0;0
26.994;15;4;0;0
27.0;15;4;0;0
27.003;15;4;0;0
27.009;15;4;0;0
27.012;15;4;0;0
27.018;15;4;0;0
27.021;23;4;0;0
27.027;23;4;0;0
27.03;23;4;0;0
27.036;23;4;0;0
27.039;23;4;0;0
27.045;23;4;0;0
27.048;23;4;0;0
27.054;23;4;0;0
27.057;23;4;0;0
27.063;23;4;0;0
27.066;23;4;0;0
27.072;23;4;0;0
27.075;23;4;0;0
27.081;23;4;0;0
27.084;23;4;0;0
27.09;23;4;0;0
27.093;23;4;0;0
27.099;23;4;0;0
27.102;23;4;0;0
27.108;23;4;0;0
27.111;23;4;0;0
27.117;23;4;0;0
27.12;23;4;0;0
27.126;23;4;0;0
27.129;23;4;0;0
27.135;23;4;0;0
27.138;23;4;0;0
27.144;23;4;0;0
27.147;23;4;0;0
27.153;23;4;0;0
27.156;23;4;0;0
27.162;23;4;0;0
27.165;23;4;0;0
27.171;23;4;0;0
27.174;23;4;0;0
27.18;23;4;0;0
27.183;23;4;0;0
27.189;23;4;0;0
27.192;23;4;0;0
27.198;23;4;0;0
27.201;23;4;0;0
27.207;23;4;0;0
27.21;23;4;0;0
27.216;23;4;0;0
27.219;23;4;0;0
27.225;23;4;0;0
27.228;23;4;0;0
27.234;23;4;0;0
27.237;23;4;0;0
27.243;15;4;0;0
27.246;15;4;0;0
27.252;15;4;0;0
27.255;15;4;0;0
27.261;15;4;0;0
27.264;15;4;0;0
27.27;15;4;0;0
27.273;15;4;0;0
27.279;15;4;0;0
27.282;15;4;0;0
27.288;15;4;0;0
27.291;15;4;0;0
27.297;15;4;0;0
27.3;15;4;0;0
27.306;15;4;0;0
27.309;15;4;0;0
27.315;15;4;0;0
27.318;15;4;0;0
27.324;15;4;0;0
27.327;15;4;0;0
27.333;7;4;0;0
27.336;7;4;0;0
27.342;7;4;0;0
27.345;7;4;0;0
27.348;7;4;0;0
27.354;7;4;0;0
27.357;7;4;0;0
27.36;7;4;0;0
27.366;7;4;0;0
27.369;7;4;0;0
27.372;7;4;0;0
27.378;7;4;0;0
27.381;0;3;0;0
27.384;0;3;0;0
27.387;0;3;0;0
27.39;0;3;0;0
27.393;0;3;0;0
27.396;0;3;0;0
27.399;0;3;0;0
27.402;0;3;0;0
27.405;0;3;0;0
27.408;0;3;0;0
27.411;0;3;0;0
27.414;0;3;0;0
27.417;0;3;0;0
27.42;0;3;0;0
27.423;0;3;0;0
27.426;0;3;0;0
27.429;0;3;0;0
27.432;0;3;0;0
27.435;0;3;0;0
27.438;0;3;0;0
27.441;0;3;0;0
27.444;0;3;0;0
27.447;0;3;0;0
27.45;0;3;0;0
27.453;0;3;0;0
27.456;0;3;0;0
27.459;0;3;0;0
27.462;0;3;0;0
27.465;0;3;0;0
27.468;0;3;0;0
27.471;0;3;0;0
27.474;0;3;0;0
27.477;0;3;0;0
27.48;0;3;0;0
27.483;0;3;0;0
27.486;0;3;0;0
27.489;0;3;0;0
27.492;0;3;0;0
27.495;0;3;0;0
27.498;0;3;0;0
27.501;0;3;0;0
27.504;0;3;0;0
27.507;0;3;0;0
27.51;0;3;0;0
27.513;0;3;0;0
27.516;0;3;0;0
27.519;0;3;0;0
27.522;0;3;0;0
27.525;0;3;0;0
27.528;0;3;0;0
27.531;0;3;0;0
27.534;0;3;0;0
27.537;0;3;0;0
27.54;0;3;0;0
27.543;0;3;0;0
27.546;0;3;0;0
27.549;0;3;0;0
27.552;0;3;0;0
27.555;0;3;0;0
27.558;0;3;0;0
27.561;0;3;0;0
27.564;0;3;0;0
27.567;0;3;0;0
27.57;0;3;0;0
27.573;0;3;0;0
27.576;0;3;0;0
27.579;0;3;0;0
27.582;0;3;0;0
27.585;0;3;0;0
27.588;0;3;0;0
27.591;0;3;0;0
27.594;0;3;0;0
27.597;0;3;0;0
27.6;0;3;0;0
27.603;0;3;0;0
27.606;0;3;0;0
27.609;0;3;0;0
27.612;0;3;0;0
27.615;0;3;0;0
27.618;0;3;0;0
27.621;0;3;0;0
27.624;0;3;0;0
27.627;0;3;0;0
27.63;0;3;0;0
27.633;0;3;0;0
27.636;0;3;0;0
27.639;0;3;0;0
27.642;0;3;0;0
27.645;0;3;0;0
27.648;0;3;0;0
27.651;0;3;0;0
27.654;0;3;0;0
27.657;0;3;0;0
27.66;0;3;0;0
27.663;0;3;0;0
27.666;0;3;0;0
27.669;0;3;0;0
27.672;0;3;0;0
27.675;0;3;0;0
27.678;0;3;0;0
27.681;0;3;0;0
27.684;0;3;0;0
27.687;0;3;0;0
27.69;0;3;0;0
27.693;0;3;0;0
27.696;0;3;0;0
27.699;0;3;0;0
27.702;0;3;0;0
27.705;0;3;0;0
27.708;0;3;0;0
27.711;0;3;0;0
27.714;0;3;0;0
27.717;0;3;0;0
27.72;0;3;0;0
27.723;0;3;0;0
27.726;0;3;0;0
27.729;0;3;0;0
27.732;0;3;0;0
27.735;0;3;0;0
27.738;0;3;0;0
27.741;0;3;0;0
27.744;0;3;0;0
27.747;0;3;0;0
27.75;0;3;0;0
27.753;0;3;0;0
27.756;0;3;0;0
27.759;7;3;0;0
27.762;7;3;0;0
27.765;7;3;0;0
27.771;7;3;0;0
27.774;7;3;0;0
27.777;7;3;0;0
27.783;7;3;0;0
27.786;7;3;0;0
27.789;7;3;0;0
27.795;7;3;0;0
27.798;7;3;0;0
27.801;7;3;0;0
27.807;7;3;0;0
27.81;7;3;0;0
27.813;7;3;0;0
27.819;7;3;0;0
27.822;7;3;0;0
27.825;7;3;0;0
27.831;7;3;0;0
27.834;7;3;0;0
27.837;7;3;0;0
27.843;7;3;0;0
27.846;7;3;0;0
27.849;7;3;0;0
27.855;7;3;0;0
27.858;7;3;0;0
27.861;7;3;0;0
27.867;7;3;0;0
27.87;7;3;0;0
27.873;7;3;0;0
27.879;7;3;0;0
27.882;7;3;0;0
27.885;7;3;0;0
27.891;7;3;0;0
27.894;7;3;0;0
27.897;7;3;0;0
27.903;7;3;0;0
27.906;7;3;0;0
27.909;7;3;0;0
27.915;7;3;0;0
27.918;7;3;0;0
27.921;7;3;0;0
27.927;7;3;0;0
27.93;7;3;0;0
27.933;7;3;0;0
27.939;7;3;0;0
27.942;7;3;0;0
27.945;7;3;0;0
27.951;7;3;0;0
27.954;7;3;0;0
27.957;7;3;0;0
27.963;7;3;0;0
27.966;7;3;0;0
27.969;7;3;0;0
27.975;7;3;0;0
27.978;7;3;0;0
27.981;7;3;0;0
27.987;7;3;0;0
27.99;7;3;0;0
27.993;7;3;0;0
27.999;7;3;0;0
28.002;7;3;0;0
28.005;7;3;0;0
28.011;7;3;0;0
28.014;7;3;0;0
28.017;7;3;0;0
28.023;7;3;0;0
28.026;7;3;0;0
28.029;7;3;0;0
28.035;7;3;0;0
28.038;7;3;0;0
28.041;7;3;0;0
28.047;7;3;0;0
28.05;7;3;0;0
28.053;7;3;0;0
28.059;7;3;0;0
28.062;7;3;0;0
28.065;7;3;0;0
28.071;7;3;0;0
28.074;7;3;0;0
28.077;7;3;0;0
28.083;7;3;0;0
28.086;7;3;0;0
28.089;7;3;0;0
28.095;7;3;0;0
28.098;7;3;0;0
28.101;7;3;0;0
28.107;7;3;0;0
28.11;7;3;0;0
28.113;7;3;0;0
28.119;7;3;0;0
28.122;7;3;0;0
28.125;7;3;0;0
28.131;7;3;0;0
28.134;7;3;0;0
28.137;7;3;0;0
28.143;7;3;0;0
28.146;7;3;0;0
28.149;7;3;0;0
28.155;7;3;0;0
28.158;7;3;0;0
28.161;7;3;0;0
28.167;7;3;0;0
28.17;7;3;0;0
28.173;7;3;0;0
28.179;7;3;0;0
28.182;7;3;0;0
28.185;7;3;0;0
28.191;7;3;0;0
28.194;7;3;0;0
28.197;7;3;0;0
28.203;7;3;0;0
28.206;7;3;0;0
28.209;7;3;0;0
28.215;7;3;0;0
28.218;7;3;0;0
28.221;7;3;0;0
28.227;7;3;0;0
28.23;7;3;0;0
28.233;7;3;0;0
28.239;7;3;0;0
28.242;7;3;0;0
28.245;7;3;0;0
28.251;7;3;0;0
28.254;7;3;0;0
28.257;7;3;0;0
28.263;7;3;0;0
28.266;7;3;0;0
28.269;7;3;0;0
28.275;7;3;0;0
28.278;7;3;0;0
28.281;7;3;0;0
28.287;7;3;0;0
28.29;7;3;0;0
28.293;7;3;0;0
28.299;7;3;0;0
28.302;7;3;0;0
28.305;7;3;0;0
28.311;7;3;0;0
28.314;7;3;0;0
28.317;7;3;0;0
28.323;7;3;0;0
28.326;7;3;0;0
28.329;7;3;0;0
28.335;7;3;0;0
28.338;7;3;0;0
28.341;7;3;0;0
28.347;7;3;0;0
28.35;7;3;0;0
28.353;7;3;0;0
28.359;7;3;0;0
28.362;7;3;0;0
28.365;7;3;0;0
28.371;7;3;0;0
28.374;7;3;0;0
28.377;7;3;0;0
28.383;7;3;0;0
28.386;7;3;0;0
28.389;7;3;0;0
28.395;7;3;0;0
28.398;7;3;0;0
28.401;7;3;0;0
28.407;7;3;0;0
28.41;7;3;0;0
28.413;7;3;0;0
28.419;7;3;0;0
28.422;7;3;0;0
28.425;7;3;0;0
28.431;7;3;0;0
28.434;7;3;0;0
28.437;7;3;0;0
28.443;7;3;0;0
28.446;7;3;0;0
28.449;7;3;0;0
28.455;7;3;0;0
28.458;7;3;0;0
28.461;7;3;0;0
28.467;7;3;0;0
28.47;7;3;0;0
28.473;7;3;0;0
28.479;7;3;0;0
28.482;7;3;0;0
28.485;7;3;0;0
28.491;7;3;0;0
28.494;7;3;0;0
28.497;7;3;0;0
28.503;7;3;0;0
28.506;7;3;0;0
28.509;7;3;0;0
28.515;7;3;0;0
28.518;7;3;0;0
28.521;7;3;0;0
28.527;7;3;0;0
28.53;7;3;0;0
28.533;7;3;0;0
28.539;7;3;0;0
28.542;7;3;0;0
28.545;7;3;0;0
28.551;7;3;0;0
28.554;7;3;0;0
28.557;7;3;0;0
28.563;7;3;0;0
28.566;7;3;0;0
28.569;7;3;0;0
28.575;7;3;0;0
28.578;7;3;0;0
28.581;7;3;0;0
28.587;7;3;0;0
28.59;7;3;0;0
28.593;7;3;0;0
28.599;7;3;0;0
28.602;7;3;0;0
28.605;7;3;0;0
28.611;7;3;0;0
28.614;7;3;0;0
28.617;7;3;0;0
28.623;7;3;0;0
28.626;7;3;0;0
28.629;7;3;0;0
28.635;7;3;0;0
28.638;7;3;0;0
28.641;7;3;0;0
28.647;7;3;0;0
28.65;7;3;0;0
28.653;7;3;0;0
28.659;7;3;0;0
28.662;7;3;0;0
28.665;7;3;0;0
28.671;7;3;0;0
28.674;7;3;0;0
28.677;7;3;0;0
28.683;7;3;0;0
28.686;7;3;0;0
28.689;7;3;0;0
28.695;7;3;0;0
28.698;7;3;0;0
28.701;7;3;0;0
28.707;7;3;0;0
28.71;7;3;0;0
28.713;7;3;0;0
28.719;7;3;0;0
28.722;7;3;0;0
28.725;7;3;0;0
28.731;7;3;0;0
28.734;7;3;0;0
28.737;7;3;0;0
28.743;7;3;0;0
28.746;7;3;0;0
28.749;7;3;0;0
28.755;7;3;0;0
28.758;7;3;0;0
28.761;7;3;0;0
28.767;7;3;0;0
28.77;7;3;0;0
28.773;7;3;0;0
28.779;7;3;0;0
28.782;7;3;0;0
28.785;7;3;0;0
28.791;7;3;0;0
28.794;7;3;0;0
28.797;7;3;0;0
28.803;7;3;0;0
28.806;15;3;0;0
28.812;15;3;0;0
28.815;15;3;0;0
28.821;31;3;0;0
28.824;39;3;0;0
28.83;47;3;0;0
28.833;62;3;0;0
28.839;78;3;0;0
28.842;86;3;0;0
28.848;101;3;0;0
28.851;109;3;0;0
28.857;125;3;0;0
28.863;148;3;0;0
28.869;171;3;0;0
28.875;187;3;0;0
28.881;210;3;0;0
28.887;233;3;0;0
28.893;256;3;0;0
28.899;278;3;0;0
28.905;309;3;0;0
28.911;338;3;0;0
28.917;368;3;0;0
28.923;397;3;0;0
28.929;425;3;0;0
28.935;453;3;0;0
28.941;488;3;0;0
28.947;529;3;0;0
28.953;568;3;0;0
28.959;606;3;0;0
28.965;643;3;0;0
28.971;673;3;0;0
28.977;701;3;0;0
28.983;728;3;0;0
28.989;760;3;0;0
28.995;785;3;0;0
29.001;809;3;0;0
29.007;827;3;0;0
29.013;848;3;0;0
29.019;868;3;0;0
29.025;883;3;0;0
29.031;898;3;0;0
29.037;908;3;0;0
29.043;917;3;0;0
29.049;926;3;0;0
29.055;929;3;0;0
29.061;929;3;0;0
29.067;926;3;0;0
29.073;923;2;0;0
29.079;923;2;0;0
29.085;917;2;0;0
29.091;914;1;0;0
29.097;920;1;0;0
29.103;929;1;0;0
29.109;935;1;0;0
29.115;940;1;0;0
29.121;940;1;0;0
29.127;943;1;0;0
29.133;943;1;0;0
29.139;946;1;0;0
29.145;946;1;0;0
29.151;946;1;0;0
29.157;946;1;0;0
29.163;946;1;0;0
29.169;948;1;0;0
29.175;951;1;0;0
29.181;953;1;0;0
29.187;955;1;0;0
29.193;955;1;0;0
29.199;955;1;0;0
29.205;955;1;0;0
29.211;955;1;0;0
29.217;955;1;0;0
29.223;955;1;0;0
29.229;955;1;0;0
29.235;955;1;0;0
29.241;955;1;0;0
29.247;955;1;0;0
29.253;955;1;0;0
29.259;955;1;0;0
29.265;955;1;0;0
29.271;955;1;0;0
29.277;955;1;0;0
29.283;955;1;0;0
29.289;955;1;0;0
29.295;955;1;0;0
29.301;955;1;0;0
29.307;955;1;0;0
29.313;955;1;0;0
29.319;955;1;0;0
29.325;955;1;0;0
29.331;955;1;0;0
29.337;955;1;0;0
29.343;955;1;0;0
29.349;955;1;0;0
29.355;955;1;0;0
29.361;955;1;0;0
29.367;955;1;0;0
29.373;955;1;0;0
29.379;955;1;0;0
29.385;955;1;0;0
29.391;955;1;0;0
29.397;955;1;0;0
29.403;955;1;0;0
29.409;955;1;0;0
29.415;955;1;0;0
29.421;955;1;0;0
29.427;955;1;0;0
29.433;955;1;0;0
29.439;955;1;0;0
29.445;955;1;0;0
29.451;955;1;0;0
29.457;955;1;0;0
29.463;955;1;0;0
29.469;955;1;0;0
29.475;955;1;0;0
29.481;955;1;0;0
29.487;955;1;0;0
29.493;955;1;0;0
29.499;955;1;0;0
29.505;955;1;0;0
29.511;955;1;0;0
29.517;955;1;0;0
29.523;955;1;0;0
29.529;955;1;0;0
29.535;955;1;0;0
29.541;955;1;0;0
29.547;955;1;0;0
29.553;955;1;0;0
29.559;955;1;0;0
29.565;955;1;0;0
29.571;955;1;0;0
29.577;955;1;0;0
29.583;955;1;0;0
29.589;955;1;0;0
29.595;955;1;0;0
29.601;955;1;0;0
29.607;955;1;0;0
29.613;955;1;0;0
29.619;955;1;0;0
29.625;955;1;0;0
29.631;955;1;0;0
29.637;955;1;0;0
29.643;955;1;0;0
29.649;955;1;0;0
29.655;955;1;0;0
29.661;955;1;0;0
29.667;955;1;0;0
29.673;955;1;0;0
29.679;955;1;0;0
29.685;955;1;0;0
29.691;955;1;0;0
29.697;955;1;0;0
29.703;955;1;0;0
29.709;955;1;0;0
29.715;955;1;0;0
29.721;955;1;0;0
29.727;955;1;0;0
29.733;955;1;0;0
29.739;955;1;0;0
29.745;955;1;0;0
29.751;955;1;0;0
29.757;955;1;0;0
29.763;955;1;0;0
29.769;955;1;0;0
29.775;955;1;0;0
29.781;955;1;0;0
29.787;955;1;0;0
29.793;955;1;0;0
29.799;955;1;0;0
29.805;955;1;0;0
29.811;955;1;0;0
29.817;955;1;0;0
29.823;955;1;0;0
29.829;955;1;0;0
29.835;955;1;0;0
29.841;955;1;0;0
29.847;955;1;0;0
29.853;955;1;0;0
29.859;955;1;0;0
29.865;955;1;0;0
29.871;955;1;0;0
29.877;955;1;0;0
29.883;955;1;0;0
29.889;955;1;0;0
29.895;955;1;0;0
29.901;955;1;0;0
29.907;955;1;0;0
29.913;955;1;0;0
29.919;955;1;0;0
29.925;955;1;0;0
29.931;955;1;0;0
29.937;955;1;0;0
29.943;955;1;0;0
29.949;955;1;0;0
29.955;955;1;0;0
29.961;955;1;0;0
29.967;955;1;0;0
29.973;955;1;0;0
29.979;955;1;0;0
29.985;955;1;0;0
29.991;955;1;0;0
29.997;955;1;0;0
30.003;955;1;0;0
30.009;955;1;0;0
30.015;955;1;0;0
30.021;955;1;0;0
30.027;955;1;0;0
30.033;955;1;0;0
30.039;955;1;0;0
30.045;955;1;0;0
30.051;955;1;0;0
30.057;955;1;0;0
30.063;955;1;0;0
30.069;955;1;0;0
30.075;955;1;0;0
30.081;955;1;0;0
30.087;955;1;0;0
30.093;955;1;0;0
30.099;955;1;0;0
30.105;955;1;0;0
30.111;955;1;0;0
30.117;955;1;0;0
30.123;955;1;0;0
30.129;955;1;0;0
30.135;955;1;0;0
30.141;955;1;0;0
30.147;955;1;0;0
30.153;955;1;0;0
30.159;955;1;0;0
30.165;955;1;0;0
30.171;955;1;0;0
30.177;955;1;0;0
30.183;955;1;0;0
30.189;955;1;0;0
30.195;955;1;0;0
30.201;955;1;0;0
30.207;955;1;0;0
30.213;955;1;0;0
30.219;955;1;0;0
30.225;955;1;0;0
30.231;955;1;0;0
30.237;955;1;0;0
30.243;955;1;0;0
30.249;955;1;0;0
30.255;955;1;0;0
30.261;955;1;0;0
30.267;955;1;0;0
30.273;955;1;0;0
30.279;955;1;0;0
30.285;955;1;0;0
30.291;955;1;0;0
30.297;955;1;0;0
30.303;955;1;0;0
30.309;955;1;0;0
30.315;955;1;0;0
30.321;955;1;0;0
30.327;955;1;0;0
30.333;955;1;0;0
30.339;955;1;0;0
30.345;955;1;0;0
30.351;955;1;0;0
30.357;955;1;0;0
30.363;955;1;0;0
30.369;955;1;0;0
30.375;955;1;0;0
30.381;955;1;0;0
30.387;955;1;0;0
30.393;955;1;0;0
30.399;955;1;0;0
30.405;955;1;0;0
30.411;955;1;0;0
30.417;955;1;0;0
30.423;955;1;0;0
30.429;955;1;0;0
30.435;955;1;0;0
30.441;955;1;0;0
30.447;955;1;0;0
30.453;955;1;0;0
30.459;955;1;0;0
30.465;955;1;0;0
30.471;955;1;0;0
30.477;955;1;0;0
30.483;955;1;0;0
30.489;955;1;0;0
30.495;955;1;0;0
30.501;955;1;0;0
30.507;955;1;0;0
30.513;955;1;0;0
30.519;955;1;0;0
30.525;955;1;0;0
30.531;955;1;0;0
30.537;955;1;0;0
30.543;955;1;0;0
30.549;955;1;0;0
30.555;955;1;0;0
30.561;955;1;0;0
30.567;955;1;0;0
30.573;955;1;0;0