t;e;d;i;set

12.874;7553;0;0;0
12.879;7553;0;0;0
12.884;7553;0;0;0
12.889;7553;0;0;0
12.894;7553;0;0;0
12.899;7553;0;0;0
12.904;7553;0;0;0
12.909;7553;0;0;0
12.914;7553;0;0;0
12.919;7553;0;0;0
12.924;7553;0;0;0
12.929;7553;0;0;0
12.934;7553;0;0;0
12.939;7553;0;0;0
12.944;7553;0;0;0
12.949;7553;0;0;0
12.954;7553;0;0;0
12.959;7553;0;0;0
12.964;7553;0;0;0
12.969;7553;0;0;0
12.974;7553;0;0;0
12.979;7553;0;0;0
12.984;7553;0;0;0
12.989;7553;0;0;0
12.994;7553;0;0;0
12.999;7553;0;0;0
13.004;7553;0;0;0
13.009;7553;0;0;0
13.014;7553;0;0;0
13.019;7553;0;0;0
13.024;7553;0;0;0
13.029;7553;0;0;0
13.034;7553;0;0;0
13.039;7553;0;0;0
13.044;7553;0;0;0
13.049;7553;0;0;0
13.054;7553;0;0;0
13.059;7553;0;0;0
13.064;7553;0;0;0
13.069;7553;0;0;0
13.074;7553;0;0;0
13.079;7553;0;0;0
13.084;7553;0;0;0
13.089;7553;0;0;0
13.094;7553;0;0;0
13.099;7553;0;0;0
13.104;7553;0;0;0
13.109;7553;0;0;0
13.114;7553;0;0;0
13.119;7553;0;0;0
13.124;7553;0;0;0
13.129;7553;0;0;0
13.134;7553;0;0;0
13.139;7553;0;0;0
13.144;7553;0;0;0
13.149;7553;0;0;0
13.154;7553;0;0;0
13.159;7553;0;0;0
13.164;7553;0;0;0
13.169;7553;0;0;0
13.174;7553;0;0;0
13.179;7553;0;0;0
13.184;7553;0;0;0
13.189;7553;0;0;0
13.194;7553;0;0;0
13.199;7553;0;0;0
13.204;7553;0;0;0
13.209;7553;0;0;0
13.214;7553;0;0;0
13.219;7553;0;0;0
13.224;7553;0;0;0
13.229;7553;0;0;0
13.234;7553;0;0;0
13.239;7553;0;0;0
13.244;7553;0;0;0
13.249;7553;0;0;0
13.254;7553;0;0;0
13.259;7553;0;0;0
13.264;7553;0;0;0
13.269;7553;0;0;0
13.274;7553;0;0;0
13.279;7553;0;0;0
13.284;7553;0;0;0
13.289;7553;0;0;0
13.294;7553;0;0;0
13.299;7553;0;0;0
13.304;7553;0;0;0
13.309;7553;0;0;0
13.314;7553;0;0;0
13.319;7553;0;0;0
13.324;7553;0;0;0
13.329;7553;0;0;0
13.334;7553;0;0;0
13.339;7553;0;0;0
13.344;7553;0;0;0
13.349;7553;0;0;0
13.354;7553;0;0;0
13.359;7553;0;0;0
13.364;7553;0;0;0
13.369;7553;0;0;0
13.374;7553;0;0;0
13.379;7553;0;0;0
13.384;7553;0;0;0
13.389;7553;0;0;0
13.394;7553;0;0;0
13.399;718;40;0;0
13.404;728;37;0;0
13.409;734;34;0;0
13.414;739;31;0;0
13.419;739;29;0;0
13.424;739;27;0;0
13.429;739;25;0;0
13.434;734;22;0;0
13.439;728;18;0;0
13.444;718;14;0;0
13.449;707;8;0;0
13.454;695;2;0;0
13.459;673;-5;0;0
13.464;655;-11;0;0
13.469;631;-17;0;0
13.474;606;-25;0;0
13.479;575;-32;0;0
13.484;549;-39;0;0
13.489;509;-47;0;0
13.494;467;-55;0;0
13.499;432;-62;0;0
13.504;389;-69;0;0
13.509;346;-75;0;0
13.514;294;-89;0;0
13.519;241;-95;0;0
13.524;187;-102;0;0
13.529;133;-107;0;0
13.534;78;-110;0;0
13.539;23;-114;0;0
13.544;-39;-119;0;0
13.549;-94;-121;0;0
13.554;-156;-123;0;0
13.559;-210;-124;0;0
13.564;-271;-124;0;0
13.569;-323;-123;0;0
13.574;-368;-119;0;0
13.579;-425;-117;0;0
13.584;-474;-114;0;0
13.589;-515;-109;0;0
13.594;-549;-103;0;0
13.599;-587;-99;0;0
13.604;-625;-92;0;0
13.609;-649;-87;0;0
13.614;-678;-82;0;0
13.619;-701;-76;0;0
13.624;-723;-70;0;0
13.629;-744;-65;0;0
13.634;-755;-59;0;0
13.639;-765;-53;0;0
13.644;-780;-48;0;0
13.649;-785;-44;0;0
13.654;-790;-39;0;0
13.659;-794;-35;0;0
13.664;-794;-32;0;0
13.669;-790;-29;0;0
13.674;-790;-23;0;0
13.679;-780;-19;0;0
13.684;-770;-14;0;0
13.689;-760;-9;0;0
13.694;-750;-4;0;0
13.699;-734;1;0;0
13.704;-712;7;0;0
13.709;-690;15;0;0
13.714;-667;22;0;0
13.719;-643;28;0;0
13.724;-606;36;0;0
13.729;-575;45;0;0
13.734;-535;52;0;0
13.739;-495;61;0;0
13.744;-453;69;0;0
13.749;-411;76;0;0
13.754;-353;85;0;0
13.759;-301;94;0;0
13.764;-241;103;0;0
13.769;-187;109;0;0
13.774;-140;113;0;0
13.779;-70;121;0;0
13.784;0;128;0;0
13.789;54;130;0;0
13.794;109;130;0;0
13.799;171;133;0;0
13.804;233;134;0;0
13.809;286;132;0;0
13.814;338;129;0;0
13.819;389;126;0;0
13.824;439;123;0;0
13.829;488;118;0;0
13.834;529;112;0;0
13.839;575;107;0;0
13.844;612;101;0;0
13.849;649;101;0;0
13.854;673;95;0;0
13.859;701;88;0;0
13.864;728;80;0;0
13.869;744;73;0;0
13.874;760;69;0;0
13.879;780;62;0;0
13.884;794;56;0;0
13.889;804;56;0;0
13.894;809;50;0;0
13.899;818;44;0;0
13.904;818;39;0;0
13.909;818;35;0;0
13.914;818;32;0;0
13.919;813;29;0;0
13.924;809;24;0;0
13.929;799;19;0;0
13.934;790;13;0;0
13.939;775;7;0;0
13.944;760;1;0;0
13.949;739;-5;0;0
13.954;718;-13;0;0
13.959;695;-20;0;0
13.964;667;-26;0;0
13.969;637;-34;0;0
13.974;600;-43;0;0
13.979;555;-53;0;0
13.984;515;-62;0;0
13.989;467;-71;0;0
13.994;418;-79;0;0
13.999;368;-87;0;0
14.004;316;-95;0;0
14.009;256;-104;0;0
14.014;195;-112;0;0
14.019;133;-120;0;0
14.024;70;-125;0;0
14.029;7;-129;0;0
14.034;-62;-135;0;0
14.039;-125;-139;0;0
14.044;-195;-141;0;0
14.049;-263;-141;0;0
14.054;-323;-140;0;0
14.059;-382;-135;0;0
14.064;-439;-137;0;0
14.069;-495;-133;0;0
14.074;-535;-124;0;0
14.079;-581;-118;0;0
14.084;-625;-111;0;0
14.089;-667;-104;0;0
14.094;-695;-97;0;0
14.099;-728;-89;0;0
14.104;-760;-82;0;0
14.109;-780;-75;0;0
14.114;-799;-67;0;0
14.119;-818;-61;0;0
14.124;-827;-56;0;0
14.129;-840;-50;0;0
14.134;-852;-45;0;0
14.139;-856;-40;0;0
14.144;-860;-36;0;0
14.149;-864;-32;0;0
14.154;-864;-29;0;0
14.159;-864;-26;0;0
14.164;-860;-21;0;0
14.169;-852;-17;0;0
14.174;-844;-13;0;0
14.179;-835;-8;0;0
14.184;-822;-3;0;0
14.189;-809;1;0;0
14.194;-790;7;0;0
14.199;-770;13;0;0
14.204;-744;20;0;0
14.209;-718;27;0;0
14.214;-690;35;0;0
14.219;-649;45;0;0
14.224;-619;53;0;0
14.229;-575;64;0;0
14.234;-529;72;0;0
14.239;-481;81;0;0
14.244;-432;89;0;0
14.249;-368;100;0;0
14.254;-309;110;0;0
14.259;-241;120;0;0
14.264;-179;126;0;0
14.269;-117;132;0;0
14.274;-47;139;0;0
14.279;31;146;0;0
14.284;94;148;0;0
14.289;156;147;0;0
14.294;225;147;0;0
14.299;294;148;0;0
14.304;353;147;0;0
14.309;411;143;0;0
14.314;467;139;0;0
14.319;522;133;0;0
14.324;568;126;0;0
14.329;619;125;0;0
14.334;661;117;0;0
14.339;695;109;0;0
14.344;728;100;0;0
14.349;760;90;0;0
14.354;780;82;0;0
14.359;804;74;0;0
14.364;827;68;0;0
14.369;844;62;0;0
14.374;860;55;0;0
14.379;868;49;0;0
14.384;876;43;0;0
14.389;880;38;0;0
14.394;887;34;0;0
14.399;891;30;0;0
14.404;891;27;0;0
14.409;891;24;0;0
14.414;883;20;0;0
14.419;880;17;0;0
14.424;872;13;0;0
14.429;860;8;0;0
14.434;852;3;0;0
14.439;835;-1;0;0
14.444;818;-7;0;0
14.449;794;-15;0;0
14.454;770;-22;0;0
14.459;744;-29;0;0
14.464;718;-37;0;0
14.469;678;-45;0;0
14.474;637;-54;0;0
14.479;600;-63;0;0
14.484;549;-74;0;0
14.489;495;-85;0;0
14.494;439;-96;0;0
14.499;382;-105;0;0
14.504;316;-114;0;0
14.509;248;-124;0;0
14.514;179;-134;0;0
14.519;109;-141;0;0
14.524;39;-147;0;0
14.529;-31;-149;0;0
14.534;-109;-154;0;0
14.539;-187;-157;0;0
14.544;-263;-159;0;0
14.549;-323;-158;0;0
14.554;-389;-155;0;0
14.559;-460;-154;0;0
14.564;-522;-146;0;0
14.569;-568;-137;0;0
14.574;-625;-131;0;0
14.579;-673;-123;0;0
14.584;-707;-113;0;0
14.589;-744;-103;0;0
14.594;-780;-94;0;0
14.599;-809;-87;0;0
14.604;-831;-78;0;0
14.609;-852;-70;0;0
14.614;-868;-63;0;0
14.619;-883;-58;0;0
14.624;-894;-51;0;0
14.629;-904;-45;0;0
14.634;-911;-40;0;0
14.639;-917;-35;0;0
14.644;-920;-31;0;0
14.649;-923;-27;0;0
14.654;-923;-24;0;0
14.659;-920;-21;0;0
14.664;-917;-17;0;0
14.669;-911;-14;0;0
14.674;-904;-10;0;0
14.679;-894;-5;0;0
14.684;-883;-1;0;0
14.689;-868;2;0;0
14.694;-852;8;0;0
14.699;-835;13;0;0
14.704;-813;20;0;0
14.709;-790;27;0;0
14.714;-760;35;0;0
14.719;-723;44;0;0
14.724;-690;53;0;0
14.729;-649;63;0;0
14.734;-600;74;0;0
14.739;-549;86;0;0
14.744;-495;96;0;0
14.749;-439;106;0;0
14.754;-368;119;0;0
14.759;-294;131;0;0
14.764;-233;142;0;0
14.769;-156;149;0;0
14.774;-78;156;0;0
14.779;0;162;0;0
14.784;78;169;0;0
14.789;148;169;0;0
14.794;218;167;0;0
14.799;294;166;0;0
14.804;368;163;0;0
14.809;432;161;0;0
14.814;495;153;0;0
14.819;549;145;0;0
14.824;600;139;0;0
14.829;655;131;0;0
14.834;701;123;0;0
14.839;739;112;0;0
14.844;770;102;0;0
14.849;799;92;0;0
14.854;835;83;0;0
14.859;860;74;0;0
14.864;876;67;0;0
14.869;894;58;0;0
14.874;904;52;0;0
14.879;917;45;0;0
14.884;926;40;0;0
14.889;935;34;0;0
14.894;938;31;0;0
14.899;940;27;0;0
14.904;943;23;0;0
14.909;943;21;0;0
14.914;940;19;0;0
14.919;938;16;0;0
14.924;935;13;0;0
14.929;929;10;0;0
14.934;920;6;0;0
14.939;911;1;0;0
14.944;898;-2;0;0
14.949;883;-7;0;0
14.954;860;-13;0;0
14.959;840;-20;0;0
14.964;818;-27;0;0
14.969;785;-35;0;0
14.974;750;-45;0;0
14.979;712;-55;0;0
14.984;673;-64;0;0
14.989;625;-74;0;0
14.994;575;-86;0;0
14.999;509;-99;0;0
15.004;446;-113;0;0
15.009;382;-124;0;0
15.014;316;-133;0;0
15.019;241;-145;0;0
15.024;164;-155;0;0
15.029;78;-164;0;0
15.034;7;-167;0;0
15.039;-78;-172;0;0
15.044;-156;-175;0;0
15.049;-241;-177;0;0
15.054;-316;-175;0;0
15.059;-389;-171;0;0
15.064;-467;-168;0;0
15.069;-529;-161;0;0
15.074;-587;-150;0;0
15.079;-649;-141;0;0
15.084;-695;-137;0;0
15.089;-739;-124;0;0
15.094;-780;-112;0;0
15.099;-818;-104;0;0
15.104;-844;-92;0;0
15.109;-868;-81;0;0
15.114;-891;-71;0;0
15.119;-911;-61;0;0
15.124;-923;-53;0;0
15.129;-935;-46;0;0
15.134;-946;-39;0;0
15.139;-955;-35;0;0
15.144;-960;-30;0;0
15.149;-964;-26;0;0
15.154;-964;-23;0;0
15.159;-966;-20;0;0
15.164;-966;-18;0;0
15.169;-966;-16;0;0
15.174;-964;-13;0;0
15.179;-960;-11;0;0
15.184;-955;-9;0;0
15.189;-948;-6;0;0
15.194;-938;-2;0;0
15.199;-929;1;0;0
15.204;-914;5;0;0
15.209;-898;11;0;0
15.214;-880;18;0;0
15.219;-860;24;0;0
15.224;-831;34;0;0
15.229;-799;43;0;0
15.234;-765;52;0;0
15.239;-728;61;0;0
15.244;-684;72;0;0
15.249;-631;84;0;0
15.254;-575;97;0;0
15.259;-515;110;0;0
15.264;-453;120;0;0
15.269;-382;134;0;0
15.274;-309;146;0;0
15.279;-225;158;0;0
15.284;-140;164;0;0
15.289;-62;171;0;0
15.294;23;178;0;0
15.299;109;184;0;0
15.304;187;185;0;0
15.309;263;183;0;0
15.314;346;180;0;0
15.319;418;177;0;0
15.324;495;171;0;0
15.329;555;162;0;0
15.334;612;152;0;0
15.339;673;141;0;0
15.344;718;131;0;0
15.349;765;119;0;0
15.354;804;108;0;0
15.359;844;95;0;0
15.364;872;84;0;0
15.369;894;73;0;0
15.374;914;64;0;0
15.379;932;54;0;0
15.384;946;46;0;0
15.389;955;39;0;0
15.394;964;33;0;0
15.399;970;27;0;0
15.404;974;24;0;0
15.409;979;19;0;0
15.414;980;17;0;0
15.419;982;14;0;0
15.424;982;13;0;0
15.429;982;11;0;0
15.434;979;10;0;0
15.439;979;8;0;0
15.444;974;7;0;0
15.449;970;5;0;0
15.454;964;2;0;0
15.459;955;0;0;0
15.464;943;-4;0;0
15.469;932;-8;0;0
15.474;914;-14;0;0
15.479;894;-21;0;0
15.484;868;-29;0;0
15.489;844;-36;0;0
15.494;809;-46;0;0
15.499;770;-57;0;0
15.504;728;-68;0;0
15.509;678;-80;0;0
15.514;625;-92;0;0
15.519;562;-104;0;0
15.524;495;-124;0;0
15.529;425;-137;0;0
15.534;353;-148;0;0
15.539;271;-158;0;0
15.544;187;-169;0;0
15.549;101;-180;0;0
15.554;15;-186;0;0
15.559;-78;-192;0;0
15.564;-164;-195;0;0
15.569;-256;-195;0;0
15.574;-338;-191;0;0
15.579;-418;-187;0;0
15.584;-502;-182;0;0
15.589;-568;-172;0;0
15.594;-631;-161;0;0
15.599;-695;-150;0;0
15.604;-744;-137;0;0
15.609;-790;-123;0;0
15.614;-831;-108;0;0
15.619;-864;-95;0;0
15.624;-891;-82;0;0
15.629;-914;-70;0;0
15.634;-935;-59;0;0
15.639;-951;-49;0;0
15.644;-964;-39;0;0
15.649;-972;-32;0;0
15.654;-979;-26;0;0
15.659;-985;-21;0;0
15.664;-988;-17;0;0
15.669;-991;-14;0;0
15.674;-993;-11;0;0
15.679;-993;-9;0;0
15.684;-994;-7;0;0
15.689;-994;-7;0;0
15.694;-993;-6;0;0
15.699;-993;-5;0;0
15.704;-991;-4;0;0
15.709;-988;-3;0;0
15.714;-985;-1;0;0
15.719;-979;0;0;0
15.724;-972;3;0;0
15.729;-964;6;0;0
15.734;-953;10;0;0
15.739;-935;16;0;0
15.744;-917;22;0;0
15.749;-898;29;0;0
15.754;-868;39;0;0
15.759;-840;47;0;0
15.764;-804;58;0;0
15.769;-760;70;0;0
15.774;-718;81;0;0
15.779;-661;96;0;0
15.784;-600;111;0;0
15.789;-535;126;0;0
15.794;-467;139;0;0
15.799;-389;151;0;0
15.804;-309;164;0;0
15.809;-218;178;0;0
15.814;-125;186;0;0
15.819;-39;194;0;0
15.824;47;200;0;0
15.829;140;204;0;0
15.834;233;203;0;0
15.839;316;200;0;0
15.844;404;195;0;0
15.849;481;187;0;0
15.854;549;179;0;0
15.859;625;168;0;0
15.864;684;156;0;0
15.869;739;143;0;0
15.874;790;128;0;0
15.879;831;114;0;0
15.884;868;98;0;0
15.889;898;85;0;0
15.894;923;72;0;0
15.899;940;60;0;0
15.904;958;49;0;0
15.909;970;39;0;0
15.914;979;31;0;0
15.919;986;24;0;0
15.924;991;18;0;0
15.929;993;14;0;0
15.934;996;10;0;0
15.939;997;7;0;0
15.944;998;5;0;0
15.949;998;4;0;0
15.954;998;4;0;0
15.959;998;3;0;0
15.964;998;3;0;0
15.969;998;3;0;0
15.974;996;3;0;0
15.979;995;3;0;0
15.984;993;2;0;0
15.989;990;1;0;0
15.994;985;0;0;0
15.999;977;-3;0;0
16.004;968;-6;0;0
16.009;955;-11;0;0
16.014;940;-16;0;0
16.019;920;-23;0;0
16.024;898;-31;0;0
16.029;864;-42;0;0
16.034;827;-53;0;0
16.039;785;-66;0;0
16.044;739;-79;0;0
16.049;684;-95;0;0
16.054;625;-110;0;0
16.059;555;-126;0;0
16.064;481;-143;0;0
16.069;397;-157;0;0
16.074;316;-170;0;0
16.079;233;-182;0;0
16.084;140;-193;0;0
16.089;47;-201;0;0
16.094;-47;-207;0;0
16.099;-148;-213;0;0
16.104;-248;-214;0;0
16.109;-338;-211;0;0
16.114;-425;-205;0;0
16.119;-515;-194;0;0
16.124;-587;-183;0;0
16.129;-655;-170;0;0
16.134;-723;-156;0;0
16.139;-775;-141;0;0
16.144;-818;-125;0;0
16.149;-860;-107;0;0
16.154;-894;-91;0;0
16.159;-923;-75;0;0
16.164;-946;-62;0;0
16.169;-964;-48;0;0
16.174;-975;-38;0;0
16.179;-985;-28;0;0
16.184;-992;-20;0;0
16.189;-996;-12;0;0
16.194;-998;-7;0;0
16.199;-999;-2;0;0
16.204;-1000;0;0;0
16.209;-999;1;0;0
16.214;-999;3;0;0
16.219;-998;4;0;0
16.224;-998;3;0;0
16.229;-998;3;0;0
16.234;-998;3;0;0
16.239;-999;1;0;0
16.244;-999;0;0;0
16.249;-1000;0;0;0
16.254;-999;0;0;0
16.259;-998;0;0;0
16.264;-996;0;0;0
16.269;-993;2;0;0
16.274;-987;4;0;0
16.279;-980;8;0;0
16.284;-968;13;0;0
16.289;-955;18;0;0
16.294;-935;27;0;0
16.299;-911;36;0;0
16.304;-883;46;0;0
16.309;-852;56;0;0
16.314;-809;70;0;0
16.319;-760;84;0;0
16.324;-712;98;0;0
16.329;-649;115;0;0
16.334;-575;133;0;0
16.339;-502;149;0;0
16.344;-425;161;0;0
16.349;-338;175;0;0
16.354;-241;193;0;0
16.359;-148;203;0;0
16.364;-47;211;0;0
16.369;47;217;0;0
16.374;140;221;0;0
16.379;241;221;0;0
16.384;331;217;0;0
16.389;418;211;0;0
16.394;502;202;0;0
16.399;581;191;0;0
16.404;655;178;0;0
16.409;718;164;0;0
16.414;775;146;0;0
16.419;822;129;0;0
16.424;864;112;0;0
16.429;901;95;0;0
16.434;929;78;0;0
16.439;951;63;0;0
16.444;968;48;0;0
16.449;980;36;0;0
16.454;990;25;0;0
16.459;994;17;0;0
16.464;998;9;0;0
16.469;999;3;0;0
16.474;999;0;0;0
16.479;999;-4;0;0
16.484;998;-6;0;0
16.489;996;-8;0;0
16.494;996;-8;0;0
16.499;995;-9;0;0
16.504;994;-8;0;0
16.509;994;-8;0;0
16.514;995;-6;0;0
16.519;996;-4;0;0
16.524;997;-3;0;0
16.529;998;-1;0;0
16.534;999;0;0;0
16.539;1000;0;0;0
16.544;999;0;0;0
16.549;997;-1;0;0
16.554;993;-3;0;0
16.559;987;-6;0;0
16.564;979;-10;0;0
16.569;966;-16;0;0
16.574;948;-24;0;0
16.579;926;-32;0;0
16.584;898;-42;0;0
16.589;868;-54;0;0
16.594;822;-68;0;0
16.599;775;-84;0;0
16.604;718;-101;0;0
16.609;661;-117;0;0
16.614;594;-133;0;0
16.619;509;-151;0;0
16.624;425;-170;0;0
16.629;338;-184;0;0
16.634;241;-197;0;0
16.639;140;-207;0;0
16.644;47;-218;0;0
16.649;-54;-226;0;0
16.654;-164;-231;0;0
16.659;-263;-232;0;0
16.664;-360;-228;0;0
16.669;-453;-220;0;0
16.674;-549;-208;0;0
16.679;-625;-193;0;0
16.684;-695;-179;0;0
16.684;-695;-179;0;0
16.694;-809;-141;0;0
16.699;-856;-121;0;0
16.704;-898;-101;0;0
16.709;-926;-84;0;0
16.714;-951;-67;0;0
16.719;-970;-50;0;0
16.724;-982;-36;0;0
16.729;-992;-23;0;0
16.734;-997;-12;0;0
16.739;-999;-2;0;0
16.744;-999;2;0;0
16.749;-998;9;0;0
16.754;-995;13;0;0
16.759;-993;16;0;0
16.764;-990;17;0;0
16.769;-986;18;0;0
16.774;-985;18;0;0
16.779;-983;17;0;0
16.784;-982;15;0;0
16.789;-982;13;0;0
16.794;-982;12;0;0
16.799;-985;9;0;0
16.804;-986;7;0;0
16.809;-988;4;0;0
16.814;-992;2;0;0
16.819;-995;0;0;0
16.824;-997;0;0;0
16.829;-999;0;0;0
16.834;-999;0;0;0
16.839;-998;2;0;0
16.844;-994;5;0;0
16.849;-987;9;0;0
16.854;-975;16;0;0
16.859;-960;24;0;0
16.864;-940;33;0;0
16.869;-914;44;0;0
16.874;-883;56;0;0
16.879;-844;69;0;0
16.884;-799;84;0;0
16.889;-744;101;0;0
16.894;-678;119;0;0
16.899;-612;138;0;0
16.904;-529;156;0;0
16.909;-446;171;0;0
16.914;-360;185;0;0
16.919;-263;201;0;0
16.924;-156;215;0;0
16.929;-47;225;0;0
16.934;47;230;0;0
16.939;156;231;0;0
16.944;256;230;0;0
16.949;353;226;0;0
16.954;446;219;0;0
16.959;535;208;0;0
16.964;619;193;0;0
16.969;690;177;0;0
16.974;755;160;0;0
16.979;813;141;0;0
16.984;860;122;0;0
16.989;901;101;0;0
16.994;932;82;0;0
16.999;955;65;0;0
17.004;974;48;0;0
17.009;987;32;0;0
17.014;994;20;0;0
17.019;998;8;0;0
17.024;1000;0;0;0
17.029;998;-7;0;0
17.034;996;-14;0;0
17.039;992;-19;0;0
17.044;987;-22;0;0
17.049;983;-23;0;0
17.054;979;-24;0;0
17.059;975;-23;0;0
17.064;972;-22;0;0
17.069;970;-21;0;0
17.074;970;-18;0;0
17.079;970;-16;0;0
17.084;970;-12;0;0
17.089;972;-9;0;0
17.094;975;-7;0;0
17.099;979;-4;0;0
17.104;985;-2;0;0
17.109;988;0;0;0
17.114;993;1;0;0
17.119;996;1;0;0
17.124;998;1;0;0
17.129;1000;0;0;0
17.134;998;-2;0;0
17.139;993;-7;0;0
17.144;986;-12;0;0
17.149;974;-19;0;0
17.154;955;-28;0;0
17.159;932;-40;0;0
17.164;904;-51;0;0
17.169;868;-63;0;0
17.174;818;-81;0;0
17.179;765;-99;0;0
17.184;701;-117;0;0
17.189;631;-136;0;0
17.194;555;-152;0;0
17.199;467;-173;0;0
17.204;375;-193;0;0
17.209;278;-208;0;0
17.214;171;-221;0;0
17.219;70;-231;0;0
17.224;-47;-239;0;0
17.229;-148;-243;0;0
17.234;-263;-244;0;0
17.239;-368;-239;0;0
17.244;-467;-231;0;0
17.249;-562;-219;0;0
17.254;-637;-202;0;0
17.259;-718;-184;0;0
17.264;-780;-164;0;0
17.269;-835;-142;0;0
17.274;-883;-119;0;0
17.279;-917;-98;0;0
17.284;-946;-77;0;0
17.289;-970;-56;0;0
17.294;-985;-38;0;0
17.299;-994;-22;0;0
17.304;-999;-6;0;0
17.309;-999;2;0;0
17.314;-997;13;0;0
17.319;-992;22;0;0
17.324;-986;27;0;0
17.329;-979;31;0;0
17.334;-972;33;0;0
17.339;-964;35;0;0
17.344;-958;35;0;0
17.349;-953;34;0;0
17.354;-946;32;0;0
17.359;-946;29;0;0
17.364;-943;27;0;0
17.369;-940;24;0;0
17.374;-943;20;0;0
17.379;-946;15;0;0
17.384;-948;12;0;0
17.389;-953;9;0;0
17.394;-958;4;0;0
17.399;-964;1;0;0
17.404;-972;-1;0;0
17.409;-979;-3;0;0
17.414;-985;-4;0;0
17.419;-992;-4;0;0
17.424;-996;-3;0;0
17.429;-999;-1;0;0
17.434;-999;1;0;0
17.439;-996;7;0;0
17.444;-988;13;0;0
17.449;-975;22;0;0
17.454;-955;34;0;0
17.459;-935;44;0;0
17.464;-901;59;0;0
17.469;-860;75;0;0
17.474;-818;90;0;0
17.479;-760;110;0;0
17.484;-695;129;0;0
17.489;-619;150;0;0
17.494;-535;169;0;0
17.499;-446;186;0;0
17.504;-353;204;0;0
17.509;-248;222;0;0
17.514;-140;234;0;0
17.519;-23;244;0;0
17.524;78;249;0;0
17.529;195;249;0;0
17.534;301;247;0;0
17.539;404;240;0;0
17.544;495;231;0;0
17.549;587;215;0;0
17.554;667;198;0;0
17.559;739;179;0;0
17.564;799;157;0;0
17.569;856;135;0;0
17.574;901;111;0;0
17.579;935;89;0;0
17.584;960;67;0;0
17.589;979;47;0;0
17.594;992;28;0;0
17.599;998;13;0;0
17.604;1000;0;0;0
17.609;998;-10;0;0
17.614;993;-20;0;0
17.619;987;-27;0;0
17.624;979;-33;0;0
17.629;970;-38;0;0
17.634;962;-40;0;0
17.639;953;-42;0;0
17.644;946;-41;0;0
17.649;935;-41;0;0
17.654;932;-38;0;0
17.659;926;-36;0;0
17.664;923;-35;0;0
17.669;923;-33;0;0
17.674;923;-31;0;0
17.679;923;-29;0;0
17.684;926;-26;0;0
17.689;932;-20;0;0
17.694;935;-15;0;0
17.699;946;-10;0;0
17.704;953;-5;0;0
17.709;962;-1;0;0
17.714;972;1;0;0
17.719;979;3;0;0
17.724;986;4;0;0
17.729;993;5;0;0
17.734;998;3;0;0
17.739;999;0;0;0
17.744;998;-4;0;0
17.749;993;-10;0;0
17.754;982;-19;0;0
17.759;966;-29;0;0
17.764;943;-42;0;0
17.769;911;-57;0;0
17.774;872;-74;0;0
17.779;827;-91;0;0
17.784;765;-111;0;0
17.789;695;-134;0;0
17.794;619;-154;0;0
17.799;535;-174;0;0
17.804;446;-193;0;0
17.809;346;-213;0;0
17.814;233;-229;0;0
17.819;125;-242;0;0
17.824;15;-251;0;0
17.829;-101;-257;0;0
17.834;-218;-259;0;0
17.839;-331;-255;0;0
17.844;-439;-245;0;0
17.849;-535;-233;0;0
17.854;-625;-217;0;0
17.859;-707;-197;0;0
17.864;-780;-174;0;0
17.869;-835;-150;0;0
17.874;-883;-125;0;0
17.879;-923;-100;0;0
17.884;-955;-75;0;0
17.889;-975;-54;0;0
17.894;-990;-33;0;0
17.899;-998;-14;0;0
17.904;-999;3;0;0
17.909;-997;14;0;0
17.914;-991;27;0;0
17.919;-982;36;0;0
17.924;-972;42;0;0
17.929;-960;47;0;0
17.934;-946;52;0;0
17.939;-935;53;0;0
17.944;-923;53;0;0
17.949;-911;53;0;0
17.954;-904;50;0;0
17.959;-898;47;0;0
17.964;-891;44;0;0
17.969;-883;41;0;0
17.974;-883;37;0;0
17.979;-883;35;0;0
17.984;-883;27;0;0
17.989;-883;20;0;0
17.994;-891;16;0;0
17.999;-898;12;0;0
18.004;-904;7;0;0
18.009;-911;3;0;0
18.014;-923;0;0;0
18.019;-935;-3;0;0
18.024;-948;-7;0;0
18.029;-960;-9;0;0
18.034;-970;-10;0;0
18.039;-980;-10;0;0
18.044;-990;-9;0;0
18.049;-996;-6;0;0
18.054;-999;-2;0;0
18.059;-998;4;0;0
18.064;-993;12;0;0
18.069;-982;22;0;0
18.074;-964;35;0;0
18.079;-938;50;0;0
18.084;-904;65;0;0
18.089;-864;83;0;0
18.094;-813;102;0;0
18.099;-755;122;0;0
18.104;-684;144;0;0
18.109;-600;167;0;0
18.114;-515;188;0;0
18.119;-418;207;0;0
18.124;-316;225;0;0
18.129;-202;242;0;0
18.134;-78;255;0;0
18.139;31;261;0;0
18.144;140;262;0;0
18.149;256;260;0;0
18.154;368;254;0;0
18.159;474;244;0;0
18.164;568;228;0;0
18.169;649;210;0;0
18.174;728;187;0;0
18.179;799;164;0;0
18.184;856;140;0;0
18.189;904;115;0;0
18.194;940;90;0;0
18.199;966;66;0;0
18.204;985;43;0;0
18.209;995;23;0;0
18.214;999;3;0;0
18.219;998;-10;0;0
18.224;993;-23;0;0
18.229;985;-35;0;0
18.234;974;-44;0;0
18.239;962;-50;0;0
18.244;948;-55;0;0
18.249;935;-58;0;0
18.254;920;-60;0;0
18.259;908;-60;0;0
18.264;898;-58;0;0
18.269;883;-57;0;0
18.274;876;-53;0;0
18.279;868;-50;0;0
18.284;860;-46;0;0
18.289;856;-42;0;0
18.294;852;-38;0;0
18.299;852;-34;0;0
18.304;856;-29;0;0
18.309;860;-23;0;0
18.314;868;-18;0;0
18.319;876;-13;0;0
18.324;883;-8;0;0
18.329;894;-3;0;0
18.334;904;0;0;0
18.339;917;6;0;0
18.344;932;9;0;0
18.349;946;11;0;0
18.354;958;13;0;0
18.359;972;13;0;0
18.364;982;12;0;0
18.369;991;10;0;0
18.374;997;6;0;0
18.379;1000;0;0;0
18.384;998;-6;0;0
18.389;990;-16;0;0
18.394;975;-29;0;0
18.399;955;-42;0;0
18.404;923;-59;0;0
18.409;883;-79;0;0
18.414;835;-99;0;0
18.419;775;-121;0;0
18.424;701;-145;0;0
18.429;625;-168;0;0
18.434;535;-190;0;0
18.439;439;-213;0;0
18.444;323;-233;0;0
18.449;218;-247;0;0
18.454;109;-258;0;0
18.459;-15;-269;0;0
18.464;-140;-275;0;0
18.469;-263;-276;0;0
18.474;-368;-265;0;0
18.479;-481;-255;0;0
18.484;-581;-240;0;0
18.489;-673;-217;0;0
18.494;-750;-194;0;0
18.499;-818;-168;0;0
18.504;-868;-141;0;0
18.509;-917;-111;0;0
18.514;-951;-85;0;0
18.519;-975;-59;0;0
18.524;-990;-36;0;0
18.529;-998;-11;0;0
18.534;-999;7;0;0
18.539;-994;23;0;0
18.544;-985;38;0;0
18.549;-974;48;0;0
18.554;-960;56;0;0
18.559;-943;64;0;0
18.564;-923;70;0;0
18.569;-908;72;0;0
18.574;-891;72;0;0
18.579;-872;72;0;0
18.584;-856;71;0;0
18.589;-844;68;0;0
18.594;-831;68;0;0
18.599;-818;64;0;0
18.604;-813;59;0;0
18.609;-804;54;0;0
18.614;-799;49;0;0
18.619;-799;43;0;0
18.624;-799;39;0;0
18.629;-799;35;0;0
18.634;-804;28;0;0
18.639;-813;21;0;0
18.644;-818;15;0;0
18.649;-831;10;0;0
18.654;-844;4;0;0
18.659;-856;-1;0;0
18.664;-872;-5;0;0
18.669;-887;-9;0;0
18.674;-904;-14;0;0
18.679;-920;-16;0;0
18.684;-938;-17;0;0
18.689;-955;-18;0;0
18.694;-970;-17;0;0
18.699;-982;-15;0;0
18.704;-992;-12;0;0
18.709;-998;-5;0;0
18.714;-999;1;0;0
18.719;-995;12;0;0
18.724;-985;23;0;0
18.729;-964;39;0;0
18.734;-935;57;0;0
18.739;-901;75;0;0
18.744;-852;96;0;0
18.749;-799;117;0;0
18.754;-734;140;0;0
18.759;-655;164;0;0
18.764;-568;188;0;0
18.769;-467;210;0;0
18.774;-368;227;0;0
18.779;-248;246;0;0
18.784;-125;261;0;0
18.789;-7;271;0;0
18.794;109;276;0;0
18.799;233;276;0;0
18.804;346;269;0;0
18.809;453;258;0;0
18.814;555;241;0;0
18.819;649;221;0;0
18.824;728;198;0;0
18.829;799;174;0;0
18.834;860;146;0;0
18.839;911;117;0;0
18.844;948;89;0;0
18.849;972;64;0;0
18.854;990;37;0;0
18.859;998;16;0;0
18.864;999;-5;0;0
18.869;995;-22;0;0
18.874;985;-39;0;0
18.879;974;-49;0;0
18.884;958;-59;0;0
18.889;940;-66;0;0
18.894;920;-73;0;0
18.899;901;-78;0;0
18.904;883;-79;0;0
18.909;864;-79;0;0
18.914;844;-79;0;0
18.919;827;-77;0;0
18.924;809;-74;0;0
18.929;794;-72;0;0
18.934;780;-69;0;0
18.939;770;-64;0;0
18.944;760;-59;0;0
18.949;760;-53;0;0
18.954;755;-48;0;0
18.959;755;-43;0;0
18.964;755;-38;0;0
18.969;755;-34;0;0
18.974;760;-27;0;0
18.979;765;-22;0;0
18.984;780;-16;0;0
18.989;790;-10;0;0
18.994;799;-4;0;0
18.999;818;1;0;0
19.004;835;7;0;0
19.009;852;11;0;0
19.014;872;16;0;0
19.019;894;19;0;0
19.024;911;21;0;0
19.029;929;22;0;0
19.034;946;22;0;0
19.039;964;21;0;0
19.044;979;18;0;0
19.049;991;13;0;0
19.054;997;7;0;0
19.059;999;0;0;0
19.064;996;-11;0;0
19.069;985;-25;0;0
19.074;968;-38;0;0
19.079;940;-56;0;0
19.084;901;-76;0;0
19.089;852;-99;0;0
19.094;794;-123;0;0
19.099;718;-149;0;0
19.104;637;-175;0;0
19.109;549;-197;0;0
19.114;446;-219;0;0
19.119;338;-239;0;0
19.124;218;-257;0;0
19.129;94;-270;0;0
19.134;-31;-278;0;0
19.139;-156;-279;0;0
19.144;-278;-279;0;0
19.149;-397;-272;0;0
19.154;-515;-259;0;0
19.159;-612;-239;0;0
19.164;-701;-217;0;0
19.169;-780;-191;0;0
19.174;-844;-161;0;0
19.179;-898;-131;0;0
19.184;-938;-102;0;0
19.189;-970;-70;0;0
19.194;-987;-44;0;0
19.199;-998;-17;0;0
19.204;-999;8;0;0
19.209;-993;28;0;0
19.214;-982;46;0;0
19.219;-968;58;0;0
19.224;-951;69;0;0
19.229;-926;80;0;0
19.234;-904;86;0;0
19.239;-883;88;0;0
19.244;-856;92;0;0
19.249;-835;92;0;0
19.254;-813;91;0;0
19.259;-794;88;0;0
19.264;-770;87;0;0
19.269;-750;84;0;0
19.274;-739;79;0;0
19.279;-718;75;0;0
19.284;-707;71;0;0
19.289;-695;65;0;0
19.294;-690;59;0;0
19.299;-678;54;0;0
19.304;-673;49;0;0
19.309;-673;44;0;0
19.314;-673;40;0;0
19.319;-678;34;0;0
19.324;-684;28;0;0
19.329;-690;22;0;0
19.334;-701;16;0;0
19.339;-712;10;0;0
19.344;-723;4;0;0
19.349;-739;-1;0;0
19.354;-760;-6;0;0
19.359;-780;-12;0;0
19.364;-799;-16;0;0
19.369;-818;-21;0;0
19.374;-840;-24;0;0
19.379;-864;-27;0;0
19.384;-887;-29;0;0
19.389;-911;-30;0;0
19.394;-932;-29;0;0
19.399;-955;-27;0;0
19.404;-972;-24;0;0
19.409;-985;-19;0;0
19.414;-995;-11;0;0
19.419;-999;-2;0;0
19.424;-998;9;0;0
19.429;-987;24;0;0
19.434;-970;40;0;0
19.439;-943;60;0;0
19.444;-904;81;0;0
19.449;-856;102;0;0
19.454;-799;124;0;0
19.459;-723;151;0;0
19.464;-643;176;0;0
19.469;-549;202;0;0
19.474;-439;227;0;0
19.479;-338;245;0;0
19.484;-210;266;0;0
19.489;-78;281;0;0
19.494;47;290;0;0
19.499;171;291;0;0
19.504;286;287;0;0
19.509;404;275;0;0
19.514;515;260;0;0
19.519;612;241;0;0
19.524;701;218;0;0
19.529;780;190;0;0
19.534;848;161;0;0
19.539;901;130;0;0
19.544;946;96;0;0
19.549;972;68;0;0
19.554;990;39;0;0
19.559;998;13;0;0
19.564;999;-10;0;0
19.569;993;-30;0;0
19.574;980;-48;0;0
19.579;964;-63;0;0
19.584;946;-74;0;0
19.589;923;-83;0;0
19.594;898;-91;0;0
19.599;872;-96;0;0
19.604;848;-98;0;0
19.609;818;-101;0;0
19.614;794;-101;0;0
19.619;770;-100;0;0
19.624;744;-98;0;0
19.629;723;-94;0;0
19.634;701;-89;0;0
19.639;684;-84;0;0
19.644;667;-80;0;0
19.649;649;-76;0;0
19.654;637;-71;0;0
19.659;625;-66;0;0
19.664;619;-60;0;0
19.669;612;-54;0;0
19.674;606;-49;0;0
19.679;600;-44;0;0
19.684;600;-39;0;0
19.689;600;-35;0;0
19.694;606;-29;0;0
19.699;619;-23;0;0
19.704;625;-17;0;0
19.709;637;-11;0;0
19.714;649;-5;0;0
19.719;667;0;0;0
19.724;684;5;0;0
19.729;695;16;0;0
19.734;718;20;0;0
19.739;744;24;0;0
19.744;770;27;0;0
19.749;790;30;0;0
19.754;818;33;0;0
19.759;844;35;0;0
19.764;872;36;0;0
19.769;898;37;0;0
19.774;920;35;0;0
19.779;943;32;0;0
19.784;964;28;0;0
19.789;979;24;0;0
19.794;992;16;0;0
19.799;998;6;0;0
19.804;999;-4;0;0
19.809;992;-19;0;0
19.814;975;-36;0;0
19.819;951;-55;0;0
19.824;917;-75;0;0
19.829;868;-101;0;0
19.834;804;-128;0;0
19.839;734;-155;0;0
19.844;649;-182;0;0
19.849;555;-209;0;0
19.854;446;-235;0;0
19.859;331;-257;0;0
19.864;210;-273;0;0
19.869;86;-288;0;0
19.874;-47;-296;0;0
19.879;-171;-299;0;0
19.884;-301;-295;0;0
19.889;-425;-285;0;0
19.894;-542;-269;0;0
19.899;-637;-245;0;0
19.904;-734;-218;0;0
19.909;-809;-188;0;0
19.914;-868;-156;0;0
19.919;-920;-121;0;0
19.924;-958;-87;0;0
19.929;-982;-55;0;0
19.934;-995;-27;0;0
19.939;-999;1;0;0
19.944;-994;27;0;0
19.949;-983;47;0;0
19.954;-966;65;0;0
19.959;-946;78;0;0
19.964;-920;90;0;0
19.969;-891;100;0;0
19.974;-864;105;0;0
19.979;-835;109;0;0
19.984;-804;112;0;0
19.989;-780;110;0;0
19.994;-744;111;0;0
19.999;-718;110;0;0
20.004;-690;107;0;0
20.009;-667;103;0;0
20.014;-637;100;0;0
20.019;-612;96;0;0
20.024;-600;91;0;0
20.029;-575;86;0;0
20.034;-562;80;0;0
20.039;-549;75;0;0
20.044;-535;69;0;0
20.049;-522;67;0;0
20.054;-515;63;0;0
20.059;-509;56;0;0
20.064;-502;51;0;0
20.069;-495;46;0;0
20.074;-495;41;0;0
20.079;-495;37;0;0
20.084;-502;29;0;0
20.089;-509;23;0;0
20.094;-515;18;0;0
20.099;-522;13;0;0
20.104;-535;8;0;0
20.109;-549;3;0;0
20.114;-568;-1;0;0
20.119;-581;-7;0;0
20.124;-600;-13;0;0
20.129;-625;-18;0;0
20.134;-649;-23;0;0
20.139;-673;-26;0;0
20.144;-701;-32;0;0
20.149;-728;-37;0;0
20.154;-755;-39;0;0
20.159;-785;-41;0;0
20.164;-813;-43;0;0
20.169;-844;-44;0;0
20.174;-872;-44;0;0
20.179;-901;-43;0;0
20.184;-926;-40;0;0
20.189;-951;-36;0;0
20.194;-972;-30;0;0
20.199;-986;-22;0;0
20.204;-996;-11;0;0
20.209;-1000;0;0;0
20.214;-995;16;0;0
20.219;-982;33;0;0
20.224;-955;56;0;0
20.229;-920;79;0;0
20.234;-872;105;0;0
20.239;-818;129;0;0
20.244;-744;157;0;0
20.249;-661;184;0;0
20.254;-562;211;0;0
20.259;-460;235;0;0
20.264;-346;257;0;0
20.269;-218;277;0;0
20.274;-86;291;0;0
20.279;47;299;0;0
20.284;171;298;0;0
20.289;294;293;0;0
20.294;418;282;0;0
20.299;529;267;0;0
20.304;631;245;0;0
20.309;723;218;0;0
20.314;799;189;0;0
20.319;868;156;0;0
20.324;920;122;0;0
20.329;958;88;0;0
20.334;982;56;0;0
20.339;996;25;0;0
20.344;999;-1;0;0
20.349;995;-25;0;0
20.354;983;-47;0;0
20.359;964;-67;0;0
20.364;943;-82;0;0
20.369;917;-94;0;0
20.374;887;-104;0;0
20.379;856;-111;0;0
20.384;827;-115;0;0
20.389;790;-120;0;0
20.394;760;-122;0;0
20.399;723;-125;0;0
20.404;690;-124;0;0
20.409;661;-121;0;0
20.414;625;-119;0;0
20.419;600;-113;0;0
20.424;575;-109;0;0
20.429;542;-111;0;0
20.434;515;-107;0;0
20.439;495;-104;0;0
20.444;474;-96;0;0
20.449;453;-89;0;0
20.454;439;-84;0;0
20.459;418;-78;0;0
20.464;404;-73;0;0
20.469;389;-67;0;0
20.474;382;-62;0;0
20.479;375;-57;0;0
20.484;360;-55;0;0
20.489;353;-51;0;0
20.494;353;-47;0;0
20.499;346;-43;0;0
20.504;346;-38;0;0
20.509;346;-34;0;0
20.514;346;-31;0;0
20.519;346;-28;0;0
20.524;353;-25;0;0
20.529;353;-20;0;0
20.534;353;-16;0;0
20.539;368;-13;0;0
20.544;375;-9;0;0
20.549;382;-5;0;0
20.554;397;-1;0;0
20.559;411;2;0;0
20.564;425;6;0;0
20.569;439;11;0;0
20.574;460;15;0;0
20.579;481;19;0;0
20.584;502;24;0;0
20.589;522;28;0;0
20.594;549;31;0;0
20.599;575;35;0;0
20.604;600;39;0;0
20.609;637;44;0;0
20.614;673;47;0;0
20.619;701;50;0;0
20.624;739;51;0;0
20.629;770;52;0;0
20.634;799;54;0;0
20.639;835;53;0;0
20.644;868;53;0;0
20.649;901;50;0;0
20.654;929;45;0;0
20.659;953;39;0;0
20.664;974;31;0;0
20.669;990;21;0;0
20.674;998;8;0;0
20.679;999;-5;0;0
20.684;992;-22;0;0
20.689;975;-41;0;0
20.694;946;-64;0;0
20.699;908;-88;0;0
20.704;852;-117;0;0
20.709;785;-145;0;0
20.714;707;-174;0;0
20.719;612;-204;0;0
20.724;509;-230;0;0
20.729;389;-255;0;0
20.734;263;-278;0;0
20.739;140;-294;0;0
20.744;7;-304;0;0
20.749;-125;-308;0;0
20.754;-263;-307;0;0
20.759;-397;-297;0;0
20.764;-522;-281;0;0
20.769;-625;-258;0;0
20.774;-718;-232;0;0
20.779;-804;-198;0;0
20.784;-868;-162;0;0
20.789;-920;-126;0;0
20.794;-960;-89;0;0
20.799;-985;-54;0;0
20.804;-997;-21;0;0
20.809;-999;9;0;0
20.814;-991;39;0;0
20.819;-975;61;0;0
20.824;-955;79;0;0
20.829;-926;97;0;0
20.834;-894;112;0;0
20.839;-860;121;0;0
20.844;-827;128;0;0
20.849;-790;131;0;0
20.854;-755;132;0;0
20.859;-712;136;0;0
20.864;-673;136;0;0
20.869;-637;135;0;0
20.874;-600;133;0;0
20.879;-562;131;0;0
20.884;-529;127;0;0
20.889;-495;123;0;0
20.894;-467;117;0;0
20.899;-432;113;0;0
20.904;-397;110;0;0
20.909;-368;105;0;0
20.914;-346;101;0;0
20.919;-323;94;0;0
20.924;-294;89;0;0
20.929;-271;85;0;0
20.934;-248;82;0;0
20.939;-233;79;0;0
20.944;-202;74;0;0
20.949;-187;70;0;0
20.954;-171;67;0;0
20.959;-148;68;0;0
20.964;-133;64;0;0
20.969;-109;60;0;0
20.974;-101;57;0;0
20.979;-86;54;0;0
20.984;-62;51;0;0
20.989;-47;52;0;0
20.994;-31;50;0;0
20.999;-15;48;0;0
21.004;0;46;0;0
21.009;15;44;0;0
21.014;23;42;0;0
21.019;39;40;0;0
21.024;54;40;0;0
21.029;70;38;0;0
21.034;86;38;0;0
21.039;101;37;0;0
21.044;109;36;0;0
21.049;125;35;0;0
21.054;140;39;0;0
21.059;156;38;0;0
21.064;171;38;0;0
21.069;187;38;0;0
21.074;202;38;0;0
21.079;225;37;0;0
21.084;241;38;0;0
21.089;263;38;0;0
21.094;278;39;0;0
21.099;301;41;0;0
21.104;323;42;0;0
21.109;346;42;0;0
21.114;375;44;0;0
21.119;10472;0;0;0
21.124;10647;0;0;0
21.129;10822;0;0;0
21.134;11045;0;0;0
21.139;11270;0;0;0
21.144;11492;0;0;0
21.149;11715;0;0;0
21.154;11934;0;0;0
21.159;12188;0;0;0
21.164;12483;0;0;0
21.169;12768;0;0;0
21.174;13051;0;0;0
21.179;13322;0;0;0
21.184;13621;0;0;0
21.189;13903;0;0;0
21.194;14176;0;0;0
21.199;14483;0;0;0
21.204;14759;0;0;0
21.209;14991;0;0;0
21.214;15200;0;0;0
21.219;15421;0;0;0
21.224;15600;0;0;0
21.229;15719;0;0;0
21.234;15797;0;0;0
21.239;15823;0;0;0
21.244;15780;0;0;0
21.249;15663;0;0;0
21.254;15456;0;0;0
21.259;15146;0;0;0
21.264;14782;0;0;0
21.269;14312;0;0;0
21.274;13769;0;0;0
21.279;13162;0;0;0
21.284;12452;0;0;0
21.289;11737;0;0;0
21.294;10976;0;0;0
21.299;10192;0;0;0
21.304;9349;0;0;0
21.309;8591;0;0;0
21.314;7783;0;0;0
21.319;7043;0;0;0
21.324;6273;0;0;0
21.329;5664;0;0;0
21.334;5048;0;0;0
21.339;4470;0;0;0
21.344;3959;0;0;0
21.349;3553;0;0;0
21.354;3145;0;0;0
21.359;2805;0;0;0
21.364;2498;0;0;0
21.369;2242;0;0;0
21.374;2025;0;0;0
21.379;1834;0;0;0
21.384;1676;0;0;0
21.389;1538;0;0;0
21.394;1424;0;0;0
21.399;1316;0;0;0
21.404;1224;0;0;0
21.409;1128;0;0;0
21.414;1039;0;0;0
21.419;968;0;0;0
21.424;883;0;0;0
21.429;796;0;0;0
21.434;703;0;0;0
21.439;605;0;0;0
21.444;509;0;0;0
21.449;414;0;0;0
21.454;302;0;0;0
21.459;190;0;0;0
21.464;87;0;0;0
21.469;-28;0;0;0
21.474;-138;0;0;0
21.479;-244;0;0;0
21.484;-343;0;0;0
21.489;-429;0;0;0
21.494;-506;0;0;0
21.499;-555;0;0;0
21.504;-590;0;0;0
21.509;-589;0;0;0
21.514;-541;0;0;0
21.519;-482;0;0;0
21.524;-394;0;0;0
21.529;-231;0;0;0
21.534;-23;0;0;0
21.539;216;0;0;0
21.544;533;0;0;0
21.549;890;0;0;0
21.554;1331;0;0;0
21.559;1769;0;0;0
21.564;2248;0;0;0
21.569;2794;0;0;0
21.574;3383;0;0;0
21.579;3988;0;0;0
21.584;4614;0;0;0
21.589;5212;0;0;0
21.594;5805;0;0;0
21.599;6458;0;0;0
21.604;7069;0;0;0
21.609;7622;0;0;0
21.614;8170;0;0;0
21.619;8703;0;0;0
21.624;9185;0;0;0
21.629;9698;0;0;0
21.634;10110;0;0;0
21.639;10508;0;0;0
21.644;10896;0;0;0
21.649;11234;0;0;0
21.654;11560;0;0;0
21.659;11838;0;0;0
21.664;12110;0;0;0
21.669;12367;0;0;0
21.674;12574;0;0;0
21.679;12767;0;0;0
21.684;12953;0;0;0
21.689;13102;0;0;0
21.694;13249;0;0;0
21.699;13405;0;0;0
21.704;13529;0;0;0
21.709;13647;0;0;0
21.714;13748;0;0;0
21.719;13835;0;0;0
21.724;13933;0;0;0
21.729;13991;0;0;0
21.734;14053;0;0;0
21.739;14088;0;0;0
21.744;14119;0;0;0
21.749;14148;0;0;0
21.754;14141;0;0;0
21.759;14106;0;0;0
21.764;14055;0;0;0
21.769;13992;0;0;0
21.774;13895;0;0;0
21.779;13741;0;0;0
21.784;13569;0;0;0
21.789;13379;0;0;0
21.794;13171;0;0;0
21.799;12900;0;0;0
21.804;12615;0;0;0
21.809;12259;0;0;0
21.814;11922;0;0;0
21.819;11571;0;0;0
21.824;11156;0;0;0
21.829;10771;0;0;0
21.834;10276;0;0;0
21.839;9864;0;0;0
21.844;9439;0;0;0
21.849;8969;0;0;0
21.854;8478;0;0;0
21.859;8039;0;0;0
21.864;7594;0;0;0
21.869;7150;0;0;0
21.874;6706;0;0;0
21.879;6310;0;0;0
21.884;5922;0;0;0
21.889;5535;0;0;0
21.894;5198;0;0;0
21.899;4902;0;0;0
21.904;4578;0;0;0
21.909;4289;0;0;0
21.914;4013;0;0;0
21.919;3774;0;0;0
21.924;3547;0;0;0
21.929;3312;0;0;0
21.934;3121;0;0;0
21.939;2970;0;0;0
21.944;2813;0;0;0
21.949;2694;0;0;0
21.954;2546;0;0;0
21.959;2463;0;0;0
21.964;2380;0;0;0
21.969;2299;0;0;0
21.974;2252;0;0;0
21.979;2206;0;0;0
21.984;2163;0;0;0
21.989;2160;0;0;0
21.994;2154;0;0;0
21.999;2189;0;0;0
22.004;2234;0;0;0
22.009;2321;0;0;0
22.014;2372;0;0;0
22.019;2471;0;0;0
22.024;2620;0;0;0
22.029;2773;0;0;0
22.034;2898;0;0;0
22.039;3117;0;0;0
22.044;3308;0;0;0
22.049;3505;0;0;0
22.054;3751;0;0;0
22.059;4016;0;0;0
22.064;4286;0;0;0
22.069;4574;0;0;0
22.074;4860;0;0;0
22.079;5166;0;0;0
22.084;5469;0;0;0
22.089;5837;0;0;0
22.094;6210;0;0;0
22.099;6476;0;0;0
22.104;6754;0;0;0
22.109;7087;0;0;0
22.114;7373;0;0;0
22.119;7715;0;0;0
22.124;8002;0;0;0
22.129;8241;0;0;0
22.134;8534;0;0;0
22.139;8825;0;0;0
22.144;9072;0;0;0
22.149;9315;0;0;0
22.154;9508;0;0;0
22.159;9702;0;0;0
22.164;9943;0;0;0
22.169;10095;0;0;0
22.174;10294;0;0;0
22.179;10440;0;0;0
22.184;10594;0;0;0
22.189;10695;0;0;0
22.194;10804;0;0;0
22.199;10911;0;0;0
22.204;10973;0;0;0
22.209;11034;0;0;0
22.214;11094;0;0;0
22.219;11152;0;0;0
22.224;11165;0;0;0
22.229;11175;0;0;0
22.234;11145;0;0;0
22.239;11151;0;0;0
22.244;11117;0;0;0
22.249;11074;0;0;0
22.254;10982;0;0;0
22.259;10889;0;0;0
22.264;10837;0;0;0
22.269;10737;0;0;0
22.274;10628;0;0;0
22.279;10471;0;0;0
22.284;10356;0;0;0
22.289;10191;0;0;0
22.294;10010;0;0;0
22.299;9832;0;0;0
22.304;9651;0;0;0
22.309;9458;0;0;0
22.314;9263;0;0;0
22.319;9064;0;0;0
22.324;8862;0;0;0
22.329;8649;0;0;0
22.334;8388;0;0;0
22.339;8182;0;0;0
22.344;7960;0;0;0
22.349;7741;0;0;0
22.354;7564;0;0;0
22.359;7340;0;0;0
22.364;7112;0;0;0
22.369;6883;0;0;0
22.374;6754;0;0;0
22.379;6520;0;0;0
22.384;6335;0;0;0
22.389;6201;0;0;0
22.394;6013;0;0;0
22.399;5877;0;0;0
22.404;5745;0;0;0
22.409;5605;0;0;0
22.414;5466;0;0;0
22.419;5325;0;0;0
22.424;5236;0;0;0
22.429;5146;0;0;0
22.434;5103;0;0;0
22.439;5015;0;0;0
22.444;4972;0;0;0
22.449;4929;0;0;0
22.454;4888;0;0;0
22.459;4892;0;0;0
22.464;4853;0;0;0
22.469;4814;0;0;0
22.474;4823;0;0;0
22.479;4832;0;0;0
22.484;4895;0;0;0
22.489;4960;0;0;0
22.494;5028;0;0;0
22.499;5090;0;0;0
22.504;5161;0;0;0
22.509;5189;0;0;0
22.514;5316;0;0;0
22.519;5340;0;0;0
22.524;5472;0;0;0
22.529;5553;0;0;0
22.534;5689;0;0;0
22.539;5834;0;0;0
22.544;5923;0;0;0
22.549;6020;0;0;0
22.554;6166;0;0;0
22.559;6366;0;0;0
22.564;6524;0;0;0
22.569;6625;0;0;0
22.574;6735;0;0;0
22.579;6846;0;0;0
22.584;6996;0;0;0
22.589;7163;0;0;0
22.594;7281;0;0;0
22.599;7446;0;0;0
22.604;7515;0;0;0
22.609;7681;0;0;0
22.614;7805;0;0;0
22.619;7930;0;0;0
22.624;8050;0;0;0
22.629;8178;0;0;0
22.634;8248;0;0;0
22.639;8377;0;0;0