t;e;d;i;set

2.514;7;-11.627906976744185;0;0
2.519;0;24.154589371980677;0;0
2.524;0;-13.66120218579235;0;0
2.529;0;-6.031363088057901;0;0
2.534;7;-16.949152542372882;0;0
2.539;0;13.850415512465373;0;0
2.544;0;-32.89473684210526;0;0
2.549;0;-31.446540880503143;0;0
2.554;7;35.46099290780142;0;0
2.559;7;7.8125;0;0
2.564;7;4.385964912280702;0;0
2.569;7;3.048780487804878;0;0
2.574;7;2.336448598130841;0;0
2.579;7;1.893939393939394;0;0
2.584;7;1.5923566878980893;0;0
2.589;7;1.3736263736263736;0;0
2.594;7;1.2077294685990339;0;0
2.599;7;1.0775862068965518;0;0
2.604;7;0.9727626459143969;0;0
2.609;7;0.8865248226950354;0;0
2.614;7;0.8143322475570033;0;0
2.619;7;0.7530120481927711;0;0
2.624;7;0.7002801120448179;0;0
2.629;7;0.6544502617801047;0;0
2.634;7;0.6142506142506142;0;0
2.639;7;0.5787037037037037;0;0
2.644;7;0.5470459518599562;0;0
2.649;7;0.5186721991701245;0;0
2.654;7;0.4930966469428008;0;0
2.659;7;0.4699248120300752;0;0
2.664;7;0.4488330341113106;0;0
2.669;7;0.42955326460481097;0;0
2.674;7;0.41186161449752884;0;0
2.679;7;0.39556962025316456;0;0
2.684;7;0.380517503805175;0;0
2.689;7;0.36656891495601174;0;0
2.694;7;0.3536067892503536;0;0
2.699;7;0.34153005464480873;0;0
2.704;7;0.33025099075297226;0;0
2.709;7;0.319693094629156;0;0
2.714;7;0.3097893432465923;0;0
2.719;7;0.3004807692307692;0;0
2.724;7;0.29171528588098017;0;0
2.729;7;0.2834467120181406;0;0
2.734;7;0.2756339581036384;0;0
2.739;7;0.26824034334763946;0;0
2.744;7;0.2612330198537095;0;0
2.749;7;0.2545824847250509;0;0
2.754;7;0.24826216484607747;0;0
2.759;7;0.24224806201550386;0;0
2.764;7;0.23651844843897823;0;0
2.769;7;0.23105360443622922;0;0
2.774;0;0.7676953784738216;0;0
2.779;0;-33.333333333333336;0;0
2.784;0;-18.315018315018314;0;0
2.789;7;42.3728813559322;0;0
2.794;7;7.27802037845706;0;0
2.799;7;7.246376811594203;0;0
2.804;7;26.041666666666668;0;0
2.809;7;6.570302233902759;0;0
2.814;0;19.76284584980237;0;0
2.819;7;-20.833333333333332;0;0
2.824;7;42.73504273504273;0;0
2.829;7;60.97560975609756;0;0
2.834;0;19.23076923076923;0;0
2.839;0;-4.748338081671415;0;0
2.844;7;36.496350364963504;0;0
2.849;0;-357.14285714285717;0;0
2.854;-7;-8.80281690140845;0;0
2.859;7;67.56756756756756;0;0
2.864;7;11.185682326621924;0;0
2.869;0;-238.0952380952381;0;0
2.874;0;-8.077544426494345;0;0
2.879;0;-4.468275245755138;0;0
2.884;7;-64.1025641025641;0;0
2.889;7;6.954102920723226;0;0
2.894;7;4.1017227235438884;0;0
2.899;7;2.908667830133799;0;0
2.904;7;2.253267237494367;0;0
2.909;7;1.8389113644722324;0;0
2.914;7;1.5532774153463809;0;0
2.919;7;1.3444474321054047;0;0
2.924;7;1.1851149561507466;0;0
2.929;7;1.0595465140919686;0;0
2.934;7;0.9580379383023567;0;0
2.939;7;0.8742787200559539;0;0
2.944;7;0.8039877793857534;0;0
2.949;7;0.744158356898348;0;0
2.954;7;0.6926167059149466;0;0
2.959;7;0.6477522995206633;0;0
2.964;7;0.6083465141744738;0;0
2.969;7;0.5734602592040372;0;0
2.974;7;0.5423581733376722;0;0
2.979;7;0.5144562197756971;0;0
2.984;7;0.48928466581857327;0;0
2.989;7;0.46646142364026494;0;0
2.994;7;0.4456725198324271;0;0
2.999;7;0.42665756463862103;0;0
3.004;7;0.4091987887715852;0;0
3.009;7;0.3931126660901014;0;0
3.014;7;0.3782434374763598;0;0
3.019;7;0.3644580508783439;0;0
3.024;7;0.35164216892889794;0;0
3.029;7;0.3396969902846661;0;0
3.034;7;0.32853669754911624;0;0
3.039;7;0.31808639226413893;0;0
3.044;7;0.3082804118626302;0;0
3.049;7;0.29906094862132904;0;0
3.054;7;0.29037690922817816;0;0
3.059;7;0.28218296743608556;0;0
3.064;7;0.27443877270980843;0;0
3.069;7;0.2671082856990224;0;0
3.074;7;0.26015921744107395;0;0
3.079;7;0.2535625538820427;0;0
3.084;7;0.24729215094712895;0;0
3.089;7;0.2413243882426758;0;0
3.094;7;0.23563787171874265;0;0
3.099;7;0.2302131774022745;0;0
3.104;7;0.22503262973131105;0;0
3.109;7;0.22008010915973414;0;0
3.114;7;0.21534088462035403;0;0
3.119;7;0.21080146717821155;0;0
3.124;7;0.20644948181180064;0;0
3.129;7;0.20227355475545128;0;0
3.134;7;0.19826321424322932;0;0
3.139;7;0.19440880283059217;0;0
3.144;7;0.19070139974827416;0;0
3.149;7;0.18713275197425053;0;0
3.154;7;0.18369521290275176;0;0
3.159;7;0.18038168765106966;0;0
3.164;7;0.17718558418087105;0;0
3.169;7;0.1741007695254013;0;0
3.174;7;0.1711215305109689;0;0
3.179;7;0.16824253844342005;0;0
3.184;7;0.16545881730037393;0;0
3.189;7;0.16276571502978612;0;0
3.194;7;0.16015887760658573;0;0
3.199;7;0.1576342255430499;0;0
3.204;7;0.15518793258636207;0;0
3.209;7;-104.16666666666667;0;0
3.214;7;-0.15472211907414285;0;0
3.219;7;-0.15715363339200403;0;0
3.224;7;-0.15966279218290969;0;0
3.229;7;-0.1622533748701973;0;0
3.234;7;-0.16492941021242907;0;0
3.239;7;-0.16769519720955192;0;0
3.244;7;-0.17055532814845137;0;0
3.249;7;-0.17351471404775126;0;0
3.254;7;-0.17657861279841786;0;0
3.259;7;-0.179752660339373;0;0
3.264;7;-0.18304290525699224;0;0
3.269;7;-0.18645584725536993;0;0
3.274;7;-0.1899984800121599;0;0
3.279;7;-0.1936783390145646;0;0
3.284;7;-0.19750355506399114;0;0
3.289;7;-0.2014829142488717;0;0
3.294;7;-0.20563438206868187;0;0
3.299;7;-0.2099517111064455;0;0
3.304;7;-0.2144542140253056;0;0
3.309;7;-0.21915406530791146;0;0
3.314;7;-0.22406453058480844;0;0
3.319;7;-0.22920009168003666;0;0
3.324;7;-0.23457658925639222;0;0
3.329;7;-0.24021138601969733;0;0
3.334;7;-0.24612355402412012;0;0
3.339;7;-0.25233409033560433;0;0
3.344;7;-0.2588661661920787;0;0
3.349;7;-0.26574541589157585;0;0
3.354;7;-0.273000273000273;0;0
3.359;7;-0.280662363177098;0;0
3.364;7;-0.28876696505919724;0;0
3.369;7;-0.29735355337496283;0;0
3.374;7;-0.30646644192460926;0;0
3.379;7;-0.3161555485298767;0;0
3.384;7;-0.32647730982696704;0;0
3.389;7;-0.3374957813027337;0;0
3.394;7;-0.34928396786587496;0;0
3.399;7;-0.3619254433586681;0;0
3.404;7;-0.3755163349605708;0;0
3.409;7;-0.3901677721420211;0;0
3.414;7;-0.4060089321965083;0;0
3.419;7;-0.4231908590774439;0;0
3.424;7;-0.4418912947414936;0;0
3.429;7;-0.4623208506703652;0;0
3.434;7;-0.4847309743092584;0;0
3.439;7;-0.5094243504839532;0;0
3.444;7;-0.536711034778875;0;0
3.449;7;-0.5671506352087115;0;0
3.454;7;-0.6012506012506013;0;0
3.459;7;-0.6397134083930399;0;0
3.464;7;-0.683433570256971;0;0
3.469;7;-0.7335680751173709;0;0
3.474;7;-0.7916402786573781;0;0
3.479;7;-0.859697386519945;0;0
3.484;7;-0.9405568096313017;0;0
3.489;7;-1.0382059800664452;0;0
3.494;7;-1.1584800741427248;0;0
3.499;7;-1.310272536687631;0;0
3.504;7;-1.5078407720144753;0;0
3.509;7;-1.7755681818181819;0;0
3.514;7;-2.158894645941278;0;0
3.519;7;-2.753303964757709;0;0
3.524;7;-3.7993920972644375;0;0
3.529;7;-6.127450980392157;0;0
3.534;7;-15.822784810126583;0;0
3.539;7;27.3224043715847;0;0
3.544;7;7.320644216691069;0;0
3.549;7;4.22654268808115;0;0
3.554;7;2.9708853238265003;0;0
3.559;0;3.257328990228013;0;0
3.564;7;15.015015015015015;0;0
3.569;0;9.31098696461825;0;0
3.574;0;-34.24657534246575;0;0
3.579;0;-6.830601092896175;0;0
3.584;0;-4.058441558441558;0;0
3.589;0;-2.886836027713626;0;0
3.594;0;-2.240143369175627;0;0
3.599;0;-1.8301610541727673;0;0
3.604;0;-1.547029702970297;0;0
3.609;0;-1.339764201500536;0;0
3.614;0;-1.1814744801512287;0;0
3.619;0;-1.0566356720202874;0;0
3.624;0;-0.9556574923547401;0;0
3.629;0;-0.8722958827634334;0;0
3.634;0;-0.8023106546854942;0;0
3.639;0;-0.7427213309566251;0;0
3.644;0;-0.6913716814159292;0;0
3.649;0;-0.6466632177961718;0;0
3.654;0;-0.6073858114674441;0;0
3.659;0;-0.5726065048098946;0;0
3.664;0;-0.5415944540727903;0;0
3.669;0;-0.5137690094533498;0;0
3.674;0;-0.48866301798279904;0;0
3.679;0;-0.46585297680052173;0;0
3.684;0;-0.44511706578830235;0;0
3.689;0;-0.42614847012699225;0;0
3.694;0;-0.40873048311943105;0;0
3.699;0;-0.39268043666064556;0;0
3.704;0;-0.3778432706113504;0;0
3.709;0;-0.36408650695405226;0;0
3.714;0;-0.35129628328532286;0;0
3.719;0;-0.33937419398628926;0;0
3.724;0;-0.32823475349570014;0;0
3.729;0;-0.31780334329117144;0;0
3.734;0;-0.3080145382862071;0;0
3.739;0;-0.29881073328153945;0;0
3.744;0;-0.2901410085301456;0;0
3.749;0;-0.2819601872215643;0;0
3.754;0;-0.27422804804475404;0;0
3.759;0;-0.26690866385522877;0;0
3.764;0;-0.2599698434981542;0;0
3.769;0;-0.2533826584908529;0;0
3.774;0;-0.24712103988533585;0;0
3.779;0;-0.2411614334635605;0;0
3.784;0;-0.2354825036499788;0;0
3.789;0;-0.23006487829567937;0;0
3.794;0;-0.2248909278999685;0;0
3.799;0;-0.21994457396736022;0;0
3.804;0;-0.2152111221107907;0;0
3.809;0;-0.21067711625163274;0;0
3.814;0;-0.2063302108694755;0;0
3.819;0;-0.20215905874742246;0;0
3.824;0;-0.19815321206356756;0;0
3.829;0;-0.1943030350134069;0;0
3.834;0;-0.19059962642473222;0;0
3.839;0;-0.18703475105674636;0;0
3.844;0;-0.1836007784673007;0;0
3.849;0;-0.18029062849313093;0;0
3.854;0;-0.17709772252328834;0;0
3.859;0;-0.17401593986009117;0;0
3.864;0;-0.17103957855847843;0;0
3.869;0;-0.16816332021659436;0;0
3.874;0;-0.16538219826017928;0;0
3.879;0;-0.16269156932287768;0;0
3.884;0;-0.1600870873755323;0;0
3.889;0;-0.15756468030126367;0;0
3.894;0;-0.15512052865076165;0;0
3.899;0;142.85714285714286;0;0
3.904;7;0.4354262823304015;0;0
3.909;7;10.121457489878543;0;0
3.914;7;5.030181086519114;0;0
3.919;7;3.3467202141900936;0;0
3.924;15;2.256317689530686;0;0
3.929;23;3.676470588235294;0;0
3.934;23;-16.89189189189189;0;0
3.939;39;7.173601147776184;0;0
3.944;39;10.91703056768559;0;0
3.949;54;9.861932938856016;0;0
3.954;70;11.627906976744185;0;0
3.959;78;10.775862068965518;0;0
3.964;94;11.655011655011656;0;0
3.969;101;15.67398119122257;0;0
3.974;125;17.793594306049823;0;0
3.979;140;16.556291390728475;0;0
3.984;156;15.67398119122257;0;0
3.989;179;14.836795252225519;0;0
3.994;195;19.23076923076923;0;0
3.999;218;19.53125;0;0
4.004;233;17.24137931034483;0;0
4.009;256;16.835016835016834;0;0
4.014;286;22.52252252252252;0;0
4.019;301;22.026431718061673;0;0
4.024;323;25.252525252525253;0;0
4.029;346;18.181818181818183;0;0
4.034;368;21.1864406779661;0;0
4.039;389;18.796992481203006;0;0
4.044;411;19.607843137254903;0;0
4.049;432;24.271844660194176;0;0
4.054;460;32.467532467532465;0;0
4.059;474;19.76284584980237;0;0
4.064;502;23.14814814814815;0;0
4.069;522;22.831050228310502;0;0
4.074;542;20.408163265306122;0;0
4.079;549;13.850415512465373;0;0
4.084;568;14.084507042253522;0;0
4.089;581;18.867924528301888;0;0
4.094;600;23.923444976076556;0;0
4.099;612;19.9203187250996;0;0
4.104;625;15.24390243902439;0;0
4.109;631;15.479876160990711;0;0
4.114;643;17.54385964912281;0;0
4.119;649;11.086474501108647;0;0
4.124;661;9.900990099009901;0;0
4.129;667;12.626262626262626;0;0
4.134;678;9.433962264150944;0;0
4.139;684;10.75268817204301;0;0
4.144;690;15.479876160990711;0;0
4.149;690;9.293680297397769;0;0
4.154;695;4.970178926441352;0;0
4.159;701;8.319467554076539;0;0
4.164;707;8.431703204047217;0;0
4.169;707;4.574565416285453;0;0
4.174;712;7.621951219512195;0;0
4.179;712;9.074410163339383;0;0
4.184;712;4.757373929590866;0;0
4.189;718;3.1486146095717884;0;0
4.194;723;4.1017227235438884;0;0
4.199;723;10.683760683760683;0;0
4.204;723;5.1652892561983474;0;0
4.209;728;3.257328990228013;0;0
4.214;728;2.540650406504065;0;0
4.219;734;2.454590083456063;0;0
4.224;734;7.621951219512195;0;0
4.229;734;6.410256410256411;0;0
4.234;734;3.90625;0;0
4.239;734;2.807411566535654;0;0
4.244;739;2.242152466367713;0;0
4.249;739;1.7979144192736425;0;0
4.254;744;3.0432136335970785;0;0
4.259;744;10.224948875255624;0;0
4.264;750;4.3591979075850045;0;0
4.269;750;3.0358227079538556;0;0
4.274;755;5.567928730512249;0;0
4.279;755;7.575757575757576;0;0
4.284;760;4.078303425774878;0;0
4.289;765;5.13347022587269;0;0
4.294;770;9.727626459143968;0;0
4.299;775;6.218905472636816;0;0
4.304;775;10.438413361169102;0;0
4.309;780;5.530973451327434;0;0
4.314;790;6.97350069735007;0;0
4.319;794;8.488964346349745;0;0
4.324;794;11.933174224343675;0;0
4.329;804;5.85480093676815;0;0
4.334;809;8.025682182985554;0;0
4.339;813;9.157509157509157;0;0
4.344;818;11.013215859030836;0;0
4.349;822;8.741258741258742;0;0
4.354;827;9.861932938856016;0;0
4.359;831;12.254901960784315;0;0
4.364;831;7.9113924050632916;0;0
4.369;835;4.566210045662101;0;0
4.374;835;3.061849357011635;0;0
4.379;840;4.081632653061225;0;0
4.384;840;11.210762331838565;0;0
4.389;840;5.291005291005291;0;0
4.394;840;3.4602076124567476;0;0
4.399;835;4.170141784820684;0;0
4.404;835;-11.848341232227488;0;0
4.409;835;-22.22222222222222;0;0
4.414;835;-13.157894736842104;0;0
4.419;840;87.71929824561404;0;0
4.424;840;8.547008547008547;0;0
4.429;840;4.608294930875576;0;0
4.434;840;3.1525851197982346;0;0
4.439;840;2.3969319271332696;0;0
4.444;844;1.859427296392711;0;0
4.449;844;1.5678896205707118;0;0
4.454;848;2.031694433157253;0;0
4.459;848;14.880952380952381;0;0
4.464;852;6.002400960384153;0;0
4.469;856;8.210180623973727;0;0
4.474;864;10.080645161290322;0;0
4.479;864;11.26126126126126;0;0
4.484;872;8.695652173913043;0;0
4.489;880;17.123287671232877;0;0
4.494;887;11.79245283018868;0;0
4.499;894;10.548523206751055;0;0
4.504;898;12.345679012345679;0;0
4.509;904;11.961722488038278;0;0
4.514;911;13.477088948787062;0;0
4.519;920;13.66120218579235;0;0
4.524;926;19.305019305019304;0;0
4.529;932;27.932960893854748;0;0
4.534;940;17.6678445229682;0;0
4.539;946;19.9203187250996;0;0
4.544;953;16.44736842105263;0;0
4.549;955;13.774104683195592;0;0
4.554;962;12.987012987012987;0;0
4.559;966;13.123359580052494;0;0
4.564;970;12.919896640826874;0;0
4.569;974;12.376237623762377;0;0
4.574;977;12.376237623762377;0;0
4.579;979;12.953367875647668;0;0
4.584;980;12.72264631043257;0;0
4.589;982;9.469696969696969;0;0
4.594;983;10.245901639344263;0;0
4.599;983;7.440476190476191;0;0
4.604;983;4.266211604095563;0;0
4.609;983;2.9886431560071727;0;0
4.614;983;2.300966405890474;0;0
4.619;983;1.8705574261129816;0;0
4.624;982;2.5906735751295336;0;0
4.629;980;-5.649717514124294;0;0
4.634;979;-6.211180124223603;0;0
4.639;977;-7.739938080495356;0;0
4.644;975;-6.906077348066298;0;0
4.649;974;-8.80281690140845;0;0
4.654;970;-10.91703056768559;0;0
4.659;968;-13.157894736842104;0;0
4.664;964;-13.550135501355014;0;0
4.669;962;-11.494252873563218;0;0
4.674;958;-11.764705882352942;0;0
4.679;955;-12.787723785166241;0;0
4.684;953;-10.224948875255624;0;0
4.689;948;-13.550135501355014;0;0
4.694;946;-11.655011655011656;0;0
4.699;943;-10.822510822510823;0;0
4.704;943;-5.889281507656066;0;0
4.709;938;-7.142857142857143;0;0
4.714;938;-6.385696040868455;0;0
4.719;935;-6.105006105006105;0;0
4.724;932;-10.16260162601626;0;0
4.729;932;-5.040322580645161;0;0
4.734;932;-3.5112359550561796;0;0
4.739;932;-2.598752598752599;0;0
4.744;929;-2.891844997108155;0;0
4.749;929;-11.235955056179776;0;0
4.754;929;-5.707762557077626;0;0
4.759;929;-3.633720930232558;0;0
4.764;929;-2.6652452025586353;0;0
4.769;929;-2.1043771043771042;0;0
4.774;929;-1.7385257301808066;0;0
4.779;932;-6.7658998646820026;0;0
4.784;932;9.140767824497258;0;0
4.789;932;4.780114722753346;0;0
4.794;935;2.9069767441860463;0;0
4.799;935;2.2522522522522523;0;0
4.804;938;2.901915264074289;0;0
4.809;938;10.964912280701755;0;0
4.814;943;4.557885141294439;0;0
4.819;943;7.861635220125786;0;0
4.824;946;6.305170239596469;0;0
4.829;948;6.887052341597796;0;0
4.834;951;10.040160642570282;0;0
4.839;953;11.185682326621924;0;0
4.844;955;7.6923076923076925;0;0
4.849;960;8.605851979345955;0;0
4.854;962;14.124293785310735;0;0
4.859;966;15.24390243902439;0;0
4.864;970;15.92356687898089;0;0
4.869;974;11.876484560570072;0;0
4.874;975;10.615711252653927;0;0
4.879;979;11.990407673860911;0;0
4.884;982;13.513513513513514;0;0
4.889;983;19.455252918287936;0;0
4.894;986;9.652509652509652;0;0
4.899;987;9.523809523809524;0;0
4.904;988;15.337423312883436;0;0
4.909;990;8.59106529209622;0;0
4.914;991;10.75268817204301;0;0
4.919;992;8.077544426494345;0;0
4.924;992;4.468275245755138;0;0
4.929;992;3.0413625304136254;0;0
4.934;992;2.332089552238806;0;0
4.939;991;-9.433962264150944;0;0
4.944;991;-1.5903307888040712;0;0
4.949;990;-3.4153005464480874;0;0
4.954;988;-5.924170616113744;0;0
4.959;987;-8.503401360544217;0;0
4.964;986;-8.880994671403197;0;0
4.969;983;-8.880994671403197;0;0
4.974;982;-8.250825082508252;0;0
4.979;980;-9.380863039399625;0;0
4.984;977;-11.876484560570072;0;0
4.989;975;-9.157509157509157;0;0
4.994;972;-9.578544061302683;0;0
4.999;970;-10.869565217391305;0;0
5.004;968;-12.077294685990339;0;0
5.009;966;-10.37344398340249;0;0
5.014;962;-11.160714285714286;0;0
5.019;962;-7.163323782234957;0;0
5.024;960;-9.940357852882704;0;0
5.029;958;-7.8125;0;0
5.034;958;-4.655493482309125;0;0
5.039;958;-3.1766200762388817;0;0
5.044;955;-6.570302233902759;0;0
5.049;958;49.504950495049506;0;0
5.054;958;8.532423208191126;0;0
5.059;960;4.436557231588288;0;0
5.064;962;6.418485237483954;0;0
5.069;962;8.130081300813009;0;0
5.074;964;4.363001745200698;0;0
5.079;966;6.329113924050633;0;0
5.084;970;12.345679012345679;0;0
5.089;972;12.626262626262626;0;0
5.094;974;12.40694789081886;0;0
5.099;977;9.671179883945841;0;0
5.104;977;11.389521640091116;0;0
5.109;980;10.683760683760683;0;0
5.114;983;13.513513513513514;0;0
5.119;985;12.224938875305623;0;0
5.124;986;11.494252873563218;0;0
5.129;988;18.796992481203006;0;0
5.134;990;10.183299389002036;0;0
5.139;991;11.337868480725623;0;0
5.144;992;7.575757575757576;0;0
5.149;993;10.845986984815617;0;0
5.154;993;8.389261744966444;0;0
5.159;993;4.708097928436912;0;0
5.164;994;8.976660682226212;0;0
5.169;994;8.183306055646481;0;0
5.174;994;4.5004500450045;0;0
5.179;994;3.101736972704715;0;0
5.184;994;2.367424242424242;0;0
5.189;993;10.02004008016032;0;0
5.194;993;-7.309941520467836;0;0
5.199;993;-4.219409282700422;0;0
5.204;993;-3.1847133757961785;0;0
5.209;992;-4.830917874396135;0;0
5.214;991;-6.127450980392157;0;0
5.219;990;-5.2521008403361344;0;0
5.224;990;-10.183299389002036;0;0
5.229;988;-5.62429696287964;0;0
5.234;988;-3.7481259370314843;0;0
5.239;987;-6.622516556291391;0;0
5.244;986;-7.331378299120234;0;0
5.249;986;-4.230118443316413;0;0
5.254;986;-3.1645569620253164;0;0
5.259;985;-6.426735218508997;0;0
5.264;985;-8.431703204047217;0;0
5.269;985;-4.574565416285453;0;0
5.274;983;-3.186743148502231;0;0
5.279;983;-2.388915432393693;0;0
5.284;983;-1.9282684149633629;0;0
5.289;983;-1.6165535079211122;0;0
5.294;983;-1.3915947676036737;0;0
5.299;983;-1.221597849987784;0;0
5.304;983;-1.088613106901807;0;0
5.309;985;2.660989888238425;0;0
5.314;985;0.8939746111210441;0;0
5.319;986;1.7152658662092624;0;0
5.324;986;10.224948875255624;0;0
5.329;986;5.060728744939271;0;0
5.334;986;3.360215053763441;0;0
5.339;987;2.230151650312221;0;0
5.344;987;2.008838891120932;0;0
5.349;987;1.672800267648043;0;0
5.354;988;4.122011541632316;0;0
5.359;988;9.380863039399625;0;0
5.364;988;4.844961240310077;0;0
5.369;988;3.2615786040443573;0;0
5.374;988;2.459419576979833;0;0
5.379;988;1.9739439399921042;0;0
5.384;988;1.6485328058028355;0;0
5.389;988;1.4152278516841212;0;0
5.394;988;1.239771881973717;0;0
5.399;988;1.1030222810500772;0;0
5.404;988;0.9934432743890323;0;0
5.409;988;0.9036688957166095;0;0
5.414;988;0.828775070445881;0;0
5.419;988;0.765345170671973;0;0
5.424;987;2.918855808523059;0;0
5.429;987;-7.849293563579278;0;0
5.434;987;-4.397537379067722;0;0
5.439;987;-3.0543677458766036;0;0
5.444;987;-2.339728591483388;0;0
5.449;987;-1.8960940462646947;0;0
5.454;987;-1.593879502709595;0;0
5.459;988;-9.980039920159681;0;0
5.464;988;7.462686567164179;0;0
5.469;988;4.277159965782721;0;0
5.474;988;2.9940119760479043;0;0
5.479;988;2.304147465437788;0;0
5.484;990;1.5110305228165608;0;0
5.489;990;1.5772870662460567;0;0
5.494;991;1.4530659691950014;0;0
5.499;991;3.9619651347068148;0;0
5.504;991;5.931198102016608;0;0
5.509;992;3.3003300330033003;0;0
5.514;992;2.4813895781637716;0;0
5.519;992;2.1340162185232607;0;0
5.524;992;1.7587055926837847;0;0
5.529;993;4.105090311986864;0;0
5.534;993;8.143322475570033;0;0
5.539;993;4.492362982929021;0;0
5.544;993;3.097893432465923;0;0
5.549;993;2.3651844843897822;0;0
5.554;993;1.9127773527161438;0;0
5.559;993;1.6056518946692357;0;0
5.564;993;1.3835085777531821;0;0
5.569;993;1.215362177929023;0;0
5.574;993;1.083658430862592;0;0
5.579;992;5.46448087431694;0;0
5.584;991;-4.382120946538125;0;0
5.589;988;-5.580357142857143;0;0
5.594;986;-14.749262536873156;0;0
5.599;982;-13.88888888888889;0;0
5.604;977;-16.611295681063122;0;0
5.609;970;-20.74688796680498;0;0
5.614;962;-23.80952380952381;0;0
5.619;953;-31.055900621118013;0;0
5.624;938;-27.47252747252747;0;0
5.629;920;-28.90173410404624;0;0
5.634;901;-33.11258278145695;0;0
5.639;876;-33.78378378378378;0;0
5.644;848;-37.878787878787875;0;0
5.649;813;-41.32231404958678;0;0
5.654;775;-43.10344827586207;0;0
5.659;728;-44.24778761061947;0;0
5.664;678;-45.87155963302752;0;0
5.669;619;-51.02040816326531;0;0
5.674;555;-48.54368932038835;0;0
5.679;488;-50.505050505050505;0;0
5.684;418;-53.763440860215056;0;0
5.689;331;-56.17977528089887;0;0
5.694;256;-55.55555555555556;0;0
5.699;171;-53.763440860215056;0;0
5.704;86;-54.94505494505494;0;0
5.709;0;-58.13953488372093;0;0
5.714;-86;-57.47126436781609;0;0
5.719;-179;-58.8235294117647;0;0
5.724;-256;-54.94505494505494;0;0
5.729;-331;-52.083333333333336;0;0
5.734;-411;-51.54639175257732;0;0
5.739;-481;-51.02040816326531;0;0
5.744;-549;-52.083333333333336;0;0
5.749;-606;-48.54368932038835;0;0
5.754;-667;-47.16981132075472;0;0
5.759;-723;-48.54368932038835;0;0
5.764;-765;-44.642857142857146;0;0
5.769;-799;-40.0;0;0
5.774;-835;-37.878787878787875;0;0
5.779;-864;-37.03703703703704;0;0
5.784;-887;-34.72222222222222;0;0
5.789;-908;-30.303030303030305;0;0
5.794;-923;-32.25806451612903;0;0
5.799;-938;-35.46099290780142;0;0
5.804;-948;-26.31578947368421;0;0
5.809;-958;-23.80952380952381;0;0
5.814;-964;-23.14814814814815;0;0
5.819;-968;-20.0;0;0
5.824;-972;-19.157088122605366;0;0
5.829;-974;-12.40694789081886;0;0
5.834;-975;-15.723270440251572;0;0
5.839;-975;-9.276437847866418;0;0
5.844;-974;-7.246376811594203;0;0
5.849;-974;19.68503937007874;0;0
5.854;-970;6.954102920723226;0;0
5.859;-966;22.624434389140273;0;0
5.864;-960;19.157088122605366;0;0
5.869;-953;19.9203187250996;0;0
5.874;-943;23.25581395348837;0;0
5.879;-932;23.923444976076556;0;0
5.884;-914;33.333333333333336;0;0
5.889;-898;31.84713375796178;0;0
5.894;-876;32.05128205128205;0;0
5.899;-852;33.78378378378378;0;0
5.904;-822;40.98360655737705;0;0
5.909;-785;44.642857142857146;0;0
5.914;-744;50.505050505050505;0;0
5.919;-701;47.16981132075472;0;0
5.924;-643;53.763440860215056;0;0
5.929;-581;53.763440860215056;0;0
5.934;-529;48.07692307692308;0;0
5.939;-460;50.505050505050505;0;0
5.944;-389;52.083333333333336;0;0
5.949;-323;47.16981132075472;0;0
5.954;-241;54.34782608695652;0;0
5.959;-164;52.63157894736842;0;0
5.964;-86;54.34782608695652;0;0
5.969;0;56.17977528089887;0;0
5.974;86;57.47126436781609;0;0
5.979;156;50.505050505050505;0;0
5.984;233;50.0;0;0
5.989;316;54.94505494505494;0;0
5.994;389;54.34782608695652;0;0
5.999;453;52.083333333333336;0;0
6.004;515;50.505050505050505;0;0
6.009;575;51.54639175257732;0;0
6.014;631;55.55555555555556;0;0
6.019;678;47.16981132075472;0;0
6.024;723;42.73504273504273;0;0
6.029;760;40.98360655737705;0;0
6.034;794;38.75968992248062;0;0
6.039;827;35.97122302158273;0;0
6.044;848;31.055900621118013;0;0
6.049;872;32.25806451612903;0;0
6.054;891;31.055900621118013;0;0
6.059;904;29.585798816568047;0;0
6.064;917;23.80952380952381;0;0
6.069;926;22.22222222222222;0;0
6.074;932;20.66115702479339;0;0
6.079;940;20.408163265306122;0;0
6.084;943;18.939393939393938;0;0
6.089;946;8.474576271186441;0;0
6.094;948;9.174311926605505;0;0
6.099;948;6.983240223463687;0;0
6.104;946;7.518796992481203;0;0
6.109;943;-8.474576271186441;0;0
6.114;938;-9.157509157509157;0;0
6.119;932;-14.409221902017292;0;0
6.124;923;-17.24137931034483;0;0
6.129;911;-22.42152466367713;0;0
6.134;901;-19.68503937007874;0;0
6.139;883;-25.380710659898476;0;0
6.144;864;-28.24858757062147;0;0
6.149;844;-31.055900621118013;0;0
6.154;818;-31.055900621118013;0;0
6.159;790;-32.6797385620915;0;0
6.164;755;-35.2112676056338;0;0
6.169;712;-37.59398496240601;0;0
6.174;667;-40.0;0;0
6.179;619;-41.32231404958678;0;0
6.184;568;-42.016806722689076;0;0
6.189;515;-44.24778761061947;0;0
6.194;453;-49.504950495049506;0;0
6.199;382;-47.61904761904762;0;0
6.204;316;-49.01960784313726;0;0
6.209;241;-49.504950495049506;0;0
6.214;164;-47.16981132075472;0;0
6.219;86;-50.0;0;0
6.224;7;-51.54639175257732;0;0
6.229;-70;-50.505050505050505;0;0
6.234;-148;-49.504950495049506;0;0
6.239;-218;-51.54639175257732;0;0
6.244;-294;-49.01960784313726;0;0
6.249;-360;-44.642857142857146;0;0
6.254;-425;-46.2962962962963;0;0
6.259;-481;-45.04504504504504;0;0
6.264;-542;-44.24778761061947;0;0
6.269;-594;-43.47826086956522;0;0
6.274;-643;-39.682539682539684;0;0
6.279;-690;-40.0;0;0
6.284;-734;-38.75968992248062;0;0
6.289;-765;-35.2112676056338;0;0
6.294;-794;-33.333333333333336;0;0
6.299;-822;-34.01360544217687;0;0
6.304;-844;-34.01360544217687;0;0
6.309;-864;-33.333333333333336;0;0
6.314;-880;-27.17391304347826;0;0
6.319;-891;-21.459227467811157;0;0
6.324;-904;-21.27659574468085;0;0
6.329;-914;-21.551724137931036;0;0
6.334;-917;-19.011406844106464;0;0
6.339;-920;-10.964912280701755;0;0
6.344;-926;-12.135922330097088;0;0
6.349;-926;-7.716049382716049;0;0
6.354;-926;-4.385964912280702;0;0
6.359;-923;-18.181818181818183;0;0
6.364;-920;6.738544474393531;0;0
6.369;-914;16.949152542372882;0;0
6.374;-908;14.492753623188406;0;0
6.379;-898;17.985611510791365;0;0
6.384;-883;22.52252252252252;0;0
6.389;-868;27.47252747252747;0;0
6.394;-856;26.455026455026456;0;0
6.399;-831;31.055900621118013;0;0
6.404;-804;36.496350364963504;0;0
6.409;-775;32.467532467532465;0;0
6.414;-744;32.467532467532465;0;0
6.419;-707;38.46153846153846;0;0
6.424;-667;38.16793893129771;0;0
6.429;-625;37.878787878787875;0;0
6.434;-575;45.87155963302752;0;0
6.439;-515;47.16981132075472;0;0
6.444;-467;41.666666666666664;0;0
6.449;-404;47.16981132075472;0;0
6.454;-338;43.85964912280702;0;0
6.459;-271;43.47826086956522;0;0
6.464;-210;47.61904761904762;0;0
6.469;-140;55.55555555555556;0;0
6.474;-70;56.81818181818182;0;0
6.479;7;57.47126436781609;0;0
6.484;78;52.083333333333336;0;0
6.489;148;51.02040816326531;0;0
6.494;218;49.504950495049506;0;0
6.499;286;48.07692307692308;0;0
6.504;353;47.61904761904762;0;0
6.509;411;45.87155963302752;0;0
6.514;467;45.87155963302752;0;0
6.519;522;44.642857142857146;0;0
6.524;575;44.24778761061947;0;0
6.529;619;46.728971962616825;0;0
6.534;667;38.75968992248062;0;0
6.539;695;34.96503496503497;0;0
6.544;728;35.46099290780142;0;0
6.549;760;36.231884057971016;0;0
6.554;785;36.496350364963504;0;0
6.559;804;28.571428571428573;0;0
6.564;827;32.467532467532465;0;0
6.569;844;24.63054187192118;0;0
6.574;856;20.242914979757085;0;0
6.579;864;21.83406113537118;0;0
6.584;872;17.36111111111111;0;0
6.589;880;16.501650165016503;0;0
6.594;880;12.853470437017995;0;0
6.599;883;5.973715651135006;0;0
6.604;883;3.7397157816005984;0;0
6.609;880;4.480286738351254;0;0
6.614;880;-2.741228070175439;0;0
6.619;872;-3.2938076416337285;0;0
6.624;864;-12.345679012345679;0;0
6.629;856;-16.722408026755854;0;0
6.634;844;-16.666666666666668;0;0
6.639;831;-20.161290322580644;0;0
6.644;809;-23.25581395348837;0;0
6.649;790;-23.696682464454977;0;0
6.654;765;-25.12562814070352;0;0
6.659;734;-27.47252747252747;0;0
6.664;707;-31.25;0;0
6.669;667;-34.01360544217687;0;0
6.674;631;-33.557046979865774;0;0
6.679;594;-34.01360544217687;0;0
6.684;542;-36.496350364963504;0;0
6.689;488;-42.016806722689076;0;0
6.694;432;-42.3728813559322;0;0
6.699;375;-42.016806722689076;0;0
6.704;316;-40.98360655737705;0;0
6.709;256;-40.98360655737705;0;0
6.714;195;-43.10344827586207;0;0
6.719;125;-45.04504504504504;0;0
6.724;54;-45.45454545454545;0;0
6.729;-15;-44.24778761061947;0;0
6.734;-86;-43.85964912280702;0;0
6.739;-156;-47.61904761904762;0;0
6.744;-210;-40.65040650406504;0;0
6.749;-271;-42.016806722689076;0;0
6.754;-338;-45.87155963302752;0;0
6.759;-389;-39.682539682539684;0;0
6.764;-446;-39.37007874015748;0;0
6.769;-502;-37.878787878787875;0;0
6.774;-549;-38.16793893129771;0;0
6.779;-594;-37.59398496240601;0;0
6.784;-631;-33.78378378378378;0;0
6.789;-667;-34.72222222222222;0;0
6.794;-701;-31.25;0;0
6.799;-734;-30.120481927710845;0;0
6.804;-755;-29.41176470588235;0;0
6.809;-775;-23.696682464454977;0;0
6.814;-794;-24.63054187192118;0;0
6.819;-813;-24.63054187192118;0;0
6.824;-822;-18.315018315018314;0;0
6.829;-835;-15.290519877675841;0;0
6.834;-844;-16.666666666666668;0;0
6.839;-852;-20.74688796680498;0;0
6.844;-856;-11.210762331838565;0;0
6.849;-856;-5.296610169491525;0;0
6.854;-856;-3.4626038781163433;0;0
6.859;-856;-2.57201646090535;0;0
6.864;-848;6.830601092896175;0;0
6.869;-840;5.938242280285036;0;0
6.874;-831;20.74688796680498;0;0
6.879;-822;27.77777777777778;0;0
6.884;-804;18.115942028985508;0;0
6.889;-790;19.083969465648856;0;0
6.894;-775;24.63054187192118;0;0
6.899;-744;32.05128205128205;0;0
6.904;-723;32.25806451612903;0;0
6.909;-695;28.735632183908045;0;0
6.914;-655;39.682539682539684;0;0
6.919;-625;35.97122302158273;0;0
6.924;-581;32.6797385620915;0;0
6.929;-535;39.682539682539684;0;0
6.934;-495;37.03703703703704;0;0
6.939;-446;41.32231404958678;0;0
6.944;-397;40.65040650406504;0;0
6.949;-338;37.59398496240601;0;0
6.954;-278;40.98360655737705;0;0
6.959;-225;40.98360655737705;0;0
6.964;-164;40.32258064516129;0;0
6.969;-101;42.73504273504273;0;0
6.974;-39;42.73504273504273;0;0
6.979;23;45.87155963302752;0;0
6.984;86;46.2962962962963;0;0
6.989;148;43.10344827586207;0;0
6.994;210;41.32231404958678;0;0
6.999;263;43.85964912280702;0;0
7.004;323;43.10344827586207;0;0
7.009;375;47.61904761904762;0;0
7.014;432;45.45454545454545;0;0
7.019;474;40.0;0;0
7.024;522;39.682539682539684;0;0
7.029;568;37.03703703703704;0;0
7.034;600;34.01360544217687;0;0
7.039;637;33.11258278145695;0;0
7.044;667;30.864197530864196;0;0
7.049;690;32.89473684210526;0;0
7.054;712;30.303030303030305;0;0
7.059;734;26.881720430107528;0;0
7.064;755;28.40909090909091;0;0
7.069;770;22.727272727272727;0;0
7.074;780;19.607843137254903;0;0
7.079;790;14.164305949008499;0;0
7.084;794;13.623978201634877;0;0
7.089;804;7.256894049346879;0;0
7.094;804;9.31098696461825;0;0
7.099;804;6.527415143603133;0;0
7.104;804;3.949447077409163;0;0
7.109;799;4.887585532746823;0;0
7.114;794;-7.668711656441718;0;0
7.119;785;-8.94454382826476;0;0
7.124;775;-15.151515151515152;0;0
7.129;765;-17.36111111111111;0;0
7.134;744;-17.921146953405017;0;0
7.139;728;-20.080321285140563;0;0
7.144;707;-20.080321285140563;0;0
7.149;684;-26.31578947368421;0;0
7.154;655;-23.923444976076556;0;0
7.159;625;-26.17801047120419;0;0
7.164;594;-28.40909090909091;0;0
7.169;555;-29.41176470588235;0;0
7.174;515;-31.055900621118013;0;0
7.179;474;-35.97122302158273;0;0
7.184;425;-36.231884057971016;0;0
7.189;375;-37.59398496240601;0;0
7.194;323;-38.75968992248062;0;0
7.199;271;-37.03703703703704;0;0
7.204;210;-37.3134328358209;0;0
7.209;156;-38.75968992248062;0;0
7.214;94;-40.32258064516129;0;0
7.219;39;-39.0625;0;0
7.224;-23;-42.73504273504273;0;0
7.229;-86;-40.32258064516129;0;0
7.234;-148;-40.98360655737705;0;0
7.239;-195;-35.46099290780142;0;0
7.244;-248;-35.2112676056338;0;0
7.249;-301;-39.0625;0;0
7.254;-353;-40.65040650406504;0;0
7.259;-404;-35.2112676056338;0;0
7.264;-446;-34.96503496503497;0;0
7.269;-488;-30.864197530864196;0;0
7.274;-529;-32.467532467532465;0;0
7.279;-568;-31.645569620253166;0;0
7.284;-594;-25.12562814070352;0;0
7.289;-625;-27.77777777777778;0;0
7.294;-655;-31.055900621118013;0;0
7.299;-678;-25.641025641025642;0;0
7.304;-701;-24.390243902439025;0;0
7.309;-723;-26.17801047120419;0;0
7.314;-734;-19.157088122605366;0;0
7.319;-744;-18.248175182481752;0;0
7.324;-755;-17.006802721088434;0;0
7.329;-765;-15.479876160990711;0;0
7.334;-765;-7.739938080495356;0;0
7.339;-770;-7.9113924050632916;0;0
7.344;-770;-10.460251046025105;0;0
7.349;-765;-7.836990595611285;0;0
7.354;-765;17.482517482517483;0;0
7.359;-755;5.417118093174431;0;0
7.364;-744;7.886435331230284;0;0
7.369;-739;11.82033096926714;0;0
7.374;-723;13.698630136986301;0;0
7.379;-707;18.867924528301888;0;0
7.384;-684;23.696682464454977;0;0
7.389;-661;25.641025641025642;0;0
7.394;-643;24.50980392156863;0;0
7.399;-612;25.0;0;0
7.404;-581;34.48275862068966;0;0
7.409;-549;33.333333333333336;0;0
7.414;-515;32.467532467532465;0;0
7.419;-474;33.333333333333336;0;0
7.424;-432;35.714285714285715;0;0
7.429;-389;34.01360544217687;0;0
7.434;-346;39.0625;0;0
7.439;-301;35.97122302158273;0;0
7.444;-248;36.76470588235294;0;0
7.449;-195;34.48275862068966;0;0
7.454;-148;39.682539682539684;0;0
7.459;-94;37.878787878787875;0;0
7.464;-31;37.3134328358209;0;0
7.469;23;39.0625;0;0
7.474;70;37.878787878787875;0;0
7.479;133;40.98360655737705;0;0
7.484;179;35.714285714285715;0;0
7.489;225;34.48275862068966;0;0
7.494;278;37.878787878787875;0;0
7.499;323;43.10344827586207;0;0
7.504;375;36.76470588235294;0;0
7.509;411;36.76470588235294;0;0
7.514;453;36.231884057971016;0;0
7.519;488;35.2112676056338;0;0
7.524;529;31.645569620253166;0;0
7.529;555;29.069767441860463;0;0
7.534;587;29.069767441860463;0;0
7.539;612;26.737967914438503;0;0
7.544;637;24.752475247524753;0;0
7.549;655;22.831050228310502;0;0
7.554;673;20.74688796680498;0;0
7.559;684;17.421602787456447;0;0
7.564;695;13.850415512465373;0;0
7.569;707;12.437810945273633;0;0
7.574;712;16.835016835016834;0;0
7.579;718;8.403361344537815;0;0
7.584;718;4.476275738585497;0;0
7.589;723;6.858710562414266;0;0
7.594;718;-62.5;0;0
7.599;712;-7.5075075075075075;0;0
7.604;712;-4.41306266548985;0;0
7.609;695;-7.704160246533128;0;0
7.614;684;-12.437810945273633;0;0
7.619;673;-14.577259475218659;0;0
7.624;655;-15.479876160990711;0;0
7.629;637;-18.115942028985508;0;0
7.634;619;-20.491803278688526;0;0
7.639;594;-23.923444976076556;0;0
7.644;568;-24.390243902439025;0;0
7.649;535;-25.252525252525253;0;0
7.654;502;-26.455026455026456;0;0
7.659;460;-32.25806451612903;0;0
7.664;425;-33.11258278145695;0;0
7.669;389;-29.761904761904763;0;0
7.674;346;-30.120481927710845;0;0
7.679;301;-32.467532467532465;0;0
7.684;248;-34.24657534246575;0;0
7.689;195;-37.878787878787875;0;0
7.694;148;-34.01360544217687;0;0
7.699;101;-34.24657534246575;0;0
7.704;47;-36.76470588235294;0;0
7.709;0;-34.96503496503497;0;0
7.714;-54;-37.03703703703704;0;0
7.719;-109;-35.714285714285715;0;0
7.724;-156;-36.496350364963504;0;0
7.729;-202;-32.89473684210526;0;0
7.734;-248;-31.25;0;0
7.739;-301;-38.75968992248062;0;0
7.744;-338;-33.11258278145695;0;0
7.749;-382;-27.47252747252747;0;0
7.754;-418;-33.11258278145695;0;0
7.759;-446;-29.761904761904763;0;0
7.764;-488;-26.881720430107528;0;0
7.769;-515;-25.0;0;0
7.774;-549;-26.041666666666668;0;0
7.779;-568;-23.80952380952381;0;0
7.784;-594;-19.68503937007874;0;0
7.789;-612;-22.026431718061673;0;0
7.794;-631;-19.68503937007874;0;0
7.799;-649;-16.181229773462782;0;0
7.804;-655;-12.5;0;0
7.809;-667;-12.594458438287154;0;0
7.814;-678;-20.5761316872428;0;0
7.819;-678;-9.328358208955224;0;0
7.824;-678;-4.835589941972921;0;0
7.829;-678;-3.259452411994785;0;0
7.834;-678;-2.4582104228121926;0;0
7.839;-678;-1.973164956590371;0;0
7.844;-667;9.191176470588236;0;0
7.849;-655;6.622516556291391;0;0
7.854;-649;11.876484560570072;0;0
7.859;-637;12.285012285012286;0;0
7.864;-619;14.005602240896359;0;0
7.869;-600;19.68503937007874;0;0
7.874;-575;22.321428571428573;0;0
7.879;-555;23.474178403755868;0;0
7.884;-529;26.595744680851062;0;0
7.889;-502;26.31578947368421;0;0
7.894;-467;29.585798816568047;0;0
7.899;-439;27.027027027027028;0;0
7.904;-404;31.055900621118013;0;0
7.909;-368;28.735632183908045;0;0
7.914;-331;33.78378378378378;0;0
7.919;-286;39.0625;0;0
7.924;-241;29.761904761904763;0;0
7.929;-202;32.6797385620915;0;0
7.934;-156;39.0625;0;0
7.939;-109;36.231884057971016;0;0
7.944;-62;36.76470588235294;0;0
7.949;-7;37.878787878787875;0;0
7.954;39;35.714285714285715;0;0
7.959;78;45.04504504504504;0;0
7.964;125;38.75968992248062;0;0
7.969;164;35.97122302158273;0;0
7.974;210;40.65040650406504;0;0
7.979;256;35.46099290780142;0;0
7.984;294;33.11258278145695;0;0
7.989;331;32.05128205128205;0;0
7.994;368;28.24858757062147;0;0
7.999;404;32.25806451612903;0;0
8.004;432;30.67484662576687;0;0
8.009;467;28.40909090909091;0;0
8.014;495;29.41176470588235;0;0
8.019;522;26.041666666666668;0;0
8.024;542;24.875621890547265;0;0
8.029;562;23.04147465437788;0;0
8.034;581;16.611295681063122;0;0
8.039;594;18.248175182481752;0;0
8.044;606;18.38235294117647;0;0
8.049;619;23.923444976076556;0;0
8.054;625;10.26694045174538;0;0
8.059;631;12.31527093596059;0;0
8.064;637;8.431703204047217;0;0
8.069;637;4.574565416285453;0;0
8.074;637;3.0883261272390365;0;0
8.079;631;5.7405281285878305;0;0
8.084;625;-2.092050209205021;0;0
8.089;619;-4.205214465937763;0;0
8.094;606;-11.848341232227488;0;0
8.099;594;-15.723270440251572;0;0
8.104;581;-15.67398119122257;0;0
8.109;568;-14.245014245014245;0;0
8.114;542;-17.301038062283737;0;0
8.119;522;-21.551724137931036;0;0
8.124;495;-20.92050209205021;0;0
8.129;467;-22.123893805309734;0;0
8.134;439;-22.321428571428573;0;0
8.139;411;-26.595744680851062;0;0
8.144;375;-27.77777777777778;0;0
8.149;346;-28.90173410404624;0;0
8.154;301;-28.40909090909091;0;0
8.159;263;-26.17801047120419;0;0
8.164;225;-28.90173410404624;0;0
8.169;179;-29.41176470588235;0;0
8.174;140;-31.055900621118013;0;0
8.179;94;-31.645569620253166;0;0
8.184;54;-29.761904761904763;0;0
8.189;7;-30.67484662576687;0;0
8.194;-39;-30.67484662576687;0;0
8.199;-86;-29.239766081871345;0;0
8.204;-133;-34.72222222222222;0;0
8.209;-164;-29.069767441860463;0;0
8.214;-210;-27.027027027027028;0;0
8.219;-248;-34.24657534246575;0;0
8.224;-286;-29.761904761904763;0;0
8.229;-323;-27.47252747252747;0;0
8.234;-353;-27.624309392265193;0;0
8.239;-389;-27.624309392265193;0;0
8.244;-418;-28.40909090909091;0;0
8.249;-439;-24.390243902439025;0;0
8.254;-467;-22.93577981651376;0;0
8.259;-488;-22.22222222222222;0;0
8.264;-509;-18.939393939393938;0;0
8.269;-529;-20.161290322580644;0;0
8.274;-549;-17.064846416382252;0;0
8.279;-555;-12.345679012345679;0;0
8.284;-568;-11.494252873563218;0;0
8.289;-581;-11.655011655011656;0;0
8.294;-587;-7.122507122507122;0;0
8.299;-594;-8.445945945945946;0;0
8.304;-594;-6.024096385542169;0;0
8.309;-594;-3.9184952978056424;0;0
8.314;-594;-2.815315315315315;0;0
8.319;-587;9.276437847866418;0;0
8.324;-581;5.045408678102926;0;0
8.329;-575;8.474576271186441;0;0
8.334;-562;11.7096018735363;0;0
8.339;-555;15.479876160990711;0;0
8.344;-535;14.792899408284024;0;0
8.349;-522;15.67398119122257;0;0
8.354;-502;16.556291390728475;0;0
8.359;-474;27.77777777777778;0;0
8.364;-453;23.14814814814815;0;0
8.369;-432;27.17391304347826;0;0
8.374;-404;27.932960893854748;0;0
8.379;-375;24.154589371980677;0;0
8.384;-338;23.04147465437788;0;0
8.389;-309;28.40909090909091;0;0
8.394;-278;26.881720430107528;0;0
8.399;-241;30.864197530864196;0;0
8.404;-202;33.78378378378378;0;0
8.409;-171;29.940119760479043;0;0
8.414;-125;30.67484662576687;0;0
8.419;-86;30.303030303030305;0;0
8.424;-47;33.11258278145695;0;0
8.429;-7;39.37007874015748;0;0
8.434;31;26.595744680851062;0;0
8.439;70;32.467532467532465;0;0
8.444;117;33.78378378378378;0;0
8.449;148;29.940119760479043;0;0
8.454;187;27.624309392265193;0;0
8.459;225;27.47252747252747;0;0
8.464;256;29.761904761904763;0;0
8.469;286;32.05128205128205;0;0
8.474;323;28.90173410404624;0;0
8.479;346;32.05128205128205;0;0
8.484;375;28.571428571428573;0;0
8.489;404;34.01360544217687;0;0
8.494;432;27.77777777777778;0;0
8.499;446;22.42152466367713;0;0
8.504;467;22.52252252252252;0;0
8.509;488;17.54385964912281;0;0
8.514;502;18.050541516245488;0;0
8.519;515;22.22222222222222;0;0
8.524;529;12.254901960784315;0;0
8.529;535;11.160714285714286;0;0
8.534;542;12.56281407035176;0;0
8.539;549;9.191176470588236;0;0
8.544;549;4.789272030651341;0;0
8.549;549;3.2701111837802483;0;0
8.554;549;2.464268112370626;0;0
8.559;542;-4.761904761904762;0;0
8.564;542;-1.650709805216243;0;0
8.569;529;-3.0959752321981426;0;0
8.574;515;-13.736263736263735;0;0
8.579;502;-11.52073732718894;0;0
8.584;488;-15.92356687898089;0;0
8.589;474;-15.576323987538942;0;0
8.594;460;-16.722408026755854;0;0
8.599;432;-17.36111111111111;0;0
8.604;418;-18.65671641791045;0;0
8.609;389;-19.23076923076923;0;0
8.614;360;-22.93577981651376;0;0
8.619;331;-23.923444976076556;0;0
8.624;309;-23.80952380952381;0;0
8.629;278;-23.14814814814815;0;0
8.634;241;-22.42152466367713;0;0
8.639;210;-25.906735751295336;0;0
8.644;171;-32.05128205128205;0;0
8.649;133;-31.25;0;0
8.654;101;-32.6797385620915;0;0
8.659;70;-27.77777777777778;0;0
8.664;23;-25.252525252525253;0;0
8.669;-15;-26.17801047120419;0;0
8.674;-54;-27.47252747252747;0;0
8.679;-86;-28.24858757062147;0;0
8.684;-125;-33.78378378378378;0;0
8.689;-156;-27.027027027027028;0;0
8.694;-187;-23.04147465437788;0;0
8.699;-225;-24.271844660194176;0;0
8.704;-256;-26.31578947368421;0;0
8.709;-286;-22.321428571428573;0;0
8.714;-316;-25.641025641025642;0;0
8.719;-338;-27.77777777777778;0;0
8.724;-360;-23.58490566037736;0;0
8.729;-389;-20.833333333333332;0;0
8.734;-411;-21.09704641350211;0;0
8.739;-425;-18.51851851851852;0;0
8.744;-446;-20.74688796680498;0;0
8.749;-460;-17.73049645390071;0;0
8.754;-474;-17.857142857142858;0;0
8.759;-481;-11.876484560570072;0;0
8.764;-488;-11.11111111111111;0;0
8.769;-502;-11.160714285714286;0;0
8.774;-502;-7.518796992481203;0;0
8.779;-502;-4.440497335701599;0;0
8.784;-502;-3.075030750307503;0;0
8.789;-502;-2.351834430856068;0;0
8.794;-502;-1.904036557501904;0;0
8.799;-495;-8.143322475570033;0;0
8.804;-488;2.8137310073157007;0;0
8.809;-474;8.116883116883116;0;0
8.814;-467;10.548523206751055;0;0
8.819;-453;12.254901960784315;0;0
8.824;-446;19.9203187250996;0;0
8.829;-425;23.58490566037736;0;0
8.834;-411;20.080321285140563;0;0
8.839;-389;16.722408026755854;0;0
8.844;-368;21.09704641350211;0;0
8.849;-346;23.14814814814815;0;0
8.854;-323;24.752475247524753;0;0
8.859;-301;22.93577981651376;0;0
8.864;-271;24.390243902439025;0;0
8.869;-241;30.48780487804878;0;0
8.874;-210;33.557046979865774;0;0
8.879;-179;25.0;0;0
8.884;-148;26.737967914438503;0;0
8.889;-117;32.6797385620915;0;0
8.894;-86;27.3224043715847;0;0
8.899;-47;29.069767441860463;0;0
8.904;-15;31.84713375796178;0;0
8.909;15;25.510204081632654;0;0
8.914;54;25.77319587628866;0;0
8.919;86;29.069767441860463;0;0
8.924;117;23.696682464454977;0;0
8.929;140;21.09704641350211;0;0
8.934;179;23.14814814814815;0;0
8.939;210;22.727272727272727;0;0
8.944;233;22.52252252252252;0;0
8.949;263;23.474178403755868;0;0
8.954;286;24.752475247524753;0;0
8.959;316;24.03846153846154;0;0
8.964;331;21.92982456140351;0;0
8.969;353;22.831050228310502;0;0
8.974;375;16.835016835016834;0;0
8.979;389;17.006802721088434;0;0
8.984;404;18.050541516245488;0;0
8.989;418;14.245014245014245;0;0
8.994;432;14.124293785310735;0;0
8.999;439;12.853470437017995;0;0
9.004;453;11.185682326621924;0;0
9.009;460;14.836795252225519;0;0
9.014;460;10.37344398340249;0;0
9.019;460;5.091649694501018;0;0
9.024;460;3.3738191632928474;0;0
9.029;460;2.5214321734745337;0;0
9.034;460;2.013693113169553;0;0
9.039;453;5.959475566150179;0;0
9.044;446;-6.273525721455458;0;0
9.049;432;-7.9113924050632916;0;0
9.054;425;-10.70663811563169;0;0
9.059;411;-13.812154696132596;0;0
9.064;397;-13.333333333333334;0;0
9.069;375;-14.285714285714286;0;0
9.074;360;-17.301038062283737;0;0
9.079;346;-19.607843137254903;0;0
9.084;323;-18.587360594795538;0;0
9.089;301;-18.726591760299627;0;0
9.094;278;-18.65671641791045;0;0
9.099;256;-19.68503937007874;0;0
9.104;225;-23.58490566037736;0;0
9.109;195;-24.271844660194176;0;0
9.114;171;-21.73913043478261;0;0
9.119;140;-21.551724137931036;0;0
9.124;109;-22.026431718061673;0;0
9.129;78;-25.906735751295336;0;0
9.134;54;-24.752475247524753;0;0
9.139;15;-27.624309392265193;0;0
9.144;-15;-25.12562814070352;0;0
9.149;-39;-23.364485981308412;0;0
9.154;-70;-21.73913043478261;0;0
9.159;-109;-24.63054187192118;0;0
9.164;-133;-22.22222222222222;0;0
9.169;-164;-19.083969465648856;0;0
9.174;-187;-19.157088122605366;0;0
9.179;-210;-19.607843137254903;0;0
9.184;-241;-23.80952380952381;0;0
9.189;-263;-19.841269841269842;0;0
9.194;-286;-20.161290322580644;0;0
9.199;-309;-18.050541516245488;0;0
9.204;-323;-18.45018450184502;0;0
9.209;-338;-17.985611510791365;0;0
9.214;-360;-19.011406844106464;0;0
9.219;-375;-16.025641025641026;0;0
9.224;-382;-19.9203187250996;0;0
9.229;-397;-10.438413361169102;0;0
9.234;-404;-9.900990099009901;0;0
9.239;-411;-11.389521640091116;0;0
9.244;-418;-9.765625;0;0
9.249;-418;-5.107252298263535;0;0
9.254;-418;-3.3806626098715347;0;0
9.259;-418;-2.526528549772612;0;0
9.264;-418;-2.016942315449778;0;0
9.269;-418;-1.6784155756965424;0;0
9.274;-411;3.5790980672870436;0;0
9.279;-404;3.57653791130186;0;0
9.284;-397;8.474576271186441;0;0
9.289;-382;8.695652173913043;0;0
9.294;-375;11.441647597254004;0;0
9.299;-360;17.54385964912281;0;0
9.304;-346;17.123287671232877;0;0
9.309;-331;22.026431718061673;0;0
9.314;-316;17.064846416382252;0;0
9.319;-301;23.696682464454977;0;0
9.324;-278;19.23076923076923;0;0
9.329;-256;17.985611510791365;0;0
9.334;-233;23.364485981308412;0;0
9.339;-210;19.841269841269842;0;0
9.344;-179;23.58490566037736;0;0
9.349;-156;19.841269841269842;0;0
9.354;-133;23.80952380952381;0;0
9.359;-109;30.48780487804878;0;0
9.364;-78;21.367521367521366;0;0
9.369;-54;26.31578947368421;0;0
9.374;-23;28.735632183908045;0;0
9.379;7;25.252525252525253;0;0
9.384;31;21.008403361344538;0;0
9.389;62;27.17391304347826;0;0
9.394;86;24.271844660194176;0;0
9.399;101;22.026431718061673;0;0
9.404;133;25.12562814070352;0;0
9.409;164;25.0;0;0
9.414;179;21.645021645021647;0;0
9.419;202;23.696682464454977;0;0
9.424;225;21.1864406779661;0;0
9.429;241;17.6678445229682;0;0
9.434;263;20.491803278688526;0;0
9.439;286;19.157088122605366;0;0
9.444;301;20.080321285140563;0;0
9.449;316;20.0;0;0
9.454;331;11.764705882352942;0;0
9.459;338;11.210762331838565;0;0
9.464;346;13.850415512465373;0;0
9.469;360;9.416195856873824;0;0
9.474;360;10.70663811563169;0;0
9.479;368;6.067961165048544;0;0
9.484;375;8.278145695364238;0;0
9.489;375;7.518796992481203;0;0
9.494;375;4.291845493562231;0;0
9.499;375;3.0012004801920766;0;0
9.504;375;2.308402585410896;0;0
9.509;368;2.2999080036798527;0;0
9.514;360;-30.864197530864196;0;0
9.519;353;-4.310344827586207;0;0
9.524;346;-6.648936170212766;0;0
9.529;338;-10.060362173038229;0;0
9.534;331;-11.235955056179776;0;0
9.539;316;-9.727626459143968;0;0
9.544;301;-12.31527093596059;0;0
9.549;286;-14.204545454545455;0;0
9.554;263;-15.24390243902439;0;0
9.559;248;-15.151515151515152;0;0
9.564;225;-16.666666666666668;0;0
9.569;210;-19.083969465648856;0;0
9.574;187;-15.92356687898089;0;0
9.579;164;-18.51851851851852;0;0
9.584;140;-22.52252252252252;0;0
9.589;117;-19.455252918287936;0;0
9.594;94;-21.1864406779661;0;0
9.599;70;-21.09704641350211;0;0
9.604;47;-23.25581395348837;0;0
9.609;23;-23.14814814814815;0;0
9.614;-7;-21.83406113537118;0;0
9.619;-23;-22.52252252252252;0;0
9.624;-54;-20.74688796680498;0;0
9.629;-78;-21.73913043478261;0;0
9.634;-101;-18.726591760299627;0;0
9.639;-125;-21.645021645021647;0;0
9.644;-148;-19.083969465648856;0;0
9.649;-164;-18.115942028985508;0;0
9.654;-179;-14.619883040935672;0;0
9.659;-210;-16.666666666666668;0;0
9.664;-225;-19.083969465648856;0;0
9.669;-241;-16.89189189189189;0;0
9.674;-256;-15.97444089456869;0;0
9.679;-271;-18.38235294117647;0;0
9.684;-286;-17.006802721088434;0;0
9.689;-294;-14.409221902017292;0;0
9.694;-309;-10.548523206751055;0;0
9.699;-316;-10.2880658436214;0;0
9.704;-323;-9.596928982725528;0;0
9.709;-331;-11.7096018735363;0;0
9.714;-331;-5.662514156285391;0;0
9.719;-331;-3.6153289949385394;0;0
9.724;-338;-7.849293563579278;0;0
9.729;-338;-9.191176470588236;0;0
9.734;-338;-4.789272030651341;0;0
9.739;-331;-28.571428571428573;0;0
9.744;-331;8.012820512820513;0;0
9.749;-323;4.159733777038269;0;0
9.754;-323;2.937720329024677;0;0
9.759;-309;4.299226139294927;0;0
9.764;-301;9.746588693957115;0;0
9.769;-294;10.37344398340249;0;0
9.774;-278;10.121457489878543;0;0
9.779;-271;18.38235294117647;0;0
9.784;-256;15.060240963855422;0;0
9.789;-241;17.857142857142858;0;0
9.794;-225;18.115942028985508;0;0
9.799;-210;22.026431718061673;0;0
9.804;-187;15.384615384615385;0;0
9.809;-171;16.722408026755854;0;0
9.814;-148;15.060240963855422;0;0
9.819;-133;16.778523489932887;0;0
9.824;-117;19.76284584980237;0;0
9.829;-86;22.624434389140273;0;0
9.834;-70;21.008403361344538;0;0
9.839;-47;23.696682464454977;0;0
9.844;-23;19.083969465648856;0;0
9.849;0;18.38235294117647;0;0
9.854;15;22.624434389140273;0;0
9.859;39;18.38235294117647;0;0
9.864;62;22.52252252252252;0;0
9.869;78;16.025641025641026;0;0
9.874;101;12.594458438287154;0;0
9.879;117;16.39344262295082;0;0
9.884;140;24.63054187192118;0;0
9.889;156;16.129032258064516;0;0
9.894;171;13.88888888888889;0;0
9.899;187;13.736263736263735;0;0
9.904;202;13.927576601671309;0;0
9.909;218;12.224938875305623;0;0
9.914;233;13.192612137203167;0;0
9.919;241;14.204545454545455;0;0
9.924;256;12.88659793814433;0;0
9.929;263;11.235955056179776;0;0
9.934;271;10.989010989010989;0;0
9.939;278;9.107468123861567;0;0
9.944;286;10.660980810234541;0;0
9.949;286;7.974481658692185;0;0
9.954;294;4.41306266548985;0;0
9.959;294;3.0712530712530715;0;0
9.964;294;2.3496240601503757;0;0
9.969;294;1.9025875190258752;0;0
9.974;294;1.5984654731457801;0;0
9.979;286;200.0;0;0
9.984;286;-1.2115338017930701;0;0
9.989;278;-3.0084235860409145;0;0
9.994;271;-12.56281407035176;0;0
9.999;256;-7.022471910112359;0;0
10.004;248;-11.286681715575622;0;0
10.009;233;-11.135857461024498;0;0
10.014;225;-10.775862068965518;0;0
10.019;218;-8.80281690140845;0;0
10.024;210;-9.9601593625498;0;0
10.029;195;-9.980039920159681;0;0
10.034;179;-13.157894736842104;0;0
10.039;156;-13.333333333333334;0;0
10.044;140;-15.67398119122257;0;0
10.049;125;-13.123359580052494;0;0
10.054;109;-11.876484560570072;0;0
10.059;94;-15.290519877675841;0;0
10.064;70;-19.841269841269842;0;0
10.069;54;-17.18213058419244;0;0
10.074;39;-14.619883040935672;0;0
10.079;7;-16.33986928104575;0;0
10.084;-7;-18.050541516245488;0;0
10.089;-23;-15.822784810126583;0;0
10.094;-39;-17.301038062283737;0;0
10.099;-54;-17.793594306049823;0;0
10.104;-78;-18.050541516245488;0;0
10.109;-86;-13.297872340425531;0;0
10.114;-109;-12.987012987012987;0;0
10.119;-125;-14.084507042253522;0;0
10.124;-140;-13.26259946949602;0;0
10.129;-148;-11.627906976744185;0;0
10.134;-164;-12.468827930174564;0;0
10.139;-179;-13.192612137203167;0;0
10.144;-187;-9.328358208955224;0;0
10.149;-195;-9.84251968503937;0;0
10.154;-210;-11.441647597254004;0;0
10.159;-210;-6.963788300835654;0;0
10.164;-225;-8.635578583765112;0;0
10.169;-225;-7.6923076923076925;0;0
10.174;-233;-9.107468123861567;0;0
10.179;-241;-6.784260515603799;0;0
10.184;-241;-4.1459369817578775;0;0
10.189;-241;-2.9291154071470418;0;0
10.194;-241;-2.2655188038060716;0;0
10.199;-241;-1.847063169560399;0;0
10.204;-241;-1.5595757953836555;0;0
10.209;-241;-1.348799568384138;0;0
10.214;-241;-1.188495364868077;0;0
10.219;-233;-1.6869095816464237;0;0
10.224;-233;1.25250501002004;0;0
10.229;-225;2.4295432458697763;0;0
10.234;-210;7.961783439490445;0;0
10.239;-210;10.309278350515465;0;0
10.244;-202;6.188118811881188;0;0
10.249;-187;10.0;0;0
10.254;-179;16.835016835016834;0;0
10.259;-171;9.84251968503937;0;0
10.264;-156;12.787723785166241;0;0
10.269;-148;21.459227467811157;0;0
10.274;-140;9.578544061302683;0;0
10.279;-125;9.191176470588236;0;0
10.284;-109;12.953367875647668;0;0
10.289;-94;13.333333333333334;0;0
10.294;-78;14.577259475218659;0;0
10.299;-70;15.060240963855422;0;0
10.304;-54;20.32520325203252;0;0
10.309;-39;16.181229773462782;0;0
10.314;-23;18.587360594795538;0;0
10.319;-7;12.953367875647668;0;0
10.324;7;12.468827930174564;0;0
10.329;15;11.933174224343675;0;0
10.334;31;10.869565217391305;0;0
10.339;47;12.40694789081886;0;0
10.344;62;12.135922330097088;0;0
10.349;70;14.836795252225519;0;0
10.354;86;12.787723785166241;0;0
10.359;101;13.698630136986301;0;0
10.364;109;11.848341232227488;0;0
10.369;117;12.690355329949238;0;0
10.374;133;12.01923076923077;0;0
10.379;140;11.363636363636363;0;0
10.384;148;10.615711252653927;0;0
10.389;156;9.345794392523365;0;0
10.394;164;10.395010395010395;0;0
10.399;171;7.331378299120234;0;0
10.404;179;7.518796992481203;0;0
10.409;179;10.964912280701755;0;0
10.414;187;5.055611729019211;0;0
10.419;195;4.484304932735426;0;0
10.424;195;10.395010395010395;0;0
10.429;195;5.980861244019139;0;0
10.434;195;3.7425149700598803;0;0
10.439;195;2.7233115468409586;0;0
10.444;195;2.1404109589041096;0;0
10.449;195;1.7630465444287728;0;0
10.454;187;3.869969040247678;0;0
10.459;187;-11.26126126126126;0;0
10.464;179;-3.912363067292645;0;0
10.469;171;-3.8461538461538463;0;0
10.474;164;-6.443298969072165;0;0
10.479;164;-5.296610169491525;0;0
10.484;156;-9.45179584120983;0;0
10.489;148;-8.503401360544217;0;0
10.494;133;-8.620689655172415;0;0
10.499;133;-6.97350069735007;0;0
10.504;117;-8.250825082508252;0;0
10.509;109;-11.312217194570136;0;0
10.514;101;-10.570824524312897;0;0
10.519;86;-9.469696969696969;0;0
10.524;70;-17.73049645390071;0;0
10.529;62;-9.615384615384615;0;0
10.534;54;-9.487666034155598;0;0
10.539;39;-13.623978201634877;0;0
10.544;23;-19.305019305019304;0;0
10.549;7;-21.645021645021647;0;0
10.554;7;-9.22509225092251;0;0
10.559;-7;-8.756567425569177;0;0
10.564;-23;-13.26259946949602;0;0
10.569;-31;-14.084507042253522;0;0
10.574;-47;-10.940919037199125;0;0
10.579;-54;-10.204081632653061;0;0
10.584;-62;-10.351966873706004;0;0
10.589;-78;-12.31527093596059;0;0
10.594;-86;-10.482180293501049;0;0
10.599;-94;-8.210180623973727;0;0
10.604;-101;-10.309278350515465;0;0
10.609;-117;-12.690355329949238;0;0
10.614;-117;-7.6452599388379205;0;0
10.619;-125;-6.693440428380187;0;0
10.624;-133;-10.080645161290322;0;0
10.629;-140;-9.293680297397769;0;0
10.634;-148;-10.482180293501049;0;0
10.639;-148;-5.117707267144319;0;0
10.644;-148;-3.486750348675035;0;0
10.649;-148;-2.5839793281653747;0;0
10.654;-148;-2.0533880903490758;0;0
10.659;-156;-4.901960784313726;0;0
10.664;-156;-7.936507936507937;0;0
10.669;-156;-4.428697962798937;0;0
10.674;-156;-3.067484662576687;0;0
10.679;-156;-2.347417840375587;0;0
10.684;-148;-15.19756838905775;0;0
10.689;-148;7.385524372230428;0;0
10.694;-148;4.248088360237893;0;0
10.699;-148;2.9815146094215863;0;0
10.704;-140;2.0669698222405954;0;0
10.709;-133;2.8042624789680315;0;0
10.714;-125;8.756567425569177;0;0
10.719;-125;4.6685340802987865;0;0
10.724;-117;7.288629737609329;0;0
10.729;-109;6.684491978609626;0;0
10.734;-101;5.820721769499418;0;0
10.739;-94;10.775862068965518;0;0
10.744;-86;10.729613733905579;0;0
10.749;-78;7.22543352601156;0;0
10.754;-70;8.547008547008547;0;0
10.759;-62;9.398496240601503;0;0
10.764;-54;10.37344398340249;0;0
10.769;-47;7.385524372230428;0;0
10.774;-39;7.342143906020558;0;0
10.779;-31;10.040160642570282;0;0
10.784;-23;11.160714285714286;0;0
10.789;-15;7.8125;0;0
10.794;-7;7.564296520423601;0;0
10.799;0;10.245901639344263;0;0
10.804;7;11.210762331838565;0;0
10.809;7;8.025682182985554;0;0
10.814;23;5.85480093676815;0;0
10.819;31;9.652509652509652;0;0
10.824;39;11.52073732718894;0;0
10.829;47;8.680555555555555;0;0
10.834;54;7.012622720897616;0;0
10.839;54;12.987012987012987;0;0
10.844;62;5.452562704471101;0;0
10.849;70;7.5075075075075075;0;0
10.854;70;6.963788300835654;0;0
10.859;78;4.051863857374392;0;0
10.864;78;2.908667830133799;0;0
10.869;86;5.192107995846314;0;0
10.874;86;7.194244604316546;0;0
10.879;94;3.9032006245121;0;0
10.884;94;2.94811320754717;0;0
10.889;101;6.067961165048544;0;0
10.894;101;8.445945945945946;0;0
10.899;101;4.5787545787545785;0;0
10.904;101;3.14070351758794;0;0
10.909;101;2.390057361376673;0;0
10.914;101;1.9290123456790123;0;0
10.919;101;1.6170763260025873;0;0
10.924;101;1.3919821826280623;0;0
10.929;101;1.2218963831867058;0;0
10.934;94;6.031363088057901;0;0
10.939;94;-8.726003490401396;0;0
10.944;86;-3.2959789057350033;0;0
10.949;86;-3.1766200762388817;0;0
10.954;86;-2.4108003857280615;0;0
10.959;78;-4.288164665523156;0;0
10.964;70;-7.6452599388379205;0;0
10.969;70;-4.480286738351254;0;0
10.974;70;-3.094059405940594;0;0
10.979;62;-4.71253534401508;0;0
10.984;54;-7.610350076103501;0;0
10.989;54;-4.9504950495049505;0;0
10.994;39;-6.150061500615006;0;0
10.999;39;-6.51890482398957;0;0
11.004;39;-4.233700254022016;0;0
11.009;23;-5.662514156285391;0;0
11.014;15;-7.751937984496124;0;0
11.019;15;-9.881422924901186;0;0
11.024;7;-6.016847172081829;0;0
11.029;7;-3.837298541826554;0;0
11.034;0;-6.321112515802781;0;0
11.039;-7;-6.459948320413437;0;0
11.044;-15;-6.188118811881188;0;0
11.049;-23;-10.638297872340425;0;0
11.054;-23;-5.154639175257732;0;0
11.059;-23;-3.5714285714285716;0;0
11.064;-31;-8.532423208191126;0;0
11.069;-39;-8.849557522123893;0;0
11.074;-39;-4.859086491739553;0;0
11.079;-47;-4.798464491362764;0;0
11.084;-47;-12.437810945273633;0;0
11.089;-47;-5.5432372505543235;0;0
11.094;-54;-3.399048266485384;0;0
11.099;-54;-2.6288117770767614;0;0
11.104;-54;-2.0815986677768525;0;0
11.109;-54;-1.7229496898690557;0;0
11.114;-54;-1.4697236919459142;0;0
11.119;-47;3.2425421530479897;0;0
11.124;-47;1.1358473421172195;0;0
11.129;-47;1.0199918400652794;0;0
11.134;-39;1.392369813422445;0;0
11.139;-39;12.755102040816327;0;0
11.144;-39;5.605381165919282;0;0
11.149;-39;3.5919540229885056;0;0
11.154;-39;2.6427061310782243;0;0
11.159;-31;1.9047619047619047;0;0
11.164;-23;3.35345405767941;0;0
11.169;-23;10.040160642570282;0;0
11.174;-23;5.01002004008016;0;0
11.179;-23;3.3377837116154874;0;0
11.184;-15;2.4177949709864603;0;0
11.189;-15;1.9470404984423677;0;0
11.194;-7;1.8804061677322301;0;0
11.199;-7;5.411255411255412;0;0
11.204;-7;6.211180124223603;0;0
11.209;0;3.4626038781163433;0;0
11.214;0;2.7731558513588466;0;0
11.219;7;3.652300949598247;0;0
11.224;7;10.799136069114471;0;0
11.229;7;5.192107995846314;0;0
11.234;7;3.417634996582365;0;0
11.239;7;2.547121752419766;0;0
11.244;15;2.004008016032064;0;0
11.249;15;1.6688918558077437;0;0
11.254;15;1.443418013856813;0;0
11.259;23;2.134927412467976;0;0
11.264;23;10.526315789473685;0;0
11.269;23;5.13347022587269;0;0
11.274;23;3.3921302578018997;0;0
11.279;23;2.5316455696202533;0;0
11.284;31;1.9098548510313216;0;0
11.289;31;1.680672268907563;0;0
11.294;31;1.4388489208633093;0;0
11.299;31;1.2578616352201257;0;0
11.304;31;1.1173184357541899;0;0
11.309;31;1.0050251256281406;0;0
11.314;31;0.91324200913242;0;0
11.319;31;0.8368200836820083;0;0
11.324;31;0.7722007722007722;0;0
11.329;31;0.7168458781362007;0;0
11.334;31;0.6688963210702341;0;0
11.339;31;0.6269592476489029;0;0
11.344;23;-1.5581177937052042;0;0
11.349;23;-0.5571030640668524;0;0
11.354;23;-0.5277044854881267;0;0
11.359;23;-0.5012531328320802;0;0
11.364;23;-0.477326968973747;0;0
11.369;15;-1.358695652173913;0;0
11.374;15;-7.739938080495356;0;0
11.379;15;-4.363001745200698;0;0
11.384;15;-3.0376670716889427;0;0
11.389;7;-2.3094688221709005;0;0
11.394;7;-1.8896447467876039;0;0
11.399;7;-1.589319771137953;0;0
11.404;7;-1.3713658804168953;0;0
11.409;7;-1.20598166907863;0;0
11.414;7;-1.076194575979337;0;0
11.419;7;-0.9716284492809949;0;0
11.424;0;-2.4950099800399204;0;0
11.429;0;-7.974481658692185;0;0
11.434;0;-4.436557231588288;0;0
11.439;0;-3.073140749846343;0;0
11.444;-7;-2.2872827081427265;0;0
11.449;-7;-1.9025875190258752;0;0
11.454;-7;-1.5984654731457801;0;0
11.459;-7;-1.3781697905181918;0;0
11.464;-7;-1.2112403100775193;0;0
11.469;-7;-1.08038029386344;0;0
11.474;-7;-0.9750390015600624;0;0
11.479;-7;-0.8884150675195451;0;0
11.484;-7;-0.8159268929503917;0;0
11.489;-7;-0.7543753771876885;0;0
11.494;-7;-0.7014590347923682;0;0
11.499;0;-2.675227394328518;0;0
11.504;0;0.6152331733727082;0;0
11.509;0;0.5796429399489914;0;0
11.514;0;0.5478851632697787;0;0
11.519;0;0.5194265530853938;0;0
11.524;0;0.4937783922575548;0;0
11.529;0;0.4704996706502306;0;0
11.534;7;0.9482268158543523;0;0
11.539;7;10.26694045174538;0;0
11.544;7;5.065856129685917;0;0
11.549;7;3.3624747814391394;0;0
11.554;7;2.5163563160543534;0;0
11.559;7;2.0104543626859672;0;0
11.564;7;1.6739203213927016;0;0
11.569;7;1.4338973329509608;0;0
11.574;7;1.254075746175069;0;0
11.579;7;1.114330287497214;0;0
11.584;7;1.0026067776218168;0;0
11.589;7;0.911244760342628;0;0
11.594;7;0.8351428094204109;0;0
11.599;7;0.7707723138584862;0;0
11.604;7;0.7156147130385001;0;0
11.609;7;0.6678242286630159;0;0
11.614;7;0.6260172780768749;0;0
11.619;7;0.5891363261458702;0;0
11.624;7;0.5563591854901524;0;0
11.629;7;0.5270369979972594;0;0
11.634;7;0.5006508460999299;0;0
11.639;7;0.47678077619910364;0;0
11.644;7;0.4550418638514743;0;0
11.649;7;0.4352367688022284;0;0
11.654;7;0.41708375041708373;0;0
11.659;7;0.40038436899423446;0;0
11.664;7;0.384970742223591;0;0
11.669;7;0.370699881376038;0;0
11.674;7;0.35744924220760654;0;0
11.679;7;0.3451131971286582;0;0
11.684;7;0.33360021350413666;0;0
11.689;7;0.3228305785123967;0;0
11.694;7;0.31273455091318486;0;0
11.699;7;0.3032508491023775;0;0
11.704;7;0.2943254061690605;0;0
11.709;7;0.2859103385178408;0;0
11.714;7;0.27796308650211254;0;0
11.719;7;0.2704456945045435;0;0
11.724;7;0.2633242047609016;0;0
11.729;7;0.256568144499179;0;0
11.734;7;0.25015009005403244;0;0
11.739;7;0.24404529480671613;0;0
11.744;7;0.238231370306842;0;0
11.749;7;0.2326880119136262;0;0
11.754;7;0.22739676187011096;0;0
11.759;7;0.22234080398434722;0;0
11.764;7;0.21750478510527232;0;0
11.769;7;0.21287465940054495;0;0
11.774;7;0.20843755210938802;0;0
11.779;7;0.20418163998693237;0;0
11.784;7;0.20009604610212903;0;0