t;e;d;i;set

2.469;0;0;0;0
2.474;0;0;0;0
2.479;0;0;0;0
2.484;0;0;0;0
2.489;0;0;0;0
2.494;0;0;0;0
2.499;0;0;0;0
2.504;0;0;0;0
2.509;0;0;0;0
2.514;0;0;0;0
2.519;0;0;0;0
2.524;0;0;0;0
2.529;0;0;0;0
2.534;0;0;0;0
2.539;0;0;0;0
2.544;0;0;0;0
2.549;0;0;0;0
2.554;0;0;0;0
2.559;0;0;0;0
2.564;0;0;0;0
2.569;0;0;0;0
2.574;0;0;0;0
2.579;0;0;0;0
2.584;0;0;0;0
2.589;0;0;0;0
2.594;0;0;0;0
2.599;0;0;0;0
2.604;0;0;0;0
2.609;0;0;0;0
2.614;0;0;0;0
2.619;0;0;0;0
2.624;0;0;0;0
2.629;0;0;0;0
2.634;0;0;0;0
2.639;0;0;0;0
2.644;0;0;0;0
2.649;0;0;0;0
2.654;0;0;0;0
2.659;0;0;0;0
2.664;0;0;0;0
2.669;0;0;0;0
2.674;0;0;0;0
2.679;0;0;0;0
2.684;0;0;0;0
2.689;0;0;0;0
2.694;0;0;0;0
2.699;0;0;0;0
2.704;0;0;0;0
2.709;0;0;0;0
2.714;0;0;0;0
2.719;0;0;0;0
2.724;0;0;0;0
2.729;0;0;0;0
2.734;0;0;0;0
2.739;0;0;0;0
2.744;0;0;0;0
2.749;0;0;0;0
2.754;0;0;0;0
2.759;0;0;0;0
2.764;0;0;0;0
2.769;0;0;0;0
2.774;0;0;0;0
2.779;0;0;0;0
2.784;0;0;0;0
2.789;0;0;0;0
2.794;0;0;0;0
2.799;0;0;0;0
2.804;0;0;0;0
2.809;0;0;0;0
2.814;0;0;0;0
2.819;0;0;0;0
2.824;0;0;0;0
2.829;0;0;0;0
2.834;0;0;0;0
2.839;0;0;0;0
2.844;0;0;0;0
2.849;0;0;0;0
2.854;0;0;0;0
2.859;0;0;0;0
2.864;0;0;0;0
2.869;0;0;0;0
2.874;0;0;0;0
2.879;0;0;0;0
2.884;0;0;0;0
2.889;0;0;0;0
2.894;0;0;0;0
2.899;0;0;0;0
2.904;0;0;0;0
2.909;0;0;0;0
2.914;0;0;0;0
2.919;0;0;0;0
2.924;0;0;0;0
2.929;0;0;0;0
2.934;0;0;0;0
2.939;0;0;0;0
2.944;0;0;0;0
2.949;0;0;0;0
2.954;0;0;0;0
2.959;0;0;0;0
2.964;0;0;0;0
2.969;0;0;0;0
2.974;0;0;0;0
2.979;0;0;0;0
2.984;0;0;0;0
2.989;0;0;0;0
2.994;0;0;0;0
2.999;0;0;0;0
3.004;0;0;0;0
3.009;0;0;0;0
3.014;0;0;0;0
3.019;0;0;0;0
3.024;0;0;0;0
3.029;0;0;0;0
3.034;0;0;0;0
3.039;0;0;0;0
3.044;0;0;0;0
3.049;0;0;0;0
3.054;0;0;0;0
3.059;0;0;0;0
3.064;0;0;0;0
3.069;-2;0;0;0
3.074;-4;0;0;0
3.079;-9;0;0;0
3.084;-12;0;0;0
3.089;-15;0;0;0
3.094;-18;0;0;0
3.099;-22;0;0;0
3.104;-24;0;0;0
3.109;-26;0;0;0
3.114;-30;0;0;0
3.119;-34;0;0;0
3.124;-36;0;0;0
3.129;-38;0;0;0
3.134;-40;0;0;0
3.139;-42;0;0;0
3.144;-43;0;0;0
3.149;-45;0;0;0
3.154;-46;0;0;0
3.159;-48;0;0;0
3.164;-49;0;0;0
3.169;-49;0;0;0
3.174;-50;0;0;0
3.179;-50;0;0;0
3.184;-50;0;0;0
3.189;-49;0;0;0
3.194;-48;0;0;0
3.199;-48;0;0;0
3.204;-46;0;0;0
3.209;-46;0;0;0
3.214;-44;0;0;0
3.219;-42;0;0;0
3.224;-41;0;0;0
3.229;-39;0;0;0
3.234;-37;0;0;0
3.239;-35;0;0;0
3.244;-33;0;0;0
3.249;-30;0;0;0
3.254;-28;0;0;0
3.259;-25;0;0;0
3.264;-22;0;0;0
3.269;-20;0;0;0
3.274;-18;0;0;0
3.279;-14;0;0;0
3.284;-10;0;0;0
3.289;-8;0;0;0
3.294;-5;0;0;0
3.299;-2;0;0;0
3.304;1;0;0;0
3.309;4;0;0;0
3.314;7;0;0;0
3.319;10;0;0;0
3.324;12;0;0;0
3.329;15;0;0;0
3.334;18;0;0;0
3.339;21;0;0;0
3.344;23;0;0;0
3.349;25;0;0;0
3.354;26;0;0;0
3.359;29;0;0;0
3.364;31;0;0;0
3.369;33;0;0;0
3.374;34;0;0;0
3.379;35;0;0;0
3.384;37;0;0;0
3.389;38;0;0;0
3.394;38;0;0;0
3.399;39;0;0;0
3.404;40;0;0;0
3.409;40;0;0;0
3.414;40;0;0;0
3.419;40;0;0;0
3.424;40;0;0;0
3.429;39;0;0;0
3.434;38;0;0;0
3.439;38;0;0;0
3.444;37;0;0;0
3.449;36;0;0;0
3.454;34;0;0;0
3.459;33;0;0;0
3.464;31;0;0;0
3.469;30;0;0;0
3.474;28;0;0;0
3.479;26;0;0;0
3.484;24;0;0;0
3.489;22;0;0;0
3.494;20;0;0;0
3.499;17;0;0;0
3.504;15;0;0;0
3.509;13;0;0;0
3.514;10;0;0;0
3.519;8;0;0;0
3.524;5;0;0;0
3.529;2;0;0;0
3.534;0;0;0;0
3.539;-3;0;0;0
3.544;-6;0;0;0
3.549;-8;0;0;0
3.554;-10;0;0;0
3.559;-13;0;0;0
3.564;-15;0;0;0
3.569;-18;0;0;0
3.574;-20;0;0;0
3.579;-22;0;0;0
3.584;-24;0;0;0
3.589;-26;0;0;0
3.594;-27;0;0;0
3.599;-29;0;0;0
3.604;-30;0;0;0
3.609;-32;0;0;0
3.614;-33;0;0;0
3.619;-34;0;0;0
3.624;-34;0;0;0
3.629;-34;0;0;0
3.634;-35;0;0;0
3.639;-36;0;0;0
3.644;-36;0;0;0
3.649;-36;0;0;0
3.654;-35;0;0;0
3.659;-35;0;0;0
3.664;-34;0;0;0
3.669;-34;0;0;0
3.674;-32;0;0;0
3.679;-31;0;0;0
3.684;-30;0;0;0
3.689;-29;0;0;0
3.694;-27;0;0;0
3.699;-26;0;0;0
3.704;-24;0;0;0
3.709;-22;0;0;0
3.714;-20;0;0;0
3.719;-18;0;0;0
3.724;-17;0;0;0
3.729;-14;0;0;0
3.734;-11;0;0;0
3.739;-10;0;0;0
3.744;-7;0;0;0
3.749;-6;0;0;0
3.754;-3;0;0;0
3.759;-1;0;0;0
3.764;2;0;0;0
3.769;4;0;0;0
3.774;6;0;0;0
3.779;8;0;0;0
3.784;10;0;0;0
3.789;12;0;0;0
3.794;14;0;0;0
3.799;16;0;0;0
3.804;18;0;0;0
3.809;19;0;0;0
3.814;20;0;0;0
3.819;22;0;0;0
3.824;23;0;0;0
3.829;24;0;0;0
3.834;26;0;0;0
3.839;26;0;0;0
3.844;27;0;0;0
3.849;28;0;0;0
3.854;28;0;0;0
3.859;29;0;0;0
3.864;29;0;0;0
3.869;30;0;0;0
3.874;30;0;0;0
3.879;29;0;0;0
3.884;29;0;0;0
3.889;28;0;0;0
3.894;28;0;0;0
3.899;27;0;0;0
3.904;26;0;0;0
3.909;26;0;0;0
3.914;25;0;0;0
3.919;24;0;0;0
3.924;22;0;0;0
3.929;21;0;0;0
3.934;20;0;0;0
3.939;18;0;0;0
3.944;17;0;0;0
3.949;15;0;0;0
3.954;14;0;0;0
3.959;12;0;0;0
3.964;10;0;0;0
3.969;8;0;0;0
3.974;6;0;0;0
3.979;4;0;0;0
3.984;2;0;0;0
3.989;0;0;0;0
3.994;-2;0;0;0
3.999;-4;0;0;0
4.004;-6;0;0;0
4.009;-8;0;0;0
4.014;-10;0;0;0
4.019;-11;0;0;0
4.024;-13;0;0;0
4.029;-14;0;0;0
4.034;-16;0;0;0
4.039;-17;0;0;0
4.044;-18;0;0;0
4.049;-18;0;0;0
4.054;-17;0;0;0
4.059;-16;0;0;0
4.064;-14;0;0;0
4.069;-13;0;0;0
4.074;-10;0;0;0
4.079;-8;0;0;0
4.084;-5;0;0;0
4.089;-1;0;0;0
4.094;4;0;0;0
4.099;9;0;0;0
4.104;14;0;0;0
4.109;22;0;0;0
4.114;27;0;0;0
4.119;34;0;0;0
4.124;42;0;0;0
4.129;49;0;0;0
4.134;56;0;0;0
4.139;63;0;0;0
4.144;71;0;0;0
4.149;78;0;0;0
4.154;86;0;0;0
4.159;93;0;0;0
4.164;100;0;0;0
4.169;106;0;0;0
4.174;114;0;0;0
4.179;122;0;0;0
4.184;130;0;0;0
4.189;136;0;0;0
4.194;142;0;0;0
4.199;149;0;0;0
4.204;156;0;0;0
4.209;162;0;0;0
4.214;167;0;0;0
4.219;172;0;0;0
4.224;178;0;0;0
4.229;183;0;0;0
4.234;188;0;0;0
4.239;192;0;0;0
4.244;197;0;0;0
4.249;201;0;0;0
4.254;205;0;0;0
4.259;209;0;0;0
4.264;212;0;0;0
4.269;216;0;0;0
4.274;220;0;0;0
4.279;223;0;0;0
4.284;226;0;0;0
4.289;229;0;0;0
4.294;232;0;0;0
4.299;235;0;0;0
4.304;238;0;0;0
4.309;242;0;0;0
4.314;244;0;0;0
4.319;247;0;0;0
4.324;250;0;0;0
4.329;254;0;0;0
4.334;256;0;0;0
4.339;258;0;0;0
4.344;262;0;0;0
4.349;265;0;0;0
4.354;267;0;0;0
4.359;270;0;0;0
4.364;272;0;0;0
4.369;274;0;0;0
4.374;277;0;0;0
4.379;279;0;0;0
4.384;282;0;0;0
4.389;283;0;0;0
4.394;285;0;0;0
4.399;286;0;0;0
4.404;288;0;0;0
4.409;289;0;0;0
4.414;290;0;0;0
4.419;291;0;0;0
4.424;292;0;0;0
4.429;292;0;0;0
4.434;293;0;0;0
4.439;294;0;0;0
4.444;294;0;0;0
4.449;294;0;0;0
4.454;295;0;0;0
4.459;295;0;0;0
4.464;295;0;0;0
4.469;297;0;0;0
4.474;299;0;0;0
4.479;302;0;0;0
4.484;306;0;0;0
4.489;310;0;0;0
4.494;313;0;0;0
4.499;316;0;0;0
4.504;318;0;0;0
4.509;320;0;0;0
4.514;322;0;0;0
4.519;325;0;0;0
4.524;326;0;0;0
4.529;326;0;0;0
4.534;327;0;0;0
4.539;328;0;0;0
4.544;328;0;0;0
4.549;330;0;0;0
4.554;330;0;0;0
4.559;331;0;0;0
4.564;332;0;0;0
4.569;333;0;0;0
4.574;334;0;0;0
4.579;334;0;0;0
4.584;334;0;0;0
4.589;334;0;0;0
4.594;334;0;0;0
4.599;334;0;0;0
4.604;334;0;0;0
4.609;334;0;0;0
4.614;334;0;0;0
4.619;333;0;0;0
4.624;332;0;0;0
4.629;331;0;0;0
4.634;330;0;0;0
4.639;330;0;0;0
4.644;329;0;0;0
4.649;328;0;0;0
4.654;327;0;0;0
4.659;326;0;0;0
4.664;326;0;0;0
4.669;325;0;0;0
4.674;323;0;0;0
4.679;322;0;0;0
4.684;321;0;0;0
4.689;320;0;0;0
4.694;320;0;0;0
4.699;320;0;0;0
4.704;320;0;0;0
4.709;320;0;0;0
4.714;319;0;0;0
4.719;318;0;0;0
4.724;319;0;0;0
4.729;320;0;0;0
4.734;321;0;0;0
4.739;322;0;0;0
4.744;324;0;0;0
4.749;326;0;0;0
4.754;327;0;0;0
4.759;329;0;0;0
4.764;330;0;0;0
4.769;333;0;0;0
4.774;335;0;0;0
4.779;338;0;0;0
4.784;340;0;0;0
4.789;342;0;0;0
4.794;345;0;0;0
4.799;347;0;0;0
4.804;350;0;0;0
4.809;352;0;0;0
4.814;354;0;0;0
4.819;356;0;0;0
4.824;358;0;0;0
4.829;359;0;0;0
4.834;360;0;0;0
4.839;362;0;0;0
4.844;363;0;0;0
4.849;365;0;0;0
4.854;366;0;0;0
4.859;367;0;0;0
4.864;368;0;0;0
4.869;369;0;0;0
4.874;370;0;0;0
4.879;371;0;0;0
4.884;371;0;0;0
4.889;372;0;0;0
4.894;372;0;0;0
4.899;372;0;0;0
4.904;373;0;0;0
4.909;373;0;0;0
4.914;373;0;0;0
4.919;372;0;0;0
4.924;372;0;0;0
4.929;372;0;0;0
4.934;371;0;0;0
4.939;370;0;0;0
4.944;370;0;0;0
4.949;369;0;0;0
4.954;369;0;0;0
4.959;368;0;0;0
4.964;368;0;0;0
4.969;368;0;0;0
4.974;368;0;0;0
4.979;368;0;0;0
4.984;368;0;0;0
4.989;368;0;0;0
4.994;368;0;0;0
4.999;369;0;0;0
5.004;369;0;0;0
5.009;370;0;0;0
5.014;370;0;0;0
5.019;370;0;0;0
5.024;371;0;0;0
5.029;372;0;0;0
5.034;373;0;0;0
5.039;373;0;0;0
5.044;374;0;0;0
5.049;374;0;0;0
5.054;375;0;0;0
5.059;375;0;0;0
5.064;376;0;0;0
5.069;376;0;0;0
5.074;376;0;0;0
5.079;377;0;0;0
5.084;377;0;0;0
5.089;377;0;0;0
5.094;378;0;0;0
5.099;378;0;0;0
5.104;378;0;0;0
5.109;378;0;0;0
5.114;378;0;0;0
5.119;378;0;0;0
5.124;378;0;0;0
5.129;379;0;0;0
5.134;379;0;0;0
5.139;379;0;0;0
5.144;379;0;0;0
5.149;380;0;0;0
5.154;380;0;0;0
5.159;380;0;0;0
5.164;380;0;0;0
5.169;381;0;0;0
5.174;381;0;0;0
5.179;381;0;0;0
5.184;382;0;0;0
5.189;382;0;0;0
5.194;382;0;0;0
5.199;382;0;0;0
5.204;383;0;0;0
5.209;383;0;0;0
5.214;384;0;0;0
5.219;384;0;0;0
5.224;384;0;0;0
5.229;385;0;0;0
5.234;386;0;0;0
5.239;386;0;0;0
5.244;386;0;0;0
5.249;387;0;0;0
5.254;387;0;0;0
5.259;388;0;0;0
5.264;388;0;0;0
5.269;388;0;0;0
5.274;389;0;0;0
5.279;389;0;0;0
5.284;389;0;0;0
5.289;389;0;0;0
5.294;389;0;0;0
5.299;389;0;0;0
5.304;389;0;0;0
5.309;389;0;0;0
5.314;389;0;0;0
5.319;389;0;0;0
5.324;389;0;0;0
5.329;390;0;0;0
5.334;390;0;0;0
5.339;390;0;0;0
5.344;390;0;0;0
5.349;390;0;0;0
5.354;390;0;0;0
5.359;390;0;0;0
5.364;390;0;0;0
5.369;390;0;0;0
5.374;390;0;0;0
5.379;390;0;0;0
5.384;390;0;0;0
5.389;390;0;0;0
5.394;390;0;0;0
5.399;390;0;0;0
5.404;391;0;0;0
5.409;391;0;0;0
5.414;391;0;0;0
5.419;392;0;0;0
5.424;392;0;0;0
5.429;392;0;0;0
5.434;393;0;0;0
5.439;393;0;0;0
5.444;393;0;0;0
5.449;394;0;0;0
5.454;394;0;0;0
5.459;394;0;0;0
5.464;394;0;0;0
5.469;394;0;0;0
5.474;394;0;0;0
5.479;394;0;0;0
5.484;394;0;0;0
5.489;394;0;0;0
5.494;394;0;0;0
5.499;394;0;0;0
5.504;395;0;0;0
5.509;395;0;0;0
5.514;395;0;0;0
5.519;395;0;0;0
5.524;395;0;0;0
5.529;395;0;0;0
5.534;395;0;0;0
5.539;395;0;0;0
5.544;395;0;0;0
5.549;395;0;0;0
5.554;395;0;0;0
5.559;395;0;0;0
5.564;395;0;0;0
5.569;395;0;0;0
5.574;395;0;0;0
5.579;395;0;0;0
5.584;396;0;0;0
5.589;396;0;0;0
5.594;396;0;0;0
5.599;396;0;0;0
5.604;396;0;0;0
5.609;396;0;0;0
5.614;396;0;0;0
5.619;396;0;0;0
5.624;396;0;0;0
5.629;397;0;0;0
5.634;397;0;0;0
5.639;397;0;0;0
5.644;397;0;0;0
5.649;397;0;0;0
5.654;397;0;0;0
5.659;397;0;0;0
5.664;398;0;0;0
5.669;398;0;0;0
5.674;398;0;0;0
5.679;398;0;0;0
5.684;398;0;0;0
5.689;398;0;0;0
5.694;398;0;0;0
5.699;398;0;0;0
5.704;398;0;0;0
5.709;398;0;0;0
5.714;398;0;0;0
5.719;398;0;0;0
5.724;398;0;0;0
5.729;398;0;0;0
5.734;398;0;0;0
5.739;398;0;0;0
5.744;398;0;0;0
5.749;398;0;0;0
5.754;398;0;0;0
5.759;398;0;0;0
5.764;398;0;0;0
5.769;398;0;0;0
5.774;398;0;0;0
5.779;398;0;0;0
5.784;398;0;0;0
5.789;398;0;0;0
5.794;398;0;0;0
5.799;398;0;0;0
5.804;398;0;0;0
5.809;398;0;0;0
5.814;398;0;0;0
5.819;398;0;0;0
5.824;399;0;0;0
5.829;399;0;0;0
5.834;399;0;0;0
5.839;399;0;0;0
5.844;399;0;0;0
5.849;399;0;0;0
5.854;399;0;0;0
5.859;399;0;0;0
5.864;400;0;0;0
5.869;400;0;0;0
5.874;400;0;0;0
5.879;400;0;0;0
5.884;400;0;0;0
5.889;400;0;0;0
5.894;400;0;0;0
5.899;400;0;0;0
5.904;400;0;0;0
5.909;400;0;0;0
5.914;400;0;0;0
5.919;400;0;0;0
5.924;400;0;0;0
5.929;400;0;0;0
5.934;400;0;0;0
5.939;400;0;0;0
5.944;400;0;0;0
5.949;400;0;0;0
5.954;400;0;0;0
5.959;400;0;0;0
5.964;400;0;0;0
5.969;400;0;0;0
5.974;400;0;0;0
5.979;400;0;0;0
5.984;400;0;0;0
5.989;400;0;0;0
5.994;400;0;0;0
5.999;400;0;0;0
6.004;400;0;0;0
6.009;400;0;0;0
6.014;400;0;0;0
6.019;400;0;0;0
6.024;400;0;0;0
6.029;400;0;0;0
6.034;400;0;0;0
6.039;400;0;0;0
6.044;400;0;0;0
6.049;400;0;0;0
6.054;400;0;0;0
6.059;400;0;0;0
6.064;400;0;0;0
6.069;400;0;0;0
6.074;400;0;0;0
6.079;400;0;0;0
6.084;400;0;0;0
6.089;400;0;0;0
6.094;400;0;0;0
6.099;400;0;0;0
6.104;400;0;0;0
6.109;400;0;0;0
6.114;400;0;0;0
6.119;400;0;0;0
6.124;400;0;0;0
6.129;400;0;0;0
6.134;400;0;0;0
6.139;400;0;0;0
6.144;400;0;0;0
6.149;400;0;0;0
6.154;400;0;0;0
6.159;400;0;0;0
6.164;400;0;0;0
6.169;400;0;0;0
6.174;399;0;0;0
6.179;399;0;0;0
6.184;399;0;0;0
6.189;399;0;0;0
6.194;399;0;0;0
6.199;399;0;0;0
6.204;399;0;0;0
6.209;399;0;0;0
6.214;399;0;0;0
6.219;399;0;0;0
6.224;399;0;0;0
6.229;399;0;0;0
6.234;399;0;0;0
6.239;399;0;0;0
6.244;399;0;0;0
6.249;399;0;0;0
6.254;399;0;0;0
6.259;399;0;0;0
6.264;399;0;0;0
6.269;399;0;0;0
6.274;399;0;0;0
6.279;399;0;0;0
6.284;399;0;0;0
6.289;400;0;0;0
6.294;400;0;0;0
6.299;400;0;0;0
6.304;400;0;0;0
6.309;400;0;0;0
6.314;400;0;0;0
6.319;400;0;0;0
6.324;400;0;0;0
6.329;400;0;0;0
6.334;400;0;0;0
6.339;400;0;0;0
6.344;400;0;0;0
6.349;400;0;0;0
6.354;400;0;0;0
6.359;400;0;0;0
6.364;400;0;0;0
6.369;400;0;0;0
6.374;400;0;0;0
6.379;400;0;0;0
6.384;400;0;0;0
6.389;400;0;0;0
6.394;400;0;0;0
6.399;400;0;0;0
6.404;400;0;0;0
6.409;400;0;0;0
6.414;400;0;0;0
6.419;400;0;0;0
6.424;400;0;0;0
6.429;400;0;0;0
6.434;400;0;0;0
6.439;400;0;0;0
6.444;400;0;0;0
6.449;400;0;0;0
6.454;400;0;0;0
6.459;400;0;0;0
6.464;400;0;0;0
6.469;400;0;0;0
6.474;400;0;0;0
6.479;400;0;0;0
6.484;400;0;0;0
6.489;400;0;0;0
6.494;400;0;0;0
6.499;400;0;0;0
6.504;400;0;0;0
6.509;400;0;0;0
6.514;400;0;0;0
6.519;400;0;0;0
6.524;400;0;0;0
6.529;400;0;0;0
6.534;400;0;0;0
6.539;400;0;0;0
6.544;400;0;0;0
6.549;400;0;0;0
6.554;400;0;0;0
6.559;400;0;0;0
6.564;400;0;0;0
6.569;400;0;0;0
6.574;400;0;0;0
6.579;400;0;0;0
6.584;400;0;0;0
6.589;400;0;0;0
6.594;400;0;0;0
6.599;400;0;0;0
6.604;400;0;0;0
6.609;400;0;0;0
6.614;400;0;0;0
6.619;400;0;0;0
6.624;400;0;0;0
6.629;400;0;0;0
6.634;400;0;0;0
6.639;400;0;0;0
6.644;400;0;0;0
6.649;400;0;0;0
6.654;400;0;0;0
6.659;400;0;0;0
6.664;400;0;0;0
6.669;401;0;0;0
6.674;401;0;0;0
6.679;401;0;0;0
6.684;401;0;0;0
6.689;401;0;0;0
6.694;401;0;0;0
6.699;401;0;0;0
6.704;401;0;0;0
6.709;401;0;0;0
6.714;401;0;0;0
6.719;401;0;0;0
6.724;402;0;0;0
6.729;402;0;0;0
6.734;402;0;0;0
6.739;402;0;0;0
6.744;402;0;0;0
6.749;402;0;0;0
6.754;402;0;0;0
6.759;402;0;0;0
6.764;402;0;0;0
6.769;402;0;0;0
6.774;402;0;0;0
6.779;402;0;0;0
6.784;402;0;0;0
6.789;403;0;0;0
6.794;403;0;0;0
6.799;403;0;0;0
6.804;404;0;0;0
6.809;404;0;0;0
6.814;404;0;0;0
6.819;404;0;0;0
6.824;405;0;0;0
6.829;406;0;0;0
6.834;406;0;0;0
6.839;406;0;0;0
6.844;406;0;0;0
6.849;407;0;0;0
6.854;407;0;0;0
6.859;408;0;0;0
6.864;408;0;0;0
6.869;409;0;0;0
6.874;410;0;0;0
6.879;410;0;0;0
6.884;410;0;0;0
6.889;411;0;0;0
6.894;412;0;0;0
6.899;413;0;0;0
6.904;414;0;0;0
6.909;414;0;0;0
6.914;415;0;0;0
6.919;416;0;0;0
6.924;418;0;0;0
6.929;418;0;0;0
6.934;419;0;0;0
6.939;421;0;0;0
6.944;422;0;0;0
6.949;424;0;0;0
6.954;426;0;0;0
6.959;427;0;0;0
6.964;429;0;0;0
6.969;430;0;0;0
6.974;430;0;0;0
6.979;430;0;0;0
6.984;429;0;0;0
6.989;428;0;0;0
6.994;428;0;0;0
6.999;428;0;0;0
7.004;428;0;0;0
7.009;427;0;0;0
7.014;427;0;0;0
7.019;426;0;0;0
7.024;426;0;0;0
7.029;426;0;0;0
7.034;426;0;0;0
7.039;425;0;0;0
7.044;424;0;0;0
7.049;424;0;0;0
7.054;423;0;0;0
7.059;422;0;0;0
7.064;422;0;0;0
7.069;421;0;0;0
7.074;420;0;0;0
7.079;420;0;0;0
7.084;419;0;0;0
7.089;418;0;0;0
7.094;418;0;0;0
7.099;417;0;0;0
7.104;416;0;0;0
7.109;415;0;0;0
7.114;414;0;0;0
7.119;414;0;0;0
7.124;413;0;0;0
7.129;412;0;0;0
7.134;412;0;0;0
7.139;411;0;0;0
7.144;411;0;0;0
7.149;410;0;0;0
7.154;410;0;0;0
7.159;410;0;0;0
7.164;410;0;0;0
7.169;410;0;0;0
7.174;410;0;0;0
7.179;410;0;0;0
7.184;410;0;0;0
7.189;410;0;0;0
7.194;410;0;0;0
7.199;410;0;0;0
7.204;410;0;0;0
7.209;410;0;0;0
7.214;410;0;0;0
7.219;410;0;0;0
7.224;410;0;0;0
7.229;409;0;0;0
7.234;409;0;0;0
7.239;409;0;0;0
7.244;409;0;0;0
7.249;408;0;0;0
7.254;408;0;0;0
7.259;408;0;0;0
7.264;408;0;0;0
7.269;408;0;0;0
7.274;408;0;0;0
7.279;407;0;0;0
7.284;406;0;0;0
7.289;406;0;0;0
7.294;406;0;0;0
7.299;406;0;0;0
7.304;405;0;0;0
7.309;404;0;0;0
7.314;403;0;0;0
7.319;403;0;0;0
7.324;402;0;0;0
7.329;402;0;0;0
7.334;402;0;0;0
7.339;402;0;0;0
7.344;402;0;0;0
7.349;402;0;0;0
7.354;402;0;0;0
7.359;402;0;0;0
7.364;402;0;0;0
7.369;402;0;0;0
7.374;403;0;0;0
7.379;403;0;0;0
7.384;403;0;0;0
7.389;403;0;0;0
7.394;403;0;0;0
7.399;403;0;0;0
7.404;403;0;0;0
7.409;403;0;0;0
7.414;402;0;0;0
7.419;402;0;0;0
7.424;402;0;0;0
7.429;402;0;0;0
7.434;402;0;0;0
7.439;402;0;0;0
7.444;402;0;0;0
7.449;402;0;0;0
7.454;402;0;0;0
7.459;402;0;0;0
7.464;402;0;0;0
7.469;402;0;0;0
7.474;401;0;0;0
7.479;401;0;0;0
7.484;401;0;0;0
7.489;401;0;0;0
7.494;401;0;0;0
7.499;401;0;0;0
7.504;401;0;0;0
7.509;401;0;0;0
7.514;401;0;0;0
7.519;402;0;0;0
7.524;402;0;0;0
7.529;402;0;0;0
7.534;402;0;0;0
7.539;402;0;0;0
7.544;402;0;0;0
7.549;402;0;0;0
7.554;402;0;0;0
7.559;402;0;0;0
7.564;402;0;0;0
7.569;402;0;0;0
7.574;402;0;0;0
7.579;402;0;0;0
7.584;403;0;0;0
7.589;403;0;0;0
7.594;403;0;0;0
7.599;403;0;0;0
7.604;404;0;0;0
7.609;404;0;0;0
7.614;404;0;0;0
7.619;404;0;0;0
7.624;404;0;0;0
7.629;404;0;0;0
7.634;404;0;0;0
7.639;404;0;0;0
7.644;404;0;0;0
7.649;404;0;0;0
7.654;404;0;0;0
7.659;404;0;0;0
7.664;404;0;0;0
7.669;404;0;0;0
7.674;404;0;0;0
7.679;404;0;0;0
7.684;404;0;0;0
7.689;404;0;0;0
7.694;404;0;0;0
7.699;404;0;0;0
7.704;404;0;0;0
7.709;404;0;0;0
7.714;404;0;0;0
7.719;404;0;0;0
7.724;404;0;0;0
7.729;404;0;0;0
7.734;404;0;0;0
7.739;404;0;0;0
7.744;403;0;0;0
7.749;403;0;0;0
7.754;403;0;0;0
7.759;402;0;0;0
7.764;402;0;0;0
7.769;402;0;0;0
7.774;402;0;0;0
7.779;402;0;0;0
7.784;402;0;0;0
7.789;402;0;0;0
7.794;402;0;0;0
7.799;402;0;0;0
7.804;402;0;0;0
7.809;402;0;0;0
7.814;402;0;0;0
7.819;402;0;0;0
7.824;402;0;0;0
7.829;402;0;0;0
7.834;402;0;0;0
7.839;402;0;0;0
7.844;402;0;0;0
7.849;402;0;0;0
7.854;402;0;0;0
7.859;402;0;0;0
7.864;402;0;0;0
7.869;402;0;0;0
7.874;402;0;0;0
7.879;402;0;0;0
7.884;402;0;0;0
7.889;402;0;0;0
7.894;402;0;0;0
7.899;402;0;0;0
7.904;402;0;0;0
7.909;402;0;0;0
7.914;402;0;0;0
7.919;402;0;0;0
7.924;402;0;0;0
7.929;402;0;0;0
7.934;402;0;0;0
7.939;402;0;0;0
7.944;402;0;0;0
7.949;402;0;0;0
7.954;402;0;0;0
7.959;402;0;0;0
7.964;402;0;0;0
7.969;402;0;0;0
7.974;402;0;0;0
7.979;402;0;0;0
7.984;402;0;0;0
7.989;402;0;0;0
7.994;401;0;0;0
7.999;401;0;0;0
8.004;401;0;0;0
8.009;400;0;0;0
8.014;400;0;0;0
8.019;400;0;0;0
8.024;400;0;0;0
8.029;400;0;0;0
8.034;399;0;0;0
8.039;399;0;0;0
8.044;398;0;0;0
8.049;398;0;0;0
8.054;398;0;0;0
8.059;398;0;0;0
8.064;398;0;0;0
8.069;397;0;0;0
8.074;397;0;0;0
8.079;397;0;0;0
8.084;396;0;0;0
8.089;396;0;0;0
8.094;396;0;0;0
8.099;396;0;0;0
8.104;396;0;0;0
8.109;396;0;0;0
8.114;396;0;0;0
8.119;396;0;0;0
8.124;396;0;0;0
8.129;396;0;0;0
8.134;396;0;0;0
8.139;396;0;0;0
8.144;396;0;0;0
8.149;396;0;0;0
8.154;396;0;0;0
8.159;396;0;0;0
8.164;396;0;0;0
8.169;396;0;0;0
8.174;396;0;0;0
8.179;396;0;0;0
8.184;396;0;0;0
8.189;396;0;0;0
8.194;396;0;0;0
8.199;396;0;0;0
8.204;396;0;0;0
8.209;396;0;0;0
8.214;396;0;0;0
8.219;396;0;0;0
8.224;396;0;0;0
8.229;396;0;0;0
8.234;396;0;0;0
8.239;396;0;0;0
8.244;396;0;0;0
8.249;396;0;0;0
8.254;396;0;0;0
8.259;397;0;0;0
8.264;397;0;0;0
8.269;397;0;0;0
8.274;397;0;0;0
8.279;397;0;0;0
8.284;397;0;0;0
8.289;397;0;0;0
8.294;397;0;0;0
8.299;397;0;0;0
8.304;397;0;0;0
8.309;397;0;0;0
8.314;397;0;0;0
8.319;397;0;0;0
8.324;397;0;0;0
8.329;397;0;0;0
8.334;397;0;0;0
8.339;397;0;0;0
8.344;397;0;0;0
8.349;397;0;0;0
8.354;397;0;0;0
8.359;397;0;0;0
8.364;397;0;0;0
8.369;397;0;0;0
8.374;397;0;0;0
8.379;397;0;0;0
8.384;397;0;0;0
8.389;397;0;0;0
8.394;397;0;0;0
8.399;397;0;0;0
8.404;397;0;0;0
8.409;397;0;0;0
8.414;397;0;0;0
8.419;397;0;0;0
8.424;397;0;0;0
8.429;397;0;0;0
8.434;397;0;0;0
8.439;397;0;0;0
8.444;397;0;0;0
8.449;397;0;0;0
8.454;397;0;0;0
8.459;397;0;0;0
8.464;397;0;0;0
8.469;397;0;0;0
8.474;397;0;0;0
8.479;397;0;0;0
8.484;397;0;0;0
8.489;397;0;0;0
8.494;397;0;0;0
8.499;397;0;0;0
8.504;397;0;0;0
8.509;397;0;0;0
8.514;397;0;0;0
8.519;397;0;0;0
8.524;397;0;0;0
8.529;398;0;0;0
8.534;398;0;0;0
8.539;398;0;0;0
8.544;398;0;0;0
8.549;398;0;0;0
8.554;398;0;0;0
8.559;398;0;0;0
8.564;398;0;0;0
8.569;398;0;0;0
8.574;398;0;0;0
8.579;398;0;0;0
8.584;398;0;0;0
8.589;398;0;0;0
8.594;398;0;0;0
8.599;398;0;0;0
8.604;398;0;0;0
8.609;398;0;0;0
8.614;398;0;0;0
8.619;398;0;0;0
8.624;398;0;0;0
8.629;398;0;0;0
8.634;398;0;0;0
8.639;398;0;0;0
8.644;398;0;0;0
8.649;398;0;0;0
8.654;398;0;0;0
8.659;398;0;0;0
8.664;398;0;0;0
8.669;398;0;0;0
8.674;398;0;0;0
8.679;398;0;0;0
8.684;398;0;0;0
8.689;398;0;0;0
8.694;398;0;0;0
8.699;398;0;0;0
8.704;398;0;0;0
8.709;398;0;0;0
8.714;398;0;0;0
8.719;398;0;0;0
8.724;398;0;0;0
8.729;398;0;0;0
8.734;398;0;0;0
8.739;398;0;0;0
8.744;398;0;0;0
8.749;398;0;0;0
8.754;398;0;0;0
8.759;398;0;0;0
8.764;398;0;0;0
8.769;398;0;0;0
8.774;398;0;0;0
8.779;398;0;0;0
8.784;398;0;0;0
8.789;398;0;0;0
8.794;398;0;0;0
8.799;398;0;0;0
8.804;398;0;0;0
8.809;398;0;0;0
8.814;398;0;0;0
8.819;398;0;0;0
8.824;399;0;0;0
8.829;399;0;0;0
8.834;399;0;0;0
8.839;399;0;0;0
8.844;399;0;0;0
8.849;399;0;0;0
8.854;399;0;0;0
8.859;399;0;0;0
8.864;399;0;0;0
8.869;399;0;0;0
8.874;399;0;0;0
8.879;399;0;0;0
8.884;399;0;0;0
8.889;399;0;0;0
8.894;399;0;0;0
8.899;399;0;0;0
8.904;399;0;0;0
8.909;399;0;0;0
8.914;399;0;0;0
8.919;399;0;0;0
8.924;399;0;0;0
8.929;399;0;0;0
8.934;399;0;0;0
8.939;399;0;0;0
8.944;399;0;0;0
8.949;399;0;0;0
8.954;399;0;0;0
8.959;399;0;0;0
8.964;399;0;0;0
8.969;399;0;0;0
8.974;399;0;0;0
8.979;399;0;0;0
8.984;400;0;0;0
8.989;400;0;0;0
8.994;400;0;0;0
8.999;400;0;0;0
9.004;400;0;0;0
9.009;400;0;0;0
9.014;400;0;0;0
9.019;400;0;0;0
9.024;400;0;0;0
9.029;400;0;0;0
9.034;400;0;0;0
9.039;400;0;0;0
9.044;400;0;0;0
9.049;400;0;0;0
9.054;400;0;0;0
9.059;400;0;0;0
9.064;400;0;0;0
9.069;400;0;0;0
9.074;400;0;0;0
9.079;400;0;0;0
9.084;400;0;0;0
9.089;400;0;0;0
9.094;400;0;0;0
9.099;400;0;0;0
9.104;400;0;0;0
9.109;400;0;0;0
9.114;400;0;0;0
9.119;400;0;0;0
9.124;400;0;0;0
9.129;400;0;0;0
9.134;400;0;0;0
9.139;400;0;0;0
9.144;400;0;0;0
9.149;400;0;0;0
9.154;400;0;0;0
9.159;400;0;0;0
9.164;400;0;0;0
9.169;400;0;0;0
9.174;400;0;0;0
9.179;400;0;0;0
9.184;400;0;0;0
9.189;400;0;0;0
9.194;400;0;0;0
9.199;400;0;0;0
9.204;400;0;0;0
9.209;400;0;0;0
9.214;400;0;0;0
9.219;400;0;0;0
9.224;400;0;0;0
9.229;400;0;0;0
9.234;400;0;0;0
9.239;400;0;0;0
9.244;400;0;0;0
9.249;400;0;0;0
9.254;400;0;0;0
9.259;400;0;0;0
9.264;400;0;0;0
9.269;400;0;0;0
9.274;400;0;0;0
9.279;400;0;0;0
9.284;400;0;0;0
9.289;400;0;0;0
9.294;400;0;0;0
9.299;400;0;0;0
9.304;400;0;0;0
9.309;400;0;0;0
9.314;400;0;0;0
9.319;400;0;0;0
9.324;400;0;0;0
9.329;400;0;0;0
9.334;400;0;0;0
9.339;400;0;0;0
9.344;400;0;0;0
9.349;400;0;0;0
9.354;400;0;0;0
9.359;400;0;0;0
9.364;400;0;0;0
9.369;400;0;0;0
9.374;400;0;0;0
9.379;400;0;0;0
9.384;400;0;0;0
9.389;400;0;0;0
9.394;400;0;0;0
9.399;400;0;0;0
9.404;400;0;0;0
9.409;400;0;0;0
9.414;400;0;0;0
9.419;400;0;0;0
9.424;400;0;0;0
9.429;400;0;0;0
9.434;400;0;0;0
9.439;400;0;0;0
9.444;400;0;0;0
9.449;400;0;0;0
9.454;400;0;0;0
9.459;400;0;0;0
9.464;400;0;0;0
9.469;400;0;0;0
9.474;400;0;0;0
9.479;400;0;0;0
9.484;400;0;0;0
9.489;400;0;0;0
9.494;400;0;0;0
9.499;400;0;0;0
9.504;400;0;0;0
9.509;400;0;0;0
9.514;400;0;0;0
9.519;400;0;0;0
9.524;400;0;0;0
9.529;400;0;0;0
9.534;400;0;0;0
9.539;400;0;0;0
9.544;400;0;0;0
9.549;400;0;0;0
9.554;400;0;0;0
9.559;400;0;0;0
9.564;400;0;0;0
9.569;400;0;0;0
9.574;400;0;0;0
9.579;400;0;0;0
9.584;400;0;0;0
9.589;400;0;0;0
9.594;400;0;0;0
9.599;400;0;0;0
9.604;400;0;0;0
9.609;400;0;0;0
9.614;400;0;0;0
9.619;400;0;0;0
9.624;400;0;0;0
9.629;400;0;0;0
9.634;400;0;0;0
9.639;400;0;0;0
9.644;400;0;0;0
9.649;400;0;0;0
9.654;400;0;0;0
9.659;400;0;0;0
9.664;400;0;0;0
9.669;400;0;0;0
9.674;400;0;0;0
9.679;400;0;0;0
9.684;400;0;0;0
9.689;400;0;0;0
9.694;400;0;0;0
9.699;400;0;0;0
9.704;400;0;0;0
9.709;400;0;0;0
9.714;400;0;0;0
9.719;400;0;0;0
9.724;400;0;0;0
9.729;400;0;0;0
9.734;400;0;0;0
9.739;400;0;0;0
9.744;400;0;0;0
9.749;400;0;0;0
9.754;400;0;0;0
9.759;400;0;0;0
9.764;400;0;0;0
9.769;400;0;0;0
9.774;400;0;0;0
9.779;400;0;0;0
9.784;400;0;0;0
9.789;400;0;0;0
9.794;400;0;0;0
9.799;400;0;0;0
9.804;400;0;0;0
9.809;400;0;0;0
9.814;400;0;0;0
9.819;400;0;0;0
9.824;400;0;0;0
9.829;400;0;0;0
9.834;400;0;0;0
9.839;400;0;0;0
9.844;400;0;0;0
9.849;400;0;0;0
9.854;400;0;0;0
9.859;400;0;0;0
9.864;400;0;0;0
9.869;400;0;0;0
9.874;400;0;0;0
9.879;400;0;0;0
9.884;400;0;0;0
9.889;400;0;0;0
9.894;400;0;0;0
9.899;400;0;0;0
9.904;400;0;0;0
9.909;400;0;0;0
9.914;400;0;0;0
9.919;400;0;0;0
9.924;400;0;0;0
9.929;400;0;0;0
9.934;400;0;0;0
9.939;400;0;0;0
9.944;400;0;0;0
9.949;400;0;0;0
9.954;400;0;0;0
9.959;400;0;0;0
9.964;400;0;0;0
9.969;400;0;0;0
9.974;400;0;0;0
9.979;400;0;0;0
9.984;400;0;0;0
9.989;400;0;0;0
9.994;400;0;0;0
9.999;400;0;0;0
10.004;400;0;0;0
10.009;400;0;0;0
10.014;400;0;0;0
10.019;400;0;0;0
10.024;400;0;0;0
10.029;400;0;0;0
10.034;400;0;0;0
10.039;400;0;0;0
10.044;400;0;0;0
10.049;400;0;0;0
10.054;400;0;0;0
10.059;400;0;0;0
10.064;400;0;0;0
10.069;400;0;0;0
10.074;400;0;0;0
10.079;400;0;0;0
10.084;400;0;0;0
10.089;400;0;0;0
10.094;400;0;0;0
10.099;400;0;0;0
10.104;400;0;0;0
10.109;400;0;0;0
10.114;400;0;0;0
10.119;400;0;0;0
10.124;400;0;0;0
10.129;400;0;0;0
10.134;400;0;0;0
10.139;400;0;0;0
10.144;400;0;0;0
10.149;400;0;0;0
10.154;400;0;0;0
10.159;400;0;0;0
10.164;400;0;0;0
10.169;400;0;0;0
10.174;400;0;0;0
10.179;400;0;0;0
10.184;400;0;0;0
10.189;400;0;0;0
10.194;400;0;0;0
10.199;400;0;0;0
10.204;400;0;0;0
10.209;400;0;0;0
10.214;400;0;0;0
10.219;400;0;0;0
10.224;400;0;0;0
10.229;400;0;0;0
10.234;400;0;0;0
10.239;400;0;0;0
10.244;400;0;0;0
10.249;400;0;0;0
10.254;400;0;0;0
10.259;400;0;0;0
10.264;400;0;0;0
10.269;400;0;0;0
10.274;400;0;0;0
10.279;400;0;0;0
10.284;400;0;0;0
10.289;400;0;0;0
10.294;400;0;0;0
10.299;400;0;0;0
10.304;400;0;0;0
10.309;400;0;0;0
10.314;400;0;0;0
10.319;400;0;0;0
10.324;400;0;0;0
10.329;400;0;0;0
10.334;400;0;0;0
10.339;400;0;0;0
10.344;400;0;0;0
10.349;400;0;0;0
10.354;400;0;0;0
10.359;400;0;0;0
10.364;400;0;0;0
10.369;400;0;0;0
10.374;400;0;0;0
10.379;400;0;0;0
10.384;400;0;0;0
10.389;400;0;0;0
10.394;400;0;0;0
10.399;400;0;0;0
10.404;400;0;0;0
10.409;400;0;0;0
10.414;400;0;0;0
10.419;400;0;0;0
10.424;400;0;0;0
10.429;400;0;0;0
10.434;400;0;0;0
10.439;400;0;0;0
10.444;400;0;0;0
10.449;400;0;0;0
10.454;400;0;0;0
10.459;400;0;0;0
10.464;400;0;0;0
10.469;400;0;0;0
10.474;400;0;0;0
10.479;400;0;0;0
10.484;400;0;0;0
10.489;400;0;0;0
10.494;400;0;0;0
10.499;400;0;0;0
10.504;400;0;0;0
10.509;400;0;0;0
10.514;400;0;0;0
10.519;400;0;0;0
10.524;400;0;0;0
10.529;400;0;0;0
10.534;400;0;0;0
10.539;400;0;0;0
10.544;400;0;0;0
10.549;400;0;0;0
10.554;400;0;0;0
10.559;400;0;0;0
10.564;400;0;0;0
10.569;400;0;0;0
10.574;400;0;0;0
10.579;400;0;0;0
10.584;400;0;0;0
10.589;400;0;0;0
10.594;400;0;0;0
10.599;400;0;0;0
10.604;400;0;0;0
10.609;400;0;0;0
10.614;400;0;0;0
10.619;400;0;0;0
10.624;400;0;0;0
10.629;400;0;0;0
10.634;400;0;0;0
10.639;400;0;0;0
10.644;400;0;0;0
10.649;400;0;0;0
10.654;400;0;0;0
10.659;400;0;0;0
10.664;400;0;0;0
10.669;400;0;0;0
10.674;400;0;0;0
10.679;400;0;0;0
10.684;400;0;0;0
10.689;400;0;0;0
10.694;400;0;0;0
10.699;400;0;0;0
10.704;400;0;0;0
10.709;400;0;0;0
10.714;400;0;0;0
10.719;400;0;0;0
10.724;400;0;0;0
10.729;400;0;0;0
10.734;400;0;0;0
10.739;400;0;0;0
10.744;400;0;0;0
10.749;400;0;0;0
10.754;400;0;0;0
10.759;400;0;0;0
10.764;400;0;0;0
10.769;400;0;0;0
10.774;400;0;0;0
10.779;400;0;0;0
10.784;400;0;0;0
10.789;400;0;0;0
10.794;400;0;0;0
10.799;400;0;0;0
10.804;400;0;0;0
10.809;400;0;0;0
10.814;400;0;0;0
10.819;400;0;0;0
10.824;400;0;0;0
10.829;400;0;0;0
10.834;400;0;0;0
10.839;400;0;0;0
10.844;400;0;0;0
10.849;400;0;0;0
10.854;400;0;0;0
10.859;400;0;0;0
10.864;400;0;0;0
10.869;400;0;0;0
10.874;400;0;0;0
10.879;400;0;0;0
10.884;400;0;0;0
10.889;400;0;0;0
10.894;400;0;0;0
10.899;400;0;0;0
10.904;400;0;0;0
10.909;400;0;0;0
10.914;400;0;0;0
10.919;400;0;0;0
10.924;400;0;0;0
10.929;400;0;0;0
10.934;400;0;0;0
10.939;400;0;0;0
10.944;400;0;0;0
10.949;400;0;0;0
10.954;400;0;0;0
10.959;400;0;0;0
10.964;400;0;0;0
10.969;400;0;0;0
10.974;400;0;0;0
10.979;400;0;0;0
10.984;400;0;0;0
10.989;400;0;0;0
10.994;400;0;0;0
10.999;400;0;0;0
11.004;400;0;0;0
11.009;400;0;0;0
11.014;400;0;0;0
11.019;400;0;0;0
11.024;400;0;0;0
11.029;400;0;0;0
11.034;400;0;0;0
11.039;400;0;0;0
11.044;400;0;0;0
11.049;400;0;0;0
11.054;400;0;0;0
11.059;400;0;0;0
11.064;400;0;0;0
11.069;400;0;0;0
11.074;400;0;0;0
11.079;400;0;0;0
11.084;400;0;0;0
11.089;400;0;0;0
11.094;400;0;0;0
11.099;400;0;0;0
11.104;400;0;0;0
11.109;400;0;0;0
11.114;400;0;0;0
11.119;400;0;0;0
11.124;400;0;0;0
11.129;400;0;0;0
11.134;400;0;0;0
11.139;400;0;0;0
11.144;400;0;0;0
11.149;400;0;0;0
11.154;400;0;0;0
11.159;400;0;0;0
11.164;400;0;0;0
11.169;400;0;0;0
11.174;400;0;0;0
11.179;400;0;0;0
11.184;400;0;0;0
11.189;400;0;0;0
11.194;400;0;0;0
11.199;400;0;0;0
11.204;400;0;0;0
11.209;400;0;0;0
11.214;400;0;0;0
11.219;400;0;0;0
11.224;400;0;0;0
11.229;400;0;0;0
11.234;400;0;0;0
11.239;400;0;0;0
11.244;400;0;0;0
11.249;400;0;0;0
11.254;400;0;0;0
11.259;400;0;0;0
11.264;400;0;0;0
11.269;400;0;0;0
11.274;400;0;0;0
11.279;400;0;0;0
11.284;400;0;0;0
11.289;400;0;0;0
11.294;400;0;0;0
11.299;400;0;0;0
11.304;400;0;0;0
11.309;400;0;0;0
11.314;400;0;0;0
11.319;400;0;0;0
11.324;400;0;0;0
11.329;400;0;0;0
11.334;400;0;0;0
11.339;400;0;0;0
11.344;400;0;0;0
11.349;400;0;0;0
11.354;400;0;0;0
11.359;400;0;0;0
11.364;400;0;0;0
11.369;400;0;0;0
11.374;400;0;0;0
11.379;400;0;0;0
11.384;400;0;0;0
11.389;400;0;0;0
11.394;400;0;0;0
11.399;400;0;0;0
11.404;400;0;0;0
11.409;400;0;0;0
11.414;400;0;0;0
11.419;400;0;0;0
11.424;400;0;0;0
11.429;400;0;0;0
11.434;400;0;0;0
11.439;400;0;0;0
11.444;400;0;0;0
11.449;400;0;0;0
11.454;400;0;0;0
11.459;400;0;0;0
11.464;400;0;0;0
11.469;400;0;0;0
11.474;400;0;0;0
11.479;400;0;0;0
11.484;400;0;0;0
11.489;400;0;0;0
11.494;400;0;0;0
11.499;400;0;0;0
11.504;400;0;0;0
11.509;400;0;0;0
11.514;400;0;0;0
11.519;400;0;0;0
11.524;400;0;0;0
11.529;400;0;0;0
11.534;400;0;0;0
11.539;400;0;0;0
11.544;400;0;0;0
11.549;400;0;0;0
11.554;400;0;0;0
11.559;400;0;0;0
11.564;400;0;0;0
11.569;400;0;0;0
11.574;400;0;0;0
11.579;400;0;0;0
11.584;400;0;0;0
11.589;400;0;0;0
11.594;400;0;0;0
11.599;400;0;0;0
11.604;400;0;0;0
11.609;400;0;0;0
11.614;400;0;0;0
11.619;400;0;0;0
11.624;400;0;0;0
11.629;400;0;0;0
11.634;400;0;0;0
11.639;400;0;0;0
11.644;400;0;0;0
11.649;400;0;0;0
11.654;400;0;0;0
11.659;400;0;0;0
11.664;400;0;0;0
11.669;400;0;0;0
11.674;400;0;0;0
11.679;400;0;0;0
11.684;400;0;0;0
11.689;400;0;0;0
11.694;400;0;0;0
11.699;400;0;0;0
11.704;400;0;0;0
11.709;400;0;0;0
11.714;400;0;0;0
11.719;400;0;0;0
11.724;400;0;0;0
11.729;400;0;0;0
11.734;400;0;0;0
11.739;400;0;0;0
11.744;400;0;0;0
11.749;400;0;0;0
11.754;400;0;0;0
11.759;400;0;0;0
11.764;400;0;0;0
11.769;400;0;0;0
11.774;400;0;0;0
11.779;400;0;0;0
11.784;400;0;0;0
11.789;400;0;0;0
11.794;400;0;0;0
11.799;400;0;0;0
11.804;400;0;0;0
11.809;400;0;0;0
11.814;400;0;0;0
11.819;400;0;0;0
11.824;400;0;0;0
11.829;400;0;0;0
11.834;400;0;0;0
11.839;400;0;0;0
11.844;400;0;0;0
11.849;400;0;0;0
11.854;400;0;0;0
11.859;400;0;0;0
11.864;400;0;0;0
11.869;400;0;0;0
11.874;400;0;0;0
11.879;400;0;0;0
11.884;400;0;0;0
11.889;400;0;0;0
11.894;400;0;0;0
11.899;400;0;0;0
11.904;400;0;0;0
11.909;400;0;0;0
11.914;400;0;0;0
11.919;400;0;0;0
11.924;400;0;0;0
11.929;400;0;0;0
11.934;400;0;0;0
11.939;400;0;0;0
11.944;400;0;0;0
11.949;400;0;0;0
11.954;400;0;0;0
11.959;400;0;0;0
11.964;400;0;0;0
11.969;400;0;0;0
11.974;400;0;0;0
11.979;400;0;0;0
11.984;400;0;0;0
11.989;400;0;0;0
11.994;400;0;0;0
11.999;400;0;0;0
12.004;400;0;0;0
12.009;400;0;0;0
12.014;400;0;0;0
12.019;400;0;0;0
12.024;400;0;0;0
12.029;400;0;0;0
12.034;400;0;0;0
12.039;400;0;0;0
12.044;400;0;0;0
12.049;400;0;0;0
12.054;400;0;0;0
12.059;400;0;0;0
12.064;400;0;0;0
12.069;400;0;0;0
12.074;400;0;0;0
12.079;400;0;0;0
12.084;400;0;0;0
12.089;400;0;0;0
12.094;400;0;0;0
12.099;400;0;0;0
12.104;400;0;0;0
12.109;400;0;0;0
12.114;400;0;0;0
12.119;400;0;0;0
12.124;400;0;0;0
12.129;400;0;0;0
12.134;400;0;0;0
12.139;400;0;0;0
12.144;400;0;0;0
12.149;400;0;0;0
12.154;400;0;0;0
12.159;400;0;0;0
12.164;400;0;0;0
12.169;400;0;0;0
12.174;400;0;0;0
12.179;400;0;0;0
12.184;400;0;0;0
12.189;400;0;0;0
12.194;400;0;0;0
12.199;400;0;0;0
12.204;400;0;0;0
12.209;400;0;0;0
12.214;400;0;0;0
12.219;400;0;0;0
12.224;400;0;0;0
12.229;400;0;0;0
12.234;400;0;0;0
12.239;400;0;0;0
12.244;400;0;0;0
12.249;400;0;0;0
12.254;400;0;0;0
12.259;400;0;0;0
12.264;400;0;0;0
12.269;400;0;0;0
12.274;400;0;0;0
12.279;400;0;0;0
12.284;400;0;0;0
12.289;400;0;0;0
12.294;400;0;0;0
12.299;400;0;0;0
12.304;400;0;0;0
12.309;400;0;0;0
12.314;400;0;0;0
12.319;400;0;0;0
12.324;400;0;0;0
12.329;400;0;0;0
12.334;400;0;0;0
12.339;400;0;0;0
12.344;400;0;0;0
12.349;400;0;0;0
12.354;400;0;0;0
12.359;400;0;0;0
12.364;400;0;0;0
12.369;400;0;0;0
12.374;400;0;0;0
12.379;400;0;0;0
12.384;400;0;0;0
12.389;400;0;0;0
12.394;400;0;0;0
12.399;400;0;0;0
12.404;400;0;0;0
12.409;400;0;0;0
12.414;400;0;0;0
12.419;400;0;0;0
12.424;400;0;0;0
12.429;400;0;0;0
12.434;400;0;0;0
12.439;400;0;0;0
12.444;400;0;0;0
12.449;400;0;0;0
12.454;400;0;0;0
12.459;400;0;0;0
12.464;400;0;0;0
12.469;400;0;0;0
12.474;400;0;0;0
12.479;400;0;0;0
12.484;400;0;0;0
12.489;400;0;0;0
12.494;400;0;0;0
12.499;400;0;0;0
12.504;400;0;0;0
12.509;400;0;0;0
12.514;400;0;0;0
12.519;400;0;0;0
12.524;400;0;0;0
12.529;400;0;0;0
12.534;400;0;0;0
12.539;400;0;0;0
12.544;400;0;0;0
12.549;400;0;0;0
12.554;400;0;0;0
12.559;400;0;0;0
12.564;400;0;0;0
12.569;400;0;0;0
12.574;400;0;0;0
12.579;400;0;0;0
12.584;400;0;0;0
12.589;400;0;0;0
12.594;400;0;0;0
12.599;400;0;0;0
12.604;400;0;0;0
12.609;400;0;0;0
12.614;400;0;0;0
12.619;400;0;0;0
12.624;400;0;0;0
12.629;400;0;0;0
12.634;400;0;0;0
12.639;400;0;0;0
12.644;400;0;0;0
12.649;400;0;0;0
12.654;400;0;0;0
12.659;400;0;0;0
12.664;400;0;0;0
12.669;400;0;0;0
12.674;400;0;0;0
12.679;400;0;0;0
12.684;400;0;0;0
12.689;400;0;0;0
12.694;400;0;0;0
12.699;400;0;0;0
12.704;400;0;0;0
12.709;400;0;0;0
12.714;400;0;0;0
12.719;400;0;0;0
12.724;400;0;0;0
12.729;400;0;0;0
12.734;400;0;0;0
12.739;400;0;0;0
12.744;400;0;0;0
12.749;400;0;0;0
12.754;400;0;0;0
12.759;400;0;0;0
12.764;400;0;0;0
12.769;400;0;0;0
12.774;400;0;0;0
12.779;400;0;0;0
12.784;400;0;0;0
12.789;400;0;0;0
12.794;400;0;0;0
12.799;400;0;0;0
12.804;400;0;0;0
12.809;400;0;0;0
12.814;400;0;0;0
12.819;400;0;0;0
12.824;400;0;0;0
12.829;400;0;0;0
12.834;400;0;0;0
12.839;400;0;0;0
12.844;400;0;0;0
12.849;400;0;0;0
12.854;400;0;0;0
12.859;400;0;0;0
12.864;400;0;0;0
12.869;400;0;0;0
12.874;400;0;0;0
12.879;400;0;0;0
12.884;400;0;0;0
12.889;400;0;0;0
12.894;400;0;0;0
12.899;400;0;0;0
12.904;400;0;0;0
12.909;400;0;0;0
12.914;400;0;0;0
12.919;400;0;0;0
12.924;400;0;0;0
12.929;400;0;0;0
12.934;400;0;0;0
12.939;400;0;0;0
12.944;400;0;0;0
12.949;400;0;0;0
12.954;400;0;0;0
12.959;400;0;0;0
12.964;400;0;0;0
12.969;400;0;0;0
12.974;400;0;0;0
12.979;400;0;0;0
12.984;400;0;0;0
12.989;400;0;0;0
12.994;400;0;0;0
12.999;400;0;0;0
13.004;400;0;0;0
13.009;400;0;0;0
13.014;400;0;0;0
13.019;400;0;0;0
13.024;400;0;0;0
13.029;400;0;0;0
13.034;400;0;0;0
13.039;400;0;0;0
13.044;400;0;0;0
13.049;400;0;0;0
13.054;400;0;0;0
13.059;400;0;0;0
13.064;400;0;0;0
13.069;400;0;0;0
13.074;400;0;0;0
13.079;400;0;0;0
13.084;400;0;0;0
13.089;400;0;0;0
13.094;400;0;0;0
13.099;400;0;0;0
13.104;400;0;0;0
13.109;400;0;0;0
13.114;400;0;0;0
13.119;400;0;0;0
13.124;400;0;0;0
13.129;400;0;0;0
13.134;400;0;0;0
13.139;400;0;0;0
13.144;400;0;0;0
13.149;400;0;0;0
13.154;400;0;0;0
13.159;400;0;0;0
13.164;400;0;0;0
13.169;400;0;0;0
13.174;400;0;0;0
13.179;400;0;0;0
13.184;400;0;0;0
13.189;400;0;0;0
13.194;400;0;0;0
13.199;400;0;0;0
13.204;400;0;0;0
13.209;400;0;0;0
13.214;400;0;0;0
13.219;400;0;0;0
13.224;400;0;0;0
13.229;400;0;0;0
13.234;400;0;0;0
13.239;400;0;0;0
13.244;400;0;0;0
13.249;400;0;0;0
13.254;400;0;0;0
13.259;400;0;0;0
13.264;400;0;0;0
13.269;400;0;0;0
13.274;400;0;0;0
13.279;400;0;0;0
13.284;400;0;0;0
13.289;400;0;0;0
13.294;400;0;0;0
13.299;400;0;0;0
13.304;400;0;0;0
13.309;400;0;0;0
13.314;400;0;0;0
13.319;400;0;0;0
13.324;400;0;0;0
13.329;400;0;0;0
13.334;400;0;0;0
13.339;400;0;0;0
13.344;400;0;0;0
13.349;400;0;0;0
13.354;400;0;0;0
13.359;400;0;0;0
13.364;400;0;0;0
13.369;400;0;0;0
13.374;400;0;0;0
13.379;400;0;0;0
13.384;400;0;0;0
13.389;400;0;0;0
13.394;400;0;0;0
13.399;400;0;0;0
13.404;400;0;0;0
13.409;400;0;0;0
13.414;400;0;0;0
13.419;400;0;0;0
13.424;400;0;0;0
13.429;400;0;0;0
13.434;400;0;0;0
13.439;400;0;0;0
13.444;400;0;0;0
13.449;400;0;0;0
13.454;400;0;0;0
13.459;400;0;0;0
13.464;400;0;0;0
13.469;400;0;0;0
13.474;400;0;0;0
13.479;400;0;0;0
13.484;400;0;0;0
13.489;400;0;0;0
13.494;400;0;0;0
13.499;400;0;0;0
13.504;400;0;0;0
13.509;400;0;0;0
13.514;400;0;0;0
13.519;400;0;0;0
13.524;400;0;0;0
13.529;400;0;0;0
13.534;400;0;0;0
13.539;400;0;0;0
13.544;400;0;0;0
13.549;400;0;0;0
13.554;400;0;0;0
13.559;400;0;0;0
13.564;400;0;0;0
13.569;400;0;0;0
13.574;400;0;0;0
13.579;400;0;0;0
13.584;400;0;0;0
13.589;400;0;0;0
13.594;400;0;0;0
13.599;400;0;0;0
13.604;400;0;0;0
13.609;400;0;0;0
13.614;400;0;0;0
13.619;400;0;0;0
13.624;400;0;0;0
13.629;400;0;0;0
13.634;400;0;0;0
13.639;400;0;0;0
13.644;400;0;0;0
13.649;400;0;0;0
13.654;400;0;0;0
13.659;400;0;0;0
13.664;400;0;0;0
13.669;400;0;0;0
13.674;400;0;0;0
13.679;400;0;0;0
13.684;400;0;0;0
13.689;400;0;0;0
13.694;400;0;0;0
13.699;400;0;0;0
13.704;400;0;0;0
13.709;400;0;0;0
13.714;400;0;0;0
13.719;400;0;0;0
13.724;400;0;0;0
13.729;400;0;0;0
13.734;400;0;0;0
13.739;400;0;0;0
13.744;400;0;0;0
13.749;400;0;0;0
13.754;400;0;0;0
13.759;400;0;0;0
13.764;400;0;0;0
13.769;400;0;0;0
13.774;400;0;0;0
13.779;400;0;0;0
13.784;400;0;0;0
13.789;400;0;0;0
13.794;400;0;0;0
13.799;400;0;0;0
13.804;400;0;0;0
13.809;400;0;0;0
13.814;400;0;0;0
13.819;400;0;0;0
13.824;400;0;0;0
13.829;400;0;0;0
13.834;400;0;0;0
13.839;400;0;0;0
13.844;400;0;0;0
13.849;400;0;0;0
13.854;400;0;0;0
13.859;400;0;0;0
13.864;400;0;0;0
13.869;400;0;0;0
13.874;400;0;0;0
13.879;400;0;0;0
13.884;400;0;0;0
13.889;400;0;0;0
13.894;400;0;0;0
13.899;400;0;0;0
13.904;400;0;0;0
13.909;400;0;0;0
13.914;400;0;0;0
13.919;400;0;0;0
13.924;400;0;0;0
13.929;400;0;0;0
13.934;400;0;0;0
13.939;400;0;0;0
13.944;400;0;0;0
13.949;400;0;0;0
13.954;400;0;0;0
13.959;400;0;0;0
13.964;400;0;0;0
13.969;400;0;0;0
13.974;400;0;0;0
13.979;400;0;0;0
13.984;400;0;0;0
13.989;400;0;0;0
13.994;400;0;0;0
13.999;400;0;0;0
14.004;400;0;0;0
14.009;400;0;0;0
14.014;400;0;0;0
14.019;400;0;0;0
14.024;400;0;0;0
14.029;400;0;0;0
14.034;400;0;0;0
14.039;400;0;0;0
14.044;400;0;0;0
14.049;400;0;0;0
14.054;400;0;0;0
14.059;400;0;0;0
14.064;400;0;0;0
14.069;400;0;0;0
14.074;400;0;0;0
14.079;400;0;0;0
14.084;400;0;0;0
14.089;400;0;0;0
14.094;400;0;0;0
14.099;400;0;0;0
14.104;400;0;0;0
14.109;400;0;0;0
14.114;400;0;0;0
14.119;400;0;0;0
14.124;400;0;0;0
14.129;400;0;0;0
14.134;400;0;0;0
14.139;400;0;0;0
14.144;400;0;0;0
14.149;400;0;0;0
14.154;400;0;0;0
14.159;400;0;0;0
14.164;400;0;0;0
14.169;400;0;0;0
14.174;400;0;0;0
14.179;400;0;0;0
14.184;400;0;0;0
14.189;400;0;0;0
14.194;400;0;0;0
14.199;400;0;0;0
14.204;400;0;0;0
14.209;400;0;0;0
14.214;400;0;0;0
14.219;400;0;0;0
14.224;400;0;0;0
14.229;400;0;0;0
14.234;400;0;0;0
14.239;400;0;0;0
14.244;400;0;0;0
14.249;400;0;0;0
14.254;400;0;0;0
14.259;400;0;0;0
14.264;400;0;0;0
14.269;400;0;0;0
14.274;400;0;0;0
14.279;400;0;0;0
14.284;400;0;0;0
14.289;400;0;0;0
14.294;400;0;0;0
14.299;400;0;0;0
14.304;400;0;0;0
14.309;400;0;0;0
14.314;400;0;0;0
14.319;400;0;0;0
14.324;400;0;0;0
14.329;400;0;0;0
14.334;400;0;0;0
14.339;400;0;0;0
14.344;400;0;0;0
14.349;400;0;0;0
14.354;400;0;0;0
14.359;400;0;0;0
14.364;400;0;0;0
14.369;400;0;0;0
14.374;400;0;0;0
14.379;400;0;0;0
14.384;400;0;0;0
14.389;400;0;0;0
14.394;400;0;0;0
14.399;400;0;0;0
14.404;400;0;0;0
14.409;400;0;0;0
14.414;400;0;0;0
14.419;400;0;0;0
14.424;400;0;0;0
14.429;400;0;0;0
14.434;400;0;0;0
14.439;400;0;0;0
14.444;400;0;0;0
14.449;400;0;0;0
14.454;400;0;0;0
14.459;400;0;0;0
14.464;400;0;0;0
14.469;400;0;0;0
14.474;400;0;0;0
14.479;400;0;0;0
14.484;400;0;0;0
14.489;400;0;0;0
14.494;400;0;0;0
14.499;400;0;0;0
14.504;400;0;0;0
14.509;400;0;0;0
14.514;400;0;0;0
14.519;400;0;0;0
14.524;400;0;0;0
14.529;400;0;0;0
14.534;400;0;0;0
14.539;400;0;0;0
14.544;400;0;0;0
14.549;400;0;0;0
14.554;400;0;0;0
14.559;400;0;0;0
14.564;400;0;0;0
14.569;400;0;0;0
14.574;400;0;0;0
14.579;400;0;0;0
14.584;400;0;0;0
14.589;400;0;0;0
14.594;400;0;0;0
14.599;400;0;0;0
14.604;400;0;0;0
14.609;400;0;0;0
14.614;400;0;0;0
14.619;400;0;0;0
14.624;400;0;0;0
14.629;400;0;0;0
14.634;400;0;0;0
14.639;400;0;0;0
14.644;400;0;0;0
14.649;400;0;0;0
14.654;400;0;0;0
14.659;400;0;0;0
14.664;400;0;0;0
14.669;400;0;0;0
14.674;400;0;0;0
14.679;400;0;0;0
14.684;400;0;0;0
14.689;400;0;0;0
14.694;400;0;0;0
14.699;400;0;0;0
14.704;400;0;0;0
14.709;400;0;0;0
14.714;400;0;0;0
14.719;400;0;0;0
14.724;400;0;0;0
14.729;400;0;0;0
14.734;400;0;0;0
14.739;400;0;0;0
14.744;400;0;0;0
14.749;400;0;0;0
14.754;400;0;0;0
14.759;400;0;0;0
14.764;400;0;0;0
14.769;400;0;0;0
14.774;400;0;0;0
14.779;400;0;0;0
14.784;400;0;0;0
14.789;400;0;0;0
14.794;400;0;0;0
14.799;400;0;0;0
14.804;400;0;0;0
14.809;400;0;0;0
14.814;400;0;0;0
14.819;400;0;0;0
14.824;400;0;0;0
14.829;400;0;0;0
14.834;400;0;0;0
14.839;400;0;0;0
14.844;400;0;0;0
14.849;400;0;0;0
14.854;400;0;0;0
14.859;400;0;0;0
14.864;400;0;0;0
14.869;400;0;0;0
14.874;400;0;0;0
14.879;400;0;0;0
14.884;400;0;0;0
14.889;400;0;0;0
14.894;400;0;0;0
14.899;400;0;0;0
14.904;400;0;0;0
14.909;400;0;0;0
14.914;400;0;0;0
14.919;400;0;0;0
14.924;400;0;0;0
14.929;400;0;0;0
14.934;400;0;0;0
14.939;400;0;0;0
14.944;400;0;0;0
14.949;400;0;0;0
14.954;400;0;0;0
14.959;400;0;0;0
14.964;400;0;0;0
14.969;400;0;0;0
14.974;400;0;0;0
14.979;400;0;0;0
14.984;400;0;0;0
14.989;400;0;0;0
14.994;400;0;0;0
14.999;400;0;0;0
15.004;400;0;0;0
15.009;400;0;0;0
15.014;400;0;0;0
15.019;400;0;0;0
15.024;400;0;0;0
15.029;400;0;0;0
15.034;400;0;0;0
15.039;400;0;0;0
15.044;400;0;0;0
15.049;400;0;0;0
15.054;400;0;0;0
15.059;400;0;0;0
15.064;400;0;0;0
15.069;400;0;0;0
15.074;400;0;0;0
15.079;400;0;0;0
15.084;400;0;0;0
15.089;400;0;0;0
15.094;400;0;0;0
15.099;400;0;0;0
15.104;400;0;0;0
15.109;400;0;0;0
15.114;400;0;0;0
15.119;400;0;0;0
15.124;400;0;0;0
15.129;400;0;0;0
15.134;400;0;0;0
15.139;400;0;0;0
15.144;400;0;0;0
15.149;400;0;0;0
15.154;400;0;0;0
15.159;400;0;0;0
15.164;400;0;0;0
15.169;400;0;0;0
15.174;400;0;0;0
15.179;400;0;0;0
15.184;400;0;0;0
15.189;400;0;0;0
15.194;400;0;0;0
15.199;400;0;0;0
15.204;400;0;0;0
15.209;400;0;0;0
15.214;400;0;0;0
15.219;400;0;0;0
15.224;400;0;0;0
15.229;400;0;0;0
15.234;400;0;0;0
15.239;400;0;0;0
15.244;400;0;0;0
15.249;400;0;0;0
15.254;400;0;0;0
15.259;400;0;0;0
15.264;400;0;0;0
15.269;400;0;0;0
15.274;400;0;0;0
15.279;400;0;0;0
15.284;400;0;0;0
15.289;400;0;0;0
15.294;400;0;0;0
15.299;400;0;0;0
15.304;400;0;0;0
15.309;400;0;0;0
15.314;400;0;0;0
15.319;400;0;0;0
15.324;400;0;0;0
15.329;400;0;0;0
15.334;400;0;0;0
15.339;400;0;0;0
15.344;400;0;0;0
15.349;400;0;0;0
15.354;400;0;0;0
15.359;400;0;0;0
15.364;400;0;0;0
15.369;400;0;0;0
15.374;400;0;0;0
15.379;400;0;0;0
15.384;400;0;0;0
15.389;400;0;0;0
15.394;400;0;0;0
15.399;400;0;0;0
15.404;400;0;0;0
15.409;400;0;0;0
15.414;400;0;0;0
15.419;400;0;0;0
15.424;400;0;0;0
15.429;400;0;0;0
15.434;400;0;0;0
15.439;400;0;0;0
15.444;400;0;0;0
15.449;400;0;0;0
15.454;400;0;0;0
15.459;400;0;0;0
15.464;400;0;0;0
15.469;400;0;0;0
15.474;400;0;0;0
15.479;400;0;0;0
15.484;400;0;0;0
15.489;400;0;0;0
15.494;400;0;0;0
15.499;400;0;0;0
15.504;400;0;0;0
15.509;400;0;0;0
15.514;400;0;0;0
15.519;400;0;0;0
15.524;400;0;0;0
15.529;400;0;0;0
15.534;400;0;0;0
15.539;400;0;0;0
15.544;400;0;0;0
15.549;400;0;0;0
15.554;400;0;0;0
15.559;400;0;0;0
15.564;400;0;0;0
15.569;400;0;0;0
15.574;400;0;0;0
15.579;400;0;0;0
15.584;400;0;0;0
15.589;400;0;0;0
15.594;400;0;0;0
15.599;400;0;0;0
15.604;400;0;0;0
15.609;400;0;0;0
15.614;400;0;0;0
15.619;400;0;0;0
15.624;400;0;0;0
15.629;400;0;0;0
15.634;400;0;0;0
15.639;400;0;0;0
15.644;400;0;0;0
15.649;400;0;0;0
15.654;400;0;0;0
15.659;400;0;0;0
15.664;400;0;0;0
15.669;400;0;0;0
15.674;400;0;0;0
15.679;400;0;0;0
15.684;400;0;0;0
15.689;400;0;0;0
15.694;400;0;0;0
15.699;400;0;0;0
15.704;400;0;0;0
15.709;400;0;0;0
15.714;400;0;0;0
15.719;400;0;0;0
15.724;400;0;0;0
15.729;400;0;0;0
15.734;400;0;0;0
15.739;400;0;0;0
15.744;400;0;0;0
15.749;400;0;0;0
15.754;400;0;0;0
15.759;400;0;0;0
15.764;400;0;0;0
15.769;400;0;0;0
15.774;400;0;0;0
15.779;400;0;0;0
15.784;400;0;0;0
15.789;400;0;0;0
15.794;400;0;0;0
15.799;400;0;0;0
15.804;400;0;0;0
15.809;400;0;0;0
15.814;400;0;0;0
15.819;400;0;0;0
15.824;400;0;0;0
15.829;400;0;0;0
15.834;400;0;0;0
15.839;400;0;0;0
15.844;400;0;0;0
15.849;400;0;0;0
15.854;400;0;0;0
15.859;400;0;0;0
15.864;400;0;0;0
15.869;400;0;0;0
15.874;400;0;0;0
15.879;400;0;0;0
15.884;400;0;0;0
15.889;400;0;0;0
15.894;400;0;0;0
15.899;400;0;0;0
15.904;400;0;0;0
15.909;400;0;0;0
15.914;400;0;0;0
15.919;400;0;0;0
15.924;400;0;0;0
15.929;400;0;0;0
15.934;400;0;0;0
15.939;400;0;0;0
15.944;400;0;0;0
15.949;400;0;0;0
15.954;400;0;0;0
15.959;400;0;0;0
15.964;400;0;0;0
15.969;400;0;0;0
15.974;400;0;0;0
15.979;400;0;0;0
15.984;400;0;0;0
15.989;400;0;0;0
15.994;400;0;0;0
15.999;400;0;0;0
16.004;400;0;0;0
16.009;400;0;0;0
16.014;400;0;0;0
16.019;400;0;0;0
16.024;400;0;0;0
16.029;400;0;0;0
16.034;400;0;0;0
16.039;400;0;0;0
16.044;400;0;0;0
16.049;400;0;0;0
16.054;400;0;0;0
16.059;400;0;0;0
16.064;400;0;0;0
16.069;400;0;0;0
16.074;400;0;0;0
16.079;400;0;0;0
16.084;400;0;0;0
16.089;400;0;0;0
16.094;400;0;0;0
16.099;400;0;0;0
16.104;400;0;0;0
16.109;400;0;0;0
16.114;400;0;0;0
16.119;400;0;0;0
16.124;400;0;0;0
16.129;400;0;0;0
16.134;400;0;0;0
16.139;400;0;0;0
16.144;400;0;0;0
16.149;400;0;0;0
16.154;400;0;0;0
16.159;400;0;0;0
16.164;400;0;0;0
16.169;400;0;0;0
16.174;400;0;0;0
16.179;400;0;0;0
16.184;400;0;0;0
16.189;400;0;0;0
16.194;400;0;0;0
16.199;400;0;0;0
16.204;400;0;0;0
16.209;400;0;0;0
16.214;400;0;0;0
16.219;400;0;0;0
16.224;400;0;0;0
16.229;400;0;0;0
16.234;400;0;0;0
16.239;400;0;0;0
16.244;400;0;0;0
16.249;400;0;0;0
16.254;400;0;0;0
16.259;400;0;0;0
16.264;400;0;0;0
16.269;400;0;0;0
16.274;400;0;0;0
16.279;400;0;0;0
16.284;400;0;0;0
16.289;400;0;0;0
16.294;400;0;0;0
16.299;400;0;0;0
16.304;400;0;0;0
16.309;400;0;0;0
16.314;400;0;0;0
16.319;400;0;0;0
16.324;400;0;0;0
16.329;400;0;0;0
16.334;400;0;0;0
16.339;400;0;0;0
16.344;400;0;0;0
16.349;400;0;0;0
16.354;400;0;0;0
16.359;400;0;0;0
16.364;400;0;0;0
16.369;400;0;0;0
16.374;400;0;0;0
16.379;400;0;0;0
16.384;400;0;0;0
16.389;400;0;0;0
16.394;400;0;0;0
16.399;400;0;0;0
16.404;400;0;0;0
16.409;400;0;0;0
16.414;400;0;0;0
16.419;400;0;0;0
16.424;400;0;0;0
16.429;400;0;0;0
16.434;400;0;0;0
16.439;400;0;0;0
16.444;400;0;0;0
16.449;400;0;0;0
16.454;400;0;0;0
16.459;400;0;0;0
16.464;400;0;0;0
16.469;400;0;0;0
16.474;400;0;0;0
16.479;400;0;0;0
16.484;400;0;0;0
16.489;400;0;0;0
16.494;400;0;0;0
16.499;400;0;0;0
16.504;400;0;0;0
16.509;400;0;0;0
16.514;400;0;0;0
16.519;400;0;0;0
16.524;400;0;0;0
16.529;400;0;0;0
16.534;400;0;0;0
16.539;400;0;0;0
16.544;400;0;0;0
16.549;400;0;0;0
16.554;400;0;0;0
16.559;400;0;0;0
16.564;400;0;0;0
16.569;400;0;0;0
16.574;400;0;0;0
16.579;400;0;0;0
16.584;400;0;0;0
16.589;400;0;0;0
16.594;400;0;0;0
16.599;400;0;0;0
16.604;400;0;0;0
16.609;400;0;0;0
16.614;400;0;0;0
16.619;400;0;0;0
16.624;400;0;0;0
16.629;400;0;0;0
16.634;400;0;0;0
16.639;400;0;0;0
16.644;400;0;0;0
16.649;400;0;0;0
16.654;400;0;0;0
16.659;400;0;0;0
16.664;400;0;0;0
16.669;400;0;0;0
16.674;400;0;0;0
16.679;400;0;0;0
16.684;400;0;0;0
16.689;400;0;0;0
16.694;400;0;0;0
16.699;400;0;0;0
16.704;400;0;0;0
16.709;400;0;0;0
16.714;400;0;0;0
16.719;400;0;0;0
16.724;400;0;0;0
16.729;400;0;0;0
16.734;400;0;0;0
16.739;400;0;0;0
16.744;400;0;0;0
16.749;400;0;0;0
16.754;400;0;0;0
16.759;400;0;0;0
16.764;400;0;0;0
16.769;400;0;0;0
16.774;400;0;0;0
16.779;400;0;0;0
16.784;400;0;0;0
16.789;400;0;0;0
16.794;400;0;0;0
16.799;400;0;0;0
16.804;400;0;0;0
16.809;400;0;0;0
16.814;400;0;0;0
16.819;400;0;0;0
16.824;400;0;0;0
16.829;400;0;0;0
16.834;400;0;0;0
16.839;400;0;0;0
16.844;400;0;0;0
16.849;400;0;0;0
16.854;400;0;0;0
16.859;400;0;0;0
16.864;400;0;0;0
16.869;400;0;0;0
16.874;400;0;0;0
16.879;400;0;0;0
16.884;400;0;0;0
16.889;400;0;0;0
16.894;400;0;0;0
16.899;400;0;0;0
16.904;400;0;0;0
16.909;400;0;0;0
16.914;400;0;0;0
16.919;400;0;0;0
16.924;400;0;0;0
16.929;400;0;0;0
16.934;400;0;0;0
16.939;400;0;0;0
16.944;400;0;0;0
16.949;400;0;0;0
16.954;400;0;0;0
16.959;400;0;0;0
16.964;400;0;0;0
16.969;400;0;0;0
16.974;400;0;0;0
16.979;400;0;0;0
16.984;400;0;0;0
16.989;400;0;0;0
16.994;400;0;0;0
16.999;400;0;0;0
17.004;400;0;0;0
17.009;400;0;0;0
17.014;400;0;0;0
17.019;400;0;0;0
17.024;400;0;0;0
17.029;400;0;0;0
17.034;400;0;0;0
17.039;400;0;0;0
17.044;400;0;0;0
17.049;400;0;0;0
17.054;400;0;0;0
17.059;400;0;0;0
17.064;400;0;0;0
17.069;400;0;0;0
17.074;400;0;0;0
17.079;400;0;0;0
17.084;400;0;0;0
17.089;400;0;0;0
17.094;400;0;0;0
17.099;400;0;0;0
17.104;400;0;0;0
17.109;400;0;0;0
17.114;400;0;0;0
17.119;400;0;0;0
17.124;400;0;0;0
17.129;400;0;0;0
17.134;400;0;0;0
17.139;400;0;0;0
17.144;400;0;0;0
17.149;400;0;0;0
17.154;400;0;0;0
17.159;400;0;0;0
17.164;400;0;0;0
17.169;400;0;0;0
17.174;400;0;0;0
17.179;400;0;0;0
17.184;400;0;0;0
17.189;400;0;0;0
17.194;400;0;0;0
17.199;400;0;0;0
17.204;400;0;0;0
17.209;400;0;0;0
17.214;400;0;0;0
17.219;400;0;0;0
17.224;400;0;0;0
17.229;400;0;0;0
17.234;400;0;0;0
17.239;400;0;0;0
17.244;400;0;0;0
17.249;400;0;0;0
17.254;400;0;0;0
17.259;400;0;0;0
17.264;400;0;0;0
17.269;400;0;0;0
17.274;400;0;0;0
17.279;400;0;0;0
17.284;400;0;0;0
17.289;400;0;0;0
17.294;400;0;0;0
17.299;400;0;0;0
17.304;400;0;0;0
17.309;400;0;0;0
17.314;400;0;0;0
17.319;400;0;0;0
17.324;400;0;0;0
17.329;400;0;0;0
17.334;400;0;0;0
17.339;400;0;0;0
17.344;400;0;0;0
17.349;400;0;0;0
17.354;400;0;0;0
17.359;400;0;0;0
17.364;400;0;0;0
17.369;400;0;0;0
17.374;400;0;0;0
17.379;400;0;0;0
17.384;400;0;0;0
17.389;400;0;0;0
17.394;400;0;0;0
17.399;400;0;0;0
17.404;400;0;0;0
17.409;400;0;0;0
17.414;400;0;0;0
17.419;400;0;0;0
17.424;400;0;0;0
17.429;400;0;0;0
17.434;400;0;0;0
17.439;400;0;0;0
17.444;400;0;0;0
17.449;400;0;0;0
17.454;400;0;0;0
17.459;400;0;0;0
17.464;400;0;0;0
17.469;400;0;0;0
17.474;400;0;0;0
17.479;400;0;0;0
17.484;400;0;0;0
17.489;400;0;0;0
17.494;400;0;0;0
17.499;400;0;0;0
17.504;400;0;0;0
17.509;400;0;0;0
17.514;400;0;0;0
17.519;400;0;0;0
17.524;400;0;0;0
17.529;400;0;0;0
17.534;400;0;0;0
17.539;400;0;0;0
17.544;400;0;0;0
17.549;400;0;0;0
17.554;400;0;0;0
17.559;400;0;0;0
17.564;400;0;0;0
17.569;400;0;0;0
17.574;400;0;0;0
17.579;400;0;0;0
17.584;400;0;0;0
17.589;400;0;0;0
17.594;400;0;0;0
17.599;400;0;0;0
17.604;400;0;0;0
17.609;400;0;0;0
17.614;400;0;0;0
17.619;400;0;0;0
17.624;400;0;0;0
17.629;400;0;0;0
17.634;400;0;0;0
17.639;400;0;0;0
17.644;400;0;0;0
17.649;400;0;0;0
17.654;400;0;0;0
17.659;400;0;0;0
17.664;400;0;0;0
17.669;400;0;0;0
17.674;400;0;0;0
17.679;400;0;0;0
17.684;400;0;0;0
17.689;400;0;0;0
17.694;400;0;0;0
17.699;400;0;0;0
17.704;400;0;0;0
17.709;400;0;0;0
17.714;400;0;0;0
17.719;400;0;0;0
17.724;400;0;0;0
17.729;400;0;0;0
17.734;400;0;0;0
17.739;400;0;0;0
17.744;400;0;0;0
17.749;400;0;0;0
17.754;400;0;0;0
17.759;400;0;0;0
17.764;400;0;0;0
17.769;400;0;0;0
17.774;400;0;0;0
17.779;400;0;0;0
17.784;400;0;0;0
17.789;400;0;0;0
17.794;400;0;0;0
17.799;400;0;0;0
17.804;400;0;0;0
17.809;400;0;0;0
17.814;400;0;0;0
17.819;400;0;0;0
17.824;400;0;0;0
17.829;400;0;0;0
17.834;400;0;0;0
17.839;400;0;0;0
17.844;400;0;0;0
17.849;400;0;0;0
17.854;400;0;0;0
17.859;400;0;0;0
17.864;400;0;0;0
17.869;400;0;0;0
17.874;400;0;0;0
17.879;400;0;0;0
17.884;400;0;0;0
17.889;400;0;0;0
17.894;400;0;0;0
17.899;400;0;0;0
17.904;400;0;0;0
17.909;400;0;0;0
17.914;400;0;0;0
17.919;400;0;0;0
17.924;400;0;0;0
17.929;400;0;0;0
17.934;400;0;0;0
17.939;400;0;0;0
17.944;400;0;0;0
17.949;400;0;0;0
17.954;400;0;0;0
17.959;400;0;0;0
17.964;400;0;0;0
17.969;400;0;0;0
17.974;400;0;0;0
17.979;400;0;0;0
17.984;400;0;0;0
17.989;400;0;0;0
17.994;400;0;0;0
17.999;400;0;0;0
18.004;400;0;0;0
18.009;400;0;0;0
18.014;400;0;0;0
18.019;400;0;0;0
18.024;400;0;0;0
18.029;400;0;0;0
18.034;400;0;0;0
18.039;400;0;0;0
18.044;401;0;0;0
18.049;401;0;0;0
18.054;401;0;0;0
18.059;401;0;0;0
18.064;401;0;0;0
18.069;401;0;0;0
18.074;401;0;0;0
18.079;401;0;0;0
18.084;401;0;0;0
18.089;401;0;0;0
18.094;401;0;0;0
18.099;401;0;0;0
18.104;401;0;0;0
18.109;401;0;0;0
18.114;401;0;0;0
18.119;401;0;0;0
18.124;401;0;0;0
18.129;401;0;0;0
18.134;401;0;0;0
18.139;402;0;0;0
18.144;402;0;0;0
18.149;402;0;0;0
18.154;402;0;0;0
18.159;402;0;0;0
18.164;402;0;0;0
18.169;402;0;0;0
18.174;402;0;0;0
18.179;402;0;0;0
18.184;402;0;0;0
18.189;402;0;0;0
18.194;402;0;0;0
18.199;402;0;0;0
18.204;402;0;0;0
18.209;402;0;0;0
18.214;402;0;0;0
18.219;402;0;0;0
18.224;403;0;0;0
18.229;403;0;0;0
18.234;403;0;0;0
18.239;403;0;0;0
18.244;404;0;0;0
18.249;404;0;0;0
18.254;404;0;0;0
18.259;404;0;0;0
18.264;404;0;0;0
18.269;405;0;0;0
18.274;406;0;0;0
18.279;406;0;0;0
18.284;406;0;0;0
18.289;406;0;0;0
18.294;406;0;0;0
18.299;407;0;0;0
18.304;408;0;0;0