t;e;d;i;set

9.809;7;100;0;0
9.814;7;100;0;0
9.819;7;100;0;0
9.824;7;100;0;0
9.829;7;100;0;0
9.834;7;100;0;0
9.839;7;100;0;0
9.844;7;100;0;0
9.849;7;100;0;0
9.854;7;100;0;0
9.859;7;100;0;0
9.864;7;100;0;0
9.869;7;100;0;0
9.874;7;100;0;0
9.879;7;100;0;0
9.884;7;100;0;0
9.889;7;100;0;0
9.894;7;100;0;0
9.899;7;100;0;0
9.904;7;100;0;0
9.909;7;100;0;0
9.914;7;100;0;0
9.919;7;100;0;0
9.924;7;100;0;0
9.929;7;100;0;0
9.934;7;100;0;0
9.939;7;100;0;0
9.944;7;100;0;0
9.949;7;100;0;0
9.954;7;100;0;0
9.959;7;100;0;0
9.964;7;100;0;0
9.969;7;100;0;0
9.974;7;100;0;0
9.979;7;100;0;0
9.984;7;100;0;0
9.989;7;100;0;0
9.994;7;100;0;0
9.999;7;100;0;0
10.004;7;100;0;0
10.009;7;100;0;0
10.014;7;100;0;0
10.019;7;100;0;0
10.024;7;100;0;0
10.029;7;100;0;0
10.034;7;100;0;0
10.039;7;100;0;0
10.044;7;100;0;0
10.049;7;100;0;0
10.054;7;100;0;0
10.059;7;100;0;0
10.064;7;100;0;0
10.069;7;100;0;0
10.074;7;100;0;0
10.079;7;100;0;0
10.084;7;100;0;0
10.089;7;100;0;0
10.094;7;100;0;0
10.099;7;100;0;0
10.104;7;100;0;0
10.109;7;100;0;0
10.114;7;100;0;0
10.119;7;100;0;0
10.124;7;100;0;0
10.129;7;100;0;0
10.134;7;100;0;0
10.139;7;100;0;0
10.144;7;100;0;0
10.149;7;100;0;0
10.154;7;100;0;0
10.159;7;100;0;0
10.164;7;100;0;0
10.169;7;100;0;0
10.174;7;100;0;0
10.179;7;100;0;0
10.184;7;100;0;0
10.189;7;100;0;0
10.194;7;100;0;0
10.199;7;100;0;0
10.204;7;100;0;0
10.209;7;100;0;0
10.214;7;100;0;0
10.219;7;100;0;0
10.224;7;100;0;0
10.229;7;100;0;0
10.234;7;100;0;0
10.239;7;100;0;0
10.244;7;100;0;0
10.249;7;100;0;0
10.254;7;100;0;0
10.259;7;100;0;0
10.264;7;100;0;0
10.269;7;100;0;0
10.274;7;100;0;0
10.279;7;100;0;0
10.284;7;100;0;0
10.289;7;100;0;0
10.294;7;100;0;0
10.299;7;100;0;0
10.304;7;100;0;0
10.309;7;100;0;0
10.314;7;100;0;0
10.319;7;100;0;0
10.324;7;100;0;0
10.329;7;100;0;0
10.334;7;100;0;0
10.339;7;100;0;0
10.344;7;100;0;0
10.349;7;100;0;0
10.354;7;100;0;0
10.359;7;100;0;0
10.364;7;100;0;0
10.369;7;100;0;0
10.374;7;100;0;0
10.379;7;100;0;0
10.384;7;100;0;0
10.389;7;100;0;0
10.394;7;100;0;0
10.399;7;100;0;0
10.404;7;100;0;0
10.409;7;100;0;0
10.414;7;100;0;0
10.419;7;100;0;0
10.424;7;100;0;0
10.429;7;100;0;0
10.434;7;100;0;0
10.439;7;100;0;0
10.444;7;100;0;0
10.449;7;100;0;0
10.454;7;100;0;0
10.459;7;100;0;0
10.464;7;100;0;0
10.469;7;100;0;0
10.474;7;100;0;0
10.479;7;100;0;0
10.484;7;100;0;0
10.489;7;100;0;0
10.494;7;100;0;0
10.499;7;100;0;0
10.504;7;100;0;0
10.509;7;100;0;0
10.514;7;100;0;0
10.519;7;100;0;0
10.524;7;100;0;0
10.529;7;100;0;0
10.534;7;100;0;0
10.539;7;100;0;0
10.544;7;100;0;0
10.549;7;100;0;0
10.554;7;100;0;0
10.559;7;100;0;0
10.564;7;100;0;0
10.569;7;100;0;0
10.574;7;100;0;0
10.579;7;100;0;0
10.584;7;100;0;0
10.589;7;100;0;0
10.594;7;100;0;0
10.599;7;100;0;0
10.604;7;100;0;0
10.609;7;100;0;0
10.614;7;100;0;0
10.619;7;100;0;0
10.624;7;100;0;0
10.629;7;100;0;0
10.634;7;100;0;0
10.639;7;100;0;0
10.644;7;100;0;0
10.649;7;100;0;0
10.654;7;100;0;0
10.659;7;100;0;0
10.664;7;100;0;0
10.669;7;100;0;0
10.674;7;100;0;0
10.679;7;100;0;0
10.684;7;100;0;0
10.689;7;100;0;0
10.694;7;100;0;0
10.699;7;100;0;0
10.704;7;100;0;0
10.709;7;100;0;0
10.714;7;100;0;0
10.719;7;100;0;0
10.724;7;100;0;0
10.729;0;100;0;0
10.734;-7;235;0;0
10.739;-15;344;0;0
10.744;-31;159;0;0
10.749;-47;-66;0;0
10.754;-54;-224;0;0
10.759;-62;-336;0;0
10.764;-70;-406;0;0
10.769;-78;-467;0;0
10.774;-86;-504;0;0
10.779;-101;-547;0;0
10.784;-101;-582;0;0
10.789;-109;-600;0;0
10.794;-117;-600;0;0
10.799;-117;-582;0;0
10.804;-125;-580;0;0
10.809;-133;-571;0;0
10.814;-133;-560;0;0
10.819;-133;-547;0;0
10.824;-133;-533;0;0
10.829;-133;-518;0;0
10.834;-133;-504;0;0
10.839;-133;-490;0;0
10.844;-133;-477;0;0
10.849;-133;-466;0;0
10.854;-133;-454;0;0
10.859;-133;-443;0;0
10.864;-125;-412;0;0
10.869;-125;-328;0;0
10.874;-117;-263;0;0
10.879;-109;-201;0;0
10.884;-101;-73;0;0
10.889;-101;28;0;0
10.894;-94;108;0;0
10.899;-86;226;0;0
10.904;-78;392;0;0
10.909;-70;448;0;0
10.914;-62;480;0;0
10.919;-54;499;0;0
10.924;-47;517;0;0
10.929;-39;553;0;0
10.934;-39;576;0;0
10.939;-23;584;0;0
10.944;-15;594;0;0
10.949;-7;628;0;0
10.954;0;655;0;0
10.959;7;655;0;0
10.964;23;673;0;0
10.969;23;723;0;0
10.974;31;736;0;0
10.979;39;831;0;0
10.984;54;913;0;0
10.989;54;897;0;0
10.994;62;867;0;0
10.999;70;821;0;0
11.004;78;778;0;0
11.009;86;742;0;0
11.014;86;726;0;0
11.019;86;704;0;0
11.024;94;674;0;0
11.029;94;634;0;0
11.034;101;651;0;0
11.039;101;656;0;0
11.044;101;653;0;0
11.049;109;636;0;0
11.054;109;619;0;0
11.059;109;602;0;0
11.064;109;584;0;0
11.069;109;568;0;0
11.074;109;552;0;0
11.079;109;537;0;0
11.084;109;524;0;0
11.089;109;511;0;0
11.094;101;450;0;0
11.099;101;353;0;0
11.104;101;270;0;0
11.109;94;211;0;0
11.114;86;162;0;0
11.119;86;118;0;0
11.124;86;82;0;0
11.129;78;24;0;0
11.134;70;-28;0;0
11.139;62;-76;0;0
11.144;54;-134;0;0
11.149;54;-194;0;0
11.154;54;-240;0;0
11.159;47;-278;0;0
11.164;39;-300;0;0
11.169;31;-340;0;0
11.174;23;-382;0;0
11.179;23;-412;0;0
11.184;15;-436;0;0
11.189;7;-439;0;0
11.194;0;-463;0;0
11.199;-7;-487;0;0
11.204;-7;-503;0;0
11.209;-15;-510;0;0
11.214;-23;-507;0;0
11.219;-23;-491;0;0
11.224;-31;-484;0;0
11.229;-39;-484;0;0
11.234;-39;-482;0;0
11.239;-39;-478;0;0
11.244;-47;-470;0;0
11.249;-54;-460;0;0
11.254;-54;-438;0;0
11.259;-54;-418;0;0
11.264;-54;-400;0;0
11.269;-62;-435;0;0
11.274;-62;-457;0;0
11.279;-62;-470;0;0
11.284;-62;-477;0;0
11.289;-62;-479;0;0
11.294;-62;-480;0;0
11.299;-62;-476;0;0
11.304;-62;-473;0;0
11.309;-62;-467;0;0
11.314;-62;-461;0;0
11.319;-62;-457;0;0
11.324;-54;-288;0;0
11.329;-54;-153;0;0
11.334;-54;-45;0;0
11.339;-54;42;0;0
11.344;-47;66;0;0
11.349;-47;75;0;0
11.354;-39;80;0;0
11.359;-39;83;0;0
11.364;-39;86;0;0
11.369;-39;88;0;0
11.374;-31;105;0;0
11.379;-23;121;0;0
11.384;-23;140;0;0
11.389;-23;153;0;0
11.394;-15;172;0;0
11.399;-7;195;0;0
11.404;-7;222;0;0
11.409;-7;242;0;0
11.414;-7;256;0;0
11.419;0;261;0;0
11.424;7;266;0;0
11.429;7;268;0;0
11.434;15;274;0;0
11.439;23;290;0;0
11.444;23;310;0;0
11.449;23;323;0;0
11.454;23;332;0;0
11.459;31;333;0;0
11.464;31;325;0;0
11.469;39;319;0;0
11.474;39;309;0;0
11.479;39;297;0;0
11.484;39;287;0;0
11.489;39;277;0;0
11.494;47;263;0;0
11.499;47;250;0;0
11.504;47;240;0;0
11.509;47;229;0;0
11.514;47;218;0;0
11.519;47;208;0;0
11.524;47;200;0;0
11.529;47;193;0;0
11.534;47;187;0;0
11.539;47;182;0;0
11.544;47;178;0;0
11.549;47;174;0;0
11.554;47;171;0;0
11.559;39;158;0;0
11.564;39;119;0;0
11.569;39;86;0;0
11.574;39;58;0;0
11.579;39;34;0;0
11.584;31;16;0;0
11.589;31;6;0;0
11.594;31;-2;0;0
11.599;23;-12;0;0
11.604;23;-21;0;0
11.609;23;-29;0;0
11.614;23;-36;0;0
11.619;23;-42;0;0
11.624;23;-47;0;0
11.629;23;-52;0;0
11.634;15;-67;0;0
11.639;15;-79;0;0
11.644;7;-89;0;0
11.649;7;-95;0;0
11.654;7;-100;0;0
11.659;7;-104;0;0
11.664;0;-115;0;0
11.669;0;-125;0;0
11.674;0;-133;0;0
11.679;0;-139;0;0
11.684;-7;-145;0;0
11.689;-7;-150;0;0
11.694;-7;-153;0;0
11.699;-7;-153;0;0
11.704;-7;-153;0;0
11.709;-7;-153;0;0
11.714;-7;-153;0;0
11.719;-7;-152;0;0
11.724;-7;-152;0;0
11.729;-7;-152;0;0
11.734;-7;-152;0;0
11.739;-7;-152;0;0
11.744;-7;-152;0;0
11.749;-7;-148;0;0
11.754;-7;-145;0;0
11.759;-7;-142;0;0
11.764;-7;-140;0;0
11.769;-7;-138;0;0
11.774;-7;-136;0;0
11.779;-7;-135;0;0
11.784;-7;-133;0;0
11.789;-7;-132;0;0
11.794;-7;-131;0;0
11.799;-7;-131;0;0
11.804;-7;-130;0;0
11.809;-7;-129;0;0
11.814;-7;-129;0;0
11.819;-7;-129;0;0
11.824;-7;-128;0;0
11.829;-7;-128;0;0
11.834;-7;-128;0;0
11.839;-7;-127;0;0
11.844;-7;-127;0;0
11.849;-7;-127;0;0
11.854;-7;-127;0;0
11.859;-7;-127;0;0
11.864;0;-119;0;0
11.869;0;-97;0;0
11.874;0;-79;0;0
11.879;0;-63;0;0
11.884;0;-50;0;0
11.889;0;-38;0;0
11.894;0;-29;0;0
11.899;0;-21;0;0
11.904;0;-14;0;0
11.909;0;-8;0;0
11.914;0;-3;0;0
11.919;0;1;0;0
11.924;0;4;0;0
11.929;0;8;0;0
11.934;0;10;0;0
11.939;0;12;0;0
11.944;0;14;0;0
11.949;0;16;0;0
11.954;0;17;0;0
11.959;0;19;0;0
11.964;0;20;0;0
11.969;0;20;0;0
11.974;0;21;0;0
11.979;0;22;0;0
11.984;0;22;0;0
11.989;0;23;0;0
11.994;0;23;0;0
11.999;0;23;0;0
12.004;0;24;0;0
12.009;0;24;0;0
12.014;0;24;0;0
12.019;0;24;0;0
12.024;0;24;0;0
12.029;0;25;0;0
12.034;0;25;0;0
12.039;0;25;0;0
12.044;0;25;0;0
12.049;0;25;0;0
12.054;0;25;0;0
12.059;0;25;0;0
12.064;0;25;0;0
12.069;0;25;0;0
12.074;0;25;0;0
12.079;0;25;0;0
12.084;0;25;0;0
12.089;0;25;0;0
12.094;0;25;0;0
12.099;0;25;0;0
12.104;0;25;0;0
12.109;0;25;0;0
12.114;0;25;0;0
12.119;0;25;0;0
12.124;0;25;0;0
12.129;0;25;0;0
12.134;0;25;0;0
12.139;0;25;0;0
12.144;0;25;0;0
12.149;0;25;0;0
12.154;0;25;0;0
12.159;0;25;0;0
12.164;0;25;0;0
12.169;0;25;0;0
12.174;0;25;0;0
12.179;0;25;0;0
12.184;0;25;0;0
12.189;0;25;0;0
12.194;0;25;0;0
12.199;0;25;0;0
12.204;0;25;0;0
12.209;0;25;0;0
12.214;0;25;0;0
12.219;0;25;0;0
12.224;0;25;0;0
12.229;0;25;0;0
12.234;0;25;0;0
12.239;0;25;0;0
12.244;0;25;0;0
12.249;0;25;0;0
12.254;0;25;0;0
12.259;0;25;0;0
12.264;0;25;0;0
12.269;0;25;0;0
12.274;0;25;0;0
12.279;0;25;0;0
12.284;0;25;0;0
12.289;0;25;0;0
12.294;0;25;0;0
12.299;0;25;0;0
12.304;0;25;0;0
12.309;0;25;0;0
12.314;0;25;0;0
12.319;0;25;0;0
12.324;0;25;0;0
12.329;0;25;0;0
12.334;0;25;0;0
12.339;0;25;0;0
12.344;0;25;0;0
12.349;0;25;0;0
12.354;0;25;0;0
12.359;0;25;0;0
12.364;0;25;0;0
12.369;0;25;0;0
12.374;0;25;0;0
12.379;0;25;0;0
12.384;0;25;0;0
12.389;0;25;0;0
12.394;0;25;0;0
12.399;0;25;0;0
12.404;0;25;0;0
12.409;0;25;0;0
12.414;0;25;0;0
12.419;0;25;0;0
12.424;0;25;0;0
12.429;0;25;0;0
12.434;0;25;0;0
12.439;0;25;0;0
12.444;0;25;0;0
12.449;0;25;0;0
12.454;0;25;0;0
12.459;0;25;0;0
12.464;0;25;0;0
12.469;0;25;0;0
12.474;0;25;0;0
12.479;0;25;0;0
12.484;0;25;0;0
12.489;0;25;0;0
12.494;0;25;0;0
12.499;0;25;0;0
12.504;0;25;0;0
12.509;0;25;0;0
12.514;0;25;0;0
12.519;0;25;0;0
12.524;0;25;0;0
12.529;0;25;0;0
12.534;0;25;0;0
12.539;0;25;0;0
12.544;0;25;0;0
12.549;0;25;0;0
12.554;0;25;0;0
12.559;0;25;0;0
12.564;0;25;0;0
12.569;0;25;0;0
12.574;0;25;0;0
12.579;0;25;0;0
12.584;0;25;0;0
12.589;0;25;0;0
12.594;0;25;0;0
12.599;0;25;0;0
12.604;0;25;0;0
12.609;0;25;0;0
12.614;0;25;0;0
12.619;0;25;0;0
12.624;0;25;0;0
12.629;0;25;0;0
12.634;0;25;0;0
12.639;0;25;0;0
12.644;0;25;0;0
12.649;0;25;0;0
12.654;0;25;0;0
12.659;0;25;0;0
12.664;0;25;0;0
12.669;0;25;0;0
12.674;0;25;0;0
12.679;0;25;0;0
12.684;0;25;0;0
12.689;0;25;0;0
12.694;0;25;0;0
12.699;0;25;0;0
12.704;0;25;0;0
12.709;0;25;0;0
12.714;0;25;0;0
12.719;0;25;0;0
12.724;0;25;0;0
12.729;0;25;0;0
12.734;0;25;0;0
12.739;0;25;0;0
12.744;0;25;0;0
12.749;0;25;0;0
12.754;0;25;0;0
12.759;0;25;0;0
12.764;-7;-27;0;0
12.769;-7;-88;0;0
12.774;-7;-140;0;0
12.779;-15;-146;0;0
12.784;-15;47;0;0
12.789;-23;214;0;0
12.794;-23;189;0;0
12.799;-23;168;0;0
12.804;-23;151;0;0
12.809;-23;136;0;0
12.814;-31;105;0;0
12.819;-31;55;0;0
12.824;-31;13;0;0
12.829;-31;-23;0;0
12.834;-31;-50;0;0
12.839;-39;-62;0;0
12.844;-39;-72;0;0
12.849;-39;-80;0;0
12.854;-39;-87;0;0
12.859;-39;-93;0;0
12.864;-39;-98;0;0
12.869;-39;-102;0;0
12.874;-31;-78;0;0
12.879;-31;-44;0;0
12.884;-31;-14;0;0
12.889;-31;10;0;0
12.894;-31;31;0;0
12.899;-23;44;0;0
12.904;-23;52;0;0
12.909;-23;60;0;0
12.914;-23;66;0;0
12.919;-23;71;0;0
12.924;-15;74;0;0
12.929;-15;74;0;0
12.934;-15;74;0;0
12.939;-7;78;0;0
12.944;-7;89;0;0
12.949;-7;98;0;0
12.954;-7;103;0;0
12.959;-7;107;0;0
12.964;-7;110;0;0
12.969;-7;112;0;0
12.974;0;116;0;0
12.979;0;117;0;0
12.984;0;119;0;0
12.989;7;121;0;0
12.994;7;122;0;0
12.999;7;123;0;0
13.004;7;123;0;0
13.009;7;124;0;0
13.014;7;124;0;0
13.019;7;125;0;0
13.024;15;125;0;0
13.029;15;125;0;0
13.034;15;125;0;0
13.039;15;126;0;0
13.044;15;126;0;0
13.049;15;126;0;0
13.054;15;122;0;0
13.059;23;150;0;0
13.064;23;170;0;0
13.069;23;186;0;0
13.074;23;198;0;0
13.079;23;207;0;0
13.084;23;214;0;0
13.089;23;218;0;0
13.094;23;219;0;0
13.099;23;221;0;0
13.104;23;222;0;0
13.109;23;223;0;0
13.114;15;203;0;0
13.119;15;153;0;0
13.124;15;111;0;0
13.129;15;75;0;0
13.134;15;45;0;0
13.139;15;19;0;0
13.144;15;-2;0;0
13.149;15;-21;0;0
13.154;7;-29;0;0
13.159;7;-32;0;0
13.164;7;-35;0;0
13.169;7;-37;0;0
13.174;7;-39;0;0
13.179;7;-41;0;0
13.184;7;-42;0;0
13.189;7;-43;0;0
13.194;7;-44;0;0
13.199;7;-45;0;0
13.204;7;-46;0;0
13.209;7;-47;0;0
13.214;7;-47;0;0
13.219;7;-48;0;0
13.224;7;-48;0;0
13.229;7;-49;0;0
13.234;7;-49;0;0
13.239;7;-46;0;0
13.244;7;-43;0;0
13.249;7;-40;0;0
13.254;7;-38;0;0
13.259;7;-36;0;0
13.264;7;-35;0;0
13.269;7;-33;0;0
13.274;7;-32;0;0
13.279;7;-31;0;0
13.284;7;-30;0;0
13.289;7;-29;0;0
13.294;7;-29;0;0
13.299;7;-28;0;0
13.304;7;-28;0;0
13.309;7;-27;0;0
13.314;7;-27;0;0
13.319;7;-27;0;0
13.324;7;-27;0;0
13.329;7;-26;0;0
13.334;7;-26;0;0
13.339;7;-26;0;0
13.344;7;-26;0;0
13.349;7;-26;0;0
13.354;7;-26;0;0
13.359;7;-26;0;0
13.364;7;-26;0;0
13.369;7;-26;0;0
13.374;7;-26;0;0
13.379;7;-25;0;0
13.384;7;-25;0;0
13.389;7;-25;0;0
13.394;7;-25;0;0
13.399;7;-25;0;0
13.404;7;-25;0;0
13.409;7;-25;0;0
13.414;7;-25;0;0
13.419;7;-25;0;0
13.424;7;-25;0;0
13.429;7;-25;0;0
13.434;7;-25;0;0
13.439;7;-25;0;0
13.444;7;-25;0;0
13.449;7;-25;0;0
13.454;7;-25;0;0
13.459;7;-25;0;0
13.464;7;-25;0;0
13.469;7;-25;0;0
13.474;7;-25;0;0
13.479;7;-25;0;0
13.484;7;-25;0;0
13.489;7;-25;0;0
13.494;7;-25;0;0
13.499;7;-25;0;0
13.504;7;-25;0;0
13.509;7;-25;0;0
13.514;7;-25;0;0
13.519;7;-25;0;0
13.524;7;-25;0;0
13.529;7;-25;0;0
13.534;7;-25;0;0
13.539;7;-25;0;0
13.544;7;-25;0;0
13.549;7;-25;0;0
13.554;7;-25;0;0
13.559;7;-25;0;0
13.564;7;-25;0;0
13.569;7;-25;0;0
13.574;7;-25;0;0
13.579;7;-25;0;0
13.584;7;-25;0;0
13.589;7;-25;0;0
13.594;7;-25;0;0
13.599;7;-25;0;0
13.604;7;-25;0;0
13.609;7;-25;0;0
13.614;7;-25;0;0
13.619;7;-25;0;0
13.624;7;-25;0;0
13.629;7;-25;0;0
13.634;7;-25;0;0
13.639;7;-25;0;0
13.644;7;-25;0;0
13.649;7;-25;0;0
13.654;7;-25;0;0
13.659;7;-25;0;0
13.664;7;-25;0;0
13.669;7;-25;0;0
13.674;7;-25;0;0
13.679;7;-25;0;0
13.684;7;-25;0;0
13.689;7;-25;0;0
13.694;7;-25;0;0
13.699;7;-25;0;0
13.704;7;-25;0;0
13.709;7;-25;0;0
13.714;7;-25;0;0
13.719;7;-25;0;0
13.724;7;-25;0;0
13.729;7;-25;0;0
13.734;7;-25;0;0
13.739;7;-25;0;0
13.744;7;-25;0;0
13.749;7;-25;0;0
13.754;7;-25;0;0
13.759;7;-25;0;0
13.764;7;-25;0;0
13.769;7;-25;0;0
13.774;7;-25;0;0
13.779;7;-25;0;0
13.784;7;-25;0;0
13.789;7;-25;0;0
13.794;7;-25;0;0
13.799;7;-25;0;0
13.804;7;-25;0;0
13.809;7;-25;0;0
13.814;7;-25;0;0
13.819;7;-25;0;0
13.824;7;-25;0;0
13.829;7;-25;0;0
13.834;7;-25;0;0
13.839;7;-25;0;0
13.844;7;-25;0;0
13.849;7;-25;0;0
13.854;7;-25;0;0
13.859;7;-25;0;0
13.864;7;-25;0;0
13.869;7;-25;0;0
13.874;7;-25;0;0
13.879;7;-25;0;0
13.884;7;-25;0;0
13.889;7;-25;0;0
13.894;7;-25;0;0
13.899;7;-25;0;0
13.904;7;-25;0;0
13.909;7;-25;0;0
13.914;7;-25;0;0
13.919;0;-20;0;0
13.924;-7;173;0;0
13.929;-23;-54;0;0
13.934;-39;-284;0;0
13.939;-54;-452;0;0
13.944;-70;-738;0;0
13.949;-78;-849;0;0
13.954;-94;-878;0;0
13.959;-101;-930;0;0
13.964;-117;-948;0;0
13.969;-125;-940;0;0
13.974;-133;-939;0;0
13.979;-140;-921;0;0
13.984;-148;-883;0;0
13.989;-164;-968;0;0
13.994;-164;-1038;0;0
13.999;-171;-1035;0;0
14.004;-171;-980;0;0
14.009;-179;-897;0;0
14.014;-179;-826;0;0
14.019;-179;-762;0;0
14.024;-179;-704;0;0
14.029;-179;-655;0;0
14.034;-179;-609;0;0
14.039;-179;-571;0;0
14.044;-179;-538;0;0
14.049;-171;-461;0;0
14.054;-164;-368;0;0
14.059;-164;-291;0;0
14.064;-164;-228;0;0
14.069;-156;-168;0;0
14.074;-148;-25;0;0
14.079;-140;140;0;0
14.084;-133;219;0;0
14.089;-125;277;0;0
14.094;-109;339;0;0
14.099;-101;481;0;0
14.104;-94;556;0;0
14.109;-78;729;0;0
14.114;-70;809;0;0
14.119;-62;824;0;0
14.124;-47;961;0;0
14.129;-39;1004;0;0
14.134;-31;990;0;0
14.139;-15;1104;0;0
14.144;-7;1138;0;0
14.149;0;1111;0;0
14.154;15;1243;0;0
14.159;23;1412;0;0
14.164;39;1395;0;0
14.169;54;1356;0;0
14.174;54;1332;0;0
14.179;70;1252;0;0
14.184;78;1170;0;0
14.189;86;1121;0;0
14.194;94;1071;0;0
14.199;101;1011;0;0
14.204;109;961;0;0
14.209;117;935;0;0
14.214;117;907;0;0
14.219;125;860;0;0
14.224;133;803;0;0
14.229;133;751;0;0
14.234;140;709;0;0
14.239;148;680;0;0
14.244;148;655;0;0
14.249;148;628;0;0
14.254;148;602;0;0
14.259;148;577;0;0
14.264;148;553;0;0
14.269;148;531;0;0
14.274;148;510;0;0
14.279;148;490;0;0
14.284;140;380;0;0
14.289;133;296;0;0
14.294;133;233;0;0
14.299;125;174;0;0
14.304;117;108;0;0
14.309;117;31;0;0
14.314;117;-29;0;0
14.319;101;-92;0;0
14.324;101;-140;0;0
14.329;86;-207;0;0
14.334;86;-272;0;0
14.339;78;-327;0;0
14.344;70;-363;0;0
14.349;54;-424;0;0
14.354;54;-481;0;0
14.359;39;-525;0;0
14.364;31;-552;0;0
14.369;23;-605;0;0
14.374;23;-643;0;0
14.379;7;-656;0;0
14.384;0;-680;0;0
14.389;-7;-712;0;0
14.394;-15;-728;0;0
14.399;-23;-713;0;0
14.404;-31;-706;0;0
14.409;-39;-713;0;0
14.414;-47;-722;0;0
14.419;-54;-712;0;0
14.424;-62;-702;0;0
14.429;-70;-696;0;0
14.434;-70;-685;0;0
14.439;-78;-675;0;0
14.444;-86;-651;0;0
14.449;-86;-619;0;0
14.454;-94;-589;0;0
14.459;-94;-566;0;0
14.464;-101;-541;0;0
14.469;-101;-517;0;0
14.474;-101;-494;0;0
14.479;-101;-473;0;0
14.484;-101;-453;0;0
14.489;-101;-434;0;0
14.494;-101;-419;0;0
14.499;-101;-403;0;0
14.504;-101;-388;0;0
14.509;-101;-375;0;0
14.514;-101;-364;0;0
14.519;-94;-320;0;0
14.524;-94;-250;0;0
14.529;-86;-197;0;0
14.534;-86;-153;0;0
14.539;-78;-108;0;0
14.544;-70;-56;0;0
14.549;-70;9;0;0
14.554;-70;63;0;0
14.559;-62;105;0;0
14.564;-54;147;0;0
14.569;-47;183;0;0
14.574;-39;226;0;0
14.579;-39;275;0;0
14.584;-31;314;0;0
14.589;-23;335;0;0
14.594;-23;355;0;0
14.599;-15;375;0;0
14.604;-7;503;0;0
14.609;-7;590;0;0
14.614;0;619;0;0
14.619;7;598;0;0
14.624;23;610;0;0
14.629;23;635;0;0
14.634;31;643;0;0
14.639;39;624;0;0
14.644;39;603;0;0
14.649;47;581;0;0
14.654;54;576;0;0
14.659;54;571;0;0
14.664;54;561;0;0
14.669;62;544;0;0
14.674;62;517;0;0
14.679;70;546;0;0
14.684;70;562;0;0
14.689;78;567;0;0
14.694;78;562;0;0
14.699;78;556;0;0
14.704;86;540;0;0
14.709;86;501;0;0
14.714;86;468;0;0
14.719;86;436;0;0
14.724;86;409;0;0
14.729;86;386;0;0
14.734;86;362;0;0
14.739;86;342;0;0
14.744;86;325;0;0
14.749;78;277;0;0
14.754;78;205;0;0
14.759;70;146;0;0
14.764;70;109;0;0
14.769;70;78;0;0
14.774;62;46;0;0
14.779;62;16;0;0
14.784;54;-27;0;0
14.789;54;-64;0;0
14.794;54;-92;0;0
14.799;47;-120;0;0
14.804;39;-147;0;0
14.809;39;-167;0;0
14.814;31;-193;0;0
14.819;23;-227;0;0
14.824;23;-259;0;0
14.829;23;-283;0;0
14.834;15;-302;0;0
14.839;7;-312;0;0
14.844;7;-315;0;0
14.849;0;-321;0;0
14.854;0;-336;0;0
14.859;-7;-351;0;0
14.864;-7;-360;0;0
14.869;-7;-367;0;0
14.874;-15;-366;0;0
14.879;-15;-362;0;0
14.884;-23;-350;0;0
14.889;-23;-335;0;0
14.894;-31;-325;0;0
14.899;-31;-320;0;0
14.904;-31;-314;0;0
14.909;-39;-309;0;0
14.914;-39;-301;0;0
14.919;-39;-294;0;0
14.924;-39;-288;0;0
14.929;-39;-279;0;0
14.934;-39;-271;0;0
14.939;-39;-265;0;0
14.944;-39;-260;0;0
14.949;-39;-255;0;0
14.954;-39;-248;0;0
14.959;-39;-241;0;0
14.964;-39;-235;0;0
14.969;-39;-230;0;0
14.974;-39;-226;0;0
14.979;-39;-223;0;0
14.984;-39;-220;0;0
14.989;-39;-217;0;0
14.994;-39;-215;0;0
14.999;-31;-202;0;0
15.004;-31;-160;0;0
15.009;-31;-125;0;0
15.014;-23;-97;0;0
15.019;-23;-75;0;0
15.024;-23;-56;0;0
15.029;-23;-40;0;0
15.034;-15;-22;0;0
15.039;-15;-8;0;0
15.044;-7;22;0;0
15.049;-7;53;0;0
15.054;-7;79;0;0
15.059;-7;101;0;0
15.064;-7;116;0;0
15.069;0;128;0;0
15.074;0;136;0;0
15.079;7;145;0;0
15.084;7;151;0;0
15.089;7;155;0;0
15.094;15;160;0;0
15.099;15;166;0;0
15.104;23;176;0;0
15.109;23;187;0;0
15.114;23;195;0;0
15.119;23;200;0;0
15.124;23;205;0;0
15.129;23;207;0;0
15.134;23;207;0;0
15.139;23;206;0;0
15.144;23;206;0;0
15.149;23;205;0;0
15.154;23;205;0;0
15.159;23;201;0;0
15.164;31;191;0;0
15.169;31;178;0;0
15.174;31;166;0;0
15.179;31;157;0;0
15.184;31;148;0;0
15.189;31;141;0;0
15.194;31;135;0;0
15.199;31;130;0;0
15.204;23;121;0;0
15.209;23;83;0;0
15.214;23;52;0;0
15.219;23;25;0;0
15.224;23;2;0;0
15.229;23;-17;0;0
15.234;23;-33;0;0
15.239;23;-47;0;0
15.244;23;-59;0;0
15.249;23;-70;0;0
15.254;23;-78;0;0
15.259;23;-86;0;0
15.264;15;-89;0;0
15.269;15;-83;0;0
15.274;15;-78;0;0
15.279;15;-74;0;0
15.284;7;-71;0;0
15.289;7;-68;0;0
15.294;7;-65;0;0
15.299;7;-63;0;0
15.304;7;-61;0;0
15.309;7;-59;0;0
15.314;7;-58;0;0
15.319;0;-60;0;0
15.324;0;-66;0;0
15.329;0;-72;0;0
15.334;0;-76;0;0
15.339;0;-80;0;0
15.344;0;-83;0;0
15.349;0;-82;0;0
15.354;0;-81;0;0
15.359;0;-80;0;0
15.364;0;-80;0;0
15.369;0;-79;0;0
15.374;0;-79;0;0
15.379;0;-79;0;0
15.384;0;-78;0;0
15.389;0;-78;0;0
15.394;0;-78;0;0
15.399;0;-77;0;0
15.404;0;-77;0;0
15.409;0;-77;0;0
15.414;0;-77;0;0
15.419;0;-77;0;0
15.424;0;-77;0;0
15.429;0;-77;0;0
15.434;0;-77;0;0
15.439;0;-77;0;0
15.444;0;-77;0;0
15.449;0;-77;0;0
15.454;0;-77;0;0
15.459;0;-76;0;0
15.464;0;-76;0;0
15.469;0;-76;0;0
15.474;0;-76;0;0
15.479;0;-76;0;0
15.484;0;-76;0;0
15.489;0;-76;0;0
15.494;0;-76;0;0
15.499;0;-76;0;0
15.504;0;-73;0;0
15.509;0;-70;0;0
15.514;0;-67;0;0
15.519;0;-65;0;0
15.524;0;-63;0;0
15.529;0;-61;0;0
15.534;0;-60;0;0
15.539;0;-58;0;0
15.544;0;-57;0;0
15.549;0;-56;0;0
15.554;0;-56;0;0
15.559;0;-55;0;0
15.564;0;-54;0;0
15.569;0;-54;0;0
15.574;0;-53;0;0
15.579;0;-53;0;0
15.584;0;-53;0;0
15.589;0;-53;0;0
15.594;0;-52;0;0
15.599;0;-52;0;0
15.604;0;-52;0;0
15.609;0;-52;0;0
15.614;0;-52;0;0
15.619;0;-52;0;0
15.624;0;-52;0;0
15.629;0;-51;0;0
15.634;0;-51;0;0
15.639;0;-51;0;0
15.644;0;-50;0;0
15.649;0;-51;0;0
15.654;0;-50;0;0
15.659;0;-51;0;0
15.664;0;-50;0;0
15.669;0;-51;0;0
15.674;0;-50;0;0
15.679;0;-51;0;0
15.684;0;-50;0;0
15.689;0;-51;0;0
15.694;0;-50;0;0
15.699;0;-51;0;0
15.704;0;-50;0;0
15.709;0;-51;0;0
15.714;0;-50;0;0
15.719;0;-51;0;0
15.724;0;-50;0;0
15.729;0;-51;0;0
15.734;0;-50;0;0
15.739;0;-51;0;0
15.744;0;-50;0;0
15.749;0;-51;0;0
15.754;0;-50;0;0
15.759;0;-51;0;0
15.764;0;-50;0;0
15.769;0;-51;0;0
15.774;0;-50;0;0
15.779;0;-51;0;0
15.784;0;-50;0;0
15.789;0;-51;0;0
15.794;0;-50;0;0
15.799;0;-51;0;0
15.804;0;-50;0;0
15.809;0;-51;0;0
15.814;0;-50;0;0
15.819;0;-51;0;0
15.824;0;-50;0;0
15.829;0;-51;0;0
15.834;0;-50;0;0
15.839;0;-51;0;0
15.844;0;-50;0;0
15.849;0;-51;0;0
15.854;0;-50;0;0
15.859;0;-51;0;0
15.864;0;-50;0;0
15.869;0;-51;0;0
15.874;0;-50;0;0
15.879;0;-51;0;0
15.884;0;-50;0;0
15.889;0;-51;0;0
15.894;-7;-55;0;0
15.899;-7;-74;0;0
15.904;-15;7;0;0
15.909;-23;5;0;0
15.914;-31;-87;0;0
15.919;-39;-180;0;0
15.924;-39;-251;0;0
15.929;-47;-306;0;0
15.934;-47;-338;0;0
15.939;-54;-341;0;0
15.944;-54;-341;0;0
15.949;-62;-345;0;0
15.954;-70;-350;0;0
15.959;-70;-351;0;0
15.964;-70;-350;0;0
15.969;-70;-347;0;0
15.974;-70;-343;0;0
15.979;-70;-337;0;0
15.984;-70;-333;0;0
15.989;-70;-328;0;0
15.994;-70;-321;0;0
15.999;-70;-315;0;0
16.004;-70;-310;0;0
16.009;-70;-305;0;0
16.014;-70;-302;0;0
16.019;-70;-295;0;0
16.024;-70;-289;0;0
16.029;-70;-284;0;0
16.034;-62;-227;0;0
16.039;-62;-178;0;0
16.044;-54;-143;0;0
16.049;-54;-114;0;0
16.054;-47;-86;0;0
16.059;-47;-58;0;0
16.064;-39;45;0;0
16.069;-39;125;0;0
16.074;-39;188;0;0
16.079;-31;241;0;0
16.084;-23;265;0;0
16.089;-23;270;0;0
16.094;-15;280;0;0
16.099;-7;295;0;0
16.104;-7;316;0;0
16.109;-7;331;0;0
16.114;0;337;0;0
16.119;7;338;0;0
16.124;7;339;0;0
16.129;15;346;0;0
16.134;23;374;0;0
16.139;23;394;0;0
16.144;23;407;0;0
16.149;31;408;0;0
16.154;31;400;0;0
16.159;39;441;0;0
16.164;39;467;0;0
16.169;47;492;0;0
16.174;47;506;0;0
16.179;54;484;0;0
16.184;54;461;0;0
16.189;54;440;0;0
16.194;54;420;0;0
16.199;54;401;0;0
16.204;54;383;0;0
16.209;54;367;0;0
16.214;54;353;0;0
16.219;54;339;0;0
16.224;54;326;0;0
16.229;54;316;0;0
16.234;54;307;0;0
16.239;54;299;0;0
16.244;54;289;0;0
16.249;54;280;0;0
16.254;54;273;0;0
16.259;54;266;0;0
16.264;54;261;0;0
16.269;54;256;0;0
16.274;47;239;0;0
16.279;47;188;0;0
16.284;39;148;0;0
16.289;39;118;0;0
16.294;39;93;0;0
16.299;31;68;0;0
16.304;31;43;0;0
16.309;23;7;0;0
16.314;23;-32;0;0
16.319;23;-65;0;0
16.324;23;-93;0;0
16.329;23;-115;0;0
16.334;15;-137;0;0
16.339;7;-149;0;0
16.344;7;-158;0;0
16.349;7;-161;0;0
16.354;0;-166;0;0
16.359;0;-180;0;0
16.364;-7;-191;0;0
16.369;-7;-202;0;0
16.374;-7;-210;0;0
16.379;-7;-217;0;0
16.384;-7;-221;0;0
16.389;-7;-223;0;0
16.394;-7;-224;0;0
16.399;-15;-221;0;0
16.404;-15;-218;0;0
16.409;-15;-212;0;0
16.414;-15;-207;0;0
16.419;-15;-203;0;0
16.424;-15;-199;0;0
16.429;-23;-188;0;0
16.434;-23;-179;0;0
16.439;-23;-171;0;0
16.444;-23;-165;0;0
16.449;-23;-159;0;0
16.454;-23;-150;0;0
16.459;-23;-143;0;0
16.464;-23;-137;0;0
16.469;-23;-131;0;0
16.474;-23;-127;0;0
16.479;-23;-123;0;0
16.484;-23;-120;0;0
16.489;-23;-117;0;0
16.494;-15;-88;0;0
16.499;-15;-63;0;0
16.504;-15;-43;0;0
16.509;-15;-25;0;0
16.514;-15;-10;0;0
16.519;-7;21;0;0
16.524;-7;49;0;0
16.529;-7;71;0;0
16.534;-7;87;0;0
16.539;-7;100;0;0
16.544;-7;112;0;0
16.549;-7;122;0;0
16.554;-7;130;0;0
16.559;-7;133;0;0
16.564;0;138;0;0
16.569;0;140;0;0
16.574;0;142;0;0
16.579;0;144;0;0
16.584;0;145;0;0
16.589;7;139;0;0
16.594;7;133;0;0
16.599;7;125;0;0
16.604;7;118;0;0
16.609;7;112;0;0
16.614;7;106;0;0
16.619;7;102;0;0
16.624;7;98;0;0
16.629;7;95;0;0
16.634;7;92;0;0
16.639;15;90;0;0
16.644;15;88;0;0
16.649;15;86;0;0
16.654;15;85;0;0
16.659;15;84;0;0
16.664;15;83;0;0
16.669;15;82;0;0
16.674;15;81;0;0
16.679;15;80;0;0
16.684;15;80;0;0
16.689;15;79;0;0
16.694;15;79;0;0
16.699;15;78;0;0
16.704;15;78;0;0
16.709;15;78;0;0
16.714;15;78;0;0
16.719;7;65;0;0
16.724;7;44;0;0
16.729;7;26;0;0
16.734;7;11;0;0
16.739;7;-1;0;0
16.744;7;-12;0;0
16.749;7;-19;0;0
16.754;7;-24;0;0
16.759;7;-27;0;0
16.764;7;-31;0;0
16.769;7;-34;0;0
16.774;7;-36;0;0
16.779;7;-38;0;0
16.784;7;-40;0;0
16.789;7;-41;0;0
16.794;7;-43;0;0
16.799;7;-44;0;0
16.804;7;-45;0;0
16.809;7;-46;0;0
16.814;7;-46;0;0
16.819;7;-47;0;0
16.824;7;-47;0;0
16.829;7;-48;0;0
16.834;7;-48;0;0
16.839;7;-48;0;0
16.844;7;-49;0;0
16.849;7;-49;0;0
16.854;7;-49;0;0
16.859;7;-49;0;0
16.864;7;-49;0;0
16.869;7;-49;0;0
16.874;7;-49;0;0
16.879;7;-50;0;0
16.884;7;-50;0;0
16.889;7;-50;0;0
16.894;7;-50;0;0
16.899;7;-50;0;0
16.904;7;-50;0;0
16.909;7;-50;0;0
16.914;7;-50;0;0
16.919;7;-50;0;0
16.924;7;-50;0;0
16.929;7;-50;0;0
16.934;7;-50;0;0
16.939;7;-50;0;0
16.944;7;-50;0;0
16.949;7;-50;0;0
16.954;7;-50;0;0
16.959;7;-50;0;0
16.964;7;-50;0;0
16.969;7;-50;0;0
16.974;7;-50;0;0
16.979;7;-50;0;0
16.984;7;-50;0;0
16.989;7;-50;0;0
16.994;7;-50;0;0
16.999;7;-50;0;0
17.004;7;-50;0;0
17.009;7;-50;0;0
17.014;7;-50;0;0
17.019;7;-50;0;0
17.024;7;-50;0;0
17.029;7;-50;0;0
17.034;7;-50;0;0
17.039;7;-50;0;0
17.044;7;-50;0;0
17.049;7;-50;0;0
17.054;7;-50;0;0
17.059;7;-50;0;0
17.064;7;-50;0;0
17.069;7;-50;0;0
17.074;7;-50;0;0
17.079;0;-38;0;0
17.084;-7;129;0;0
17.089;-7;483;0;0
17.094;-15;-1305;0;0
17.099;-23;-1126;0;0
17.104;-23;-1019;0;0
17.109;-31;-994;0;0
17.114;-39;-1012;0;0
17.119;-39;-1015;0;0
17.124;-47;-944;0;0
17.129;-54;-868;0;0
17.134;-54;-797;0;0
17.139;-62;-743;0;0
17.144;-70;-696;0;0
17.149;-70;-651;0;0
17.154;-70;-611;0;0
17.159;-70;-573;0;0
17.164;-70;-541;0;0
17.169;-70;-509;0;0
17.174;-70;-483;0;0
17.179;-70;-460;0;0
17.184;-70;-438;0;0
17.189;-70;-419;0;0
17.194;-70;-402;0;0
17.199;-70;-388;0;0
17.204;-70;-375;0;0
17.209;-70;-363;0;0
17.214;-70;-351;0;0
17.219;-70;-341;0;0
17.224;-62;-291;0;0
17.229;-62;-232;0;0
17.234;-54;-188;0;0
17.239;-54;-152;0;0
17.244;-54;-122;0;0
17.249;-47;-88;0;0
17.254;-39;-42;0;0
17.259;-39;13;0;0
17.264;-39;56;0;0
17.269;-31;95;0;0
17.274;-31;123;0;0
17.279;-23;150;0;0
17.284;-15;173;0;0
17.289;-15;199;0;0
17.294;-7;304;0;0
17.299;-7;379;0;0
17.304;-7;434;0;0
17.309;0;456;0;0
17.314;7;494;0;0
17.319;15;527;0;0
17.324;23;564;0;0
17.329;23;558;0;0
17.334;23;547;0;0
17.339;23;533;0;0
17.344;31;507;0;0
17.349;39;480;0;0
17.354;39;453;0;0
17.359;39;427;0;0
17.364;47;409;0;0
17.369;47;389;0;0
17.374;54;381;0;0
17.379;54;374;0;0
17.384;54;364;0;0
17.389;54;355;0;0
17.394;54;343;0;0
17.399;54;334;0;0
17.404;54;326;0;0
17.409;54;315;0;0
17.414;54;306;0;0
17.419;54;298;0;0
17.424;54;291;0;0
17.429;54;285;0;0
17.434;54;278;0;0
17.439;54;270;0;0
17.444;54;264;0;0
17.449;54;258;0;0
17.454;54;254;0;0
17.459;54;250;0;0
17.464;47;242;0;0
17.469;47;191;0;0
17.474;39;148;0;0
17.479;39;119;0;0
17.484;39;93;0;0
17.489;39;72;0;0
17.494;31;46;0;0
17.499;23;19;0;0
17.504;23;-22;0;0
17.509;23;-56;0;0
17.514;23;-86;0;0
17.519;23;-109;0;0
17.524;15;-128;0;0
17.529;15;-144;0;0
17.534;7;-153;0;0
17.539;7;-157;0;0
17.544;7;-160;0;0
17.549;0;-171;0;0
17.554;0;-184;0;0
17.559;-7;-191;0;0
17.564;-7;-201;0;0
17.569;-7;-209;0;0
17.574;-7;-214;0;0
17.579;-7;-216;0;0
17.584;-7;-218;0;0
17.589;-7;-220;0;0
17.594;-7;-221;0;0
17.599;-15;-218;0;0
17.604;-15;-212;0;0
17.609;-15;-207;0;0
17.614;-15;-203;0;0
17.619;-15;-199;0;0
17.624;-15;-195;0;0
17.629;-15;-189;0;0
17.634;-15;-183;0;0
17.639;-15;-179;0;0
17.644;-15;-175;0;0
17.649;-15;-172;0;0
17.654;-15;-169;0;0
17.659;-15;-167;0;0
17.664;-15;-165;0;0
17.669;-15;-163;0;0
17.674;-15;-161;0;0
17.679;-15;-156;0;0
17.684;-15;-152;0;0
17.689;-15;-148;0;0
17.694;-15;-145;0;0
17.699;-15;-143;0;0
17.704;-7;-43;0;0
17.709;-7;36;0;0
17.714;-7;100;0;0
17.719;-7;150;0;0
17.724;-7;192;0;0
17.729;-7;224;0;0
17.734;-7;251;0;0
17.739;-7;271;0;0
17.744;-7;287;0;0
17.749;-7;301;0;0
17.754;-7;309;0;0
17.759;0;302;0;0
17.764;0;264;0;0
17.769;0;232;0;0
17.774;0;205;0;0
17.779;0;182;0;0
17.784;7;162;0;0
17.789;7;146;0;0
17.794;7;132;0;0
17.799;7;119;0;0
17.804;7;109;0;0
17.809;7;100;0;0
17.814;7;91;0;0
17.819;7;81;0;0
17.824;7;73;0;0
17.829;7;66;0;0
17.834;7;59;0;0
17.839;7;54;0;0
17.844;7;50;0;0
17.849;7;46;0;0
17.854;7;43;0;0
17.859;7;40;0;0
17.864;7;38;0;0
17.869;7;36;0;0
17.874;7;34;0;0
17.879;7;33;0;0
17.884;7;32;0;0
17.889;7;31;0;0
17.894;7;30;0;0
17.899;7;29;0;0
17.904;7;28;0;0
17.909;7;28;0;0
17.914;7;27;0;0
17.919;7;27;0;0
17.924;7;27;0;0
17.929;7;26;0;0
17.934;7;26;0;0
17.939;7;26;0;0
17.944;7;26;0;0
17.949;7;26;0;0
17.954;7;25;0;0
17.959;7;25;0;0
17.964;7;25;0;0
17.969;7;25;0;0
17.974;7;25;0;0
17.979;7;25;0;0
17.984;7;25;0;0
17.989;7;25;0;0
17.994;7;25;0;0
17.999;7;25;0;0
18.004;7;25;0;0
18.009;7;25;0;0
18.014;7;25;0;0
18.019;7;25;0;0
18.024;7;25;0;0
18.029;7;25;0;0
18.034;7;25;0;0
18.039;7;25;0;0
18.044;7;25;0;0
18.049;7;25;0;0
18.054;7;25;0;0
18.059;7;25;0;0
18.064;7;25;0;0
18.069;7;25;0;0
18.074;7;25;0;0
18.079;7;25;0;0
18.084;7;25;0;0
18.089;7;25;0;0
18.094;7;25;0;0
18.099;7;25;0;0
18.104;7;25;0;0
18.109;7;25;0;0
18.114;7;25;0;0
18.119;7;25;0;0
18.124;7;25;0;0
18.129;7;25;0;0
18.134;7;25;0;0
18.139;7;25;0;0
18.144;7;25;0;0
18.149;7;25;0;0
18.154;7;25;0;0
18.159;7;25;0;0
18.164;7;25;0;0
18.169;7;25;0;0
18.174;7;25;0;0
18.179;7;25;0;0
18.184;7;25;0;0
18.189;7;25;0;0
18.194;7;25;0;0
18.199;7;25;0;0
18.204;7;25;0;0
18.209;7;25;0;0
18.214;7;25;0;0
18.219;7;25;0;0
18.224;7;25;0;0
18.229;7;25;0;0
18.234;7;25;0;0
18.239;7;25;0;0
18.244;7;25;0;0
18.249;7;25;0;0
18.254;7;25;0;0
18.259;7;25;0;0
18.264;7;25;0;0
18.269;7;25;0;0
18.274;7;25;0;0
18.279;7;25;0;0
18.284;7;25;0;0
18.289;7;25;0;0
18.294;7;25;0;0
18.299;7;25;0;0
18.304;7;25;0;0
18.309;7;25;0;0
18.314;7;25;0;0
18.319;7;25;0;0
18.324;7;25;0;0
18.329;7;25;0;0
18.334;7;25;0;0
18.339;7;25;0;0
18.344;7;25;0;0
18.349;7;25;0;0
18.354;7;25;0;0
18.359;7;25;0;0
18.364;7;25;0;0
18.369;7;25;0;0
18.374;7;25;0;0
18.379;7;25;0;0
18.384;7;25;0;0
18.389;7;25;0;0
18.394;7;25;0;0
18.399;7;25;0;0
18.404;7;25;0;0
18.409;7;25;0;0
18.414;7;25;0;0
18.419;7;25;0;0
18.424;7;25;0;0
18.429;7;25;0;0
18.434;7;25;0;0
18.439;7;25;0;0
18.444;7;25;0;0
18.449;7;25;0;0
18.454;7;25;0;0
18.459;7;25;0;0
18.464;7;25;0;0
18.469;7;25;0;0
18.474;7;25;0;0
18.479;7;25;0;0
18.484;7;25;0;0
18.489;7;25;0;0
18.494;7;25;0;0
18.499;7;25;0;0
18.504;7;25;0;0
18.509;7;25;0;0
18.514;7;25;0;0
18.519;7;25;0;0
18.524;7;25;0;0
18.529;7;25;0;0
18.534;7;25;0;0
18.539;7;25;0;0
18.544;7;25;0;0
18.549;7;25;0;0
18.554;7;25;0;0
18.559;7;25;0;0
18.564;7;25;0;0
18.569;7;25;0;0
18.574;7;25;0;0
18.579;7;25;0;0
18.584;7;25;0;0
18.589;7;25;0;0
18.594;7;25;0;0
18.599;7;25;0;0
18.604;7;25;0;0
18.609;7;25;0;0
18.614;7;25;0;0
18.619;7;25;0;0
18.624;0;31;0;0
18.629;-7;193;0;0
18.634;-15;286;0;0
18.639;-31;103;0;0
18.644;-47;-126;0;0
18.649;-70;-326;0;0
18.654;-78;-511;0;0
18.659;-86;-594;0;0
18.664;-101;-698;0;0
18.669;-117;-773;0;0
18.674;-133;-1007;0;0
18.679;-140;-1129;0;0
18.684;-148;-1092;0;0
18.689;-156;-1072;0;0
18.694;-164;-1037;0;0
18.699;-171;-996;0;0
18.704;-179;-937;0;0
18.709;-187;-882;0;0
18.714;-187;-842;0;0
18.719;-195;-795;0;0
18.724;-195;-749;0;0
18.729;-195;-706;0;0
18.734;-195;-668;0;0
18.739;-195;-632;0;0
18.744;-195;-602;0;0
18.749;-195;-572;0;0
18.754;-187;-523;0;0
18.759;-187;-411;0;0
18.764;-179;-327;0;0
18.769;-171;-256;0;0
18.774;-164;-177;0;0
18.779;-164;-79;0;0
18.784;-156;5;0;0
18.789;-148;88;0;0
18.794;-140;164;0;0
18.799;-133;351;0;0
18.804;-117;479;0;0
18.809;-101;567;0;0
18.814;-94;682;0;0
18.819;-86;744;0;0
18.824;-70;788;0;0
18.829;-62;814;0;0
18.834;-54;835;0;0
18.839;-39;877;0;0
18.844;-31;887;0;0
18.849;-15;895;0;0
18.854;-7;1107;0;0
18.859;7;1177;0;0
18.864;23;1187;0;0
18.869;31;1206;0;0
18.874;47;1194;0;0
18.879;54;1217;0;0
18.884;62;1196;0;0
18.889;70;1250;0;0
18.894;86;1254;0;0
18.899;94;1197;0;0
18.904;101;1142;0;0
18.909;117;1103;0;0
18.914;117;1079;0;0
18.919;125;1035;0;0
18.924;133;1065;0;0
18.929;140;1083;0;0
18.934;148;1037;0;0
18.939;148;976;0;0
18.944;148;918;0;0
18.949;156;850;0;0
18.954;156;778;0;0
18.959;156;714;0;0
18.964;164;712;0;0
18.969;164;701;0;0
18.974;164;686;0;0
18.979;156;477;0;0
18.984;156;308;0;0
18.989;148;173;0;0
18.994;148;102;0;0
18.999;148;44;0;0
19.004;148;-3;0;0
19.009;140;-54;0;0
19.014;133;-137;0;0
19.019;125;-193;0;0
19.024;117;-247;0;0
19.029;117;-292;0;0
19.034;109;-338;0;0
19.039;101;-362;0;0
19.044;86;-489;0;0
19.049;86;-619;0;0
19.054;70;-658;0;0
19.059;62;-669;0;0
19.064;54;-709;0;0
19.069;47;-734;0;0
19.074;39;-735;0;0
19.079;23;-770;0;0
19.084;23;-796;0;0
19.089;7;-794;0;0
19.094;-7;-822;0;0
19.099;-7;-844;0;0
19.104;-23;-1020;0;0
19.109;-31;-1035;0;0
19.114;-39;-1003;0;0
19.119;-47;-972;0;0
19.124;-54;-940;0;0
19.129;-62;-919;0;0
19.134;-70;-899;0;0
19.139;-78;-877;0;0
19.144;-86;-843;0;0
19.149;-86;-791;0;0
19.154;-94;-759;0;0
19.159;-101;-731;0;0
19.164;-101;-702;0;0
19.169;-101;-673;0;0
19.174;-109;-643;0;0
19.179;-109;-610;0;0
19.184;-117;-575;0;0
19.189;-117;-527;0;0
19.194;-117;-486;0;0
19.199;-117;-451;0;0
19.204;-117;-417;0;0
19.209;-117;-389;0;0
19.214;-117;-365;0;0
19.219;-109;-336;0;0
19.224;-109;-259;0;0
19.229;-101;-196;0;0
19.234;-101;-144;0;0
19.239;-101;-100;0;0
19.244;-94;-64;0;0
19.249;-86;-26;0;0
19.254;-86;23;0;0
19.259;-78;79;0;0
19.264;-70;147;0;0
19.269;-70;205;0;0
19.274;-62;247;0;0
19.279;-54;280;0;0
19.284;-47;312;0;0
19.289;-39;356;0;0
19.294;-39;397;0;0
19.299;-31;418;0;0
19.304;-23;517;0;0
19.309;-15;614;0;0
19.314;-7;736;0;0
19.319;-7;810;0;0
19.324;7;809;0;0
19.329;15;772;0;0
19.334;23;791;0;0
19.339;23;797;0;0
19.344;31;771;0;0
19.349;39;741;0;0
19.354;47;713;0;0
19.359;54;707;0;0
19.364;54;694;0;0
19.369;62;670;0;0
19.374;70;636;0;0
19.379;70;604;0;0
19.384;78;574;0;0
19.389;78;546;0;0
19.394;86;602;0;0
19.399;86;636;0;0
19.404;86;656;0;0
19.409;86;667;0;0
19.414;86;671;0;0
19.419;94;623;0;0
19.424;94;579;0;0
19.429;94;542;0;0
19.434;94;510;0;0
19.439;94;479;0;0
19.444;94;453;0;0
19.449;94;430;0;0
19.454;86;389;0;0
19.459;86;293;0;0
19.464;86;211;0;0
19.469;86;142;0;0
19.474;86;83;0;0
19.479;78;45;0;0
19.484;70;23;0;0
19.489;70;4;0;0
19.494;62;-15;0;0
19.499;62;-57;0;0
19.504;54;-109;0;0
19.509;54;-150;0;0
19.514;54;-182;0;0
19.519;47;-213;0;0
19.524;39;-231;0;0
19.529;31;-258;0;0
19.534;23;-292;0;0
19.539;23;-325;0;0
19.544;23;-349;0;0
19.549;15;-364;0;0
19.554;7;-367;0;0
19.559;0;-378;0;0
19.564;-7;-393;0;0
19.569;-7;-407;0;0
19.574;-7;-415;0;0
19.579;-15;-420;0;0
19.584;-15;-421;0;0
19.589;-23;-407;0;0
19.594;-23;-392;0;0
19.599;-31;-386;0;0
19.604;-39;-382;0;0
19.609;-39;-378;0;0
19.614;-39;-372;0;0
19.619;-39;-366;0;0
19.624;-47;-360;0;0
19.629;-47;-352;0;0
19.634;-47;-341;0;0
19.639;-47;-332;0;0
19.644;-54;-315;0;0
19.649;-54;-295;0;0
19.654;-54;-278;0;0
19.659;-54;-263;0;0
19.664;-54;-246;0;0
19.669;-54;-232;0;0
19.674;-54;-220;0;0
19.679;-47;-202;0;0
19.684;-47;-149;0;0
19.689;-47;-104;0;0
19.694;-47;-65;0;0
19.699;-39;-35;0;0
19.704;-39;-14;0;0
19.709;-39;2;0;0
19.714;-39;17;0;0
19.719;-39;30;0;0
19.724;-39;40;0;0
19.729;-31;49;0;0
19.734;-31;56;0;0
19.739;-23;71;0;0
19.744;-23;83;0;0
19.749;-23;93;0;0
19.754;-15;111;0;0
19.759;-7;129;0;0
19.764;-7;154;0;0
19.769;-7;173;0;0
19.774;-7;188;0;0
19.779;-7;198;0;0
19.784;0;202;0;0
19.789;7;206;0;0
19.794;7;210;0;0
19.799;7;213;0;0
19.804;15;219;0;0
19.809;23;232;0;0
19.814;23;247;0;0
19.819;23;258;0;0
19.824;23;265;0;0
19.829;23;270;0;0
19.834;23;272;0;0
19.839;31;271;0;0
19.844;31;261;0;0
19.849;31;252;0;0
19.854;31;245;0;0
19.859;39;233;0;0
19.864;39;221;0;0
19.869;39;211;0;0
19.874;39;202;0;0
19.879;39;191;0;0
19.884;39;181;0;0
19.889;39;173;0;0
19.894;39;166;0;0
19.899;39;160;0;0
19.904;39;155;0;0
19.909;39;151;0;0
19.914;39;147;0;0
19.919;39;144;0;0
19.924;31;92;0;0
19.929;31;24;0;0
19.934;31;-32;0;0
19.939;31;-77;0;0
19.944;23;-97;0;0
19.949;23;-97;0;0
19.954;23;-98;0;0
19.959;23;-99;0;0
19.964;23;-99;0;0
19.969;23;-99;0;0
19.974;23;-98;0;0
19.979;23;-94;0;0
19.984;23;-92;0;0
19.989;15;-93;0;0
19.994;15;-94;0;0
19.999;7;-105;0;0
20.004;7;-124;0;0
20.009;7;-137;0;0
20.014;7;-147;0;0
20.019;7;-156;0;0
20.024;7;-163;0;0
20.029;0;-163;0;0
20.034;0;-160;0;0
20.039;0;-155;0;0
20.044;0;-151;0;0
20.049;0;-148;0;0
20.054;-7;-145;0;0
20.059;-7;-143;0;0
20.064;-7;-140;0;0
20.069;-7;-138;0;0
20.074;-7;-137;0;0
20.079;-7;-135;0;0
20.084;-7;-134;0;0
20.089;-7;-130;0;0
20.094;-7;-126;0;0
20.099;-7;-122;0;0
20.104;-7;-119;0;0
20.109;-7;-117;0;0
20.114;-7;-115;0;0
20.119;-7;-113;0;0
20.124;-7;-111;0;0
20.129;-7;-110;0;0
20.134;-7;-109;0;0
20.139;-7;-108;0;0
20.144;-7;-107;0;0
20.149;-7;-106;0;0
20.154;-7;-105;0;0
20.159;-7;-105;0;0
20.164;-7;-105;0;0
20.169;-7;-104;0;0
20.174;-7;-104;0;0
20.179;-7;-104;0;0
20.184;-7;-103;0;0
20.189;-7;-103;0;0
20.194;-7;-103;0;0
20.199;-7;-103;0;0
20.204;-7;-103;0;0
20.209;-7;-103;0;0
20.214;0;-94;0;0
20.219;0;-76;0;0
20.224;0;-60;0;0
20.229;0;-48;0;0
20.234;0;-37;0;0
20.239;0;-27;0;0
20.244;0;-19;0;0
20.249;0;-12;0;0
20.254;0;-7;0;0
20.259;0;-2;0;0
20.264;0;1;0;0
20.269;0;5;0;0
20.274;0;8;0;0
20.279;0;11;0;0
20.284;0;13;0;0
20.289;0;15;0;0
20.294;0;16;0;0
20.299;0;18;0;0
20.304;0;19;0;0
20.309;0;20;0;0
20.314;0;21;0;0
20.319;0;21;0;0
20.324;0;22;0;0
20.329;0;22;0;0
20.334;0;23;0;0
20.339;0;23;0;0
20.344;0;23;0;0
20.349;0;24;0;0
20.354;0;24;0;0
20.359;0;24;0;0
20.364;0;24;0;0
20.369;0;24;0;0
20.374;0;25;0;0
20.379;0;25;0;0
20.384;0;25;0;0
20.389;0;25;0;0
20.394;0;25;0;0
20.399;0;25;0;0
20.404;0;25;0;0
20.409;0;25;0;0
20.414;0;25;0;0
20.419;0;25;0;0
20.424;0;25;0;0
20.429;0;25;0;0
20.434;0;25;0;0
20.439;0;25;0;0
20.444;0;25;0;0
20.449;0;25;0;0
20.454;0;25;0;0
20.459;0;25;0;0
20.464;0;25;0;0
20.469;0;25;0;0
20.474;0;25;0;0
20.479;0;25;0;0
20.484;0;25;0;0
20.489;0;25;0;0
20.494;0;25;0;0
20.499;0;25;0;0
20.504;0;25;0;0
20.509;0;25;0;0
20.514;0;25;0;0
20.519;0;25;0;0
20.524;0;25;0;0
20.529;0;25;0;0
20.534;0;25;0;0
20.539;-7;15;0;0
20.544;-15;26;0;0
20.549;-39;-98;0;0
20.554;-54;-325;0;0
20.559;-62;-489;0;0
20.564;-70;-602;0;0
20.569;-86;-664;0;0
20.574;-101;-926;0;0
20.579;-117;-1014;0;0
20.584;-125;-1024;0;0
20.589;-133;-1034;0;0
20.594;-148;-1027;0;0
20.599;-156;-985;0;0
20.604;-164;-960;0;0
20.609;-164;-927;0;0
20.614;-171;-1019;0;0
20.619;-179;-1020;0;0
20.624;-187;-996;0;0
20.629;-187;-931;0;0
20.634;-195;-859;0;0
20.639;-195;-787;0;0
20.644;-195;-725;0;0
20.649;-195;-668;0;0
20.654;-195;-621;0;0
20.659;-187;-495;0;0
20.664;-187;-376;0;0
20.669;-179;-288;0;0
20.674;-179;-215;0;0
20.679;-171;-153;0;0
20.684;-164;-77;0;0
20.689;-164;-9;0;0
20.694;-156;56;0;0
20.699;-148;196;0;0
20.704;-133;333;0;0
20.709;-133;392;0;0
20.714;-117;437;0;0
20.719;-101;542;0;0
20.724;-94;648;0;0
20.729;-86;701;0;0
20.734;-70;744;0;0
20.739;-62;779;0;0
20.744;-54;924;0;0
20.749;-39;1006;0;0
20.754;-31;999;0;0
20.759;-15;1120;0;0
20.764;-7;1155;0;0
20.769;7;1129;0;0
20.774;23;1140;0;0
20.779;31;1166;0;0
20.784;47;1151;0;0
20.789;54;1372;0;0
20.794;62;1447;0;0
20.799;78;1354;0;0
20.804;86;1296;0;0
20.809;86;1245;0;0
20.814;101;1165;0;0
20.819;109;1091;0;0
20.824;117;1059;0;0
20.829;117;1025;0;0
20.834;133;965;0;0
20.839;140;917;0;0
20.844;148;886;0;0
20.849;148;861;0;0
20.854;148;831;0;0
20.859;148;800;0;0
20.864;156;743;0;0
20.869;156;685;0;0
20.874;156;633;0;0
20.879;156;588;0;0
20.884;156;549;0;0
20.889;156;515;0;0
20.894;156;483;0;0
20.899;148;378;0;0
20.904;148;291;0;0
20.909;148;217;0;0
20.914;140;159;0;0
20.919;133;119;0;0
20.924;133;80;0;0
20.929;125;17;0;0
20.934;117;-66;0;0
20.939;117;-132;0;0
20.944;101;-199;0;0
20.949;101;-243;0;0
20.954;86;-400;0;0
20.959;86;-544;0;0
20.964;70;-695;0;0
20.969;62;-756;0;0
20.974;54;-782;0;0
20.979;47;-790;0;0
20.984;39;-777;0;0
20.989;23;-913;0;0
20.994;23;-1025;0;0
20.999;7;-1131;0;0
21.004;-7;-1122;0;0
21.009;-7;-1101;0;0
21.014;-15;-1068;0;0
21.019;-23;-1003;0;0
21.024;-39;-975;0;0
21.029;-39;-947;0;0
21.034;-54;-928;0;0
21.039;-62;-897;0;0
21.044;-70;-879;0;0
21.049;-70;-855;0;0
21.054;-78;-827;0;0
21.059;-86;-783;0;0
21.064;-94;-739;0;0
21.069;-94;-707;0;0
21.074;-101;-678;0;0
21.079;-101;-650;0;0
21.084;-101;-623;0;0
21.089;-101;-598;0;0
21.094;-109;-565;0;0
21.099;-109;-533;0;0
21.104;-109;-504;0;0
21.109;-109;-478;0;0
21.114;-109;-454;0;0
21.119;-109;-431;0;0
21.124;-109;-412;0;0
21.129;-101;-363;0;0
21.134;-101;-267;0;0
21.139;-101;-186;0;0
21.144;-101;-120;0;0
21.149;-94;-82;0;0
21.154;-86;-51;0;0
21.159;-86;-24;0;0
21.164;-78;24;0;0
21.169;-70;88;0;0
21.174;-70;150;0;0
21.179;-62;196;0;0
21.184;-54;232;0;0
21.189;-54;261;0;0
21.194;-47;294;0;0
21.199;-39;342;0;0
21.204;-31;378;0;0
21.209;-23;395;0;0
21.214;-23;413;0;0
21.219;-7;438;0;0
21.224;-7;471;0;0
21.229;0;492;0;0
21.234;7;496;0;0
21.239;15;505;0;0
21.244;23;658;0;0
21.249;23;759;0;0
21.254;31;782;0;0
21.259;39;828;0;0
21.264;47;865;0;0
21.269;54;837;0;0
21.274;54;804;0;0
21.279;62;772;0;0
21.284;62;718;0;0
21.289;70;668;0;0
21.294;70;624;0;0
21.299;78;585;0;0
21.304;78;547;0;0
21.309;86;590;0;0
21.314;86;616;0;0
21.319;86;628;0;0
21.324;86;635;0;0
21.329;86;635;0;0
21.334;86;633;0;0
21.339;86;629;0;0
21.344;86;622;0;0
21.349;86;616;0;0
21.354;86;607;0;0
21.359;86;599;0;0
21.364;86;592;0;0
21.369;86;583;0;0
21.374;86;575;0;0
21.379;78;515;0;0
21.384;78;416;0;0
21.389;70;344;0;0
21.394;70;285;0;0
21.399;62;230;0;0
21.404;54;175;0;0
21.409;54;95;0;0
21.414;54;30;0;0
21.419;54;-23;0;0
21.424;47;-72;0;0
21.429;39;-110;0;0
21.434;31;-150;0;0
21.439;23;-198;0;0
21.444;23;-241;0;0
21.449;23;-273;0;0
21.454;15;-296;0;0
21.459;7;-310;0;0
21.464;7;-317;0;0
21.469;0;-390;0;0
21.474;-7;-454;0;0
21.479;-7;-504;0;0
21.484;-7;-540;0;0
21.489;-15;-542;0;0
21.494;-15;-518;0;0
21.499;-23;-482;0;0
21.504;-23;-452;0;0
21.509;-31;-432;0;0
21.514;-31;-417;0;0
21.519;-39;-403;0;0
21.524;-39;-389;0;0
21.529;-39;-375;0;0
21.534;-39;-361;0;0
21.539;-39;-349;0;0
21.544;-39;-338;0;0
21.549;-47;-327;0;0
21.554;-47;-313;0;0
21.559;-47;-300;0;0
21.564;-47;-289;0;0
21.569;-47;-277;0;0
21.574;-47;-266;0;0
21.579;-47;-257;0;0
21.584;-47;-249;0;0
21.589;-39;-214;0;0
21.594;-39;-148;0;0
21.599;-39;-91;0;0
21.604;-39;-43;0;0
21.609;-39;-6;0;0
21.614;-39;24;0;0
21.619;-39;51;0;0
21.624;-31;69;0;0
21.629;-31;70;0;0
21.634;-31;71;0;0
21.639;-23;75;0;0
21.644;-23;79;0;0
21.649;-23;83;0;0
21.654;-15;132;0;0
21.659;-15;177;0;0
21.664;-7;189;0;0
21.669;-7;199;0;0
21.674;-7;203;0;0
21.679;-7;207;0;0
21.684;0;211;0;0
21.689;0;210;0;0
21.694;7;209;0;0
21.699;7;208;0;0
21.704;7;207;0;0
21.709;15;207;0;0
21.714;15;210;0;0
21.719;23;272;0;0
21.724;23;317;0;0
21.729;23;350;0;0
21.734;23;373;0;0
21.739;23;391;0;0
21.744;23;403;0;0
21.749;23;411;0;0
21.754;23;418;0;0
21.759;31;390;0;0
21.764;31;366;0;0
21.769;31;345;0;0
21.774;31;325;0;0
21.779;31;306;0;0
21.784;31;291;0;0
21.789;31;278;0;0
21.794;31;266;0;0
21.799;31;257;0;0
21.804;31;249;0;0
21.809;31;242;0;0
21.814;31;236;0;0
21.819;31;231;0;0
21.824;31;226;0;0
21.829;31;218;0;0
21.834;23;177;0;0
21.839;23;132;0;0
21.844;23;93;0;0
21.849;23;60;0;0
21.854;23;32;0;0
21.859;23;9;0;0
21.864;23;-11;0;0
21.869;23;-28;0;0
21.874;23;-43;0;0
21.879;23;-55;0;0
21.884;23;-66;0;0
21.889;15;-69;0;0
21.894;15;-66;0;0
21.899;15;-64;0;0
21.904;7;-62;0;0
21.909;7;-60;0;0
21.914;7;-59;0;0
21.919;7;-57;0;0
21.924;7;-56;0;0
21.929;7;-56;0;0
21.934;7;-55;0;0
21.939;7;-54;0;0
21.944;7;-54;0;0
21.949;0;-58;0;0
21.954;0;-65;0;0
21.959;0;-70;0;0
21.964;0;-75;0;0
21.969;0;-79;0;0
21.974;0;-79;0;0
21.979;0;-79;0;0
21.984;0;-79;0;0
21.989;0;-78;0;0
21.994;0;-78;0;0
21.999;0;-78;0;0
22.004;0;-77;0;0
22.009;0;-77;0;0
22.014;0;-77;0;0
22.019;0;-77;0;0
22.024;0;-77;0;0
22.029;0;-77;0;0
22.034;0;-77;0;0
22.039;0;-77;0;0
22.044;0;-77;0;0
22.049;0;-77;0;0
22.054;0;-77;0;0
22.059;0;-77;0;0
22.064;0;-76;0;0
22.069;0;-76;0;0
22.074;0;-76;0;0
22.079;0;-76;0;0
22.084;0;-76;0;0
22.089;0;-76;0;0
22.094;0;-76;0;0
22.099;0;-76;0;0
22.104;0;-76;0;0
22.109;0;-76;0;0
22.114;0;-76;0;0
22.119;0;-76;0;0
22.124;0;-76;0;0
22.129;0;-74;0;0
22.134;0;-71;0;0
22.139;0;-68;0;0
22.144;0;-65;0;0
22.149;0;-63;0;0
22.154;0;-61;0;0
22.159;0;-60;0;0
22.164;0;-59;0;0
22.169;0;-57;0;0
22.174;0;-57;0;0
22.179;0;-56;0;0
22.184;0;-55;0;0
22.189;0;-54;0;0
22.194;0;-54;0;0
22.199;0;-53;0;0
22.204;0;-53;0;0
22.209;0;-53;0;0
22.214;0;-53;0;0
22.219;0;-52;0;0
22.224;0;-52;0;0
22.229;0;-52;0;0
22.234;0;-52;0;0
22.239;0;-52;0;0
22.244;0;-52;0;0
22.249;-7;-60;0;0
22.254;-7;-85;0;0
22.259;-15;-38;0;0
22.264;-31;-66;0;0
22.269;-39;-220;0;0
22.274;-47;-337;0;0
22.279;-54;-403;0;0
22.284;-54;-436;0;0
22.289;-70;-557;0;0
22.294;-70;-642;0;0
22.299;-78;-683;0;0
22.304;-78;-667;0;0
22.309;-86;-633;0;0
22.314;-94;-604;0;0
22.319;-94;-580;0;0
22.324;-101;-555;0;0
22.329;-101;-529;0;0
22.334;-101;-504;0;0
22.339;-101;-482;0;0
22.344;-101;-462;0;0
22.349;-101;-442;0;0
22.354;-101;-425;0;0
22.359;-101;-409;0;0
22.364;-101;-393;0;0
22.369;-101;-380;0;0
22.374;-101;-368;0;0
22.379;-94;-317;0;0
22.384;-94;-247;0;0
22.389;-86;-195;0;0
22.394;-86;-150;0;0
22.399;-78;-106;0;0
22.404;-70;-60;0;0
22.409;-70;5;0;0
22.414;-70;57;0;0
22.419;-62;102;0;0
22.424;-54;140;0;0
22.429;-54;174;0;0
22.434;-47;209;0;0
22.439;-39;259;0;0
22.444;-39;295;0;0
22.449;-31;317;0;0
22.454;-23;339;0;0
22.459;-15;357;0;0
22.464;-7;384;0;0
22.469;-7;417;0;0
22.474;0;437;0;0
22.479;7;440;0;0
22.484;15;447;0;0
22.489;23;477;0;0
22.494;23;508;0;0
22.499;23;526;0;0
22.504;31;521;0;0
22.509;39;508;0;0
22.514;47;496;0;0
22.519;54;495;0;0
22.524;54;499;0;0
22.529;54;498;0;0
22.534;54;492;0;0
22.539;62;470;0;0
22.544;62;448;0;0
22.549;70;423;0;0
22.554;70;402;0;0
22.559;70;381;0;0
22.564;70;362;0;0
22.569;70;346;0;0
22.574;70;330;0;0
22.579;78;307;0;0
22.584;78;286;0;0
22.589;78;266;0;0
22.594;78;249;0;0
22.599;78;235;0;0
22.604;78;222;0;0
22.609;70;163;0;0
22.614;70;112;0;0
22.619;70;69;0;0
22.624;62;35;0;0
22.629;62;14;0;0
22.634;54;-2;0;0
22.639;54;-17;0;0
22.644;54;-29;0;0
22.649;54;-40;0;0
22.654;54;-49;0;0
22.659;47;-77;0;0
22.664;39;-101;0;0
22.669;39;-120;0;0
22.674;31;-151;0;0
22.679;23;-183;0;0
22.684;23;-214;0;0
22.689;23;-239;0;0
22.694;23;-257;0;0
22.699;15;-271;0;0
22.704;7;-274;0;0
22.709;7;-275;0;0
22.714;0;-282;0;0
22.719;0;-291;0;0
22.724;-7;-301;0;0
22.729;-7;-308;0;0
22.734;-7;-311;0;0
22.739;-7;-313;0;0
22.744;-15;-381;0;0
22.749;-15;-429;0;0
22.754;-23;-442;0;0
22.759;-23;-433;0;0
22.764;-23;-422;0;0
22.769;-23;-412;0;0
22.774;-31;-386;0;0
22.779;-31;-359;0;0
22.784;-31;-336;0;0
22.789;-31;-313;0;0
22.794;-31;-293;0;0
22.799;-31;-276;0;0
22.804;-31;-261;0;0
22.809;-31;-249;0;0
22.814;-31;-236;0;0
22.819;-31;-224;0;0
22.824;-31;-213;0;0
22.829;-31;-204;0;0
22.834;-31;-196;0;0
22.839;-31;-189;0;0
22.844;-31;-184;0;0
22.849;-31;-179;0;0
22.854;-31;-175;0;0
22.859;-23;-83;0;0
22.864;-23;-9;0;0
22.869;-23;49;0;0
22.874;-23;99;0;0
22.879;-23;137;0;0
22.884;-15;130;0;0
22.889;-15;122;0;0
22.894;-15;115;0;0
22.899;-7;113;0;0
22.904;-7;111;0;0
22.909;-7;110;0;0
22.914;-7;108;0;0
22.919;-7;107;0;0
22.924;-7;106;0;0
22.929;-7;101;0;0
22.934;0;120;0;0
22.939;0;136;0;0
22.944;0;150;0;0
22.949;7;171;0;0
22.954;7;187;0;0
22.959;7;199;0;0
22.964;7;207;0;0
22.969;7;214;0;0
22.974;7;219;0;0
22.979;15;227;0;0
22.984;15;231;0;0
22.989;15;234;0;0
22.994;15;237;0;0
22.999;15;240;0;0
23.004;15;242;0;0
23.009;23;255;0;0
23.014;23;264;0;0
23.019;23;270;0;0
23.024;23;275;0;0
23.029;23;275;0;0
23.034;23;276;0;0
23.039;23;275;0;0
23.044;23;272;0;0
23.049;23;269;0;0
23.054;23;267;0;0
23.059;23;265;0;0
23.064;23;263;0;0
23.069;23;258;0;0
23.074;15;170;0;0
23.079;15;97;0;0
23.084;15;37;0;0
23.089;15;-12;0;0
23.094;15;-52;0;0
23.099;15;-86;0;0
23.104;15;-114;0;0
23.109;15;-135;0;0
23.114;7;-145;0;0
23.119;7;-135;0;0
23.124;7;-126;0;0
23.129;7;-119;0;0
23.134;7;-112;0;0
23.139;7;-107;0;0
23.144;7;-102;0;0
23.149;7;-98;0;0
23.154;7;-95;0;0
23.159;7;-92;0;0
23.164;7;-90;0;0
23.169;7;-88;0;0
23.174;7;-86;0;0
23.179;7;-84;0;0
23.184;7;-83;0;0
23.189;7;-82;0;0
23.194;7;-81;0;0
23.199;7;-80;0;0
23.204;7;-80;0;0
23.209;7;-79;0;0
23.214;7;-78;0;0
23.219;7;-78;0;0
23.224;7;-78;0;0
23.229;7;-77;0;0
23.234;7;-77;0;0
23.239;7;-77;0;0
23.244;7;-77;0;0
23.249;7;-73;0;0
23.254;7;-69;0;0
23.259;7;-66;0;0
23.264;7;-64;0;0
23.269;7;-62;0;0
23.274;7;-60;0;0
23.279;7;-59;0;0
23.284;7;-57;0;0
23.289;7;-56;0;0
23.294;7;-55;0;0
23.299;7;-55;0;0
23.304;7;-54;0;0
23.309;7;-53;0;0
23.314;7;-53;0;0
23.319;7;-52;0;0
23.324;7;-52;0;0
23.329;7;-52;0;0
23.334;7;-51;0;0
23.339;7;-51;0;0
23.344;7;-51;0;0
23.349;7;-51;0;0
23.354;7;-51;0;0
23.359;7;-51;0;0
23.364;7;-51;0;0
23.369;7;-50;0;0
23.374;0;-49;0;0
23.379;-7;-28;0;0
23.384;-7;0;0;0
23.389;-15;0;0;0
23.394;-23;-81;0;0
23.399;-31;-161;0;0
23.404;-39;-237;0;0
23.409;-39;-295;0;0
23.414;-54;-343;0;0
23.419;-54;-367;0;0
23.424;-62;-395;0;0
23.429;-70;-418;0;0
23.434;-70;-432;0;0
23.439;-70;-440;0;0
23.444;-78;-445;0;0
23.449;-78;-442;0;0
23.454;-86;-422;0;0
23.459;-86;-400;0;0
23.464;-86;-378;0;0
23.469;-86;-359;0;0
23.474;-86;-343;0;0
23.479;-86;-326;0;0
23.484;-86;-311;0;0
23.489;-86;-299;0;0
23.494;-86;-288;0;0
23.499;-86;-279;0;0
23.504;-86;-268;0;0
23.509;-78;-205;0;0
23.514;-78;-152;0;0
23.519;-70;-110;0;0
23.524;-70;-78;0;0
23.529;-70;-52;0;0
23.534;-70;-29;0;0
23.539;-62;-9;0;0
23.544;-54;21;0;0
23.549;-54;55;0;0
23.554;-47;89;0;0
23.559;-39;127;0;0
23.564;-39;173;0;0
23.569;-39;208;0;0
23.574;-31;234;0;0
23.579;-23;252;0;0
23.584;-23;271;0;0
23.589;-15;292;0;0
23.594;-7;326;0;0
23.599;-7;352;0;0
23.604;0;368;0;0
23.609;0;371;0;0
23.614;7;373;0;0
23.619;15;381;0;0
23.624;23;412;0;0
23.629;23;434;0;0
23.634;23;446;0;0
23.639;31;440;0;0
23.644;39;432;0;0
23.649;39;418;0;0
23.654;47;407;0;0
23.659;47;395;0;0
23.664;54;463;0;0
23.669;54;508;0;0
23.674;54;538;0;0
23.679;54;558;0;0
23.684;54;570;0;0
23.689;54;578;0;0
23.694;54;582;0;0
23.699;54;582;0;0
23.704;62;555;0;0
23.709;62;506;0;0
23.714;62;464;0;0
23.719;62;425;0;0
23.724;62;392;0;0
23.729;62;364;0;0
23.734;54;328;0;0
23.739;54;237;0;0
23.744;54;160;0;0
23.749;54;94;0;0
23.754;54;38;0;0
23.759;54;-9;0;0
23.764;54;-50;0;0
23.769;47;-70;0;0
23.774;47;-75;0;0
23.779;39;-76;0;0
23.784;39;-76;0;0
23.789;39;-76;0;0
23.794;31;-95;0;0
23.799;31;-111;0;0
23.804;23;-136;0;0
23.809;23;-156;0;0
23.814;23;-170;0;0
23.819;23;-183;0;0
23.824;15;-194;0;0
23.829;7;-203;0;0
23.834;7;-207;0;0
23.839;7;-211;0;0
23.844;0;-211;0;0
23.849;0;-221;0;0
23.854;0;-230;0;0
23.859;-7;-236;0;0
23.864;-7;-239;0;0
23.869;-7;-241;0;0
23.874;-7;-243;0;0
23.879;-7;-241;0;0
23.884;-7;-239;0;0
23.889;-15;-235;0;0
23.894;-15;-230;0;0
23.899;-15;-223;0;0
23.904;-15;-216;0;0
23.909;-15;-211;0;0
23.914;-23;-198;0;0
23.919;-23;-187;0;0
23.924;-23;-178;0;0
23.929;-23;-171;0;0
23.934;-23;-164;0;0
23.939;-23;-159;0;0
23.944;-23;-154;0;0
23.949;-23;-146;0;0
23.954;-23;-139;0;0
23.959;-23;-133;0;0
23.964;-23;-129;0;0
23.969;-23;-125;0;0
23.974;-23;-121;0;0
23.979;-23;-118;0;0
23.984;-15;-89;0;0
23.989;-15;-64;0;0
23.994;-15;-43;0;0
23.999;-15;-25;0;0
24.004;-15;-10;0;0
24.009;-7;21;0;0
24.014;-7;47;0;0
24.019;-7;67;0;0
24.024;-7;83;0;0
24.029;-7;97;0;0
24.034;-7;109;0;0
24.039;-7;120;0;0
24.044;-7;124;0;0
24.049;-7;129;0;0
24.054;-7;132;0;0
24.059;-7;135;0;0
24.064;0;135;0;0
24.069;0;134;0;0
24.074;0;133;0;0
24.079;0;132;0;0
24.084;0;128;0;0
24.089;7;122;0;0
24.094;7;111;0;0
24.099;7;102;0;0
24.104;7;94;0;0
24.109;7;88;0;0
24.114;7;82;0;0
24.119;7;78;0;0
24.124;7;74;0;0
24.129;7;70;0;0
24.134;7;67;0;0
24.139;7;65;0;0
24.144;7;63;0;0
24.149;7;61;0;0
24.154;7;59;0;0
24.159;7;58;0;0
24.164;7;57;0;0
24.169;7;56;0;0
24.174;7;55;0;0
24.179;7;54;0;0
24.184;7;54;0;0
24.189;7;53;0;0
24.194;7;53;0;0
24.199;7;53;0;0
24.204;7;52;0;0
24.209;7;52;0;0
24.214;7;52;0;0
24.219;7;52;0;0
24.224;7;51;0;0
24.229;7;51;0;0
24.234;7;51;0;0
24.239;7;49;0;0
24.244;7;46;0;0
24.249;7;43;0;0
24.254;7;40;0;0
24.259;7;38;0;0
24.264;7;36;0;0
24.269;7;34;0;0
24.274;7;33;0;0
24.279;7;32;0;0
24.284;7;31;0;0
24.289;7;30;0;0
24.294;7;29;0;0
24.299;7;29;0;0
24.304;7;28;0;0
24.309;7;28;0;0
24.314;7;27;0;0
24.319;7;27;0;0
24.324;7;27;0;0
24.329;7;27;0;0
24.334;7;26;0;0
24.339;7;26;0;0
24.344;7;26;0;0
24.349;7;26;0;0
24.354;7;26;0;0
24.359;7;26;0;0
24.364;7;26;0;0
24.369;7;26;0;0
24.374;7;26;0;0
24.379;7;26;0;0
24.384;7;25;0;0
24.389;7;25;0;0
24.394;7;25;0;0
24.399;7;25;0;0
24.404;7;25;0;0
24.409;7;25;0;0
24.414;7;25;0;0
24.419;7;25;0;0
24.424;7;25;0;0
24.429;7;25;0;0
24.434;7;25;0;0
24.439;7;25;0;0
24.444;7;25;0;0
24.449;7;25;0;0
24.454;7;25;0;0
24.459;7;25;0;0
24.464;7;25;0;0
24.469;7;25;0;0
24.474;7;25;0;0
24.479;7;25;0;0
24.484;7;25;0;0
24.489;7;25;0;0
24.494;7;25;0;0
24.499;7;25;0;0
24.504;7;25;0;0
24.509;7;25;0;0
24.514;7;25;0;0
24.519;7;25;0;0
24.524;7;25;0;0
24.529;7;25;0;0
24.534;7;25;0;0
24.539;7;25;0;0
24.544;7;25;0;0
24.549;7;25;0;0
24.554;7;25;0;0
24.559;7;25;0;0
24.564;7;25;0;0
24.569;7;25;0;0
24.574;7;25;0;0
24.579;7;25;0;0
24.584;7;25;0;0
24.589;7;25;0;0
24.594;7;25;0;0
24.599;7;25;0;0
24.604;7;25;0;0
24.609;7;25;0;0
24.614;7;25;0;0
24.619;7;25;0;0
24.624;7;25;0;0
24.629;7;25;0;0
24.634;7;25;0;0
24.639;7;25;0;0
24.644;7;25;0;0
24.649;7;25;0;0
24.654;7;25;0;0
24.659;7;25;0;0
24.664;7;25;0;0
24.669;7;25;0;0
24.674;7;25;0;0
24.679;7;25;0;0
24.684;7;25;0;0
24.689;7;25;0;0
24.694;7;25;0;0
24.699;7;25;0;0
24.704;7;25;0;0
24.709;7;25;0;0
24.714;7;25;0;0
24.719;7;25;0;0
24.724;7;25;0;0
24.729;7;25;0;0
24.734;7;25;0;0
24.739;7;25;0;0
24.744;7;25;0;0
24.749;7;25;0;0
24.754;7;25;0;0
24.759;7;25;0;0
24.764;7;25;0;0
24.769;7;25;0;0
24.774;7;25;0;0
24.779;7;25;0;0
24.784;7;25;0;0
24.789;7;25;0;0
24.794;0;26;0;0
24.799;-7;170;0;0
24.804;-15;284;0;0
24.809;-31;101;0;0
24.814;-47;-119;0;0
24.819;-54;-269;0;0
24.824;-62;-382;0;0
24.829;-70;-444;0;0
24.834;-78;-498;0;0
24.839;-94;-537;0;0
24.844;-101;-592;0;0
24.849;-101;-631;0;0
24.854;-109;-652;0;0
24.859;-117;-637;0;0
24.864;-125;-620;0;0
24.869;-125;-612;0;0
24.874;-133;-597;0;0
24.879;-133;-580;0;0
24.884;-133;-562;0;0
24.889;-133;-546;0;0
24.894;-133;-528;0;0
24.899;-133;-513;0;0
24.904;-133;-497;0;0
24.909;-133;-483;0;0
24.914;-133;-471;0;0
24.919;-133;-457;0;0
24.924;-133;-445;0;0
24.929;-133;-434;0;0
24.934;-133;-426;0;0
24.939;-125;-340;0;0
24.944;-117;-274;0;0
24.949;-109;-211;0;0
24.954;-101;-79;0;0
24.959;-101;23;0;0
24.964;-86;98;0;0
24.969;-78;166;0;0
24.974;-70;245;0;0
24.979;-70;318;0;0
24.984;-62;359;0;0
24.989;-54;471;0;0
24.994;-39;599;0;0
24.999;-39;628;0;0
25.004;-31;635;0;0
25.009;-23;635;0;0
25.014;-7;647;0;0
25.019;-7;675;0;0
25.024;0;677;0;0
25.029;7;761;0;0
25.034;23;826;0;0
25.039;23;844;0;0
25.044;39;827;0;0
25.049;47;806;0;0
25.054;54;805;0;0
25.059;54;796;0;0
25.064;62;773;0;0
25.069;70;730;0;0
25.074;78;695;0;0
25.079;86;675;0;0
25.084;86;666;0;0
25.089;86;651;0;0
25.094;94;627;0;0
25.099;94;588;0;0
25.104;101;550;0;0
25.109;101;517;0;0
25.114;101;485;0;0
25.119;101;458;0;0
25.124;101;431;0;0
25.129;101;408;0;0
25.134;109;377;0;0
25.139;109;351;0;0
25.144;109;329;0;0
25.149;109;306;0;0
25.154;101;271;0;0
25.159;101;197;0;0
25.164;101;138;0;0
25.169;94;88;0;0
25.174;94;52;0;0
25.179;86;21;0;0
25.184;86;-2;0;0
25.189;86;-20;0;0
25.194;78;-116;0;0
25.199;70;-197;0;0
25.204;62;-253;0;0
25.209;54;-283;0;0
25.214;54;-314;0;0
25.219;54;-336;0;0
25.224;39;-453;0;0
25.229;39;-508;0;0
25.234;31;-515;0;0
25.239;23;-531;0;0
25.244;23;-538;0;0
25.249;15;-540;0;0
25.254;7;-528;0;0
25.259;0;-526;0;0
25.264;-7;-537;0;0
25.269;-7;-541;0;0
25.274;-7;-540;0;0
25.279;-15;-532;0;0
25.284;-23;-509;0;0
25.289;-31;-489;0;0
25.294;-31;-482;0;0
25.299;-39;-477;0;0
25.304;-39;-470;0;0
25.309;-39;-461;0;0
25.314;-47;-538;0;0
25.319;-54;-576;0;0
25.324;-54;-570;0;0
25.329;-54;-560;0;0
25.334;-54;-549;0;0
25.339;-62;-537;0;0
25.344;-62;-494;0;0
25.349;-62;-458;0;0
25.354;-62;-424;0;0
25.359;-62;-394;0;0
25.364;-62;-370;0;0
25.369;-62;-345;0;0
25.374;-62;-324;0;0
25.379;-54;-272;0;0
25.384;-54;-197;0;0
25.389;-54;-134;0;0
25.394;-54;-81;0;0
25.399;-54;-38;0;0
25.404;-47;-10;0;0
25.409;-47;6;0;0
25.414;-39;18;0;0
25.419;-39;31;0;0
25.424;-39;41;0;0
25.429;-39;50;0;0
25.434;-39;58;0;0
25.439;-31;76;0;0
25.444;-23;93;0;0
25.449;-23;113;0;0
25.454;-23;130;0;0
25.459;-15;150;0;0
25.464;-7;167;0;0
25.469;-7;193;0;0
25.474;-7;214;0;0
25.479;-7;227;0;0
25.484;0;236;0;0
25.489;0;239;0;0
25.494;7;284;0;0
25.499;7;316;0;0
25.504;15;360;0;0
25.509;23;391;0;0
25.514;23;389;0;0
25.519;23;384;0;0
25.524;23;378;0;0
25.529;23;371;0;0
25.534;23;364;0;0
25.539;31;344;0;0
25.544;31;326;0;0
25.549;31;312;0;0
25.554;39;295;0;0
25.559;39;277;0;0
25.564;39;262;0;0
25.569;39;250;0;0
25.574;39;239;0;0
25.579;39;230;0;0
25.584;39;218;0;0
25.589;39;208;0;0
25.594;39;200;0;0
25.599;39;193;0;0
25.604;39;187;0;0
25.609;39;182;0;0
25.614;39;177;0;0
25.619;39;173;0;0
25.624;39;170;0;0
25.629;39;167;0;0
25.634;31;77;0;0
25.639;31;4;0;0
25.644;31;-54;0;0
25.649;23;-99;0;0
25.654;23;-99;0;0
25.659;23;-99;0;0
25.664;23;-100;0;0
25.669;23;-100;0;0
25.674;23;-98;0;0
25.679;23;-95;0;0
25.684;23;-92;0;0
25.689;23;-90;0;0
25.694;15;-85;0;0
25.699;15;-80;0;0
25.704;15;-75;0;0
25.709;7;-79;0;0
25.714;7;-83;0;0
25.719;7;-85;0;0
25.724;7;-88;0;0
25.729;7;-90;0;0
25.734;7;-88;0;0
25.739;0;-95;0;0
25.744;0;-100;0;0
25.749;0;-104;0;0
25.754;0;-107;0;0
25.759;0;-110;0;0
25.764;0;-113;0;0
25.769;-7;-112;0;0
25.774;-7;-110;0;0
25.779;-7;-109;0;0
25.784;-7;-108;0;0
25.789;-7;-104;0;0
25.794;-7;-100;0;0
25.799;-7;-96;0;0
25.804;-7;-93;0;0
25.809;-7;-90;0;0
25.814;-7;-88;0;0
25.819;-7;-86;0;0
25.824;-7;-85;0;0
25.829;-7;-83;0;0
25.834;-7;-82;0;0
25.839;-7;-81;0;0
25.844;-7;-81;0;0
25.849;-7;-80;0;0
25.854;-7;-79;0;0
25.859;-7;-79;0;0
25.864;-7;-78;0;0
25.869;-7;-78;0;0
25.874;-7;-78;0;0
25.879;-7;-77;0;0
25.884;-7;-77;0;0
25.889;-7;-77;0;0
25.894;-7;-77;0;0
25.899;-7;-77;0;0
25.904;-7;-76;0;0
25.909;-7;-76;0;0
25.914;-7;-76;0;0
25.919;0;-74;0;0
25.924;0;-59;0;0
25.929;0;-46;0;0
25.934;0;-36;0;0
25.939;0;-26;0;0
25.944;0;-19;0;0
25.949;0;-12;0;0
25.954;0;-6;0;0
25.959;0;-1;0;0
25.964;0;2;0;0
25.969;0;5;0;0
25.974;0;8;0;0
25.979;0;11;0;0
25.984;0;13;0;0
25.989;0;15;0;0
25.994;0;16;0;0
25.999;0;18;0;0
26.004;0;19;0;0
26.009;0;20;0;0
26.014;0;21;0;0
26.019;0;21;0;0
26.024;0;22;0;0
26.029;0;22;0;0
26.034;0;23;0;0
26.039;0;23;0;0
26.044;0;24;0;0
26.049;0;24;0;0
26.054;0;24;0;0
26.059;0;24;0;0
26.064;0;24;0;0
26.069;0;24;0;0
26.074;0;25;0;0
26.079;0;25;0;0
26.084;0;25;0;0
26.089;0;25;0;0
26.094;0;25;0;0
26.099;0;25;0;0
26.104;0;25;0;0
26.109;0;25;0;0
26.114;0;25;0;0
26.119;0;25;0;0
26.124;0;25;0;0
26.129;0;25;0;0
26.134;0;25;0;0
26.139;0;25;0;0
26.144;0;25;0;0
26.149;0;25;0;0
26.154;0;25;0;0
26.159;0;25;0;0
26.164;0;25;0;0
26.169;0;25;0;0
26.174;0;25;0;0
26.179;0;25;0;0
26.184;0;25;0;0
26.189;0;25;0;0
26.194;0;25;0;0
26.199;0;25;0;0
26.204;0;25;0;0
26.209;0;25;0;0
26.214;0;25;0;0
26.219;0;25;0;0
26.224;0;25;0;0
26.229;0;25;0;0
26.234;0;25;0;0
26.239;0;25;0;0
26.244;0;25;0;0
26.249;0;25;0;0
26.254;0;25;0;0
26.259;0;25;0;0
26.264;0;25;0;0
26.269;0;25;0;0
26.274;0;25;0;0
26.279;0;25;0;0
26.284;0;25;0;0
26.289;0;25;0;0
26.294;0;25;0;0
26.299;0;25;0;0
26.304;0;25;0;0
26.309;0;25;0;0
26.314;0;25;0;0
26.319;0;25;0;0
26.324;0;25;0;0
26.329;0;25;0;0
26.334;0;25;0;0
26.339;0;25;0;0
26.344;0;25;0;0
26.349;0;25;0;0
26.354;0;25;0;0
26.359;0;25;0;0
26.364;0;25;0;0
26.369;0;25;0;0
26.374;0;25;0;0
26.379;0;25;0;0
26.384;0;25;0;0
26.389;0;25;0;0
26.394;0;25;0;0
26.399;0;25;0;0
26.404;0;25;0;0
26.409;0;25;0;0
26.414;0;25;0;0
26.419;0;25;0;0
26.424;0;25;0;0
26.429;0;25;0;0
26.434;0;25;0;0
26.439;0;25;0;0
26.444;0;25;0;0
26.449;-15;17;0;0
26.454;-39;-257;0;0
26.459;-70;-625;0;0
26.464;-94;-1169;0;0
26.469;-109;-1308;0;0
26.474;-133;-1459;0;0
26.479;-164;-1722;0;0
26.484;-179;-1756;0;0
26.489;-195;-1742;0;0
26.494;-210;-1938;0;0
26.499;-233;-1903;0;0
26.504;-248;-1830;0;0
26.509;-256;-1758;0;0
26.514;-271;-1649;0;0
26.519;-286;-1578;0;0
26.524;-294;-1508;0;0
26.529;-301;-1406;0;0
26.534;-309;-1312;0;0
26.539;-316;-1224;0;0
26.544;-316;-1137;0;0
26.549;-316;-1057;0;0
26.554;-316;-985;0;0
26.559;-316;-920;0;0
26.564;-316;-863;0;0
26.569;-316;-811;0;0
26.574;-309;-740;0;0
26.579;-301;-601;0;0
26.584;-301;-489;0;0
26.589;-286;-348;0;0
26.594;-278;-195;0;0
26.599;-271;-59;0;0
26.604;-256;105;0;0
26.609;-248;246;0;0
26.614;-233;524;0;0
26.619;-218;824;0;0
26.624;-195;923;0;0
26.629;-179;1037;0;0
26.634;-164;1109;0;0
26.639;-148;1160;0;0
26.644;-133;1272;0;0
26.649;-109;1327;0;0
26.654;-86;1456;0;0
26.659;-70;1586;0;0
26.664;-47;1614;0;0
26.669;-31;1622;0;0
26.674;-7;1786;0;0
26.679;7;1782;0;0
26.684;31;1833;0;0
26.689;54;1892;0;0
26.694;78;1882;0;0
26.699;86;1896;0;0
26.704;109;1825;0;0
26.709;125;1808;0;0
26.714;148;1999;0;0
26.719;164;1978;0;0
26.724;179;1922;0;0
26.729;187;1844;0;0
26.734;202;1904;0;0
26.739;218;2001;0;0
26.744;225;1898;0;0
26.749;241;1774;0;0
26.754;241;1669;0;0
26.759;256;1529;0;0
26.764;263;1397;0;0
26.769;271;1286;0;0
26.774;271;1200;0;0
26.779;271;1118;0;0
26.784;271;1042;0;0
26.789;271;974;0;0
26.794;271;912;0;0
26.799;271;857;0;0
26.804;271;807;0;0
26.809;271;764;0;0
26.814;256;455;0;0
26.819;256;346;0;0
26.824;241;228;0;0
26.829;241;10;0;0
26.834;225;-97;0;0
26.839;218;-200;0;0
26.844;210;-317;0;0
26.849;195;-563;0;0
26.854;179;-678;0;0
26.859;164;-759;0;0
26.864;148;-841;0;0
26.869;140;-924;0;0
26.874;117;-993;0;0
26.879;109;-1067;0;0
26.884;86;-1120;0;0
26.889;78;-1175;0;0
26.894;54;-1237;0;0
26.899;39;-1307;0;0
26.904;23;-1402;0;0
26.909;7;-1674;0;0
26.914;-7;-1693;0;0
26.919;-31;-1652;0;0
26.924;-47;-1645;0;0
26.929;-62;-1621;0;0
26.934;-78;-1644;0;0
26.939;-101;-1618;0;0
26.944;-109;-1588;0;0
26.949;-125;-1539;0;0
26.954;-140;-1525;0;0
26.959;-148;-1459;0;0
26.964;-164;-1428;0;0
26.969;-179;-1380;0;0
26.974;-187;-1331;0;0
26.979;-195;-1279;0;0
26.984;-202;-1218;0;0
26.989;-210;-1134;0;0
26.994;-218;-1072;0;0
26.999;-225;-1013;0;0
27.004;-225;-954;0;0
27.009;-225;-898;0;0
27.014;-225;-847;0;0
27.019;-225;-799;0;0
27.024;-225;-758;0;0
27.029;-225;-720;0;0
27.034;-225;-687;0;0
27.039;-225;-655;0;0
27.044;-218;-584;0;0
27.049;-210;-475;0;0
27.054;-202;-384;0;0
27.059;-195;-259;0;0
27.064;-195;-125;0;0
27.069;-179;-7;0;0
27.074;-171;96;0;0
27.079;-164;339;0;0
27.084;-148;500;0;0
27.089;-140;555;0;0
27.094;-133;638;0;0
27.099;-117;691;0;0
27.104;-101;835;0;0
27.109;-86;931;0;0
27.114;-70;1013;0;0
27.119;-62;1035;0;0
27.124;-39;1058;0;0
27.129;-31;1112;0;0
27.134;-15;1123;0;0
27.139;-7;1164;0;0
27.144;7;1147;0;0
27.149;23;1211;0;0
27.154;39;1250;0;0
27.159;54;1321;0;0
27.164;70;1306;0;0
27.169;78;1251;0;0
27.174;86;1237;0;0
27.179;101;1211;0;0
27.184;117;1234;0;0
27.189;125;1218;0;0
27.194;140;1318;0;0
27.199;148;1307;0;0
27.204;148;1257;0;0
27.209;164;1170;0;0
27.214;164;1091;0;0
27.219;179;1028;0;0
27.224;179;983;0;0
27.229;179;936;0;0
27.234;187;868;0;0
27.239;195;804;0;0
27.244;195;740;0;0
27.249;195;684;0;0
27.254;195;634;0;0
27.259;195;588;0;0
27.264;195;548;0;0
27.269;187;488;0;0
27.274;187;370;0;0
27.279;179;286;0;0
27.284;179;217;0;0
27.289;179;158;0;0
27.294;164;70;0;0
27.299;164;-52;0;0
27.304;148;-189;0;0
27.309;148;-346;0;0
27.314;133;-414;0;0
27.319;125;-444;0;0
27.324;117;-509;0;0
27.329;109;-559;0;0
27.334;101;-589;0;0
27.339;86;-649;0;0
27.344;78;-697;0;0
27.349;62;-728;0;0
27.354;54;-804;0;0
27.359;39;-845;0;0
27.364;31;-882;0;0
27.369;23;-926;0;0
27.374;7;-1084;0;0
27.379;-7;-1107;0;0
27.384;-15;-1115;0;0
27.389;-23;-1076;0;0
27.394;-39;-1072;0;0
27.399;-54;-1062;0;0
27.404;-62;-1058;0;0
27.409;-70;-1068;0;0
27.414;-78;-1060;0;0
27.419;-94;-1014;0;0
27.424;-101;-999;0;0
27.429;-101;-980;0;0
27.434;-117;-947;0;0
27.439;-117;-895;0;0
27.444;-125;-858;0;0
27.449;-133;-826;0;0
27.454;-133;-792;0;0
27.459;-140;-758;0;0
27.464;-148;-715;0;0
27.469;-148;-661;0;0
27.474;-148;-613;0;0
27.479;-148;-571;0;0
27.484;-148;-532;0;0
27.489;-148;-498;0;0
27.494;-148;-469;0;0
27.499;-148;-443;0;0
27.504;-148;-419;0;0
27.509;-140;-368;0;0
27.514;-140;-286;0;0
27.519;-133;-224;0;0
27.524;-133;-172;0;0
27.529;-125;-123;0;0
27.534;-117;-53;0;0
27.539;-109;33;0;0
27.544;-101;159;0;0
27.549;-94;252;0;0
27.554;-86;304;0;0
27.559;-78;359;0;0
27.564;-70;437;0;0
27.569;-62;483;0;0
27.574;-54;597;0;0
27.579;-39;709;0;0
27.584;-39;731;0;0
27.589;-23;726;0;0
27.594;-15;730;0;0
27.599;-7;758;0;0
27.604;0;769;0;0
27.609;7;762;0;0
27.614;23;811;0;0
27.619;31;846;0;0
27.624;39;843;0;0
27.629;54;851;0;0
27.634;54;870;0;0
27.639;62;852;0;0
27.644;70;921;0;0
27.649;78;974;0;0
27.654;86;942;0;0
27.659;86;903;0;0
27.664;94;849;0;0
27.669;101;788;0;0
27.674;101;734;0;0
27.679;109;688;0;0
27.684;117;656;0;0
27.689;117;627;0;0
27.694;117;598;0;0
27.699;117;570;0;0
27.704;117;545;0;0
27.709;125;501;0;0
27.714;125;464;0;0
27.719;125;428;0;0
27.724;125;398;0;0
27.729;125;373;0;0
27.734;117;280;0;0
27.739;117;200;0;0
27.744;117;132;0;0
27.749;117;79;0;0
27.754;109;35;0;0
27.759;109;7;0;0
27.764;101;-12;0;0
27.769;94;-36;0;0
27.774;86;-82;0;0
27.779;86;-136;0;0
27.784;78;-183;0;0
27.789;70;-228;0;0
27.794;62;-264;0;0
27.799;54;-315;0;0
27.804;54;-363;0;0
27.809;47;-403;0;0
27.814;39;-423;0;0
27.819;31;-453;0;0
27.824;23;-499;0;0
27.829;23;-528;0;0
27.834;7;-650;0;0
27.839;0;-695;0;0
27.844;-7;-700;0;0
27.849;-7;-702;0;0
27.854;-15;-699;0;0
27.859;-23;-677;0;0
27.864;-31;-652;0;0
27.869;-39;-644;0;0
27.874;-39;-637;0;0
27.879;-47;-628;0;0
27.884;-54;-614;0;0
27.889;-54;-589;0;0
27.894;-62;-573;0;0
27.899;-70;-556;0;0
27.904;-70;-538;0;0
27.909;-70;-520;0;0
27.914;-70;-503;0;0
27.919;-78;-484;0;0
27.924;-78;-462;0;0
27.929;-78;-443;0;0
27.934;-78;-422;0;0
27.939;-78;-405;0;0
27.944;-78;-386;0;0
27.949;-78;-370;0;0
27.954;-78;-357;0;0
27.959;-78;-341;0;0
27.964;-78;-329;0;0
27.969;-70;-307;0;0
27.974;-70;-230;0;0
27.979;-70;-166;0;0
27.984;-70;-114;0;0
27.989;-70;-70;0;0
27.994;-62;-43;0;0
27.999;-62;-25;0;0
28.004;-54;-6;0;0
28.009;-54;9;0;0
28.014;-47;48;0;0
28.019;-39;95;0;0
28.024;-39;138;0;0
28.029;-39;170;0;0
28.034;-31;195;0;0
28.039;-23;219;0;0
28.044;-23;236;0;0
28.049;-15;260;0;0
28.054;-7;371;0;0
28.059;-7;448;0;0
28.064;0;498;0;0
28.069;7;515;0;0
28.074;7;496;0;0
28.079;15;488;0;0
28.084;23;587;0;0
28.089;23;651;0;0
28.094;23;694;0;0
28.099;31;681;0;0
28.104;39;641;0;0
28.109;39;595;0;0
28.114;47;558;0;0
28.119;54;528;0;0
28.124;54;513;0;0
28.129;54;496;0;0
28.134;54;479;0;0
28.139;54;461;0;0
28.144;54;445;0;0
28.149;62;425;0;0
28.154;62;392;0;0
28.159;62;364;0;0
28.164;62;340;0;0
28.169;62;319;0;0
28.174;62;298;0;0
28.179;62;280;0;0
28.184;62;265;0;0
28.189;62;252;0;0
28.194;62;241;0;0
28.199;62;232;0;0
28.204;62;224;0;0
28.209;54;171;0;0
28.214;54;127;0;0
28.219;54;89;0;0
28.224;54;57;0;0
28.229;54;29;0;0
28.234;47;6;0;0
28.239;47;-2;0;0
28.244;39;-12;0;0
28.249;39;-21;0;0
28.254;39;-30;0;0
28.259;31;-83;0;0
28.264;23;-144;0;0
28.269;23;-209;0;0
28.274;23;-261;0;0
28.279;23;-301;0;0
28.284;15;-324;0;0
28.289;15;-317;0;0
28.294;7;-304;0;0
28.299;7;-293;0;0
28.304;0;-286;0;0
28.309;0;-288;0;0
28.314;-7;-288;0;0
28.319;-7;-291;0;0
28.324;-7;-292;0;0
28.329;-7;-291;0;0
28.334;-7;-289;0;0
28.339;-7;-288;0;0
28.344;-15;-281;0;0
28.349;-15;-273;0;0
28.354;-15;-266;0;0
28.359;-23;-251;0;0
28.364;-23;-236;0;0
28.369;-23;-220;0;0
28.374;-23;-206;0;0
28.379;-23;-195;0;0
28.384;-23;-184;0;0
28.389;-23;-176;0;0
28.394;-23;-169;0;0
28.399;-23;-162;0;0
28.404;-23;-157;0;0
28.409;-23;-153;0;0
28.414;-23;-149;0;0
28.419;-23;-144;0;0
28.424;-23;-138;0;0
28.429;-23;-132;0;0
28.434;-23;-128;0;0
28.439;-23;-124;0;0
28.444;-23;-121;0;0
28.449;-23;-118;0;0
28.454;-23;-115;0;0
28.459;-15;-106;0;0
28.464;-15;-79;0;0
28.469;-15;-56;0;0
28.474;-15;-36;0;0
28.479;-7;-21;0;0
28.484;-7;-10;0;0
28.489;-7;-1;0;0
28.494;-7;6;0;0
28.499;-7;12;0;0
28.504;-7;18;0;0
28.509;-7;23;0;0
28.514;-7;27;0;0
28.519;0;31;0;0
28.524;0;34;0;0
28.529;0;36;0;0
28.534;7;44;0;0
28.539;7;53;0;0
28.544;7;60;0;0
28.549;7;66;0;0
28.554;7;71;0;0
28.559;7;76;0;0
28.564;15;82;0;0
28.569;15;88;0;0
28.574;15;94;0;0
28.579;15;99;0;0
28.584;15;103;0;0
28.589;15;104;0;0
28.594;23;134;0;0
28.599;23;156;0;0
28.604;23;174;0;0
28.609;23;186;0;0
28.614;23;196;0;0
28.619;23;205;0;0
28.624;23;209;0;0
28.629;23;212;0;0
28.634;23;214;0;0
28.639;23;217;0;0
28.644;23;218;0;0
28.649;23;218;0;0
28.654;23;215;0;0
28.659;23;214;0;0
28.664;15;136;0;0
28.669;15;73;0;0
28.674;15;20;0;0
28.679;15;-21;0;0
28.684;15;-56;0;0
28.689;15;-85;0;0
28.694;15;-108;0;0
28.699;15;-126;0;0
28.704;7;-124;0;0
28.709;7;-117;0;0
28.714;7;-111;0;0
28.719;7;-106;0;0
28.724;7;-101;0;0
28.729;7;-97;0;0
28.734;7;-94;0;0
28.739;7;-91;0;0
28.744;7;-89;0;0
28.749;7;-87;0;0
28.754;7;-85;0;0
28.759;7;-84;0;0
28.764;7;-83;0;0
28.769;7;-82;0;0
28.774;7;-81;0;0
28.779;7;-80;0;0
28.784;7;-79;0;0
28.789;7;-79;0;0
28.794;7;-78;0;0
28.799;7;-78;0;0
28.804;7;-78;0;0
28.809;7;-77;0;0
28.814;7;-77;0;0
28.819;7;-77;0;0
28.824;7;-77;0;0
28.829;7;-77;0;0
28.834;7;-75;0;0
28.839;7;-72;0;0
28.844;7;-68;0;0
28.849;7;-66;0;0
28.854;7;-63;0;0
28.859;7;-61;0;0
28.864;7;-60;0;0
28.869;7;-58;0;0
28.874;7;-57;0;0
28.879;7;-56;0;0
28.884;7;-55;0;0
28.889;7;-54;0;0
28.894;7;-54;0;0
28.899;7;-53;0;0
28.904;7;-53;0;0
28.909;7;-52;0;0
28.914;7;-52;0;0
28.919;7;-52;0;0
28.924;7;-51;0;0
28.929;7;-51;0;0
28.934;7;-51;0;0
28.939;7;-51;0;0
28.944;7;-51;0;0
28.949;7;-51;0;0
28.954;7;-51;0;0
28.959;7;-50;0;0
28.964;7;-50;0;0
28.969;7;-50;0;0
28.974;7;-50;0;0
28.979;7;-50;0;0
28.984;7;-50;0;0
28.989;7;-50;0;0
28.994;7;-50;0;0
28.999;7;-50;0;0
29.004;7;-50;0;0
29.009;7;-50;0;0
29.014;7;-50;0;0
29.019;7;-50;0;0
29.024;7;-50;0;0
29.029;7;-50;0;0
29.034;7;-50;0;0
29.039;7;-50;0;0
29.044;7;-50;0;0
29.049;7;-50;0;0
29.054;7;-50;0;0
29.059;7;-50;0;0
29.064;7;-50;0;0
29.069;7;-50;0;0
29.074;7;-50;0;0
29.079;7;-50;0;0
29.084;7;-50;0;0
29.089;7;-50;0;0
29.094;7;-50;0;0
29.099;7;-50;0;0
29.104;7;-50;0;0
29.109;7;-50;0;0
29.114;7;-50;0;0
29.119;7;-50;0;0
29.124;7;-50;0;0
29.129;7;-50;0;0
29.134;7;-50;0;0
29.139;7;-50;0;0
29.144;7;-50;0;0
29.149;7;-50;0;0
29.154;7;-50;0;0
29.159;7;-50;0;0
29.164;7;-50;0;0
29.169;7;-50;0;0
29.174;7;-50;0;0
29.179;7;-50;0;0
29.184;7;-50;0;0
29.189;7;-50;0;0
29.194;7;-50;0;0
29.199;7;-50;0;0
29.204;7;-50;0;0
29.209;7;-50;0;0
29.214;7;-50;0;0
29.219;7;-50;0;0
29.224;7;-50;0;0
29.229;7;-50;0;0
29.234;7;-50;0;0
29.239;7;-50;0;0
29.244;7;-50;0;0
29.249;7;-50;0;0
29.254;7;-50;0;0
29.259;7;-50;0;0
29.264;7;-50;0;0
29.269;7;-50;0;0
29.274;7;-50;0;0
29.279;7;-50;0;0
29.284;7;-50;0;0
29.289;7;-50;0;0
29.294;7;-50;0;0
29.299;7;-50;0;0
29.304;7;-50;0;0
29.309;7;-50;0;0
29.314;7;-50;0;0
29.319;7;-50;0;0
29.324;7;-50;0;0
29.329;7;-50;0;0
29.334;7;-50;0;0
29.339;7;-50;0;0
29.344;7;-50;0;0
29.349;7;-50;0;0
29.354;7;-50;0;0
29.359;7;-50;0;0
29.364;7;-50;0;0
29.369;7;-50;0;0
29.374;7;-50;0;0
29.379;7;-50;0;0
29.384;7;-50;0;0
29.389;7;-50;0;0
29.394;7;-50;0;0
29.399;7;-50;0;0
29.404;7;-50;0;0
29.409;7;-50;0;0
29.414;7;-50;0;0
29.419;7;-50;0;0
29.424;7;-50;0;0
29.429;7;-50;0;0
29.434;7;-50;0;0
29.439;7;-50;0;0
29.444;7;-50;0;0
29.449;7;-50;0;0
29.454;7;-50;0;0
29.459;7;-50;0;0
29.464;7;-50;0;0
29.469;7;-50;0;0
29.474;7;-50;0;0
29.479;7;-50;0;0
29.484;7;-50;0;0
29.489;7;-50;0;0
29.494;7;-50;0;0
29.499;7;-50;0;0
29.504;7;-50;0;0
29.509;7;-50;0;0
29.514;7;-50;0;0
29.519;7;-50;0;0
29.524;7;-50;0;0
29.529;7;-50;0;0
29.534;7;-50;0;0
29.539;7;-50;0;0
29.544;7;-50;0;0
29.549;7;-50;0;0
29.554;7;-50;0;0
29.559;7;-50;0;0
29.564;7;-50;0;0
29.569;7;-50;0;0
29.574;7;-50;0;0
29.579;7;-50;0;0
29.584;7;-50;0;0
29.589;7;-50;0;0
29.594;7;-50;0;0
29.599;7;-50;0;0
29.604;7;-50;0;0
29.609;7;-50;0;0
29.614;7;-50;0;0
29.619;7;-50;0;0
29.624;7;-50;0;0
29.629;7;-50;0;0
29.634;7;-50;0;0
29.639;7;-50;0;0
29.644;7;-50;0;0
29.649;7;-50;0;0
29.654;7;-50;0;0
29.659;7;-50;0;0
29.664;7;-50;0;0
29.669;7;-50;0;0
29.674;7;-50;0;0
29.679;7;-50;0;0
29.684;7;-50;0;0
29.689;7;-50;0;0