t;e;d;i;set

0.629;0;5000;0;0
0.634;0;5000;0;0
0.639;0;5000;0;0
0.644;0;5000;0;0
0.649;0;5000;0;0
0.654;0;5000;0;0
0.659;0;5000;0;0
0.664;0;5000;0;0
0.669;0;5000;0;0
0.674;0;5000;0;0
0.679;0;5000;0;0
0.684;0;5000;0;0
0.689;0;5000;0;0
0.694;0;5000;0;0
0.699;0;5000;0;0
0.704;0;5000;0;0
0.709;0;5000;0;0
0.714;0;5000;0;0
0.719;0;5000;0;0
0.724;0;5000;0;0
0.729;0;5000;0;0
0.734;0;5000;0;0
0.739;0;5000;0;0
0.744;0;5000;0;0
0.749;0;5000;0;0
0.754;0;5000;0;0
0.759;0;5000;0;0
0.764;0;5000;0;0
0.769;0;5000;0;0
0.774;0;5000;0;0
0.779;0;5000;0;0
0.784;0;5000;0;0
0.789;0;5000;0;0
0.794;0;5000;0;0
0.799;0;5000;0;0
0.804;0;5000;0;0
0.809;0;5000;0;0
0.814;0;5000;0;0
0.819;0;5000;0;0
0.824;0;5000;0;0
0.829;0;5000;0;0
0.834;0;5000;0;0
0.839;0;5000;0;0
0.844;0;5000;0;0
0.849;0;5000;0;0
0.854;0;5000;0;0
0.859;0;5000;0;0
0.864;0;5000;0;0
0.869;0;5000;0;0
0.874;0;5000;0;0
0.879;0;5000;0;0
0.884;0;5000;0;0
0.889;0;5000;0;0
0.894;0;5000;0;0
0.899;0;5000;0;0
0.904;0;5000;0;0
0.909;0;5000;0;0
0.914;0;5000;0;0
0.919;0;5000;0;0
0.924;0;5000;0;0
0.929;0;5000;0;0
0.934;0;5000;0;0
0.939;0;5000;0;0
0.944;0;5000;0;0
0.949;0;5000;0;0
0.954;0;5000;0;0
0.959;0;5000;0;0
0.964;0;5000;0;0
0.969;0;5000;0;0
0.974;0;5000;0;0
0.979;0;5000;0;0
0.984;0;5000;0;0
0.989;0;5000;0;0
0.994;0;5000;0;0
0.999;0;5000;0;0
1.004;0;5000;0;0
1.009;0;5000;0;0
1.014;0;5000;0;0
1.019;0;5000;0;0
1.024;0;5000;0;0
1.029;0;5000;0;0
1.034;0;5000;0;0
1.039;0;5000;0;0
1.044;0;5000;0;0
1.049;0;5000;0;0
1.054;0;5000;0;0
1.059;0;5000;0;0
1.064;0;5000;0;0
1.069;0;5000;0;0
1.074;0;5000;0;0
1.079;0;5000;0;0
1.084;0;5000;0;0
1.089;0;5000;0;0
1.094;0;5000;0;0
1.099;0;5000;0;0
1.104;0;5000;0;0
1.109;0;5000;0;0
1.114;0;5000;0;0
1.119;0;5000;0;0
1.124;0;5000;0;0
1.129;0;5000;0;0
1.134;0;5000;0;0
1.139;0;5000;0;0
1.144;0;5000;0;0
1.149;0;5000;0;0
1.154;0;5000;0;0
1.159;0;5000;0;0
1.164;0;5000;0;0
1.169;0;5000;0;0
1.174;0;5000;0;0
1.179;0;5000;0;0
1.184;7;5000;0;0
1.189;7;5000;0;0
1.194;7;5000;0;0
1.199;7;5000;0;0
1.204;7;5000;0;0
1.209;15;5000;0;0
1.214;15;5000;0;0
1.219;23;5000;0;0
1.224;23;1.0561892691170258;0;0
1.229;23;5000;0;0
1.234;31;80.64516129032258;0;0
1.239;31;108.69565217391305;0;0
1.244;39;125.0;0;0
1.249;39;5000;0;0
1.254;39;108.69565217391305;0;0
1.259;39;52.083333333333336;0;0
1.264;39;80.64516129032258;0;0
1.269;39;5000;0;0
1.274;39;5000;0;0
1.279;39;1.0561892691170258;0;0
1.284;39;5000;0;0
1.289;39;80.64516129032258;0;0
1.294;39;108.69565217391305;0;0
1.299;39;125.0;0;0
1.304;39;5000;0;0
1.309;39;108.69565217391305;0;0
1.314;39;52.083333333333336;0;0
1.319;39;80.64516129032258;0;0
1.324;39;5000;0;0
1.329;31;5000;0;0
1.334;31;1.0561892691170258;0;0
1.339;31;125.0;0;0
1.344;31;80.64516129032258;0;0
1.349;23;108.69565217391305;0;0
1.354;23;125.0;0;0
1.359;23;5000;0;0
1.364;23;108.69565217391305;0;0
1.369;23;56.81818181818182;0;0
1.374;23;15.151515151515152;0;0
1.379;23;5000;0;0
1.384;23;5000;0;0
1.389;23;15.151515151515152;0;0
1.394;31;125.0;0;0
1.399;31;80.64516129032258;0;0
1.404;31;108.69565217391305;0;0
1.409;31;125.0;0;0
1.414;31;5000;0;0
1.419;31;28.735632183908045;0;0
1.424;31;56.81818181818182;0;0
1.429;31;15.151515151515152;0;0
1.434;31;5000;0;0
1.439;31;56.81818181818182;0;0
1.444;31;15.151515151515152;0;0
1.449;31;125.0;0;0
1.454;31;80.64516129032258;0;0
1.459;39;108.69565217391305;0;0
1.464;39;125.0;0;0
1.469;39;19.53125;0;0
1.474;39;28.735632183908045;0;0
1.479;39;56.81818181818182;0;0
1.484;39;15.151515151515152;0;0
1.489;39;28.735632183908045;0;0
1.494;39;56.81818181818182;0;0
1.499;39;15.151515151515152;0;0
1.504;39;125.0;0;0
1.509;39;80.64516129032258;0;0
1.514;39;108.69565217391305;0;0
1.519;39;125.0;0;0
1.524;39;19.53125;0;0
1.529;39;28.735632183908045;0;0
1.534;39;56.81818181818182;0;0
1.539;39;15.151515151515152;0;0
1.544;39;28.735632183908045;0;0
1.549;39;56.81818181818182;0;0
1.554;39;15.151515151515152;0;0
1.559;39;125.0;0;0
1.564;39;80.64516129032258;0;0
1.569;39;108.69565217391305;0;0
1.574;39;125.0;0;0
1.579;39;19.53125;0;0
1.584;39;28.735632183908045;0;0
1.589;39;56.81818181818182;0;0
1.594;39;15.151515151515152;0;0
1.599;39;28.735632183908045;0;0
1.604;39;56.81818181818182;0;0
1.609;39;15.151515151515152;0;0
1.614;39;125.0;0;0
1.619;39;80.64516129032258;0;0
1.624;39;108.69565217391305;0;0
1.629;39;125.0;0;0
1.634;39;19.53125;0;0
1.639;39;28.735632183908045;0;0
1.644;39;56.81818181818182;0;0
1.649;39;15.151515151515152;0;0
1.654;39;28.735632183908045;0;0
1.659;39;56.81818181818182;0;0
1.664;39;15.151515151515152;0;0
1.669;39;125.0;0;0
1.674;39;80.64516129032258;0;0
1.679;39;108.69565217391305;0;0
1.684;39;125.0;0;0
1.689;39;19.53125;0;0
1.694;39;28.735632183908045;0;0
1.699;39;56.81818181818182;0;0
1.704;39;15.151515151515152;0;0
1.709;39;28.735632183908045;0;0
1.714;39;56.81818181818182;0;0
1.719;39;15.151515151515152;0;0
1.724;39;125.0;0;0
1.729;39;80.64516129032258;0;0
1.734;39;108.69565217391305;0;0
1.739;39;125.0;0;0
1.744;39;19.53125;0;0
1.749;39;28.735632183908045;0;0
1.754;39;56.81818181818182;0;0
1.759;39;15.151515151515152;0;0
1.764;39;28.735632183908045;0;0
1.769;47;56.81818181818182;0;0
1.774;47;15.151515151515152;0;0
1.779;47;125.0;0;0
1.784;47;80.64516129032258;0;0
1.789;47;4.0;0;0
1.794;47;125.0;0;0
1.799;47;19.53125;0;0
1.804;47;28.735632183908045;0;0
1.809;54;19.53125;0;0
1.814;54;4.0;0;0
1.819;54;28.735632183908045;0;0
1.824;54;56.81818181818182;0;0
1.829;54;15.151515151515152;0;0
1.834;54;125.0;0;0
1.839;54;80.64516129032258;0;0
1.844;54;4.0;0;0
1.849;54;31.645569620253166;0;0
1.854;54;19.53125;0;0
1.859;54;28.735632183908045;0;0
1.864;54;19.53125;0;0
1.869;54;4.0;0;0
1.874;54;28.735632183908045;0;0
1.879;54;56.81818181818182;0;0
1.884;62;15.151515151515152;0;0
1.889;62;125.0;0;0
1.894;62;17.123287671232877;0;0
1.899;62;4.0;0;0
1.904;62;31.645569620253166;0;0
1.909;62;19.53125;0;0
1.914;62;31.645569620253166;0;0
1.919;62;19.53125;0;0
1.924;62;4.0;0;0
1.929;62;28.735632183908045;0;0
1.934;62;56.81818181818182;0;0
1.939;62;15.151515151515152;0;0
1.944;62;125.0;0;0
1.949;62;17.123287671232877;0;0
1.954;62;4.0;0;0
1.959;62;31.645569620253166;0;0
1.964;62;19.53125;0;0
1.969;62;31.645569620253166;0;0
1.974;62;19.53125;0;0
1.979;62;4.0;0;0
1.984;62;28.735632183908045;0;0
1.989;62;56.81818181818182;0;0
1.994;70;17.123287671232877;0;0
1.999;70;125.0;0;0
2.004;70;17.123287671232877;0;0
2.009;70;4.0;0;0
2.014;70;31.645569620253166;0;0
2.019;70;19.53125;0;0
2.024;70;31.645569620253166;0;0
2.029;70;10.893246187363834;0;0
2.034;70;4.0;0;0
2.039;70;28.735632183908045;0;0
2.044;70;56.81818181818182;0;0
2.049;70;17.123287671232877;0;0
2.054;70;125.0;0;0
2.059;70;17.123287671232877;0;0
2.064;70;4.0;0;0
2.069;70;31.645569620253166;0;0
2.074;70;19.53125;0;0
2.079;70;31.645569620253166;0;0
2.084;70;10.893246187363834;0;0
2.089;70;4.0;0;0
2.094;70;28.735632183908045;0;0
2.099;70;56.81818181818182;0;0
2.104;70;17.123287671232877;0;0
2.109;70;125.0;0;0
2.114;70;17.123287671232877;0;0
2.119;70;4.0;0;0
2.124;70;31.645569620253166;0;0
2.129;70;19.53125;0;0
2.134;70;31.645569620253166;0;0
2.139;70;10.893246187363834;0;0
2.144;70;4.0;0;0
2.149;70;28.735632183908045;0;0
2.154;70;56.81818181818182;0;0
2.159;70;17.123287671232877;0;0
2.164;70;125.0;0;0
2.169;70;17.123287671232877;0;0
2.174;78;4.0;0;0
2.179;78;31.645569620253166;0;0
2.184;78;7.132667617689016;0;0
2.189;78;31.645569620253166;0;0
2.194;78;10.893246187363834;0;0
2.199;78;4.0;0;0
2.204;78;10.893246187363834;0;0
2.209;78;56.81818181818182;0;0
2.214;78;17.123287671232877;0;0
2.219;78;125.0;0;0
2.224;78;17.123287671232877;0;0
2.229;78;4.0;0;0
2.234;78;31.645569620253166;0;0
2.239;78;7.132667617689016;0;0
2.244;78;31.645569620253166;0;0
2.249;78;10.893246187363834;0;0
2.254;78;4.0;0;0
2.259;78;10.893246187363834;0;0
2.264;78;56.81818181818182;0;0
2.269;78;17.123287671232877;0;0
2.274;86;7.132667617689016;0;0
2.279;86;17.123287671232877;0;0
2.284;86;4.0;0;0
2.289;86;31.645569620253166;0;0
2.294;86;7.132667617689016;0;0
2.299;86;31.645569620253166;0;0
2.304;86;10.893246187363834;0;0
2.309;86;11.933174224343675;0;0
2.314;86;10.893246187363834;0;0
2.319;86;56.81818181818182;0;0
2.324;86;17.123287671232877;0;0
2.329;86;7.132667617689016;0;0
2.334;86;17.123287671232877;0;0
2.339;86;4.0;0;0
2.344;86;31.645569620253166;0;0
2.349;86;7.132667617689016;0;0
2.354;86;31.645569620253166;0;0
2.359;86;10.893246187363834;0;0
2.364;86;11.933174224343675;0;0
2.369;86;10.893246187363834;0;0
2.374;86;56.81818181818182;0;0
2.379;86;17.123287671232877;0;0
2.384;86;7.132667617689016;0;0
2.389;86;17.123287671232877;0;0
2.394;86;4.0;0;0
2.399;86;31.645569620253166;0;0
2.404;86;7.132667617689016;0;0
2.409;86;31.645569620253166;0;0
2.414;94;10.893246187363834;0;0
2.419;94;9.140767824497258;0;0
2.424;94;10.893246187363834;0;0
2.429;94;56.81818181818182;0;0
2.434;94;17.123287671232877;0;0
2.439;94;11.933174224343675;0;0
2.444;94;17.123287671232877;0;0
2.449;94;4.0;0;0
2.454;94;31.645569620253166;0;0
2.459;94;7.132667617689016;0;0
2.464;94;31.645569620253166;0;0
2.469;94;10.893246187363834;0;0
2.474;94;9.140767824497258;0;0
2.479;94;10.893246187363834;0;0
2.484;94;56.81818181818182;0;0
2.489;94;17.123287671232877;0;0
2.494;94;11.933174224343675;0;0
2.499;94;17.123287671232877;0;0
2.504;101;9.140767824497258;0;0
2.509;101;31.645569620253166;0;0
2.514;101;7.132667617689016;0;0
2.519;101;31.645569620253166;0;0
2.524;101;10.893246187363834;0;0
2.529;101;9.140767824497258;0;0
2.534;101;10.893246187363834;0;0
2.539;101;13.404825737265416;0;0
2.544;101;17.123287671232877;0;0
2.549;101;11.933174224343675;0;0
2.554;101;17.123287671232877;0;0
2.559;101;9.140767824497258;0;0
2.564;101;31.645569620253166;0;0
2.569;101;7.132667617689016;0;0
2.574;101;31.645569620253166;0;0
2.579;101;10.893246187363834;0;0
2.584;101;9.140767824497258;0;0
2.589;101;10.893246187363834;0;0
2.594;101;13.404825737265416;0;0
2.599;101;17.123287671232877;0;0
2.604;101;11.933174224343675;0;0
2.609;101;17.123287671232877;0;0
2.614;101;9.140767824497258;0;0
2.619;101;31.645569620253166;0;0
2.624;101;7.132667617689016;0;0
2.629;101;31.645569620253166;0;0
2.634;101;10.893246187363834;0;0
2.639;101;9.140767824497258;0;0
2.644;101;10.893246187363834;0;0
2.649;101;13.404825737265416;0;0
2.654;101;17.123287671232877;0;0
2.659;101;11.933174224343675;0;0
2.664;101;17.123287671232877;0;0
2.669;101;9.140767824497258;0;0
2.674;101;31.645569620253166;0;0
2.679;101;7.132667617689016;0;0
2.684;101;31.645569620253166;0;0
2.689;101;10.893246187363834;0;0
2.694;101;9.140767824497258;0;0
2.699;101;10.893246187363834;0;0
2.704;101;13.404825737265416;0;0
2.709;101;17.123287671232877;0;0
2.714;101;11.933174224343675;0;0
2.719;101;17.123287671232877;0;0
2.724;101;9.140767824497258;0;0
2.729;101;31.645569620253166;0;0
2.734;101;7.132667617689016;0;0
2.739;101;31.645569620253166;0;0
2.744;101;10.893246187363834;0;0
2.749;101;9.140767824497258;0;0
2.754;101;10.893246187363834;0;0
2.759;101;13.404825737265416;0;0
2.764;101;17.123287671232877;0;0
2.769;101;11.933174224343675;0;0
2.774;101;17.123287671232877;0;0
2.779;101;9.140767824497258;0;0
2.784;101;31.645569620253166;0;0
2.789;101;7.132667617689016;0;0
2.794;101;31.645569620253166;0;0
2.799;101;10.893246187363834;0;0
2.804;101;9.140767824497258;0;0
2.809;101;10.893246187363834;0;0
2.814;101;13.404825737265416;0;0
2.819;101;17.123287671232877;0;0
2.824;101;11.933174224343675;0;0
2.829;101;17.123287671232877;0;0
2.834;101;9.140767824497258;0;0
2.839;101;31.645569620253166;0;0
2.844;101;7.132667617689016;0;0
2.849;101;31.645569620253166;0;0
2.854;109;3.589375448671931;0;0
2.859;109;9.140767824497258;0;0
2.864;109;10.893246187363834;0;0
2.869;109;13.404825737265416;0;0
2.874;109;13.404825737265416;0;0
2.879;109;11.933174224343675;0;0
2.884;109;17.123287671232877;0;0
2.889;109;9.140767824497258;0;0
2.894;109;31.645569620253166;0;0
2.899;109;7.132667617689016;0;0
2.904;109;31.645569620253166;0;0
2.909;109;3.589375448671931;0;0
2.914;109;9.140767824497258;0;0
2.919;109;10.893246187363834;0;0
2.924;109;13.404825737265416;0;0
2.929;109;13.404825737265416;0;0
2.934;109;11.933174224343675;0;0
2.939;109;17.123287671232877;0;0
2.944;109;9.140767824497258;0;0
2.949;109;31.645569620253166;0;0
2.954;109;7.132667617689016;0;0
2.959;109;31.645569620253166;0;0
2.964;109;3.589375448671931;0;0
2.969;109;9.140767824497258;0;0
2.974;109;10.893246187363834;0;0
2.979;109;13.404825737265416;0;0
2.984;109;13.404825737265416;0;0
2.989;109;11.933174224343675;0;0
2.994;109;17.123287671232877;0;0
2.999;109;9.140767824497258;0;0