tiempo;error;integral;derivada;setPoint
16485;185;50;-1;14
16491;155;98;-2;13
16497;180;148;-1;15
16503;177;198;-2;14
16509;188;247;-1;15
16515;158;293;-1;14
16521;126;329;-46;14
16527;125;364;-46;14
16533;125;398;-46;14
16539;169;439;-46;14
16545;167;484;-46;14
16551;166;528;-46;15
16557;165;572;-46;14
16563;105;610;-46;14
16569;118;643;-46;13
16575;118;675;-46;15
16581;102;705;-9;14
16587;101;733;-9;16
16593;113;763;-9;14
16599;111;792;-9;14
16605;110;824;-9;14
16611;94;852;-9;14
16617;107;880;-9;15
16623;91;908;-12;15
16629;89;934;-1;14
16635;101;962;-1;14
16641;72;988;-1;15
16647;98;1016;-1;14
16653;96;1042;-1;14
16659;67;1066;-1;14
16665;78;1088;-1;15
16671;104;1113;0;13
16677;102;1137;-1;14
16683;87;1159;-1;14
16689;71;1183;-1;13
16695;83;1206;-1;15
16704;67;1237;-1;14
16710;65;1257;-1;13
16716;64;1277;0;14
16722;89;1300;-1;14
16728;74;1320;-1;14
16737;72;1350;0;15
16743;56;1366;-1;15
16749;55;1382;0;15
16755;67;1398;-1;15
16761;51;1416;-1;14
16770;63;1443;-1;14
16776;61;1459;-1;14
16782;33;1471;-1;15
16788;72;1489;0;14
16794;57;1505;-1;13
16800;55;1520;-1;14
16806;54;1536;-1;13
16812;52;1548;-1;14
16818;51;1560;-1;13
16824;63;1578;0;15
16830;34;1589;-1;14
16836;92;1608;44;15
16842;74;1630;44;14
16848;84;1652;44;15
16854;82;1675;44;15
16860;19;1682;44;13
16866;31;1692;44;13
16872;28;1700;44;14
16878;26;1708;44;14
16884;9;1712;44;14
16890;34;1717;44;14
16896;5;1719;-73;14
16902;33;1725;-73;14
16908;21;1730;-73;14
16914;8;1735;-73;14
16920;67;1753;48;15
16926;63;1771;48;14
16932;60;1785;48;14
16938;57;1801;48;12
16944;53;1817;48;14
16950;51;1829;48;14
16956;61;1844;48;14
16962;31;1852;48;15
16968;42;1864;48;15
16974;39;1874;48;14
16980;38;1886;-44;14
16986;38;1896;-40;14
16992;38;1904;-37;14
16998;22;1910;-1;16
17004;21;1918;-1;14
17010;19;1926;-1;13
17016;32;1936;-1;14
17022;30;1946;-1;14
17028;29;1952;-1;15
17034;28;1958;-1;14
17040;13;1964;0;13
17046;12;1965;0;15
17052;11;1969;0;14
17058;23;1975;-1;13
17064;22;1981;-1;15
17070;34;1988;-1;14
17076;20;1989;0;13
17082;31;1995;-1;13
17088;3;1999;-1;13
17094;2;2003;-1;14
17100;1;2005;-1;14
17106;14;2009;-1;14
17112;26;2013;0;13
17118;12;2012;0;13
17124;11;2013;0;14
17130;-17;2011;0;14
17136;9;2013;0;14
17142;-6;2014;0;13
17151;64;2025;-1;13
17157;35;2037;-1;13
17163;48;2050;-1;14
17169;46;2060;-1;13
17175;45;2070;-1;15
17181;43;2080;-1;13
17187;42;2092;-1;13
17196;-5;2097;-1;14
17202;-20;2095;-1;14
17208;-7;2095;-13;15
17214;-7;2093;-13;14
17220;-8;2089;-13;14
17226;-22;2085;-13;14
17232;-23;2084;-13;16
17238;-9;2080;-13;14
17244;-10;2078;-13;14
17250;-24;2072;-13;14
17256;-11;2068;-1;14
17262;-11;2064;-1;14
17271;-39;2055;-1;13
17277;-13;2054;-1;15
17289;3;2055;-1;13
17295;-30;2057;-1;13
17301;-4;2055;-1;15
17307;-31;2049;-1;13
17313;-32;2043;-1;13
17319;-32;2035;-1;14
17325;-6;2033;-7;13
17331;-6;2029;-7;14
17337;-7;2026;-7;15
17343;-21;2020;-7;14
17349;-35;2012;-7;13
17355;-36;2004;-7;15
17361;-22;1996;-4;13
17367;-10;1990;-1;15
17373;-23;1982;-1;14
17379;-24;1976;-1;14
17385;-24;1968;-1;14
17391;-25;1960;-1;14
17397;-40;1952;-1;14
17403;-40;1942;0;13
17409;-26;1934;0;14
17415;-27;1928;0;14
17421;-42;1919;-1;14
17427;-28;1911;0;13
17433;-29;1907;-1;13
17439;-29;1899;0;13
17445;-30;1893;-1;14
17451;-17;1887;0;13
17457;-45;1875;0;14
17463;-32;1869;-1;14
17469;-72;1855;0;15
17475;-32;1847;0;14
17481;-33;1837;0;14
17487;-33;1829;0;14
17493;-34;1819;0;14
17499;-34;1811;0;14
17505;-22;1804;-1;13
17511;-35;1792;0;14
17520;-22;1777;0;14
17526;-36;1767;0;13
17532;-24;1763;-1;15
17538;-37;1753;0;13
17544;-38;1745;-1;15
17550;-38;1735;0;14
17556;-38;1725;0;14
17562;-53;1713;-1;14
17568;-53;1701;0;14
17574;-39;1693;0;14
17580;-39;1683;0;14
17586;-54;1671;-1;14
17592;-40;1659;0;14
17598;-40;1649;0;15
17604;-40;1635;0;14
17610;-67;1621;0;14
17616;-40;1611;0;14
17622;-28;1602;0;13
17628;-28;1591;0;13
17634;-28;1582;0;13
17640;-42;1570;0;13
17646;-42;1558;0;15
17655;-43;1540;0;14
17661;-30;1528;0;15
17667;-57;1512;0;15
17673;-58;1502;-1;15
17679;-44;1488;0;14
17685;-44;1476;0;13
17691;-44;1462;0;15
17694;-44;1456;0;14
17700;-44;1444;0;14
17706;-31;1434;0;13
17712;-32;1422;0;14
17718;-45;1410;0;13
17724;-45;1400;0;13
17730;-45;1390;0;13
17736;-45;1378;0;14
17742;-32;1368;0;13
17748;-46;1356;0;15
17757;-60;1338;0;14
17763;-46;1324;0;13
17769;-45;1310;1;13
17775;-45;1298;0;14
17781;-59;1282;0;14
17787;-59;1268;0;14
17793;-58;1250;1;14
17802;-44;1232;0;13
17808;-58;1218;0;14
17814;-44;1204;0;14
17820;-45;1196;-1;13
17826;-45;1184;0;14
17832;-45;1174;0;14
17838;-45;1162;0;14
17847;-32;1148;0;14
17853;-45;1138;0;13
17859;-45;1126;0;15
17865;-45;1114;0;13
17871;-44;1100;1;13
17877;-58;1084;0;14
17883;-31;1074;0;14
17889;-58;1060;0;15
17895;-43;1048;0;15
17901;-43;1036;0;13
17907;-57;1024;0;15
17913;-56;1008;1;14
17919;-56;994;0;13
17925;-56;980;0;14
17931;-28;971;0;13
17937;-41;961;0;13
17946;-41;945;0;14
17952;-55;933;0;14
17958;-54;919;0;16
17964;-40;909;0;14
17970;-26;899;1;14
17976;-53;887;0;15
17982;-39;877;0;13
17988;-38;865;1;12
17994;-38;855;0;13
18006;-52;829;0;13
18015;-37;812;0;13
18018;-37;807;0;15
18024;-50;793;1;14
18030;-50;781;0;14
18036;-50;769;0;15
18042;-35;759;0;14
18048;-35;747;0;14
18054;-35;737;0;13
18060;-21;727;1;14
18066;-61;715;0;13
18072;-20;709;0;16
18078;47;716;0;20
18084;98;738;-1;25
18093;161;797;-1;32
18099;238;857;-2;36
18105;261;929;-2;40
18111;336;1017;-2;43
18117;384;1120;-4;50
18123;373;1233;-49;50
18129;369;1338;-49;50
18135;363;1441;-49;50
18141;359;1543;-49;50
18147;355;1644;-49;50
18153;349;1743;-49;50
18159;345;1841;-49;50
18165;341;1938;-49;50
18171;337;2034;-49;50
18177;331;2128;-49;102
18183;1012;2417;-52;102
18189;996;2702;-8;102
18195;980;2983;-10;102
18204;912;3384;-60;102
18210;844;3633;-60;102
18216;828;3870;-60;102
18222;816;4103;-60;102
18228;804;4333;-60;153
18234;1470;4754;-60;153
18240;1446;5167;-60;153
18246;1422;5574;-60;153
18252;1346;5968;-60;153
18258;1330;6349;-60;153
18264;1314;6723;-284;153
18270;1298;7094;-284;153
18276;1230;7445;-284;153
18282;1214;7792;-284;153
18288;1206;8137;-284;153
18294;1190;8478;-284;153
18300;1174;8813;-284;153
18306;1166;9145;-284;153
18312;1150;9474;-284;153
18318;1813;9896;-172;204
18324;1781;10000;-172;204
18330;1765;10000;-172;204
18336;1733;10000;-16;204
18342;1649;10000;-68;204
18348;1633;10000;-68;204
18354;1555;10000;-68;204
18360;1539;10000;-68;204
18366;1507;10000;-68;204
18372;1491;10000;-68;204
18378;1459;10000;-68;204
18384;1435;10000;-68;204
18390;2094;10000;-68;256
18396;2062;10000;-68;256
18402;2030;10000;-310;256
18408;2014;10000;-310;256
18414;1982;10000;-16;256
18420;1950;10000;-16;256
18426;1918;10000;-16;256
18432;1834;10000;-68;256
18438;1802;10000;-68;256
18444;1770;10000;-68;256
18450;2470;10000;-68;311
18456;2438;10000;-68;311
18462;2406;10000;-68;311
18468;2306;10000;-68;311
18474;2274;10000;-68;311
18480;2242;10000;-68;311
18486;2210;10000;-68;311
18492;2178;10000;-388;311
18498;2162;10000;-388;311
18504;2130;10000;-388;311
18510;2150;10000;-388;311
18516;2186;10000;-388;370
18522;2939;10000;-388;370
18528;2891;10000;-56;370
18534;2791;10000;-56;370
18540;2707;10000;-56;370
18546;2711;10000;-56;370
18552;2679;10000;-56;370
18558;2631;10000;-56;370
18564;2547;10000;-56;370
18570;2551;10000;-56;370
18576;2519;10000;-404;370
18582;2487;10000;-404;370
18588;2507;10000;-404;370
18594;3193;10000;-404;424
18600;3161;10000;-404;424
18606;3113;10000;-404;424
18612;3081;10000;-404;424
18618;3049;10000;-404;424
18624;3001;10000;-404;424
18630;2969;10000;-268;424
18636;2967;10000;-268;424
18642;2935;10000;-268;424
18648;2903;10000;-268;424
18654;2855;10000;-98;424
18660;2859;10000;-98;424
18666;2827;10000;-98;424
18672;2779;10000;-98;424
18678;2731;10000;-98;424
18684;2699;10000;-98;424
18690;2651;10000;-98;424
18693;2635;10000;-98;424
18699;2655;10000;-252;484
18705;3405;10000;-252;484
18711;3409;10000;-252;484
18717;3361;10000;-252;484
18723;3313;10000;-72;484
18729;3281;10000;-72;484
18735;3233;10000;-72;484
18741;3185;10000;-72;484
18747;3137;10000;-72;484
18753;3089;10000;-72;484
18759;3041;10000;-72;484
18765;3045;10000;-72;484
18771;2997;10000;-316;484
18777;2965;10000;-316;484
18783;2985;10000;-316;484
18789;2937;10000;-316;484
18795;2905;10000;-316;484
18801;2918;10000;-316;484
18807;2870;10000;-316;484
18813;2883;10000;-316;484
18819;2851;10000;-316;484
18825;2803;10000;-194;484
18831;2771;10000;-194;484
18837;2775;10000;-194;484
18843;2743;10000;-194;484
18849;2711;10000;-194;484
18855;2663;10000;-194;484
18861;2683;10000;-194;484
18867;2651;10000;-194;484
18873;2655;10000;-180;484
18879;2623;10000;-180;484
18885;2643;10000;-180;484
18891;2595;10000;-180;484
18897;2563;10000;-180;535
18903;3193;10000;-180;535
18909;3145;10000;-180;535
18915;3113;10000;-180;535
18921;3065;10000;-180;535
18927;3017;10000;-180;535
18933;2985;10000;-180;535
18939;2937;10000;-380;535
18945;2905;10000;-48;535
18951;2909;10000;36;535
18957;2861;10000;36;535
18963;2813;10000;36;535
18969;2713;10000;36;535
18975;2681;10000;36;535
18981;2685;10000;36;535
18987;2637;10000;36;535
18993;2589;10000;36;535
18999;2505;10000;36;535
19005;2457;10000;36;535
19011;2425;10000;-484;535
19017;2393;10000;-484;535
19023;2413;10000;-484;535
19029;2427;10000;-484;535
19035;2411;10000;-484;535
19041;2379;10000;-484;535
19047;2347;10000;-484;535
19053;2331;10000;-484;535
19059;2299;10000;-126;535
19065;2267;10000;-126;535
19071;2287;10000;-126;535
19077;2203;10000;-126;535
19083;2171;10000;-126;535
19089;2139;10000;-144;535
19095;2107;10000;-144;535
19101;2075;10000;-144;535
19107;2043;10000;-144;535
19113;2011;10000;-144;535
19119;1979;10000;-144;535
19125;1963;10000;-144;535
19131;1931;10000;-144;535
19137;1899;10000;-256;535
19143;1867;10000;-16;535
19149;1835;10000;-16;535
19155;1819;10000;-19;535
19161;1787;10000;-16;535
19164;1771;10000;-16;535
19170;1693;10000;-62;535
19176;1661;10000;-62;535
19182;1645;10000;-62;535
19188;1613;10000;-62;535
19194;1581;10000;-62;535
19200;1513;10000;-62;535
19206;1481;10000;-62;535
19212;1465;10000;-62;535
19218;1433;10000;-62;535
19224;1409;10000;-62;535
19230;1385;10000;-308;535
19236;1369;10000;-308;535
19242;1353;10000;-308;535
19248;1337;10000;-308;535
19254;1321;10000;-308;535
19260;1305;10000;-80;535
19266;1281;10000;-16;535
19272;1257;10000;-16;535
19278;1189;10000;-60;535
19284;1165;10000;-60;535
19290;1141;10000;-60;535
19296;1073;10000;-60;535
19302;1057;10000;-60;535
19308;1033;10000;-60;535
19314;1017;10000;-60;535
19320;1001;10000;-60;535
19326;985;10000;-60;535
19332;961;10000;-60;535
19338;893;10000;-296;535
19344;885;10000;-296;535
19350;877;10000;-296;535
19356;865;10000;-296;535
19362;857;10000;-296;535
19368;849;10000;-296;535
19374;841;10000;-296;535
19380;833;10000;-296;535
19386;821;10000;-296;535
19392;813;10000;-296;535
19398;805;10000;-88;535
19404;789;10000;-8;535
19410;773;10000;-8;535
19416;705;10000;-60;535
19422;697;10000;-60;535
19428;681;10000;-60;535
19434;665;10000;-60;535
19440;657;10000;-60;535
19446;641;10000;-60;535
19452;633;10000;-60;535
19458;617;10000;-60;535
19464;605;10000;-60;535
19470;548;10000;-60;535
19476;536;10000;-169;535
19482;528;10000;-169;535
19488;520;10000;-169;535
19494;512;10000;-169;535
19500;504;10000;-169;535
19506;500;10000;-169;535
19512;492;10000;-169;535
19518;484;10000;-169;535
19524;476;10000;-169;535
19530;423;10000;-113;535
19536;419;10000;-113;535
19542;411;10000;-113;535
19548;403;10000;-113;535
19554;395;10000;-113;535
19560;387;10000;-113;535
19566;379;10000;-113;535
19572;371;10000;-113;535
19578;367;10000;-113;535
19584;359;10000;-113;535
19590;351;10000;-72;535
19596;343;10000;-4;535
19602;331;10000;-8;535
19608;323;10000;-4;535
19614;315;10000;-4;535
19620;303;10000;-4;535
19626;295;10000;-4;535
19632;287;10000;-4;535
19638;275;10000;-8;535
19644;215;10000;-8;535
19650;207;10000;-8;535
19656;251;10000;-8;535
19662;243;10000;-8;535
19668;235;10000;-8;535
19674;175;10000;-8;535
19680;171;10000;-8;535
19686;163;10000;-8;535
19692;155;10000;-8;535
19698;147;10000;-8;535
19704;142;10000;-132;535
19713;137;10000;-132;535
19719;185;10000;-132;535
19725;181;10000;-132;535
19731;179;10000;36;535
19737;167;10000;36;535
19743;159;10000;36;535
19749;151;10000;36;535
19755;143;10000;36;535
19761;135;10000;36;535
19767;127;10000;36;535
19773;119;10000;36;535
19779;113;10000;-2;535
19785;109;10000;-5;535
19791;101;10000;-4;535
19797;93;10000;-4;535
19803;87;10000;-4;535
19809;81;10000;-4;535
19815;75;10000;-4;535
19821;69;10000;-4;535
19827;63;10000;-4;535
19833;59;10000;-2;535
19839;53;10000;-2;535
19845;47;10000;-2;535
19851;86;10000;43;535
19857;78;10000;43;535
19863;70;10000;43;535
19869;66;10000;43;535
19875;58;10000;43;535
19881;50;10000;43;535
19887;42;10000;43;535
19893;38;10000;43;535
19899;30;10000;43;535
19905;22;10000;43;535
19911;18;10000;-72;535
19917;14;10000;-2;535
19923;53;10000;41;535
19929;49;10000;41;535
19935;41;10000;41;535
19941;33;10000;41;535
19947;29;10000;41;535
19953;21;10000;41;535
19959;13;10000;41;535
19965;9;10000;41;535
19971;1;10000;41;535
19977;-5;10000;41;535
19983;-11;9998;-64;535
19989;-14;9995;-2;535
19998;-22;9988;-2;535
20010;-30;9974;-2;535
20016;-34;9966;-2;535
20022;-40;9956;-4;535
20028;-44;9944;-2;535
20034;-48;9932;-2;535
20040;-52;9918;-2;535
20046;-56;9903;-2;535
20055;-62;9879;-2;535
20061;-66;9861;-2;535
20067;-70;9842;-2;535
20073;-74;9822;-1;535
20079;-76;9802;-2;535
20085;-80;9780;-2;535
20091;-84;9757;-2;535
20097;-88;9733;-2;535
20103;-90;9709;-1;535
20109;-44;9698;50;535
20115;-50;9685;50;535
20121;-54;9671;50;535
20127;-112;9640;50;535
20133;-116;9608;50;535
20139;-120;9575;50;535
20145;-124;9541;50;535
20154;-132;9487;50;535
20160;-136;9449;50;535
20166;-140;9410;-100;535
20172;-88;9386;-100;535
20178;-88;9362;-100;535
20184;-141;9330;-100;535
20190;-141;9290;-1;535
20196;-144;9250;-1;535
20202;-146;9210;-1;535
20211;-150;9147;-1;535
20217;-152;9105;-1;535
20223;-154;9062;-1;535
20229;-156;9018;-1;535
20235;-158;8974;-1;535
20241;-160;8930;-1;535
20247;-162;8884;-1;535
20253;-164;8838;-1;535
20259;-166;8792;-1;535
20265;-168;8745;-1;535
20271;-170;8697;-1;535
20277;-171;8649;-1;535
20283;-173;8601;-1;535
20289;-175;8552;-1;535
20295;-176;8502;0;535
20301;-178;8452;-1;535
20307;-179;8402;0;535
20313;-181;8352;-1;535
20319;-182;8300;0;535
20325;-184;8248;-1;535
20331;-185;8196;-1;535
20337;-186;8144;0;535
20346;-188;8066;0;535
20352;-189;8012;0;535
20358;-190;7958;0;535
20364;-192;7904;-1;535
20370;-193;7850;-1;535
20376;-194;7796;-1;535
20382;-195;7742;-1;535
20388;-195;7688;0;535
20394;-196;7632;0;535
20400;-197;7576;0;535
20406;-198;7520;0;535
20412;-199;7464;-1;535
20418;-199;7408;0;535
20424;-200;7352;0;535
20433;-246;7254;-46;535
20439;-244;7185;-46;535
20445;-243;7117;-46;535
20451;-241;7049;-46;535
20457;-240;6981;-46;535
20463;-238;6913;-46;535
20469;-237;6846;-46;535
20475;-235;6780;-46;535
20481;-234;6714;-46;535
20487;-232;6648;-46;535
20493;-231;6582;15;535
20499;-231;6516;22;535
20505;-231;6450;20;535
20511;-232;6384;-1;535
20517;-232;6318;-1;535
20523;-232;6252;-1;535
20529;-231;6186;1;535
20535;-231;6120;0;535
20541;-230;6055;1;535
20547;-230;5991;0;535
20553;-229;5927;1;535
20559;-229;5863;0;535
20565;-228;5799;1;535
20571;-228;5735;0;535
20577;-227;5671;0;535
20583;-227;5607;0;535
20589;-226;5543;0;535
20595;-269;5467;-45;535
20601;-267;5391;-45;535
20607;-264;5317;-45;535
20613;-261;5243;-45;535
20619;-214;5176;-45;535
20625;-212;5116;-45;535
20631;-210;5056;-45;535
20637;-208;4998;-45;535
20643;-206;4940;-45;535
20649;-249;4870;-45;535
20658;-247;4765;24;535
20664;-203;4708;24;535
20670;-203;4650;24;535
20676;-203;4592;24;535
20682;-203;4534;24;535
20688;-203;4476;24;535
20694;-247;4406;24;535
20703;-246;4301;24;535
20709;-245;4231;2;535
20715;-243;4163;2;535
20721;-242;4095;2;535
20727;-240;4027;2;535
20733;-239;3959;2;535
20739;-237;3892;2;535
20745;-236;3826;2;535
20751;-234;3760;11;535
20757;-233;3694;1;535
20763;-231;3628;1;535
20769;-229;3564;1;535
20775;-183;3506;45;535
20781;-183;3454;45;535
20787;-183;3402;45;535
20793;-184;3350;45;535
20799;-229;3286;45;535
20805;-228;3222;45;535
20811;-228;3158;45;535
20817;-227;3094;45;535
20823;-227;3030;45;535
20829;-226;2966;45;535
20835;-226;2902;-43;535
20841;-222;2839;-43;535
20847;-219;2777;-43;535
20853;-216;2716;-43;535
20859;-214;2656;1;535
20865;-168;2608;46;535
20871;-168;2560;46;535
20877;-168;2512;46;535
20883;-168;2464;46;535
20889;-168;2416;46;535
20895;-168;2368;46;535
20901;-168;2320;46;535
20907;-168;2272;46;535
20913;-168;2224;46;535
20919;-168;2176;46;535
20925;-167;2130;1;535
20931;-165;2084;1;535
20937;-164;2038;1;535
20943;-162;1992;1;535
20949;-161;1946;1;535
20955;-160;1902;1;535
20961;-158;1858;1;535
20967;-157;1814;0;535
20973;-155;1770;1;535
20979;-154;1726;1;535
20985;-152;1684;1;535
20991;-151;1642;1;535
20997;-150;1600;0;535
21003;-148;1558;1;535
21009;-147;1516;0;535
21015;-145;1476;1;535
21021;-144;1436;0;535
21027;-142;1396;1;535
21033;-141;1356;1;535
21039;-139;1317;1;535
21045;-138;1279;1;535
21051;-137;1241;0;535
21057;-135;1203;1;535
21063;-134;1165;0;535
21069;-132;1128;1;535
21075;-131;1092;1;535
21081;-129;1056;1;535
21087;-128;1020;1;535
21093;-127;984;0;535
21099;-125;949;1;535
21105;-124;915;1;535
21111;-122;881;1;535
21117;-121;847;1;535
21123;-120;813;0;535
21129;-118;780;1;535
21135;-117;748;1;535
21141;-115;716;0;535
21147;-114;684;1;535
21153;-113;652;0;535
21159;-111;621;1;535
21165;-110;591;1;535
21171;-109;561;0;535
21177;-107;531;1;535
21183;-106;501;1;535
21189;-105;471;0;535
21195;-103;443;1;535
21201;-102;415;1;535
21207;-101;387;0;535
21213;-99;359;1;535
21219;-98;331;1;535
21225;-97;304;1;535
21231;-96;278;0;535
21237;-94;252;1;535
21243;-93;226;1;535
21249;-92;200;0;535
21255;-91;174;0;535
21261;-89;150;1;535
21267;-88;126;1;535
21273;-87;102;0;535
21279;-86;78;0;535
21288;-84;42;0;535
21294;-83;20;0;535
21300;-81;-2;1;535
21306;-80;-24;1;535
21312;-79;-46;1;535
21318;-78;-68;0;535
21324;-77;-90;0;535
21330;-76;-110;0;535
21336;-74;-130;1;535
21342;-73;-150;1;535
21348;-72;-170;1;535
21354;-71;-190;1;535
21360;-70;-210;1;535
21366;-69;-228;0;535
21372;-68;-246;0;535
21378;-67;-264;0;535
21384;-66;-282;0;535
21390;-65;-300;0;535
21396;-63;-318;1;535
21402;-62;-335;1;535
21408;-61;-351;1;535
21414;-60;-367;1;535
21420;-59;-383;1;535
21426;-58;-399;1;535
21432;-57;-415;1;535
21438;-56;-431;1;535
21444;-55;-446;1;535
21450;-54;-460;1;535
21456;-53;-474;1;535
21462;-52;-488;1;535
21468;-51;-502;1;535
21474;-50;-516;1;535
21480;-49;-530;1;535
21486;-48;-543;1;535
21492;-47;-555;1;535
21498;-47;-567;0;535
21504;-46;-579;0;535
21510;-90;-597;1;535
21516;-88;-621;1;535
21522;-86;-645;1;535
21525;-86;-657;1;535
21531;-84;-681;1;535
21537;-38;-697;1;535
21543;-37;-707;1;535
21549;-36;-717;1;535
21555;-35;-727;1;535
21561;-35;-737;1;535
21567;-78;-759;-33;535
21573;-75;-780;-33;535
21579;-73;-800;-33;535
21588;-70;-823;-33;535
21594;-68;-841;-33;535
21600;-21;-847;-33;535
21606;-19;-851;-33;535
21612;-17;-855;-33;535
21618;-16;-859;-33;535
21624;-14;-863;64;535
21630;-15;-867;64;535
21636;-16;-871;64;535
21642;-17;-875;64;535
21648;-19;-879;64;535
21654;-20;-883;64;535
21660;-21;-889;-10;535
21666;-65;-900;-45;535
21672;-62;-917;-45;535
21678;-59;-933;-45;535
21684;-57;-949;-45;535
21690;-54;-963;-45;535
21696;-52;-977;-45;535
21702;-4;-977;-45;535
21708;-3;-977;-45;535
21714;-1;-977;-45;535
21720;1;-977;-45;535
21726;3;-977;68;535
21732;2;-977;68;535
21738;0;-977;68;535
21744;-1;-977;68;535
21750;-3;-977;68;535
21756;-4;-977;68;535
21762;-5;-977;-12;535
21768;-49;-984;-45;535
21774;-46;-996;-45;535
21780;-44;-1008;-45;535
21786;-41;-1019;-45;535
21792;6;-1024;-45;535
21798;8;-1022;-45;535
21804;9;-1020;-45;535
21810;11;-1018;-45;535
21816;13;-1016;-45;535
21822;14;-1012;-45;535
21828;16;-1008;65;535
21834;15;-1004;65;535
21840;13;-1001;65;535
21846;12;-999;65;535
21852;10;-997;-6;535
21858;10;-995;-8;535
21864;11;-993;1;535
21870;11;-991;1;535
21876;11;-989;1;535
21882;12;-987;1;535
21888;-31;-995;-45;535
21894;-29;-1003;-45;535
21900;18;-999;-45;535
21906;19;-995;-45;535
21912;21;-990;-45;535
21918;22;-984;-45;535
21924;24;-978;-45;535
21930;25;-972;-45;535
21936;26;-966;-45;535
21942;28;-959;-45;535
21948;29;-951;62;535
21954;27;-944;62;535
21960;26;-938;-4;535
21966;26;-932;-4;535
21972;26;-926;-3;535
21978;26;-920;-3;535
21984;26;-914;-3;535
21990;26;-908;-3;535
21996;27;-902;1;535
22002;27;-896;0;535
22008;27;-890;0;535
22014;27;-884;0;535
22020;27;-878;0;535
22026;27;-872;0;535
22032;27;-866;0;535
22038;27;-860;0;535
22044;27;-854;0;535
22050;27;-848;0;535
22059;27;-839;0;535
22065;27;-833;0;535
22071;27;-827;0;535
22077;27;-821;0;535
22083;27;-815;0;535
22089;27;-809;0;535
22095;27;-803;0;535
22101;27;-797;0;535
22107;27;-791;0;535
22113;27;-785;0;535
22119;26;-779;0;535
22125;26;-773;0;535
22131;26;-767;0;535
22137;26;-761;0;535
22143;26;-755;0;535
22149;26;-749;0;535
22158;26;-740;0;535
22164;26;-734;0;535
22170;26;-728;0;535
22176;26;-722;0;535
22182;26;-716;0;535
22188;26;-710;0;535
22194;26;-704;0;535
22200;26;-698;0;535
22206;26;-692;0;535
22212;26;-686;0;535
22218;26;-680;0;535
22224;26;-674;0;535
22230;26;-668;0;535
22236;25;-662;-1;535
22242;25;-656;0;535
22248;25;-650;0;535
22254;25;-644;0;535
22260;25;-638;0;535
22266;25;-632;0;535
22272;25;-626;0;535
22278;25;-620;0;535
22284;25;-614;0;535
22290;25;-608;0;535
22296;25;-602;0;535
22302;24;-596;-1;535
22308;24;-590;0;535
22314;25;-590;-45;535
22320;26;-584;-45;535
22326;28;-577;-45;535
22332;29;-569;-45;535
22338;30;-561;-45;535
22344;31;-553;-45;535
22350;32;-545;-45;535
22356;33;-537;-45;535
22362;34;-529;-45;535
22368;35;-519;-45;535
22374;36;-509;89;535
22380;34;-501;-2;535
22386;34;-493;-2;535
22392;34;-485;-2;535
22398;34;-477;-2;535
22404;33;-469;-1;535
22410;33;-461;-1;535
22416;33;-453;0;535
22422;33;-445;0;535
22428;32;-437;0;535
22434;32;-429;0;535
22440;32;-421;0;535
22446;32;-413;0;535
22452;31;-405;0;535
22458;31;-397;0;535
22464;31;-389;0;535
22470;30;-381;-1;535
22476;30;-373;0;535
22482;30;-365;0;535
22488;30;-357;0;535
22494;29;-349;0;535
22500;29;-341;0;535
22506;29;-333;0;535
22512;29;-325;0;535
22518;28;-317;0;535
22524;28;-309;0;535
22530;28;-301;0;535
22539;27;-291;0;535
22545;27;-285;0;535
22551;27;-279;0;535
22557;26;-273;0;535
22563;26;-267;0;535
22569;26;-261;0;535
22575;26;-255;0;535
22581;25;-249;0;535
22587;25;-243;0;535
22593;25;-237;0;535
22599;25;-231;0;535
22605;24;-225;0;535
22611;24;-219;0;535
22617;24;-213;0;535
22623;24;-207;0;535
22629;23;-201;0;535
22635;23;-195;0;535
22641;23;-189;0;535
22647;23;-183;0;535
22653;22;-177;0;535
22659;22;-171;0;535
22665;22;-165;0;535
22671;22;-159;0;535
22677;21;-153;0;535
22683;21;-147;0;535
22689;21;-141;0;535
22695;21;-135;0;535
22701;20;-131;0;535
22707;20;-127;0;535
22713;20;-123;0;535
22719;20;-119;0;535
22725;19;-115;0;535
22731;19;-111;0;535
22737;19;-107;0;535
22743;19;-103;0;535
22749;19;-99;0;535
22755;18;-95;0;535
22761;18;-91;0;535
22767;18;-87;0;535
22773;18;-83;0;535
22779;17;-79;0;535
22785;17;-75;0;535
22791;17;-71;0;535
22797;17;-67;0;535
22803;16;-63;0;535
22809;16;-59;0;535
22815;16;-55;0;535
22821;16;-51;0;535
22827;16;-47;0;535
22833;15;-43;0;535
22836;15;-41;0;535
22842;15;-37;0;535
22848;15;-33;0;535
22854;15;-29;0;535
22860;14;-25;-1;535
22866;14;-21;0;535
22872;14;-17;0;535
22878;14;-13;0;535
22884;14;-9;0;535
22890;13;-6;-1;535
22896;13;-4;0;535
22902;13;-2;0;535
22908;13;0;0;535
22914;13;2;0;535
22920;13;4;0;535
22926;13;6;0;535
22932;12;8;0;535
22938;12;10;0;535
22944;12;12;0;535
22953;12;15;0;535
22959;12;17;0;535
22965;12;19;0;535
22971;11;21;0;535
22977;11;23;0;535
22983;11;25;0;535
22989;11;27;0;535
22992;11;28;0;535
22998;11;30;0;535
23004;11;32;0;535
23010;10;34;-1;535
23016;10;36;0;535
23022;10;38;0;535
23028;10;40;0;535
23034;10;42;0;535
23040;10;44;0;535
23046;10;46;0;535
23055;9;49;0;535
23061;9;51;0;535
23067;9;53;0;535
23073;9;55;0;535
23079;9;57;0;535
23088;9;60;0;535
23094;9;62;0;535
23100;9;64;0;535
23106;9;66;0;535
23112;8;68;0;535
23121;8;71;0;535
23127;8;73;0;535
23133;8;75;0;535
23139;8;77;0;535
23145;8;79;0;535
23151;8;81;0;535
23157;8;83;0;535
23163;8;85;0;535
23169;7;87;-1;535
23175;7;89;0;535
23181;7;91;0;535
23190;7;94;0;535
23199;7;97;0;535
23205;7;99;0;535
23211;6;100;-1;535
23217;6;100;0;535
23223;6;100;0;535
23229;6;100;0;535
23235;6;100;0;535
23241;6;100;0;535
23247;6;100;0;535
23253;6;100;0;535
23259;6;100;0;535
23265;6;100;0;535
23271;5;100;-1;535
23277;5;100;0;535
23283;5;100;0;535
23289;5;100;0;535
23295;5;100;0;535
23301;5;100;0;535
23307;5;100;0;535
23313;5;100;0;535
23319;5;100;0;535
23325;5;100;0;535
23334;4;100;0;535
23340;4;100;0;535
23346;4;100;0;535
23352;4;100;0;535
23358;4;100;0;535
23364;4;100;0;535
23370;4;100;0;535
23376;4;100;0;535
23382;4;100;0;535
23388;4;100;0;535
23394;3;100;0;535
23397;3;100;0;535
23403;3;100;0;535
23409;3;100;0;535
23415;3;100;0;535
23421;3;100;0;535
23427;3;100;0;535
23433;3;100;0;535
23439;3;100;0;535
23448;3;100;0;535
23454;3;100;0;535
23460;3;100;0;535
23466;3;100;0;535
23472;3;100;0;535
23481;3;100;0;535
23487;3;100;0;535
23493;3;100;0;535
23499;3;100;0;535
23505;3;100;0;535
23514;2;100;0;535
23520;2;100;0;535
23526;2;100;0;535
23538;2;100;0;535
23541;2;100;0;535
23547;2;100;0;535
23553;2;100;0;535
23559;2;100;0;535
23565;2;100;0;535
23571;2;100;0;535
23577;2;100;0;535
23583;2;100;0;535
23592;2;100;0;535
23598;2;100;0;535
23604;2;100;0;535
23610;2;100;0;535
23616;2;100;0;535
23622;2;100;0;535
23628;2;100;0;535
23634;1;100;0;535
23640;1;100;0;535
23646;1;100;0;535
23652;1;100;0;535
23655;1;100;0;535
23661;1;100;0;535
23670;1;100;0;535
23676;1;100;0;535
23682;1;100;0;535
23688;1;100;0;535
23694;1;100;0;535
23700;1;100;0;535
23706;1;100;0;535
23709;1;100;0;535
23715;1;100;0;535
23721;1;100;0;535
23727;1;100;0;535
23733;1;100;0;535
23739;1;100;0;535
23745;1;100;0;535
23751;0;100;-1;535
23757;0;100;0;535
23763;0;100;0;535
23772;0;100;0;535
23778;0;100;0;535
23784;0;100;0;535
23790;0;100;0;535
23796;0;100;0;535
23805;0;100;0;535
23811;0;100;0;535
23817;0;100;0;535
23823;0;100;0;535
23829;0;100;0;535
23838;0;100;0;535
23844;0;100;0;535
23850;0;100;0;535
23856;0;100;0;535
23862;0;100;0;535
23868;0;100;0;535
23874;-1;100;0;535
23880;-1;100;0;535
23886;-1;100;0;535
23892;-1;100;0;535
23898;-1;100;0;535
23904;-1;100;0;535
23910;-1;100;0;535
23916;-1;100;0;535
23922;-1;100;0;535
23928;-1;100;0;535
23934;-1;100;0;535
23940;-1;100;0;535
23946;-1;100;0;535
23952;-1;100;0;535
23958;-1;100;0;535
23964;-1;100;0;535
23973;-1;100;0;535
23979;-1;100;0;535
23985;-1;100;0;535
23991;-2;100;-1;535
23997;-2;100;0;535
24006;-2;100;0;535
24012;-2;100;0;535
24018;-2;100;0;535
24024;-2;100;0;535
24030;-2;100;0;535
24036;-2;100;0;535
24042;-2;100;0;535
24048;-2;100;0;535
24054;-2;100;0;535
24060;-2;100;0;535
24066;-2;100;0;535
24072;-2;100;0;535
24078;-2;100;0;535
24087;-2;100;0;535
24090;-2;100;0;535
24096;-2;100;0;535
24102;-2;100;0;535
24108;-2;100;0;535
24114;-3;100;0;535
24120;-3;100;0;535
24126;-3;100;0;535
24132;-3;100;0;535
24138;-3;100;0;535
24144;-3;100;0;535
24150;-3;100;0;535
24156;-3;100;0;535
24165;-3;100;0;535
24171;-3;100;0;535
24177;-3;100;0;535
24183;-3;100;0;535
24189;-3;100;0;535
24195;-3;100;0;535
24201;-3;100;0;535
24204;-3;100;0;535
24210;-3;100;0;535
24216;-3;100;0;535
24222;-3;100;0;535
24228;-3;100;0;535
24234;-4;100;0;535
24243;-4;100;0;535
24249;-4;100;0;535
24255;-4;100;0;535
24261;-4;100;0;535
24267;-4;100;0;535
24273;-4;100;0;535
24279;-4;100;0;535
24285;-4;100;0;535
24291;-4;100;0;535
24297;-4;100;0;535
24303;-4;100;0;535
24309;-4;100;0;535
24315;-4;100;0;535
24321;-4;100;0;535
24327;-4;100;0;535
24333;-4;100;0;535
24339;-4;100;0;535
24345;-4;100;0;535
24351;-4;100;0;535
24357;-4;100;0;535
24366;-4;100;0;535
24372;-4;100;0;535
24378;-4;100;0;535
24384;-4;100;0;535
24390;-4;100;0;535
24396;-4;100;0;535
24402;-4;100;0;535
24408;-4;100;0;535
24414;-4;100;0;535
24417;-4;100;0;535
24423;-4;100;0;535
24429;-4;100;0;535
24435;-4;100;0;535
24441;-4;100;0;535
24447;-4;100;0;535
24456;-4;100;0;535
24462;-4;100;0;535
24468;-4;100;0;535
24474;-4;100;0;535
24480;-4;100;0;535
24486;-4;100;0;535
24492;-4;100;0;535
24498;-4;100;0;535
24504;-4;100;0;535
24510;-4;100;0;535
24516;-4;100;0;535
24522;-4;100;0;535
24528;-4;100;0;535
24534;-4;100;0;535
24540;-4;100;0;535
24546;-4;100;0;535
24555;-4;100;0;535
24561;-4;100;0;535
24567;-4;100;0;535
24573;-4;100;0;535
24579;-4;100;0;535
24585;-4;100;0;535
24591;-4;100;0;535
24594;-4;100;0;535
24600;-4;100;0;535
24606;-4;100;0;535
24612;-4;100;0;535
24618;-4;100;0;535
24624;-4;100;0;535
24630;-4;100;0;535
24636;-4;100;0;535
24642;-4;100;0;535
24648;-4;100;0;535
24654;-4;100;0;535
24660;-4;100;0;535
24663;-4;100;0;535
24669;-4;100;0;535
24675;-4;100;0;535
24681;-4;100;0;535
24687;-4;100;0;535
24693;-4;100;0;535
24696;-4;100;0;535
24702;-4;100;0;535
24708;-4;100;0;535
24714;-4;100;0;535
24720;-4;100;0;535
24726;-4;100;0;535
24732;-4;100;0;535
24738;-4;100;0;535
24744;-4;100;0;535
24750;-4;100;0;535
24756;-4;100;0;535
24762;-4;100;0;535
24768;-4;100;0;535
24774;-4;100;0;535
24780;-4;100;0;535
24786;-4;100;0;535
24792;-4;100;0;535
24798;-4;100;0;535
24804;-4;100;0;535
24810;-4;100;0;535
24816;-4;100;0;535
24822;-4;100;0;535
24828;-4;100;0;535
24834;-4;100;0;535
24840;-4;100;0;535
24849;-4;100;0;535
24855;-4;100;0;535
24861;-4;100;0;535
24867;-4;100;0;535
24873;-4;100;0;535
24879;-4;100;0;535
24885;-4;100;0;535
24891;-4;100;0;535
24897;-4;100;0;590
24903;720;306;-8;590
24909;712;509;-4;590
24915;655;702;-49;590
24921;647;887;-49;590
24927;639;1069;-49;590
24933;631;1249;-49;590
24939;623;1427;-49;590
24945;611;1601;-49;590
24951;603;1773;-49;590
24957;543;1928;-49;590
24963;539;2082;-49;590
24969;531;2233;-49;590
24975;523;2382;-132;590
24981;517;2529;-132;641
24987;1185;2868;-132;641
24993;1169;3203;-132;641
24999;1153;3532;-132;641
25005;1093;3844;-132;641
25011;1077;4152;-132;641
25017;1061;4455;-132;641
25023;1045;4754;-132;641
25029;1037;5050;-132;641
25035;1021;5342;-132;641
25041;1005;5629;-132;641
25050;1708;6156;-132;699
25056;1684;6637;-132;699
25062;1652;7111;-188;699
25068;1584;7571;-188;699
25074;1560;8017;-188;699
25080;1536;8457;-188;699
25086;1520;8892;-188;699
25092;1496;9319;-188;699
25098;1472;9741;-188;699
25104;2101;10000;-188;752
25110;2069;10000;-288;752
25116;2053;10000;-288;752
25122;1975;10000;-288;752
25128;1959;10000;-288;752
25134;1927;10000;-288;752
25140;1911;10000;-288;752
25146;2557;10000;-288;803
25152;2525;10000;-288;803
25158;2493;10000;-288;803
25164;2409;10000;-322;803
25170;2377;10000;-322;803
25176;2345;10000;-322;803
25182;2313;10000;-322;803
25188;2281;10000;-322;803
25194;2213;10000;-322;803
25200;2913;10000;-322;858
25206;2865;10000;-322;858
25212;2833;10000;-322;858
25218;2801;10000;-322;858
25224;2769;10000;-372;858
25230;2737;10000;-372;858
25236;2705;10000;-372;858
25242;2673;10000;-372;858
25248;2589;10000;-372;858
25254;2541;10000;-212;858
25260;2561;10000;-212;858
25266;2529;10000;-212;858
25272;2445;10000;-212;858
25278;2413;10000;-212;858
25287;2417;10000;-212;858
25293;3074;10000;-212;911
25299;3042;10000;-212;911
25305;2942;10000;-212;911
25311;2910;10000;-352;911
25317;2862;10000;-352;911
25323;2882;10000;-352;911
25329;2850;10000;-352;911
25335;2818;10000;-352;911
25341;2786;10000;-352;911
25347;2738;10000;-352;911
25353;2706;10000;-352;911
25359;2726;10000;-352;911
25365;2694;10000;-232;911
25371;2662;10000;-232;911
25377;2666;10000;-232;911
25383;2634;10000;-232;911
25389;2602;10000;-232;911
25395;2570;10000;-232;911
25401;2538;10000;-232;911
25407;2490;10000;-232;911
25413;2458;10000;-232;911
25419;2472;10000;-222;911
25425;2440;10000;-222;911
25431;2460;10000;-222;911
25437;2428;10000;-222;911
25443;2396;10000;-222;911
25449;2416;10000;-222;911
25455;2384;10000;-222;911
25461;2404;10000;-222;911
25467;2372;10000;-222;911
25473;2340;10000;-222;911
25479;2308;10000;-148;911
25485;2328;10000;-148;911
25491;2280;10000;-148;911
25497;2300;10000;-148;911
25503;2268;10000;-148;911
25509;2236;10000;-148;911
25515;2249;10000;-148;911
25521;2217;10000;-91;911
25527;2230;10000;-91;911
25533;2198;10000;-91;911
25539;2166;10000;-91;911
25545;2134;10000;-91;911
25554;2138;10000;-91;911
25560;2106;10000;-91;911
25566;2126;10000;-91;911
25572;2094;10000;-91;911
25578;2062;10000;-155;911
25584;2082;10000;-155;911
25599;2054;10000;-155;911
25605;2022;10000;-155;911
25611;1990;10000;-155;911
25617;2026;10000;-155;911
25623;1994;10000;-155;911
25629;1962;10000;-100;911
25635;1976;10000;-100;911
25641;1944;10000;-100;911
25647;1912;10000;-100;911
25653;1880;10000;-100;911
25659;1864;10000;-100;911
25665;1884;10000;-100;911
25671;1852;10000;-100;911
25677;1820;10000;-100;911
25683;1840;10000;-122;911
25689;1824;10000;-122;911
25695;1792;10000;-122;911
25701;1760;10000;-122;911
25707;1744;10000;-122;911
25713;1712;10000;-122;911
25719;1680;10000;-122;911
25725;1664;10000;-122;911
25731;1632;10000;-122;911
25737;1616;10000;-122;911
25743;1584;10000;-16;911
25749;1568;10000;-16;911
25755;1536;10000;-16;911
25761;1556;10000;36;911
25767;1540;10000;36;911
25773;1508;10000;36;911
25779;1424;10000;36;911
25785;1408;10000;36;911
25791;1376;10000;36;911
25797;1344;10000;36;911
25803;1328;10000;36;911
25809;1296;10000;36;911
25815;1280;10000;36;911
25821;1256;10000;-308;911
25827;1240;10000;-308;911
25833;1224;10000;-308;911
25839;1208;10000;-16;911
25845;1184;10000;-16;911
25851;1168;10000;-8;911
25857;1092;10000;-60;911
25863;1076;10000;-60;911
25869;1052;10000;-60;911
25875;1036;10000;-60;911
25881;1020;10000;-60;911
25887;944;10000;-60;911
25893;928;10000;-60;911
25899;912;10000;-60;911
25905;896;10000;-60;911
25911;880;10000;-60;911
25917;864;10000;-228;911
25923;806;10000;-228;911
25929;798;10000;-228;911
25935;786;10000;-228;911
25941;778;10000;-228;911
25947;766;10000;-98;911
25953;706;10000;-98;911
25959;690;10000;-98;911
25968;670;10000;-98;911
25974;658;10000;-98;911
25980;650;10000;-98;911
25986;638;10000;-124;911
25992;626;10000;-124;911
25998;566;10000;-124;911
26004;502;10000;-124;911
26013;490;10000;-152;911
26019;482;10000;-152;911
26025;422;10000;-152;911
26031;418;10000;-152;911
26037;410;10000;-152;911
26043;402;10000;-152;911
26049;398;10000;-152;911
26055;338;10000;-152;911
26061;332;10000;-152;911
26067;328;10000;-160;911
26073;322;10000;-160;911
26082;316;10000;-160;911
26088;310;10000;-160;911
26094;306;10000;-160;911
26100;255;10000;-160;911
26106;253;10000;-160;911
26112;249;10000;-160;911
26118;200;10000;-130;911
26124;196;10000;-130;911
26130;192;10000;-130;911
26136;188;10000;-130;911
26142;184;10000;-130;911
26148;180;10000;-130;911
26154;124;10000;-130;911
26160;121;10000;-130;911
26166;119;10000;-130;911
26172;116;10000;-130;911
26178;113;10000;-87;911
26184;109;10000;-87;911
26190;53;10000;-87;911
26196;50;10000;-87;911
26205;46;10000;-87;911
26211;43;10000;-70;911
26217;39;10000;-70;911
26226;35;10000;-70;911
26232;31;10000;-70;911
26238;27;10000;-70;911
26244;25;10000;-70;911
26250;21;10000;-2;911
26256;15;10000;-2;911
26262;11;10000;-2;911
26271;3;10000;-2;911
26277;-55;9993;-56;911
26283;-57;9977;-56;911
26289;-60;9961;-56;911
26295;-62;9945;-56;911
26301;-64;9927;-56;911
26307;-67;9909;-56;911
26313;-69;9891;-56;911
26319;-71;9871;-56;911
26325;-73;9851;-56;911
26331;-75;9831;-56;911
26337;-77;9810;-22;911
26343;-29;9795;50;911
26349;-87;9771;50;911
26355;-91;9746;50;911
26361;-45;9727;50;911
26367;-49;9714;50;911
26373;-107;9684;50;911
26382;-63;9659;50;911
26388;-67;9641;50;911
26394;-73;9621;50;911
26400;-79;9600;50;911
26406;-82;9578;-52;911
26412;-84;9555;-52;911
26418;-86;9531;-52;911
26424;-88;9507;-52;911
26430;-89;9483;-52;911
26436;-91;9458;-10;911
26442;-95;9432;-2;911
26448;-97;9406;-2;911
26454;-101;9378;-2;911
26460;-104;9350;-2;911
26466;-107;9320;-2;911
26472;-110;9290;-2;911
26478;-113;9259;-2;911
26484;-64;9242;51;911
26490;-70;9223;51;911
26496;-74;9203;51;911
26502;-80;9181;51;911
26508;-84;9158;51;911
26514;-90;9134;51;911
26520;-42;9115;51;911
26526;-48;9103;51;911
26532;-52;9089;51;911
26538;-58;9073;51;911
26544;-62;9057;2;911
26550;-66;9039;2;911
26556;-68;9021;2;911
26562;-72;9001;2;911
26568;-76;8981;2;911
26574;-33;8966;2;911
26580;-37;8956;23;911
26586;-43;8945;23;911
26592;-47;8933;23;911
26598;-51;8919;23;911
26604;-10;8911;23;911
26610;-16;8908;23;911
26616;-20;8904;23;911
26622;-24;8898;23;911
26628;-30;8890;23;911
26634;-34;8882;3;911
26640;-38;8872;3;911
26646;-42;8861;3;911
26655;-48;8843;3;911
26661;-50;8829;3;911
26667;-54;8815;-2;911
26673;-58;8799;-2;911
26679;-60;8783;-2;911
26685;-64;8766;-2;911
26691;-68;8748;-2;911
26697;-18;8737;50;911
26703;-24;8731;50;911
26709;-30;8724;50;911
26715;-34;8716;50;911
26721;-40;8706;50;911
26727;-46;8694;50;911
26733;-50;8681;50;911
26739;-56;8666;50;911
26745;-60;8650;50;911
26751;-66;8633;50;911
26757;-70;8614;-52;911
26763;-71;8594;-1;911
26769;-75;8574;-2;911
26775;-78;8553;-2;911
26781;-81;8531;-2;911
26787;-84;8508;-2;911
26793;-87;8484;-2;911
26799;-90;8460;-2;911
26808;-94;8421;-2;911
26814;-97;8395;-1;911
26820;-99;8367;-1;911
26826;-102;8339;-2;911
26832;-104;8311;-1;911
26838;-107;8281;-1;911
26844;-109;8251;-1;911
26850;-112;8220;-1;911
26856;-114;8188;-1;911
26862;-116;8156;-1;911
26868;-119;8123;-1;911
26874;-121;8089;-1;911
26880;-123;8055;-1;911
26886;-125;8021;-1;911
26892;-127;7985;-1;911
26898;-129;7949;-1;911
26904;-131;7913;-1;911
26910;-133;7876;-1;911
26916;-135;7838;-1;911
26922;-137;7800;-1;911
26928;-139;7762;-1;911
26934;-141;7722;-1;911
26940;-194;7675;-53;911
26946;-194;7621;-53;911
26952;-193;7567;-53;911
26958;-192;7513;-53;911
26964;-192;7459;-53;911
26970;-191;7405;-53;911
26976;-190;7351;-53;911
26982;-189;7297;-53;911
26988;-189;7243;-53;911
26994;-188;7191;-53;911
27000;-187;7139;7;911
27006;-188;7087;-1;911
27012;-189;7034;-1;911
27018;-189;6980;-1;911
27024;-190;6926;-1;911
27030;-190;6872;-1;911
27036;-191;6818;-1;911
27042;-191;6764;0;911
27048;-192;6710;0;911
27054;-192;6656;0;911
27060;-193;6602;-1;911
27066;-193;6548;0;911
27072;-193;6494;0;911
27078;-194;6440;0;911
27084;-194;6386;0;911
27090;-194;6332;0;911
27096;-239;6271;-45;911
27102;-237;6204;-45;911
27108;-235;6138;-45;911
27114;-233;6072;-45;911
27120;-232;6006;-45;911
27126;-230;5941;-45;911
27132;-228;5877;-45;911
27138;-226;5813;-45;911
27144;-224;5749;-45;911
27150;-223;5687;-45;911
27156;-221;5625;18;911
27162;-221;5563;26;911
27168;-221;5501;24;911
27174;-266;5432;-45;911
27180;-263;5358;-45;911
27186;-261;5284;-45;911
27192;-258;5211;-45;911
27198;-256;5139;-45;911
27204;-253;5067;-45;911
27210;-251;4996;-45;911
27216;-248;4926;-45;911
27222;-245;4856;-45;911
27228;-243;4788;-45;911
27234;-240;4720;-45;911
27240;-239;4652;40;911
27246;-239;4584;37;911
27252;-239;4516;34;911
27258;-238;4448;1;911
27267;-236;4349;1;911
27273;-235;4283;1;911
27279;-233;4217;1;911
27285;-232;4151;1;911
27291;-230;4086;1;911
27297;-229;4022;1;911
27303;-228;3958;0;911
27309;-226;3894;1;911
27315;-225;3830;0;911
27321;-223;3767;1;911
27327;-222;3705;0;911
27333;-220;3643;1;911
27339;-219;3581;1;911
27345;-217;3519;1;911
27351;-216;3458;1;911
27357;-214;3398;1;911
27363;-213;3338;1;911
27369;-211;3278;1;911
27375;-210;3218;1;911
27381;-208;3160;1;911
27387;-207;3102;0;911
27393;-205;3044;1;911
27399;-204;2986;0;911
27405;-202;2929;1;911
27411;-201;2873;0;911
27417;-199;2817;1;911
27423;-197;2761;1;911
27429;-196;2705;1;911
27435;-194;2651;1;911
27441;-193;2597;0;911
27447;-191;2543;1;911
27453;-189;2489;1;911
27459;-188;2436;1;911
27465;-186;2384;1;911
27471;-185;2332;1;911
27477;-183;2280;1;911
27483;-182;2228;0;911
27492;-179;2153;1;911
27498;-178;2103;0;911
27504;-176;2053;1;911
27510;-174;2004;1;911
27516;-173;1956;1;911
27522;-171;1908;1;911
27528;-170;1860;0;911
27537;-167;1789;1;911
27543;-165;1743;0;911
27549;-164;1697;1;911
27555;-162;1651;1;911
27561;-161;1605;1;911
27570;-158;1539;1;911
27576;-112;1501;45;911
27582;-112;1469;45;911
27588;-112;1437;45;911
27594;-113;1405;45;911
27600;-113;1373;45;911
27606;-114;1341;45;911
27615;-114;1293;45;911
27621;-114;1261;45;911
27627;-114;1229;45;911
27633;-115;1197;45;911
27639;-114;1165;1;911
27645;-113;1133;1;911
27651;-157;1095;-44;911
27657;-154;1051;-44;911
27663;-151;1009;-44;911
27669;-103;981;-44;911
27675;-101;953;-44;911
27681;-98;925;-44;911
27687;-96;899;-44;911
27693;-94;873;-44;911
27699;-92;847;-44;911
27705;-89;823;-44;911
27711;-87;799;70;911
27717;-88;775;70;911
27726;-90;739;-3;911
27732;-89;715;1;911
27738;-88;691;1;911
27744;-87;667;1;911
27750;-86;643;1;911
27756;-86;619;1;911
27762;-85;595;1;911
27771;-83;560;1;911
27777;-82;538;1;911
27783;-81;516;1;911
27789;-80;494;1;911
27795;-79;472;1;911
27804;-78;439;0;911
27810;-77;417;0;911
27816;-76;397;0;911
27822;-75;377;0;911
27828;-74;357;1;911
27834;-73;337;1;911
27840;-72;317;1;911
27846;-71;297;1;911
27852;-70;277;1;911
27858;-69;258;1;911
27864;-69;240;0;911
27870;-68;222;0;911
27876;-67;204;0;911
27885;-65;177;1;911
27891;-65;159;0;911
27897;-64;141;0;911
27906;-62;115;1;911
27912;-62;99;0;911
27918;-61;83;0;911
27924;-60;67;0;911
27933;-58;43;1;911
27939;-58;27;0;911
27945;-57;11;0;911
27951;-56;-5;0;911
27957;-55;-20;1;911
27963;-54;-34;1;911
27969;-54;-48;0;911
27975;-53;-62;0;911
28029;-46;-181;0;911
28041;-45;-205;0;911
28053;-43;-229;0;911
28056;-43;-235;0;911
28110;-37;-328;0;911
28152;-26;-399;-45;911
28167;-21;-414;-45;911
28173;-19;-418;-45;911
28179;-17;-422;-45;911
28188;-16;-428;64;911
28197;-17;-434;-1;911
28203;-16;-438;1;911
28209;-16;-442;1;911
28215;-16;-446;1;911
28221;-15;-450;1;911
28227;-15;-454;1;911
28233;-14;-458;1;911
28239;-14;-462;0;911
28245;-14;-466;0;911
28251;-13;-468;0;911
28257;-13;-470;0;911
28263;-13;-472;0;911
28269;-12;-474;0;911
28275;-12;-476;0;911
28281;-12;-478;0;911
28287;-11;-480;0;911
28293;-11;-482;0;911
28299;-10;-484;1;911
28305;-10;-486;0;911
28311;-10;-488;0;911
28317;-53;-502;-45;911
28323;-51;-516;-45;911
28329;-49;-530;-45;911
28335;-46;-542;-45;911
28341;0;-542;-45;911
28347;2;-542;-45;911
28353;4;-542;-45;911
28359;5;-542;-45;911
28365;7;-541;-45;911
28371;8;-539;-45;911
28377;10;-537;65;911
28389;7;-533;65;911
28395;5;-533;65;911
28401;4;-533;-9;911
28410;4;-533;-8;911
28416;5;-533;1;911
28422;5;-533;1;911
28428;-38;-543;-45;911
28434;9;-547;-45;911
28440;10;-545;-45;911
28446;12;-543;-45;911
28455;14;-539;-45;911
28461;15;-535;-45;911
28467;16;-531;-45;911
28473;18;-527;-45;911
28479;19;-523;-45;911
28485;20;-519;60;911
28491;19;-515;60;911
28497;18;-511;-3;911
28503;18;-507;-2;911
28509;18;-503;-2;911
28515;18;-499;-2;911
28521;18;-495;-2;911
28527;18;-491;-2;911
28533;18;-487;-1;911
28539;18;-483;-1;911
28545;18;-479;-1;911
28551;18;-475;-1;911
28557;18;-471;-1;911
28563;18;-467;-1;911
28569;18;-463;-1;911
28572;18;-461;-1;911
28575;18;-459;-1;911
28581;18;-455;-1;911
28590;18;-449;-1;911
28596;18;-445;-1;911
28602;18;-441;-1;911
28611;18;-435;-1;911
28617;17;-431;0;911
28623;17;-427;0;911
28629;17;-423;0;911
28635;17;-419;0;911
28641;17;-415;0;911
28647;17;-411;0;911
28653;17;-407;0;911
28659;17;-403;0;911
28665;17;-399;0;911
28671;17;-395;0;911
28677;16;-391;0;911
28683;16;-387;0;911
28689;16;-383;0;911
28695;16;-379;0;911
28701;16;-375;0;911
28707;16;-371;0;911
28713;16;-367;0;911
28719;16;-363;0;911
28725;16;-359;0;911
28731;16;-355;0;911
28737;16;-351;0;911
28743;16;-347;0;911
28749;16;-343;0;911
28752;16;-341;0;911
28758;16;-337;0;911
28764;16;-333;0;911
28770;16;-329;0;911
28776;16;-325;0;911
28782;16;-321;0;911
28788;16;-317;0;911
28794;15;-313;-1;911
28800;15;-309;0;911
28806;15;-305;0;911
28812;15;-301;0;911
28818;15;-297;0;911
28824;15;-293;0;911
28830;15;-289;0;911
28836;15;-285;0;911
28842;15;-281;0;911
28848;15;-277;0;911
28857;14;-271;0;911
28863;14;-267;0;911
28869;14;-263;0;911
28875;14;-259;0;911
28881;14;-255;0;911
28887;14;-251;0;911
28893;14;-247;0;911
28899;14;-243;0;911
28905;14;-239;0;911
28911;14;-235;0;911
28917;13;-233;0;911
28923;13;-231;0;911
28929;13;-229;0;911
28935;13;-227;0;911
28941;13;-225;0;911
28947;13;-223;0;911
28953;13;-221;0;911
28959;13;-219;0;911
28965;13;-217;0;911
28971;13;-215;0;911
28977;13;-213;0;911
28983;13;-211;0;911
28989;13;-209;0;911
28995;13;-207;0;911
29001;13;-205;0;911
29007;13;-203;0;911
29013;13;-201;0;911
29019;13;-199;0;911
29025;12;-197;0;911
29031;12;-195;0;911
29037;12;-193;0;911
29043;12;-191;0;911
29049;12;-189;0;911
29055;12;-187;0;911
29061;12;-185;0;911
29067;12;-183;0;911
29073;12;-181;0;911
29079;12;-179;0;911
29085;11;-177;0;911
29091;11;-175;0;911
29097;11;-173;0;911
29103;11;-171;0;911
29109;11;-169;0;911
29115;11;-167;0;911
29121;11;-165;0;911
29127;11;-163;0;911
29133;11;-161;0;911
29139;11;-159;0;911
29145;10;-157;0;911
29151;10;-155;0;911
29157;10;-153;0;911
29163;10;-151;0;911
29172;10;-148;0;911
29178;10;-146;0;911
29184;10;-144;0;911
29193;10;-141;0;911
29199;10;-139;0;911
29205;9;-137;0;911
29211;9;-135;0;911
29217;9;-133;0;911
29223;9;-131;0;911
29229;9;-129;0;911
29235;9;-127;0;911
29241;9;-125;0;911
29247;9;-123;0;911
29253;9;-121;0;911
29259;9;-119;0;911
29265;9;-117;0;911
29271;9;-115;0;911
29277;9;-113;0;911
29283;9;-111;0;911
29289;9;-109;0;911
29295;9;-107;0;911
29301;9;-105;0;911
29307;9;-103;0;911
29313;9;-101;0;911
29319;9;-99;0;911
29322;8;-98;-1;911
29328;8;-96;0;911
29334;8;-94;0;911
29340;8;-92;0;911
29346;8;-90;0;911
29352;8;-88;0;911
29358;8;-86;0;911
29364;8;-84;0;911
29370;8;-82;0;911
29376;8;-80;0;911
29382;7;-78;-1;911
29388;7;-76;0;911
29394;7;-74;0;911
29400;7;-72;0;911
29406;7;-70;0;911
29412;7;-68;0;911
29418;7;-66;0;911
29424;7;-64;0;911
29430;7;-62;0;911
29436;7;-60;0;911
29442;6;-59;-1;911
29448;6;-59;0;911
29454;6;-59;0;911
29460;6;-59;0;911
29466;6;-59;0;911
29472;6;-59;0;911
29478;6;-59;0;911
29484;6;-59;0;911
29490;6;-59;0;911
29496;6;-59;0;911
29502;6;-59;0;911
29508;6;-59;0;911
29514;6;-59;0;911
29520;6;-59;0;911
29526;6;-59;0;911
29532;6;-59;0;911
29538;6;-59;0;911
29544;6;-59;0;911
29550;6;-59;0;911
29556;6;-59;0;911
29559;6;-59;0;911
29565;5;-59;0;911
29571;5;-59;0;911
29577;5;-59;0;911
29583;5;-59;0;911
29589;5;-59;0;911
29595;5;-59;0;911
29601;5;-59;0;911
29607;5;-59;0;911
29613;5;-59;0;911
29619;5;-59;0;911
29625;5;-59;0;911
29631;5;-59;0;911
29637;5;-59;0;911
29643;5;-59;0;911
29649;5;-59;0;911
29655;5;-59;0;911
29664;5;-59;0;911
29670;5;-59;0;911
29676;5;-59;0;911
29682;4;-59;-1;911
29688;4;-59;0;911
29694;4;-59;0;911
29700;4;-59;0;911
29706;4;-59;0;911
29712;4;-59;0;911
29718;4;-59;0;911
29724;4;-59;0;911
29730;4;-59;0;911
29736;4;-59;0;911
29742;4;-59;0;911
29748;4;-59;0;911
29754;4;-59;0;911
29760;4;-59;0;911
29766;4;-59;0;911
29772;4;-59;0;911
29778;4;-59;0;911
29784;4;-59;0;911
29790;4;-59;0;911
29796;4;-59;0;911
29802;3;-59;-1;911
29811;3;-59;0;911
29817;3;-59;0;911
29823;3;-59;0;911
29826;3;-59;0;911
29832;3;-59;0;911
29838;3;-59;0;911
29844;3;-59;0;911
29850;3;-59;0;911
29856;3;-59;0;911
29862;3;-59;0;911
29868;3;-59;0;911
29874;3;-59;0;911
29880;3;-59;0;911
29889;3;-59;0;911
29895;3;-59;0;911
29901;3;-59;0;911
29907;3;-59;0;911
29913;3;-59;0;911
29922;3;-59;0;911
29928;3;-59;0;911
29934;3;-59;0;911
29940;3;-59;0;911
29946;3;-59;0;911
29952;3;-59;0;911
29958;3;-59;0;911
29964;3;-59;0;911
29970;3;-59;0;911
29976;3;-59;0;911
29982;3;-59;0;911
29988;3;-59;0;911
29994;3;-59;0;911
30063;3;-59;0;911
30069;3;-59;0;911
30078;3;-59;0;911
30090;3;-59;0;911
30099;3;-59;0;911
30114;3;-59;0;911
30123;3;-59;0;911
30129;3;-59;0;911
30135;3;-59;0;911
30141;3;-59;0;911
30147;3;-59;0;911
30153;3;-59;0;911
30159;3;-59;0;911
30168;3;-59;0;911
30174;3;-59;0;911
30180;3;-59;0;911
30189;3;-59;0;911
30195;3;-59;0;911
30201;3;-59;0;911
30207;3;-59;0;911
30213;3;-59;0;911
30219;3;-59;0;911
30225;3;-59;0;911
30231;3;-59;0;911
30237;3;-59;0;911
30243;3;-59;0;911
30249;3;-59;0;911
30255;3;-59;0;911
30261;3;-59;0;911
30267;3;-59;0;911
30273;3;-59;0;911
30282;3;-59;0;911
30294;3;-59;0;911
30303;3;-59;0;911
30309;3;-59;0;911
30315;3;-59;0;911
30321;3;-59;0;911
30327;3;-59;0;911
30333;3;-59;0;911
30339;3;-59;0;911
30345;3;-59;0;911
30351;3;-59;0;911
30360;3;-59;0;911
30366;3;-59;0;911
30372;3;-59;0;911
30381;3;-59;0;911
30387;3;-59;0;911
30393;3;-59;0;911
30399;3;-59;0;911
30405;3;-59;0;911
30414;3;-59;0;911
30420;3;-59;0;911
30426;3;-59;0;911
30432;3;-59;0;911
30438;3;-59;0;911
30444;3;-59;0;911
30450;3;-59;0;911
30456;3;-59;0;911
30462;3;-59;0;911
30471;3;-59;0;911
30477;3;-59;0;911
30483;3;-59;0;911
30486;3;-59;0;911
30492;3;-59;0;911
30498;3;-59;0;911
30504;3;-59;0;911
30510;3;-59;0;911
30516;3;-59;0;911
30522;3;-59;0;911
30528;3;-59;0;911
30537;3;-59;0;911
30543;3;-59;0;911
30549;3;-59;0;911
30555;3;-59;0;911
30561;3;-59;0;911
30567;3;-59;0;911
30573;3;-59;0;911
30579;3;-59;0;911
30585;3;-59;0;911
30588;3;-59;0;911
30594;3;-59;0;911
30600;3;-59;0;911
30606;3;-59;0;911
30612;3;-59;0;911
30618;3;-59;0;911
30621;3;-59;0;911
30627;3;-59;0;911
30633;3;-59;0;911
30639;3;-59;0;911
30645;3;-59;0;911
30651;3;-59;0;911
30657;3;-59;0;911
30663;3;-59;0;911
30669;3;-59;0;911
30675;3;-59;0;911
30681;3;-59;0;911
30687;3;-59;0;911
30690;3;-59;0;911
30696;3;-59;0;911
30702;3;-59;0;911
30708;3;-59;0;911
30714;3;-59;0;911
30720;3;-59;0;911
30723;3;-59;0;911
30729;3;-59;0;911
30735;3;-59;0;911
30741;3;-59;0;911
30747;3;-59;0;911
30753;3;-59;0;911
30759;3;-59;0;911
30765;3;-59;0;911
30774;3;-59;0;911
30780;3;-59;0;911
30786;3;-59;0;911
30792;3;-59;0;911
30798;3;-59;0;911
30807;3;-59;0;911
30813;3;-59;0;911
30819;3;-59;0;911
30825;3;-59;0;911
30831;3;-59;0;911
30840;3;-59;0;911
30846;3;-59;0;911
30852;3;-59;0;911
30858;3;-59;0;911
30864;3;-59;0;911
30870;3;-59;0;911
30876;3;-59;0;911
30885;3;-59;0;911
30891;3;-59;0;911
30897;3;-59;0;911
30903;3;-59;0;911
30909;3;-59;0;911
30915;3;-59;0;911
30921;3;-59;0;911
30927;3;-59;0;911
30933;3;-59;0;911
30936;3;-59;0;911
30942;3;-59;0;911
30948;3;-59;0;911
30954;3;-59;0;911
30960;3;-59;0;911
30966;3;-59;0;911
30972;3;-59;0;911
30978;3;-59;0;911
30984;3;-59;0;911
30990;3;-59;0;911
30996;3;-59;0;911
31002;3;-59;0;911
31008;3;-59;0;911
31014;3;-59;0;911
31020;3;-59;0;911
31026;3;-59;0;911
31032;3;-59;0;911
31041;3;-59;0;911
31047;3;-59;0;911
31053;3;-59;0;911
31059;3;-59;0;911
31065;3;-59;0;911
31071;3;-59;0;911
31077;3;-59;0;911
31083;3;-59;0;911
31089;3;-59;0;911
31095;3;-59;0;911
31101;3;-59;0;911
31110;3;-59;0;911
31116;3;-59;0;911
31122;3;-59;0;911
31131;3;-59;0;911
31137;3;-59;0;911
31143;3;-59;0;911
31149;3;-59;0;911
31155;3;-59;0;911
31161;3;-59;0;911
31167;3;-59;0;911
31173;3;-59;0;911
31179;3;-59;0;911
31185;3;-59;0;911
31191;3;-59;0;911
31200;3;-59;0;911
31206;3;-59;0;911
31212;3;-59;0;911
31221;3;-59;0;911
31227;3;-59;0;911
31233;3;-59;0;911
31239;3;-59;0;911
31245;3;-59;0;911
31251;3;-59;0;911
31257;3;-59;0;911
31263;3;-59;0;911
31269;3;-59;0;911
31278;3;-59;0;911
31284;3;-59;0;911
31290;3;-59;0;911
31299;3;-59;0;911
31305;3;-59;0;911
31311;3;-59;0;911
31317;3;-59;0;911
31323;3;-59;0;911
31329;3;-59;0;911
31335;3;-59;0;911
31341;3;-59;0;911
31347;3;-59;0;911
31356;3;-59;0;911
31362;3;-59;0;911
31368;3;-59;0;911
31374;3;-59;0;911
31380;3;-59;0;911
31389;3;-59;0;911
31395;3;-59;0;911
31401;3;-59;0;911
31407;3;-59;0;911
31413;3;-59;0;911
31422;3;-59;0;911
31428;3;-59;0;911
31434;3;-59;0;911
31440;3;-59;0;911
31446;3;-59;0;911
31452;3;-59;0;911
31458;3;-59;0;911
31464;3;-59;0;911
31470;3;-59;0;911
31479;3;-59;0;911
31485;3;-59;0;911
31491;3;-59;0;911
31497;3;-59;0;911
31503;3;-59;0;911
31509;3;-59;0;911
31515;3;-59;0;911
31521;3;-59;0;911
31527;3;-59;0;911
31533;3;-59;0;911
31539;3;-59;0;911
31545;3;-59;0;911
31551;3;-59;0;911
31557;3;-59;0;911
31563;3;-59;0;911
31569;3;-59;0;911
31575;3;-59;0;911
31581;3;-59;0;911
31590;3;-59;0;911
31596;3;-59;0;911
31602;3;-59;0;911
31608;3;-59;0;911
31614;3;-59;0;911
31620;3;-59;0;911
31626;3;-59;0;911
31635;3;-59;0;911
31641;3;-59;0;911
31647;3;-59;0;911
31653;3;-59;0;911
31659;3;-59;0;911
31665;3;-59;0;911
31671;3;-59;0;911
31680;3;-59;0;911
31686;3;-59;0;911
31692;3;-59;0;911
31698;3;-59;0;911
31704;3;-59;0;911
31710;3;-59;0;911
31716;3;-59;0;911
31722;3;-59;0;911
31728;3;-59;0;911
31734;3;-59;0;911
31740;3;-59;0;911
31743;3;-59;0;911
31749;3;-59;0;911
31755;3;-59;0;911
31761;3;-59;0;911
31767;3;-59;0;911
31773;3;-59;0;911
31779;3;-59;0;911
31785;3;-59;0;911
31791;3;-59;0;911
31803;3;-59;0;911
31809;3;-59;0;911
31815;3;-59;0;911
31821;3;-59;0;911
31827;3;-59;0;911
31833;3;-59;0;911
31839;3;-59;0;911
31848;3;-59;0;911
31854;3;-59;0;911
31860;3;-59;0;911
31866;3;-59;0;911
31872;3;-59;0;911
31878;3;-59;0;911
31884;3;-59;0;911
31893;3;-59;0;911
31899;3;-59;0;911
31905;3;-59;0;911
31911;3;-59;0;911
31917;3;-59;0;911
31920;3;-59;0;911
31926;3;-59;0;911
31932;3;-59;0;911
31938;3;-59;0;911
31944;3;-59;0;911
31950;3;-59;0;911
31956;3;-59;0;911
31962;3;-59;0;911
31968;3;-59;0;911
31974;3;-59;0;911
31983;3;-59;0;911
31989;3;-59;0;911
31995;3;-59;0;911
32001;3;-59;0;911
32007;3;-59;0;911
32016;3;-59;0;911
32022;3;-59;0;911
32028;3;-59;0;911
32034;3;-59;0;911
32040;3;-59;0;911
32046;3;-59;0;911
32052;3;-59;0;911
32058;3;-59;0;911
32064;3;-59;0;911
32073;3;-59;0;911
32079;3;-59;0;911
32085;3;-59;0;911
32091;3;-59;0;911
32097;3;-59;0;911
32106;3;-59;0;911
32112;3;-59;0;911
32118;3;-59;0;911
32124;3;-59;0;911
32130;3;-59;0;911
32139;3;-59;0;911
32145;3;-59;0;911
32151;3;-59;0;911
32157;3;-59;0;911
32163;3;-59;0;911
32169;3;-59;0;911
32175;3;-59;0;911
32184;3;-59;0;911
32190;3;-59;0;911
32196;3;-59;0;911
32202;3;-59;0;911
32208;3;-59;0;911
32214;3;-59;0;911
32220;3;-59;0;911
32226;3;-59;0;911
32232;3;-59;0;911
32238;3;-59;0;911
32244;3;-59;0;911
32247;3;-59;0;911
32253;3;-59;0;911
32259;3;-59;0;911
32265;3;-59;0;911
32271;3;-59;0;911
32277;3;-59;0;911
32283;3;-59;0;911
32289;3;-59;0;911
32295;3;-59;0;911
32307;3;-59;0;911
32313;3;-59;0;911
32319;3;-59;0;911
32325;3;-59;0;911
32331;3;-59;0;911
32337;3;-59;0;911
32343;3;-59;0;911
32349;3;-59;0;911
32355;3;-59;0;911
32361;3;-59;0;911
32367;3;-59;0;911
32373;3;-59;0;911
32379;3;-59;0;911
32385;3;-59;0;911
32391;3;-59;0;911
32397;3;-59;0;911
32403;3;-59;0;911
32409;3;-59;0;911
32415;3;-59;0;911
32421;3;-59;0;911
32427;3;-59;0;911
32433;3;-59;0;911
32439;3;-59;0;911
32445;3;-59;0;911
32451;3;-59;0;911
32457;3;-59;0;911
32463;3;-59;0;911
32469;3;-59;0;911
32475;3;-59;0;911
32481;3;-59;0;911
32487;3;-59;0;911
32493;3;-59;0;911
32499;3;-59;0;911
32505;3;-59;0;911
32511;3;-59;0;911
32517;3;-59;0;911
32523;3;-59;0;911
32532;3;-59;0;911
32538;3;-59;0;911
32544;3;-59;0;911
32550;3;-59;0;911
32556;3;-59;0;911
32562;3;-59;0;911
32568;3;-59;0;911
32577;3;-59;0;911
32583;3;-59;0;911
32589;3;-59;0;911
32595;3;-59;0;911