tiempo;error;integral;derivada;setPoint
10764;-87;-24;1;1020
10770;-86;-48;1;1020
10776;-85;-72;0;1020
10782;-84;-96;0;1020
10788;-82;-118;1;1020
10794;-81;-140;1;1020
10800;-80;-162;1;1020
10806;-79;-184;0;1020
10812;-78;-206;0;1020
10818;-77;-228;0;1020
10824;-76;-248;0;1020
10830;-74;-268;1;1020
10836;-73;-288;1;1020
10842;-72;-308;1;1020
10848;-71;-328;1;1020
10854;-70;-348;1;1020
10860;-69;-367;1;1020
10866;-68;-385;1;1020
10872;-67;-403;1;1020
10878;-66;-421;1;1020
10884;-65;-439;1;1020
10890;-64;-457;1;1020
10896;-63;-475;1;1020
10902;-62;-492;0;1020
10908;-62;-508;0;1020
10914;-61;-524;0;1020
10920;-60;-540;0;1020
10926;-59;-556;0;1020
10932;-58;-572;1;1020
10938;-57;-588;1;1020
10944;-56;-604;1;1020
10953;-55;-627;1;1020
10959;-54;-641;1;1020
10965;-54;-655;0;1020
10971;-53;-669;0;1020
10977;-52;-683;1;1020
10983;-51;-697;1;1020
10989;-51;-711;0;1020
10995;-50;-725;0;1020
11001;-49;-739;1;1020
11007;-48;-752;1;1020
11013;-48;-764;0;1020
11019;-47;-776;0;1020
11025;-46;-788;1;1020
11031;-46;-800;0;1020
11037;-45;-812;0;1020
11043;-44;-824;1;1020
11049;-44;-836;0;1020
11055;-43;-848;0;1020
11061;-43;-860;0;1020
11067;-42;-872;0;1020
11073;-41;-883;1;1020
11079;-41;-893;0;1020
11085;-40;-903;1;1020
11091;-40;-913;0;1020
11097;-39;-923;0;1020
11103;-39;-933;0;1020
11109;-38;-943;0;1020
11115;-37;-953;1;1020
11121;-37;-963;0;1020
11127;-36;-973;1;1020
11133;-36;-983;0;1020
11139;-35;-993;1;1020
11145;-35;-1003;0;1020
11151;-34;-1012;1;1020
11157;-34;-1020;0;1020
11163;-33;-1028;1;1020
11169;-33;-1036;0;1020
11175;-32;-1044;1;1020
11181;-32;-1052;0;1020
11187;-32;-1060;0;1020
11193;-31;-1068;0;1020
11199;-31;-1076;0;1020
11205;-30;-1084;0;1020
11211;-30;-1092;0;1020
11217;-29;-1100;1;1020
11223;-29;-1108;0;1020
11229;-29;-1116;0;1020
11235;-28;-1124;0;1020
11241;-28;-1132;0;1020
11247;-27;-1139;1;1020
11253;-27;-1145;0;1020
11259;-27;-1151;0;1020
11265;-26;-1157;0;1020
11271;-26;-1163;0;1020
11277;-25;-1169;1;1020
11283;-25;-1175;0;1020
11289;-25;-1181;0;1020
11295;-24;-1187;1;1020
11301;-24;-1193;0;1020
11307;-24;-1199;0;1020
11313;-23;-1205;1;1020
11319;-23;-1211;0;1020
11325;-23;-1217;0;1020
11331;-23;-1223;0;1020
11337;-22;-1229;0;1020
11343;-22;-1235;0;1020
11349;-22;-1241;0;1020
11355;-21;-1247;0;1020
11361;-21;-1253;0;1020
11367;-21;-1259;0;1020
11373;-20;-1264;1;1020
11379;-20;-1268;0;1020
11385;-20;-1272;0;1020
11391;-20;-1276;0;1020
11397;-19;-1280;0;1020
11403;-19;-1284;0;1020
11409;-19;-1288;0;1020
11415;-19;-1292;0;1020
11421;-18;-1296;0;1020
11427;-18;-1300;0;1020
11433;-18;-1304;0;1020
11439;-18;-1308;0;1020
11445;-17;-1312;0;1020
11451;-17;-1316;0;1020
11457;-17;-1320;0;1020
11463;-17;-1324;0;1020
11469;-16;-1328;0;1020
11475;-16;-1332;0;1020
11481;-16;-1336;0;1020
11487;-16;-1340;0;1020
11493;-16;-1344;0;1020
11499;-15;-1348;0;1020
11505;-15;-1352;0;1020
11511;-15;-1356;0;1020
11517;-15;-1360;0;1020
11523;-15;-1364;0;1020
11529;-14;-1368;0;1020
11535;-14;-1372;0;1020
11541;-14;-1376;0;1020
11547;-14;-1380;0;1020
11553;-14;-1384;0;1020
11559;-13;-1386;0;1020
11565;-13;-1388;0;1020
11571;-13;-1390;0;1020
11577;31;-1382;-45;1020
11583;-14;-1386;-45;1020
11589;-14;-1390;-45;1020
11595;-14;-1394;-45;1020
11601;-14;-1398;-45;1020
11607;-13;-1401;-45;1020
11613;-13;-1403;-45;1020
11619;-13;-1405;-45;1020
11625;-13;-1407;-45;1020
11631;-13;-1409;-45;1020
11637;-13;-1411;45;1020
11643;-13;-1413;62;1020
11649;-12;-1415;1;1020
11655;-12;-1417;1;1020
11661;-12;-1419;1;1020
11667;-12;-1421;1;1020
11673;-12;-1423;1;1020
11679;-12;-1425;1;1020
11685;-11;-1427;1;1020
11691;-11;-1429;0;1020
11697;-11;-1431;0;1020
11703;-11;-1433;0;1020
11709;-11;-1435;0;1020
11715;34;-1432;-45;1020
11721;33;-1424;-45;1020
11727;33;-1416;-45;1020
11733;32;-1408;-45;1020
11739;32;-1400;-45;1020
11745;31;-1392;-45;1020
11751;31;-1384;-45;1020
11757;30;-1376;-45;1020
11763;30;-1368;-45;1020
11769;29;-1360;-45;1020
11775;29;-1352;-5;1020
11781;80;-1330;-52;1020
11787;131;-1301;-52;1020
11793;129;-1265;-52;1020
11799;127;-1229;-52;1020
11805;176;-1179;-52;1020
11811;225;-1115;-52;1020
11817;275;-1037;-52;1020
11823;315;-947;-52;1020
11829;363;-852;-52;1020
11835;409;-735;-52;1020
11841;507;-598;-442;1020
11847;551;-449;-442;1020
11853;640;-274;-442;1020
11859;684;-79;-442;1020
11865;822;149;-442;1020
11871;866;395;-442;1020
11877;999;674;-442;1020
11883;1087;978;-442;1020
11889;1221;1320;-442;1020
11895;1346;1692;-442;1020
11901;1428;2094;-1187;1020
11907;1553;2531;-1187;1020
11913;1724;3011;-1187;1020
11919;1851;3528;-1187;1020
11925;1969;4078;-1187;1020
11931;2125;4673;-1187;1020
11937;2282;5313;-1187;1020
11943;2432;5996;-1187;1020
11949;2582;6722;-1187;1020
11955;2670;7480;-1187;1020
11961;2804;8278;-1993;1020
11967;2987;9120;-1993;1020
11973;3153;10000;-1993;1020
11979;3307;10000;-1993;1020
11985;3421;10000;-1993;1020
11991;3568;10000;-1993;1020
11997;3709;10000;-1993;1020
12003;3843;10000;-1993;1020
12009;3964;10000;-1993;1020
12015;4085;10000;-1993;1020
12021;4193;10000;-2394;1020
12027;4301;10000;-2394;1020
12033;4396;10000;-2394;1020
12039;4478;10000;-2394;1020
12045;4560;10000;-2394;1020
12051;4648;10000;-2394;1020
12057;4685;10000;-2394;1020
12063;4734;10000;-2394;1020
12069;4777;10000;-2394;1020
12075;4807;10000;-2394;1020
12081;4831;10000;-1598;1020
12087;4835;10000;-1598;1020
12093;4826;10000;-1598;1020
12099;4817;10000;-1598;1020
12105;4801;10000;-1598;1020
12111;4773;10000;-1598;1020
12117;4744;10000;-1598;1020
12123;4709;10000;-1598;1020
12129;4661;10000;-1598;1020
12135;4613;10000;-1598;1020
12141;4565;10000;-694;1020
12147;4511;10000;-694;1020
12153;4456;10000;-694;1020
12159;4402;10000;-694;1020
12165;4334;10000;-694;1020
12171;4273;10000;-694;1020
12177;4206;10000;-694;1020
12183;4145;10000;-694;1020
12189;4090;10000;-694;1020
12195;4029;10000;-694;1020
12201;3962;10000;-357;1020
12207;3894;10000;-357;1020
12213;3846;10000;-357;1020
12219;3785;10000;-357;1020
12225;3731;10000;-357;1020
12231;3670;10000;-357;1020
12237;3609;10000;-357;1020
12243;3561;10000;-357;1020
12249;3513;10000;-357;1020
12255;3465;10000;-357;1020
12261;3417;10000;-415;1020
12267;3369;10000;-415;1020
12273;3321;10000;-415;1020
12279;3273;10000;-415;1020
12285;3225;10000;-415;1020
12291;3177;10000;-415;1020
12297;3129;10000;-16;1020
12336;2867;10000;-29;1020
12342;2819;10000;-29;1020
12348;2787;10000;-29;1020
12354;2739;10000;-29;1020
12360;2707;10000;-29;1020
12366;2659;10000;-29;1020
12372;2633;10000;-29;1020
12378;2585;10000;-435;1020
12384;2553;10000;-435;1020
12390;2505;10000;-435;1020
12396;2473;10000;-435;1020
12402;2441;10000;-435;1020
12408;2403;10000;-435;1020
12414;2355;10000;-435;1020
12420;2323;10000;-435;1020
12426;2291;10000;-435;1020
12432;2246;10000;-301;1020
12438;2214;10000;-301;1020
12444;2182;10000;-301;1020
12450;2137;10000;-301;1020
12456;2105;10000;-301;1020
12462;2073;10000;-301;1020
12468;2028;10000;-301;1020
12474;1996;10000;-301;1020
12480;1951;10000;-301;1020
12486;1922;10000;-301;1020
12492;1890;10000;-252;1020
12498;1845;10000;-252;1020
12504;1813;10000;-252;1020
12510;1784;10000;-252;1020
12516;1739;10000;-252;1020
12522;1707;10000;-252;1020
12528;1671;10000;-252;1020
12534;1626;10000;-252;1020
12540;1602;10000;-252;1020
12546;1578;10000;-168;1020
12552;1541;10000;-168;1020
12558;1506;10000;-168;1020
12564;1482;10000;-168;1020
12570;1445;10000;-168;1020
12576;1401;10000;-168;1020
12582;1385;10000;-168;1020
12588;1361;10000;-168;1020
12594;1326;10000;-84;1020
12600;1302;10000;-84;1020
12606;1273;10000;-84;1020
12612;1257;10000;-84;1020
12618;1233;10000;-84;1020
12624;1217;10000;-84;1020
12630;1201;10000;-84;1020
12636;1185;10000;-84;1020
12642;1161;10000;-84;1020
12648;1145;10000;-84;1020
12654;1129;10000;-171;1020
12660;1113;10000;-171;1020
12666;1110;10000;-21;1020
12672;1094;10000;-21;1020
12678;1097;10000;-21;1020
12684;1081;10000;-21;1020
12690;1065;10000;-21;1020
12696;1069;10000;-21;1020
12702;1053;10000;-21;1020
12708;1050;10000;-21;1020
12714;1034;10000;-21;1020
12720;1037;10000;-21;1020
12726;1034;10000;-244;1020
12732;1026;10000;-244;1020
12738;1010;10000;-244;1020
12744;1007;10000;-244;1020
12750;1011;10000;-244;1020
12756;995;10000;-244;1020
12762;992;10000;-244;1020
12768;976;10000;-244;1020
12774;981;10000;-244;1020
12780;965;10000;-244;1020
12786;949;10000;-203;1020
12792;946;10000;-203;1020
12798;938;10000;-203;1020
12804;935;10000;-203;1020
12810;919;10000;-203;1020
12816;903;10000;-203;1020
12822;908;10000;-203;1020
12828;892;10000;-203;1020
12834;889;10000;-156;1020
12840;881;10000;-156;1020
12846;865;10000;-156;1020
12852;857;10000;-156;1020
12858;854;10000;-156;1020
12864;851;10000;-156;1020
12870;849;10000;-156;1020
12876;846;10000;-156;1020
12882;838;10000;-156;1020
12888;835;10000;-156;1020
12894;843;10000;-193;1020
12900;841;10000;-193;1020
12906;838;10000;-193;1020
12912;835;10000;-193;1020
12918;843;10000;-193;1020
12924;840;10000;-193;1020
12930;838;10000;-193;1020
12936;842;10000;-193;1020
12942;847;10000;-193;1020
12948;831;10000;-193;1020
12954;825;10000;-251;1020
12960;2848;10000;-251;1020
12966;789;10000;-251;1020
12972;771;10000;-251;1020
12978;746;10000;-251;1020
12984;718;10000;-251;1020
12990;674;10000;-251;1020
12996;633;10000;-251;1020
13002;569;10000;-251;1020
13008;503;10000;-251;1020
13014;427;10000;124;1020
13020;322;10000;124;1020
13026;227;10000;124;1020
13032;107;10000;124;1020
13038;-5;10000;124;1020
13044;-153;9969;124;1020
13050;-333;9890;124;1020
13056;-529;9756;124;1020
13062;-742;9562;124;1020
13068;-931;9311;124;1020
13074;-1195;8990;1575;1020
13080;-1439;8600;1575;1020
13086;-1688;8139;1575;1020
13092;-1958;7604;1575;1020
13098;-2270;6979;1575;1020
13104;-2580;6264;1575;1020
13110;-2866;5463;1575;1020
13116;-3195;4573;1575;1020
13122;-3479;3595;1575;1020
13128;-3775;2533;1575;1020
13134;-4124;1379;3573;1020
13140;-4479;125;3573;1020
13146;-4840;-1233;3573;1020
13152;-5202;-2694;3573;1020
13158;-5550;-4254;3573;1020
13164;-5859;-5903;3573;1020
13170;-6169;-7647;3573;1020
13176;-6517;-9485;3573;1020
13182;-6814;-10000;3573;1020
13188;-7110;-10000;3573;1020
13194;-7439;-10000;4298;1020
13200;-7671;-10000;4298;1020
13206;-7987;-10000;4298;1020
13212;-8244;-10000;4298;1020
13218;-8534;-10000;4298;1020
13224;-8772;-10000;4298;1020
13230;-8997;-10000;4298;1020
13236;-9170;-10000;4298;1020
13242;-9330;-10000;4298;1020
13248;-9484;-10000;4298;1020
13254;-9657;-10000;3382;1020
13260;-9784;-10000;3382;1020
13266;-9899;-10000;3382;1020
13272;-10007;-10000;3382;1020
13278;-10076;-10000;3382;1020
13284;-10132;-10000;3382;1020
13290;-10181;-10000;3382;1020
13296;-10224;-10000;3382;1020
13302;-10254;-10000;3382;1020
13308;-10278;-10000;3382;1020
13314;-10301;-10000;3382;1020
13320;-10305;-10000;1656;1020
13326;-10296;-10000;1656;1020
13332;-10268;-10000;1656;1020
13338;-10239;-10000;1656;1020
13344;-10204;-10000;1656;1020
13350;-10156;-10000;1656;1020
13356;-10108;-10000;1656;1020
13362;-10054;-10000;1656;1020
13368;-9993;-10000;1656;1020
13374;-9925;-10000;1656;1020
13380;-9858;-10000;551;1020
13386;-9784;-10000;551;1020
13392;-9697;-10000;551;1020
13398;-9616;-10000;551;1020
13404;-9549;-10000;551;1020
13410;-9462;-10000;551;1020
13416;-9375;-10000;551;1020
13422;-9294;-10000;551;1020
13428;-9201;-10000;551;1020
13434;-9120;-10000;551;1020
13440;-9040;-10000;152;1020
13446;-8953;-10000;152;1020
13452;-8866;-10000;152;1020
13458;-8798;-10000;152;1020
13464;-8731;-10000;152;1020
13470;-8644;-10000;152;1020
13476;-8557;-10000;152;1020
13482;-8483;-10000;152;1020
13488;-8415;-10000;152;1020
13494;-8367;-10000;152;1020
13500;-8300;-10000;220;1020
13506;-8226;-10000;220;1020
13512;-8162;-10000;220;1020
13518;-8094;-10000;220;1020
13524;-8020;-10000;220;1020
13530;-7972;-10000;220;1020
13536;-7924;-10000;220;1020
13542;-7876;-10000;220;1020
13548;-7828;-10000;220;1020
13554;-7780;-10000;220;1020
13560;-7732;-10000;392;1020
13566;-7684;-10000;392;1020
13572;-7636;-10000;392;1020
13578;-7588;-10000;392;1020
13584;-7540;-10000;224;1020
13590;-7518;-10000;42;1020
13596;-7470;-10000;42;1020
13602;-7442;-10000;42;1020
13608;-7394;-10000;42;1020
13614;-7372;-10000;42;1020
13620;-7324;-10000;42;1020
13626;-7295;-10000;42;1020
13632;-7247;-10000;42;1020
13638;-7199;-10000;42;1020
13644;-7171;-10000;42;1020
13650;-7123;-10000;565;1020
13656;-7101;-10000;565;1020
13662;-7072;-10000;565;1020
13668;-7044;-10000;565;1020
13674;-6996;-10000;565;1020
13680;-6948;-10000;565;1020
13686;-6939;-10000;565;1020
13692;-6891;-10000;565;1020
13698;-6862;-10000;565;1020
13704;-6834;-10000;607;1020
13710;-6805;-10000;607;1020
13716;-6777;-10000;607;1020
13722;-6748;-10000;607;1020
13728;-6720;-10000;607;1020
13734;-6685;-10000;607;1020
13740;-6676;-10000;607;1020
13746;-6660;-10000;607;1020
13752;-6658;-10000;607;1020
13758;-6636;-10000;607;1020
13764;-6614;-10000;708;1020
13770;-6618;-10000;708;1020
13776;-6589;-10000;708;1020
13782;-6574;-10000;708;1020
13788;-6558;-10000;708;1020
13794;-6536;-10000;708;1020
13800;-6508;-10000;708;1020
13806;-6479;-10000;708;1020
13812;-6444;-10000;708;1020
13818;-6396;-10000;708;1020
13824;-6342;-10000;694;1020
13830;-6281;-10000;694;1020
13836;-6200;-10000;694;1020
13842;-6100;-10000;694;1020
13848;-5994;-10000;694;1020
13854;-5868;-10000;694;1020
13860;-5716;-10000;694;1020
13866;-5538;-10000;694;1020
13872;-5327;-10000;694;1020
13878;-5091;-10000;694;1020
13884;-4861;-10000;-449;1020
13890;-4585;-10000;-449;1020
13896;-4284;-10000;-449;1020
13902;-3963;-10000;-449;1020
13908;-3590;-10000;-449;1020
13914;-3197;-10000;-449;1020
13920;-2779;-10000;-449;1020
13926;-2363;-10000;-449;1020
13932;-1876;-10000;-449;1020
13938;-1383;-10000;-449;1020
13944;-834;-10000;-3273;1020
13950;-328;-10000;-3273;1020
13956;175;-9975;-3273;1020
13962;633;-9831;-3273;1020
13968;1173;-9538;-3273;1020
13974;1664;-9106;-3273;1020
13980;2191;-8514;-3273;1020
13986;2705;-7775;-3273;1020
13992;3145;-6907;-3273;1020
13998;3565;-5918;-3273;1020
14004;4017;-4799;-3273;1020
14010;4444;-3562;-5538;1020
14016;4805;-2214;-5538;1020
14022;5212;-753;-5538;1020
14028;5515;801;-5538;1020
14034;5818;2445;-5538;1020
14040;6076;4162;-5538;1020
14046;6255;5935;-5538;1020
14052;6415;7758;-5538;1020
14058;6549;9621;-5538;1020
14064;6638;10000;-5538;1020
14070;6681;10000;-3412;1020
14076;6698;10000;-3412;1020
14082;6669;10000;-3412;1020
14088;6615;10000;-3412;1020
14094;6534;10000;-3412;1020
14100;6421;10000;-3412;1020
14106;6289;10000;-3412;1020
14112;6130;10000;-3412;1020
14118;5926;10000;-3412;1020
14124;5716;10000;-3412;1020
14130;5512;10000;138;1020
14136;5282;10000;138;1020
14142;5039;10000;138;1020
14148;4783;10000;138;1020
14154;4540;10000;138;1020
14160;4284;10000;138;1020
14166;3989;10000;138;1020
14172;3752;10000;138;1020
14178;3470;10000;138;1020
14184;3221;10000;138;1020
14190;2965;10000;1587;1020
14196;2718;10000;1587;1020
14202;2495;10000;1587;1020
14208;2235;10000;1587;1020
14214;1976;10000;1587;1020
14220;1762;10000;1587;1020
14226;1504;10000;1587;1020
14232;1285;10000;1587;1020
14238;1080;10000;1587;1020
14244;915;10000;1587;1020
14250;708;10000;1587;1020
14256;498;10000;1815;1020
14262;295;10000;1815;1020
14268;91;10000;1815;1020
14274;-112;9982;1815;1020
14280;-317;9907;1815;1020
14286;-460;9791;1815;1020
14292;-612;9631;1815;1020
14298;-750;9424;1815;1020
14304;-894;9176;1815;1020
14310;-834;8931;1815;1020
14316;-666;8726;1454;1020
14322;-508;8574;1454;1020
14328;-344;8468;1454;1020
14334;-191;8400;1454;1020
14340;-84;8369;1454;1020
14346;14;8367;1454;1020
14352;117;8392;1454;1020
14358;263;8459;1454;1020
14364;363;8554;1454;1020
14370;455;8684;1454;1020
14376;596;8847;-1304;1020
14382;640;9030;-1304;1020
14388;726;9237;-1304;1020
14394;811;9469;-1304;1020
14400;845;9710;-1304;1020
14406;941;9972;-1304;1020
14412;970;10000;-1304;1020
14418;1006;10000;-1304;1020
14424;1036;10000;-1304;1020
14430;1117;10000;-1304;1020
14436;1101;10000;-817;1020
14442;1131;10000;-817;1020
14448;1167;10000;-817;1020
14454;1196;10000;-817;1020
14460;1226;10000;-817;1020
14466;1202;10000;-817;1020
14472;1238;10000;-817;1020
14478;1222;10000;-817;1020
14484;1251;10000;-817;1020
14490;1227;10000;-817;1020
14496;1211;10000;-462;1020
14502;1195;10000;-462;1020
14508;1179;10000;-462;1020
14514;1155;10000;-462;1020
14520;1139;10000;-462;1020
14526;1078;10000;-462;1020
14532;1010;10000;-462;1020
14538;994;10000;-462;1020
14544;986;10000;-39;1020
14550;879;10000;-39;1020
14556;863;10000;-39;1020
14562;753;10000;-39;1020
14568;741;10000;-39;1020
14574;636;10000;-39;1020
14580;578;10000;-39;1020
14586;518;10000;-39;1020
14592;417;10000;393;1020
14598;359;10000;393;1020
14604;307;10000;393;1020
14610;206;10000;393;1020
14616;106;10000;393;1020
14622;-44;9994;393;1020
14628;-193;9954;393;1020
14634;-293;9879;393;1020
14640;-386;9775;393;1020
14646;-484;9644;393;1020
14652;-626;9479;393;1020
14658;-774;9273;1107;1020
14664;-967;9012;1107;1020
14670;-1101;8704;1107;1020
14676;-1233;8357;1107;1020
14682;-1321;7980;1107;1020
14688;-1201;7622;1107;1020
14694;-983;7327;1107;1020
14700;-759;7095;1107;1020
14706;-546;6923;1107;1020
14712;-288;6820;1107;1020
14718;-82;6782;-217;1020
14724;165;6807;-217;1020
14730;363;6896;-217;1020
14736;604;7054;-217;1020
14742;836;7279;-217;1020
14748;1061;7562;-217;1020
14754;1279;7913;-217;1020
14760;1490;8326;-217;1020
14766;1739;8804;-217;1020
14772;1974;9351;-217;1020
14778;2218;9967;-2531;1020
14784;2378;10000;-2531;1020
14790;2586;10000;-2531;1020
14796;2788;10000;-2531;1020
14802;3000;10000;-2531;1020
14808;3193;10000;-2531;1020
14814;3379;10000;-2531;1020
14820;3545;10000;-2531;1020
14826;3673;10000;-2531;1020
14832;3833;10000;-2531;1020
14838;3954;10000;-2648;1020
14844;4068;10000;-2648;1020
14850;4170;10000;-2648;1020
14856;4252;10000;-2648;1020
14862;4295;10000;-2648;1020
14868;4318;10000;-2648;1020
14874;4316;10000;-2648;1020
14880;4274;10000;-2648;1020
14886;4207;10000;-2648;1020
14892;4107;10000;-2648;1020
14898;3968;10000;-1104;1020
14904;3796;10000;-1104;1020
14910;3579;10000;-1104;1020
14916;3330;10000;-1104;1020
14922;3035;10000;-1104;1020
14928;2681;10000;-1104;1020
14934;2337;10000;-1104;1020
14940;1889;10000;-1104;1020
14946;1441;10000;-1104;1020
14952;938;10000;-1104;1020
14958;445;10000;-1104;1020
14964;-106;9985;3064;1020
14970;-577;9855;3064;1020
14976;-1112;9574;3064;1020
14982;-1634;9148;3064;1020
14988;-2221;8555;3064;1020
14994;-2793;7798;3064;1020
15000;-3356;6879;3064;1020
15006;-3861;5808;3064;1020
15012;-4343;4596;3064;1020
15018;-4873;3241;3064;1020
15024;-5287;1759;5881;1020
15030;-5733;148;5881;1020
15036;-6153;-1584;5881;1020
15042;-6540;-3429;5881;1020
15048;-6895;-5373;5881;1020
15054;-7218;-7416;5881;1020
15060;-7501;-9535;5881;1020
15066;-7694;-10000;5881;1020
15072;-7880;-10000;5881;1020
15078;-8014;-10000;5881;1020
15084;-8102;-10000;4035;1020
15090;-8165;-10000;4035;1020
15096;-8201;-10000;4035;1020
15102;-8205;-10000;4035;1020
15108;-8190;-10000;4035;1020
15114;-8161;-10000;4035;1020
15120;-8113;-10000;4035;1020
15126;-8052;-10000;4035;1020
15132;-7978;-10000;4035;1020
15138;-7885;-10000;4035;1020
15144;-7798;-10000;656;1020
15150;-7698;-10000;656;1020
15156;-7598;-10000;656;1020
15162;-7478;-10000;656;1020
15168;-7365;-10000;656;1020
15174;-7246;-10000;656;1020
15180;-7123;-10000;656;1020
15186;-7036;-10000;656;1020
15192;-6949;-10000;656;1020
15198;-6856;-10000;656;1020
15204;-6769;-10000;-37;1020
15210;-6695;-10000;-37;1020
15216;-6627;-10000;-37;1020
15222;-6579;-10000;-37;1020
15228;-6531;-10000;-37;1020
15234;-6457;-10000;-37;1020
15240;-6409;-10000;-37;1020
15246;-6361;-10000;-37;1020
15252;-6339;-10000;-37;1020
15258;-6291;-10000;-37;1020
15264;-6263;-10000;454;1020
15270;-6260;-10000;454;1020
15276;-6212;-10000;454;1020
15282;-6210;-10000;454;1020
15288;-6201;-10000;454;1020
15294;-6172;-10000;454;1020
15300;-6163;-10000;454;1020
15306;-6154;-10000;454;1020
15312;-6165;-10000;454;1020
15318;-6149;-10000;454;1020
15324;-6153;-10000;815;1020
15330;-6151;-10000;815;1020
15336;-6155;-10000;815;1020
15342;-6159;-10000;815;1020
15348;-6150;-10000;815;1020
15354;-6141;-10000;815;1020
15360;-6125;-10000;815;1020
15366;-6097;-10000;815;1020
15372;-6075;-10000;815;1020
15378;-6033;-10000;815;1020
15384;-5985;-10000;811;1020
15390;-5931;-10000;811;1020
15396;-5857;-10000;811;1020
15402;-5770;-10000;811;1020
15408;-5670;-10000;811;1020
15414;-5557;-10000;811;1020
15420;-5431;-10000;811;1020
15426;-5285;-10000;811;1020
15432;-5088;-10000;811;1020
15438;-4897;-10000;811;1020
15444;-4680;-10000;-248;1020
15450;-4450;-10000;-248;1020
15456;-4200;-10000;-248;1020
15462;-3905;-10000;-248;1020
15468;-3591;-10000;-248;1020
15474;-3289;-10000;-248;1020
15480;-2903;-10000;-248;1020
15486;-2537;-10000;-248;1020
15492;-2167;-10000;-248;1020
15498;-1738;-10000;-248;1020
15504;-1305;-10000;-2389;1020
15510;-912;-10000;-2389;1020
15516;-419;-10000;-2389;1020
15522;-16;-10000;-2389;1020
15528;432;-9906;-2389;1020
15534;875;-9684;-2389;1020
15540;1329;-9341;-2389;1020
15546;1753;-8876;-2389;1020
15552;2130;-8295;-2389;1020
15558;2553;-7593;-2389;1020
15564;2970;-6772;-4706;1020
15570;3357;-5838;-4706;1020
15576;3693;-4809;-4706;1020
15582;4015;-3687;-4706;1020
15588;4377;-2467;-4706;1020
15594;4673;-1155;-4706;1020
15600;4957;240;-4706;1020
15606;5227;1712;-4706;1020
15612;5439;3247;-4706;1020
15618;5645;4841;-4706;1020
15624;5798;6485;-3788;1020
15630;5939;8175;-3788;1020
15636;6073;9903;-3788;1020
15642;6194;10000;-3788;1020
15648;6276;10000;-3788;1020
15654;6351;10000;-3788;1020
15660;6394;10000;-3788;1020
15666;6450;10000;-3788;1020
15672;6461;10000;-3788;1020
15678;6491;10000;-3788;1020
15684;6475;10000;-1637;1020
15690;6479;10000;-1637;1020
15696;6477;10000;-1637;1020
15702;6455;10000;-1637;1020
15708;6433;10000;-1637;1020
15714;6385;10000;-1637;1020
15720;6350;10000;-1637;1020
15726;6315;10000;-1637;1020
15732;6267;10000;-1637;1020
15738;6219;10000;-1637;1020
15744;6171;10000;-656;1020
15750;6110;10000;-656;1020
15756;6049;10000;-656;1020
15762;5988;10000;-656;1020
15768;5927;10000;-656;1020
15774;5853;10000;-656;1020
15780;5785;10000;-656;1020
15786;5692;10000;-209;1020
15792;5631;10000;-209;1020
15798;5531;10000;-209;1020
15804;5424;10000;-209;1020
15810;5318;10000;-209;1020
15816;5192;10000;-209;1020
15822;5079;10000;-209;1020
15828;4959;10000;-209;1020
15834;4814;10000;-209;1020
15840;4662;10000;-209;1020
15846;4510;10000;202;1020
15852;4345;10000;202;1020
15858;4115;10000;202;1020
15864;3911;10000;202;1020
15870;3694;10000;202;1020
15876;3509;10000;202;1020
15882;3279;10000;202;1020
15888;3010;10000;202;1020
15894;2728;10000;202;1020
15900;2449;10000;202;1020
15906;2154;10000;1356;1020
15912;1862;10000;1356;1020
15918;1619;10000;1356;1020
15924;1458;10000;1356;1020
15930;1252;10000;1356;1020
15936;1100;10000;1356;1020
15942;986;10000;1356;1020
15948;970;10000;1356;1020
15954;917;10000;1356;1020
15960;901;10000;1356;1020
15966;885;10000;1017;1020
15972;922;10000;1017;1020
15978;1004;10000;1017;1020
15984;1033;10000;1017;1020
15990;1108;10000;1017;1020
15996;1183;10000;1017;1020
16002;1250;10000;1017;1020
16008;1371;10000;1017;1020
16014;1483;10000;-771;1020
16020;1558;10000;-771;1020
16026;1664;10000;-771;1020
16032;1725;10000;-771;1020
16038;1777;10000;-771;1020
16044;1846;10000;-771;1020
16050;1898;10000;-771;1020
16056;1951;10000;-771;1020
16062;1997;10000;-771;1020
16068;2065;10000;-771;1020
16074;2111;10000;-1192;1020
16080;2118;10000;-1192;1020
16086;2125;10000;-1192;1020
16092;2132;10000;-1192;1020
16098;2139;10000;-1192;1020
16104;2107;10000;-1192;1020
16110;2114;10000;-1192;1020
16116;2082;10000;-1192;1020
16122;2089;10000;-1192;1020
16128;2057;10000;-1192;1020
16134;2025;10000;-609;1020
16140;1954;10000;-609;1020
16146;1883;10000;-609;1020
16152;1867;10000;-609;1020
16158;1796;10000;-609;1020
16164;1725;10000;-609;1020
16170;1670;10000;-609;1020
16176;1599;10000;-609;1020
16182;1497;10000;73;1020
16188;1397;10000;73;1020
16194;1295;10000;73;1020
16200;1194;10000;73;1020
16206;1094;10000;73;1020
16212;993;10000;73;1020
16218;938;10000;73;1020
16224;877;10000;73;1020
16230;869;10000;73;1020
16236;853;10000;73;1020
16242;791;10000;409;1020
16248;779;10000;409;1020
16254;771;10000;409;1020
16260;805;10000;409;1020
16269;785;10000;409;1020
16275;777;10000;409;1020
16281;765;10000;409;1020
16287;798;10000;409;1020
16293;786;10000;409;1020
16299;813;10000;-238;1020
16305;801;10000;-238;1020
16311;789;10000;-238;1020
16317;823;10000;-238;1020
16323;811;10000;-238;1020
16329;799;10000;-238;1020
16335;787;10000;-238;1020
16341;729;10000;-238;1020
16347;721;10000;-238;1020
16353;709;10000;-238;1020
16359;697;10000;-116;1020
16365;689;10000;-116;1020
16371;638;10000;-116;1020
16377;585;10000;-116;1020
16383;577;10000;-116;1020
16389;484;10000;-116;1020
16395;476;10000;-116;1020
16401;427;10000;-116;1020
16407;373;10000;200;1020
16413;285;10000;200;1020
16419;235;10000;200;1020
16425;186;10000;200;1020
16431;138;10000;200;1020
16437;91;10000;200;1020
16443;44;10000;200;1020
16449;-1;10000;200;1020
16455;-47;9994;200;1020
16461;-91;9975;200;1020
16467;-89;9951;429;1020
16473;-134;9920;429;1020
16482;-176;9858;429;1020
16488;-173;9810;429;1020
16494;-216;9749;429;1020
16500;-259;9682;429;1020
16506;-255;9610;429;1020
16512;-251;9539;429;1020
16518;-293;9463;429;1020
16524;-289;9381;255;1020
16530;-328;9288;255;1020
16536;-324;9196;255;1020
16542;-364;9092;255;1020
16548;-412;8983;255;1020
16554;-406;8867;255;1020
16560;-445;8747;255;1020
16566;-437;8622;255;1020
16572;-479;8485;255;1020
16578;-516;8338;333;1020
16584;-560;8178;333;1020
16590;-598;8014;333;1020
16596;-631;7840;333;1020
16602;-675;7647;333;1020
16608;-709;7444;333;1020
16614;-798;7222;333;1020
16620;-832;6992;333;1020
16626;-876;6742;333;1020
16632;-905;6483;333;1020
16638;-993;6207;633;1020
16644;-1075;5907;633;1020
16650;-1156;5584;633;1020
16656;-1186;5245;633;1020
16662;-1274;4888;633;1020
16668;-1347;4517;633;1020
16674;-1383;4129;633;1020
16680;-1457;3720;633;1020
16686;-1537;3287;633;1020
16692;-1618;2832;633;1020
16698;-1646;2361;1089;1020
16704;-1712;1871;1089;1020
16710;-1800;1355;1089;1020
16716;-1872;826;1089;1020
16722;-1937;271;1089;1020
16728;-2113;-319;1089;1020
16734;-2127;-921;1089;1020
16740;-2199;-1546;1089;1020
16746;-2271;-2189;1089;1020
16752;-2336;-2851;1089;1020
16758;-2401;-3531;1303;1020
16764;-2525;-4239;1303;1020
16770;-2545;-4960;1303;1020
16776;-2595;-5695;1303;1020
16782;-2667;-6451;1303;1020
16788;-2723;-7226;1303;1020
16794;-2788;-8017;1303;1020
16800;-2844;-8824;1303;1020
16806;-2894;-9648;1303;1020
16812;-2966;-10000;1303;1020
16818;-2970;-10000;1421;1020
16824;-3019;-10000;1421;1020
16830;-3075;-10000;1421;1020
16836;-3141;-10000;1421;1020
16842;-3190;-10000;1421;1020
16848;-3194;-10000;1421;1020
16854;-3244;-10000;1421;1020
16860;-3248;-10000;1421;1020
16866;-3245;-10000;1421;1020
16872;-3295;-10000;1421;1020
16878;-3299;-10000;1257;1020
16884;-3303;-10000;1257;1020
16890;-3300;-10000;1257;1020
16896;-3350;-10000;1257;1020
16902;-3302;-10000;1257;1020
16908;-3299;-10000;1257;1020
16914;-3303;-10000;1257;1020
16920;-3353;-10000;1257;1020
16926;-3305;-10000;1257;1020
16932;-3257;-10000;1257;1020
16938;-3254;-10000;931;1020
16944;-3252;-10000;931;1020
16950;-3204;-10000;931;1020
16956;-3156;-10000;931;1020
16962;-3160;-10000;931;1020
16968;-3112;-10000;931;1020
16974;-3064;-10000;931;1020
16980;-3016;-10000;931;1020
16986;-2968;-10000;931;1020
16992;-2936;-10000;931;1020
16998;-2836;-10000;546;1020
17004;-2788;-10000;546;1020
17010;-2756;-10000;546;1020
17016;-2662;-10000;546;1020
17022;-2630;-10000;78;1020
17028;-2553;-10000;78;1020
17034;-2505;-10000;78;1020
17040;-2421;-10000;78;1020
17046;-2343;-10000;78;1020
17052;-2259;-10000;78;1020
17058;-2182;-10000;78;1020
17064;-2150;-10000;78;1020
17070;-2020;-10000;78;1020
17076;-1943;-10000;-79;1020
17082;-1859;-10000;-79;1020
17088;-1729;-10000;-79;1020
17094;-1661;-10000;-79;1020
17100;-1592;-10000;-79;1020
17106;-1470;-10000;-79;1020
17112;-1394;-10000;-79;1020
17118;-1326;-10000;-79;1020
17124;-1205;-10000;-79;1020
17130;-1091;-10000;-79;1020
17136;-1023;-10000;-472;1020
17142;-903;-10000;-472;1020
17148;-798;-10000;-472;1020
17154;-682;-10000;-472;1020
17160;-624;-10000;-472;1020
17166;-512;-10000;-472;1020
17172;-402;-10000;-472;1020
17178;-299;-10000;-472;1020
17184;-191;-10000;-472;1020
17190;-85;-10000;-472;1020
17196;13;-9999;-888;1020
17202;116;-9974;-888;1020
17208;217;-9920;-888;1020
17214;305;-9846;-888;1020
17220;403;-9739;-888;1020
17226;449;-9618;-888;1020
17232;549;-9469;-888;1020
17238;635;-9295;-888;1020
17244;731;-9094;-888;1020
17250;823;-8866;-888;1020
17256;908;-8614;-1027;1020
17262;996;-8336;-1027;1020
17268;1086;-8032;-1027;1020
17274;1122;-7711;-1027;1020
17280;1202;-7374;-1027;1020
17286;1231;-7029;-1027;1020
17292;1267;-6666;-1027;1020
17298;1355;-6286;-1027;1020
17304;1429;-5885;-1027;1020
17310;1457;-5474;-1027;1020
17316;1538;-5042;-982;1020
17322;1566;-4595;-982;1020
17328;1588;-4141;-982;1020
17334;1661;-3672;-982;1020
17340;1689;-3196;-982;1020
17346;1719;-2712;-982;1020
17352;1739;-2221;-982;1020
17358;1759;-1724;-982;1020
17364;1788;-1212;-982;1020
17370;1808;-701;-982;1020
17376;1822;-185;-796;1020
17382;1806;333;-796;1020
17388;1819;854;-796;1020
17394;1839;1373;-796;1020
17400;1823;1895;-796;1020
17406;1791;2408;-796;1020
17412;1805;2918;-796;1020
17418;1789;3428;-796;1020
17424;1757;3932;-796;1020
17430;1725;4426;-796;1020
17436;1709;4916;-399;1020
17442;1677;5396;-399;1020
17448;1653;5869;-399;1020
17454;1629;6334;-399;1020
17460;1605;6793;-399;1020
17466;1581;7245;-399;1020
17472;1511;7677;-106;1020
17478;1487;8103;-106;1020
17484;1471;8524;-106;1020
17490;1395;8930;-106;1020
17496;1326;9317;-106;1020
17502;1310;9692;-106;1020
17508;1248;10000;-106;1020
17514;1172;10000;-106;1020
17520;1156;10000;-106;1020
17526;1095;10000;-106;1020
17532;975;10000;108;1020
17538;913;10000;108;1020
17544;853;10000;108;1020
17550;792;10000;108;1020
17556;728;10000;108;1020
17562;674;10000;108;1020
17568;562;10000;108;1020
17574;457;10000;108;1020
17580;449;10000;108;1020
17586;345;10000;108;1020
17592;237;10000;544;1020
17598;181;10000;544;1020
17604;81;10000;544;1020
17610;29;10000;544;1020
17616;-69;9988;544;1020
17622;-120;9962;544;1020
17628;-221;9907;544;1020
17634;-316;9823;544;1020
17640;-414;9712;544;1020
17646;-514;9573;544;1020
17652;-558;9414;875;1020
17658;-644;9237;875;1020
17664;-740;9034;875;1020
17670;-832;8812;875;1020
17676;-910;8564;875;1020
17682;-954;8300;875;1020
17688;-1042;8010;875;1020
17694;-1078;7701;875;1020
17700;-1160;7376;875;1020
17706;-1240;7027;875;1020
17712;-1328;6655;994;1020
17718;-1364;6273;994;1020
17724;-1385;5877;994;1020
17730;-1465;5457;994;1020
17736;-1553;5021;994;1020
17742;-1575;4577;994;1020
17748;-1655;4111;994;1020
17754;-1691;3629;994;1020
17760;-1756;3134;994;1020
17766;-1776;2625;994;1020
17772;-1812;2106;976;1020
17778;-1878;1575;976;1020
17784;-1943;1025;976;1020
17790;-1911;477;976;1020
17796;-1999;-88;976;1020
17802;-2013;-658;976;1020
17808;-2033;-1233;976;1020
17814;-2001;-1806;976;1020
17820;-2014;-2383;976;1020
17826;-2034;-2965;976;1020
17832;-2048;-3551;844;1020
17838;-2068;-4143;844;1020
17844;-2052;-4731;844;1020
17850;-2072;-5317;844;1020
17856;-2085;-5907;844;1020
17862;-2053;-6495;844;1020
17868;-2073;-7082;844;1020
17874;-2041;-7666;844;1020
17880;-2055;-8254;844;1020
17886;-2023;-8834;844;1020
17892;-1991;-9404;551;1020
17898;-1975;-9970;551;1020
17904;-1943;-10000;551;1020
17910;-1911;-10000;551;1020
17916;-1879;-10000;551;1020
17922;-1847;-10000;551;1020
17928;-1785;-10000;551;1020
17934;-1753;-10000;551;1020
17940;-1685;-10000;178;1020
17946;-1653;-10000;178;1020
17952;-1584;-10000;178;1020
17958;-1508;-10000;178;1020
17964;-1484;-10000;178;1020
17970;-1416;-10000;178;1020
17976;-1346;-10000;178;1020
17982;-1330;-10000;178;1020
17988;-1209;-10000;-160;1020
17994;-1193;-10000;-160;1020
18000;-1125;-10000;-160;1020
18006;-1063;-10000;-160;1020
18012;-943;-10000;-160;1020
18018;-927;-10000;-160;1020
18024;-822;-10000;-160;1020
18030;-758;-10000;-160;1020
18036;-700;-10000;-160;1020
18042;-640;-10000;-160;1020
18048;-524;-10000;-421;1020
18054;-475;-10000;-421;1020
18060;-363;-10000;-421;1020
18066;-305;-10000;-421;1020
18072;-255;-10000;-421;1020
18078;-148;-10000;-421;1020
18084;-43;-10000;-421;1020
18090;3;-10000;-421;1020
18096;55;-9986;-421;1020
18102;157;-9942;-421;1020
18108;258;-9877;-738;1020
18114;352;-9784;-738;1020
18120;398;-9678;-738;1020
18126;496;-9544;-738;1020
18132;540;-9390;-738;1020
18138;622;-9219;-738;1020
18144;718;-9022;-738;1020
18150;758;-8812;-738;1020
18156;850;-8576;-738;1020
18162;888;-8322;-738;1020
18168;924;-8065;-842;1020
18174;1012;-7783;-842;1020
18180;1100;-7476;-842;1020
18186;1181;-7146;-842;1020
18192;1217;-6798;-842;1020
18198;1305;-6432;-842;1020
18204;1327;-6058;-842;1020
18210;1363;-5669;-842;1020
18216;1391;-5278;-842;1020
18222;1472;-4863;-842;1020
18228;1500;-4441;-944;1020
18234;1528;-4010;-944;1020
18240;1556;-3564;-944;1020
18246;1630;-3105;-944;1020
18252;1606;-2645;-944;1020
18258;1679;-2171;-944;1020
18264;1663;-1695;-944;1020
18270;1751;-1203;-944;1020
18276;1719;-711;-944;1020
18282;1733;-221;-944;1020
18288;1769;278;-733;1020
18294;1737;776;-733;1020
18300;1750;1278;-733;1020
18306;1786;1790;-733;1020
18312;1754;2292;-733;1020
18318;1784;2794;-733;1020
18324;1752;3296;-733;1020
18330;1772;3797;-733;1020
18357;1660;5993;-467;1020
18363;1636;6460;-467;1020
18369;1612;6921;-467;1020
18375;1588;7375;-467;1020
18381;1564;7822;-467;1020
18387;1540;8263;-467;1020
18393;1516;8697;-16;1020
18399;1440;9110;44;1020
18408;1362;9711;44;1020
18414;1346;10000;44;1020
18420;1322;10000;44;1020
18426;1254;10000;44;1020
18435;1185;10000;44;1020
18444;1109;10000;44;1020
18453;1039;10000;44;1020
18459;971;10000;109;1020
18471;798;10000;109;1020
18477;782;10000;109;1020
18486;664;10000;109;1020
18498;544;10000;109;1020
18504;484;10000;109;1020
18510;379;10000;109;1020
18516;323;10000;448;1020
18522;265;10000;448;1020
18528;217;10000;448;1020
18534;109;10000;448;1020
18540;108;10000;448;1020
18546;3;10000;448;1020
18552;-94;9981;448;1020
18558;-196;9940;448;1020
18564;-245;9878;448;1020
18570;-293;9795;448;1020
18576;-387;9692;708;1020
18582;-485;9569;708;1020
18588;-477;9433;708;1020
18594;-573;9277;708;1020
18600;-655;9097;708;1020
18606;-647;8912;708;1020
18612;-739;8708;708;1020
18618;-831;8478;708;1020
18624;-871;8236;708;1020
18630;-961;7968;708;1020
18636;-997;7683;806;1020
18642;-1033;7395;806;1020
18648;-1069;7090;806;1020
18654;-1150;6767;806;1020
18666;-1222;6086;806;1020
18672;-1302;5721;806;1020
18678;-1332;5347;806;1020
18684;-1360;4964;806;1020
18690;-1396;4565;806;1020
18699;-1416;3956;787;1020
18705;-1489;3537;787;1020
18711;-1517;3110;787;1020
18726;-1559;2015;787;1020
18735;-1579;1342;787;1020
18744;-1599;654;787;1020
18756;-1596;-266;620;1020
18762;-1624;-731;620;1020
18768;-1652;-1204;620;1020
18774;-1628;-1669;620;1020
18780;-1650;-2140;620;1020
18786;-1626;-2605;620;1020
18792;-1654;-3071;620;1020
18801;-1614;-3767;620;1020
18807;-1590;-4223;418;1020
18813;-1566;-4672;418;1020
18819;-1542;-5114;418;1020
18825;-1526;-5551;418;1020
18831;-1502;-5980;418;1020
18837;-1478;-6403;418;1020
18846;-1446;-7026;418;1020
18852;-1422;-7434;168;1020
18858;-1354;-7821;-44;1020
18870;-1268;-8572;-44;1020
18876;-1252;-8930;-44;1020
18882;-1176;-9274;-44;1020
18888;-1160;-9605;-44;1020
18894;-1092;-9918;-44;1020
18900;-1076;-10000;-44;1020
18906;-1015;-10000;-44;1020
18912;-947;-10000;-44;1020
18918;-879;-10000;-71;1020
18924;-825;-10000;-71;1020
18930;-813;-10000;-71;1020
18936;-749;-10000;-71;1020
18942;-685;-10000;-71;1020
18948;-625;-10000;-71;1020
18954;-572;-10000;-71;1020
18960;-512;-10000;-71;1020
18966;-452;-10000;-71;1020
18972;-346;-10000;-409;1020
18978;-342;-10000;-409;1020
18984;-232;-10000;-409;1020
18990;-178;-10000;-409;1020
18999;-123;-10000;-409;1020
19050;467;-9516;-601;1020
19158;1286;-4772;-747;1020
19164;1322;-4402;-747;1020
19170;1343;-4025;-747;1020
19176;1379;-3638;-747;1020
19182;1355;-3251;-747;1020