tiempo;error;tiempoDev;derivada
21274;0;8;0
21324;0;24;0
21374;0;41;0
21424;0;58;0
21474;0;74;0
21524;0;91;0
21574;0;108;0
21624;0;125;0
21674;0;141;0
21724;0;158;0
21774;0;175;0
21824;0;191;0
21874;0;208;0
21924;0;225;0
21974;0;241;0
22024;0;258;0
22074;0;274;0
22124;0;291;0
22174;0;308;0
22224;0;324;0
22274;0;341;0
22324;0;358;0
22374;0;374;0
22424;0;391;0
22474;23;2;400
22524;101;1;700
22574;202;2;350
22624;286;2;400
22674;331;7;114
22724;346;15;53
22774;316;3;-233
22824;256;2;-350
22874;164;2;-350
22924;47;1;-700
22974;-62;2;-400
23024;-171;1;-700
23074;-256;2;-400
23124;-309;3;-266
23174;-323;13;-53
23224;-309;10;70
23274;-256;3;233
23324;-171;2;400
23374;-70;1;800
23424;23;2;400
23474;133;1;800
23524;210;3;266
23574;271;4;200
23624;294;10;80
23674;286;19;-42
23724;241;2;-350
23774;171;2;-400
23824;86;3;-500
23874;-7;3;-466
23924;-109;2;-400
23974;-187;3;-266
24024;-241;4;-200
24074;-271;8;-100
24124;-271;9;77
24174;-241;5;140
24224;-179;2;400
24274;-101;1;800
24324;-15;2;400
24374;70;2;400
24424;148;3;266
24474;210;3;266
24524;241;5;160
24574;241;9;-77
24624;218;4;-175
24674;171;3;-266
24724;101;1;-800
24774;23;2;-400
24824;-54;2;-350
24874;-133;2;-400
24924;-179;5;-160
24974;-218;8;-100
25024;-225;20;-35
25074;-210;6;133
25124;-171;5;160
25174;-117;3;266
25224;-39;1;800
25274;23;3;266
25324;101;1;700
25374;148;4;200
25424;187;6;133
25474;195;17;47
25524;187;31;-25
25574;156;5;-160
25624;109;4;-200
25674;47;3;-233
25724;-23;1;-800
25774;-86;1;-800
25824;-133;4;-200
25874;-164;8;-100
25924;-179;16;-50
25974;-171;27;29
26024;-148;5;160
26074;-109;4;200
26124;-54;3;266
26174;0;3;233
26224;54;4;175
26274;101;4;175
26324;140;6;116
26374;156;12;66
26424;148;18;-44
26474;133;7;-100
26524;101;5;-160
26574;54;4;-200
26624;7;4;-200
26674;-47;4;-200
26724;-94;4;-200
26774;-125;7;-114
26824;-140;13;-53
26874;-140;29;-24
26924;-125;12;66
26974;-94;4;175
27024;-54;4;200
27074;-15;6;133
27124;23;6;133
27174;70;3;266
27224;94;8;100
27274;109;15;53
27324;117;23;34
27374;101;8;-100
27424;86;10;-80
27474;54;7;-114
27524;15;6;-133
27574;-23;5;-160
27624;-54;5;-140
27674;-86;4;-200
27724;-101;9;-77
27774;-101;25;-28
27824;-94;36;19
27874;-78;12;66
27924;-54;8;100
27974;-23;5;160
28024;7;4;175
28074;31;7;114
28124;54;8;87
28174;70;12;66
28224;78;23;34
28274;70;17;-47
28324;54;5;-160
28374;39;6;-133
28424;23;10;-80
28474;-7;5;-140
28524;-23;11;-72
28574;-47;11;-72
28624;-54;18;-38
28674;-62;29;-27
28724;-54;23;34
28774;-54;40;20
28824;-39;15;53
28874;-23;11;72
28924;-7;13;61
28974;7;13;53
29024;23;14;57
29074;39;12;66
29124;39;28;28
29174;39;45;17
29224;39;62;12
29274;23;12;-66
29324;15;21;-38
29374;0;14;-50
29424;-7;17;-41
29474;-23;15;-53
29524;-23;32;-25
29574;-31;37;-21
29624;-31;54;-14
29674;-23;44;18
29724;-23;60;13
29774;-15;49;16
29824;-7;30;26
29874;0;31;22
29924;7;26;26
29974;7;43;16
30024;15;47;17
30074;15;64;12
30124;7;41;-19
30174;7;57;-14
30224;7;74;-10
30274;0;52;-13
30324;-7;24;-29
30374;-7;41;-17
30424;-7;58;-12
30474;-7;74;-9
30524;-7;91;-7
30574;-7;108;-6
30624;-7;125;-5
30674;-7;141;-4
30724;-7;158;-4
30774;-7;174;-4
30824;-7;191;-3
30874;-7;208;-3
30924;-7;224;-3
30974;-7;241;-2
31024;-7;258;-2
31074;-7;274;-2
31124;-7;291;-2
31174;-7;308;-2
31224;-7;324;-2
31274;-7;341;-2
31324;-7;358;-1
31374;-7;374;-1
31424;-7;391;-1
31474;-7;408;-1
31524;-7;424;-1
31574;-7;441;-1
31624;-7;458;-1
31674;-7;474;-1
31724;-7;491;-1
31774;-7;508;-1
31824;-7;524;-1
31874;-7;541;-1
31924;-7;558;-1
31974;-7;575;-1
32024;-7;591;-1
32074;-7;608;-1
32124;-7;624;-1
32174;-7;641;-1
32224;-7;658;-1
32274;-7;674;-1
32324;-7;691;-1
32374;-7;708;0
32424;-7;724;0
32474;-7;741;0
32524;-7;758;0
32574;-7;774;0
32624;-7;791;0
32674;-7;808;0
32724;-7;825;0
32774;-7;841;0
32824;-7;858;0
32874;-7;874;0
32924;-7;891;0
32974;-7;908;0
33024;-7;924;0
33074;-7;941;0
33124;-7;958;0
33174;-7;974;0
33224;-7;991;0
33274;-7;1008;0
33324;-7;1024;0
33374;-7;1041;0
33424;-7;1058;0
33474;-7;1074;0
33524;-7;1091;0
33574;-7;1108;0
33624;-7;1125;0
33674;-7;1141;0
33724;-7;1158;0
33774;-7;1174;0
33824;-7;1191;0
33874;-7;1208;0
33924;-7;1224;0
33974;-7;1241;0
34024;-7;1258;0
34074;-7;1274;0
34124;-7;1291;0
34174;-7;1308;0
34224;-7;1324;0
34274;-7;1341;0
34324;-7;1358;0
34374;23;4;200
34424;78;4;200
34474;125;5;160
34524;148;9;88
34574;164;14;57
34624;148;12;-66
34674;125;7;-114
34724;86;5;-160
34774;31;4;-200
34824;-23;2;-400
34874;-70;2;-400
34924;-117;2;-400
34974;-133;10;-80
35024;-148;16;-50
35074;-140;25;32
35124;-117;6;133
35174;-86;6;133
35224;-39;4;200
35274;7;2;350
35324;47;5;160
35374;86;4;200
35424;109;7;114
35474;117;17;47
35524;117;34;23
35574;101;11;-72
35624;70;5;-160
35674;39;6;-133
35724;-7;2;-350
35774;-39;4;-200
35824;-70;5;-160
35874;-94;10;-80
35924;-109;14;-57
35974;-101;18;44
36024;-86;5;160
36074;-70;9;88
36124;-39;5;160
36174;-7;4;200
36224;23;3;266
36274;47;8;100
36324;70;5;160
36374;78;17;47
36424;78;34;23
36474;70;37;-21
36524;54;10;-80
36574;31;8;-100
36624;7;8;-100
36674;-15;9;-88
36724;-39;8;-100
36774;-54;11;-63
36824;-62;22;-36
36874;-62;39;-20
36924;-54;41;19
36974;-47;21;33
37024;-31;11;72
37074;-15;12;66
37124;0;12;58
37174;15;15;53
37224;31;15;53
37274;39;20;40
37324;39;37;21
37374;39;53;15
37424;39;70;11
37474;23;16;-50
37524;7;11;-72
37574;-7;7;-100
37624;-15;18;-44
37674;-23;22;-36
37724;-31;29;-27
37774;-31;46;-17
37824;-31;62;-12
37874;-23;57;14
37924;-15;31;25
37974;-7;19;42
38024;0;21;33
38074;7;18;38
38124;7;34;20
38174;15;40;20
38224;15;57;14
38274;15;73;10
38324;7;58;-13
38374;7;75;-10
38424;7;91;-8
38474;0;52;-13
38524;-7;31;-22
38574;-7;47;-14
38624;-7;64;-10
38674;-7;81;-8
38724;-7;97;-7
38774;-7;114;-6
38824;-7;131;-5
38874;-7;147;-4
38924;-7;164;-4
38974;-7;181;-3
39024;-7;197;-3
39074;-7;214;-3
39124;-7;231;-3
39174;-7;247;-2
39224;-7;264;-2
39274;-7;281;-2
39324;-7;297;-2
39374;-7;314;-2
39424;-7;331;-2
39474;-7;348;-2
39524;-7;364;-1
39574;-7;381;-1
39624;-7;397;-1
39674;-7;414;-1
39724;-7;431;-1
39774;-7;447;-1
39824;-7;464;-1
39874;-7;481;-1
39924;-7;497;-1
39974;-7;514;-1
40024;-7;531;-1
40074;-7;548;-1
40124;-7;564;-1
40174;-7;581;-1
40224;-7;597;-1
40274;-7;614;-1
40324;-7;631;-1
40374;-7;648;-1
40424;-7;664;-1
40474;-7;681;-1
40524;-7;697;-1
40574;-7;714;0
40624;-7;731;0
40674;-7;747;0
40724;-7;764;0
40774;-7;781;0
40824;-7;797;0
40874;-7;814;0
40924;-7;831;0
40974;-7;847;0
41024;-7;864;0
41074;-7;881;0
41124;-7;897;0
41174;-7;914;0
41224;-7;931;0
41274;-7;947;0
41324;-7;964;0
41374;-7;981;0
41424;-7;997;0
41474;-7;1014;0
41524;-7;1031;0
41574;-7;1047;0
41624;-7;1064;0
41674;-7;1081;0
41724;-7;1098;0
41774;-7;1114;0
41824;-7;1131;0
41874;-7;1148;0
41924;-7;1164;0
41974;-7;1181;0
42024;-7;1198;0
42074;-7;1214;0
42124;-7;1231;0
42174;-7;1247;0
42224;-7;1264;0
42274;-7;1281;0
42324;-7;1297;0
42374;-7;1314;0
42424;-7;1331;0
42474;-7;1348;0
42524;-7;1364;0
42574;-7;1381;0
42624;-7;1397;0
42674;-7;1414;0
42724;-7;1431;0
42774;-7;1447;0
42824;-7;1464;0
42874;-7;1481;0
42924;-7;1497;0
42974;-7;1514;0
43024;-7;1531;0
43074;-7;1547;0
43124;-7;1564;0
43174;-7;1581;0
43224;-7;1598;0
43274;-7;1614;0
43324;-7;1631;0
43374;-7;1648;0
43424;-7;1664;0
43474;-7;1681;0
43524;7;7;100
43574;39;1;800
43624;70;5;160
43674;101;3;233
43724;109;16;50
43774;117;23;34
43824;101;16;-50
43874;70;3;-266
43924;39;3;-266
43974;7;5;-160
44024;-23;7;-114
44074;-54;8;-87
44124;-86;5;-160
44174;-101;9;-77
44224;-101;26;-26
44274;-86;10;80
44324;-70;8;100
44374;-47;10;70
44424;-23;8;100
44474;7;6;116
44524;39;3;266
44574;54;9;77
44624;70;11;72
44674;70;28;28
44724;70;44;18
44774;54;12;-66
44824;39;11;-72
44874;15;10;-80
44924;-7;7;-100
44974;-31;9;-88
45024;-47;13;-61
45074;-54;18;-38
45124;-54;35;-20
45174;-54;51;-13
45224;-47;61;11
45274;-31;15;53
45324;-15;13;61
45374;0;11;63
45424;15;13;61
45474;23;17;47
45524;39;13;61
45574;39;30;26
45624;39;46;17
45674;31;55;-14
45724;23;23;-34
45774;7;12;-66
45824;0;20;-35
45874;-15;16;-50
45924;-23;20;-40
45974;-23;36;-22
46024;-23;53;-15
46074;-23;70;-11
46124;-23;86;-9
46174;-15;91;8
46224;-7;22;36
46274;-7;39;20
46324;7;16;43
46374;7;32;21
46424;7;49;14
46474;7;66;10
46524;7;82;8
46574;7;99;7
46624;7;116;6
46674;0;118;-5
46724;0;135;-5
46774;-7;35;-20
46824;-7;51;-13
46874;-7;68;-10
46924;-7;85;-8
46974;-7;101;-6
47024;-7;118;-5
47074;-7;135;-5
47124;-7;151;-4
47174;-7;168;-4
47224;-7;185;-3
47274;-7;201;-3
47324;-7;218;-3
47374;-7;235;-2
47424;-7;251;-2
47474;-7;268;-2
47524;-7;285;-2
47574;-7;301;-2
47624;-7;318;-2
47674;-7;335;-2
47724;-7;351;-1
47774;-7;368;-1
47824;-7;385;-1
47874;-7;401;-1
47924;-7;418;-1
47974;-7;435;-1
48024;-7;451;-1
48074;-7;468;-1
48124;-7;485;-1
48174;-7;502;-1
48224;-7;518;-1
48274;-7;535;-1
48324;-7;551;-1
48374;-7;568;-1
48424;-7;585;-1
48474;-7;601;-1
48524;-7;618;-1
48574;-7;635;-1
48624;-7;652;-1
48674;-7;668;-1
48724;-7;685;-1
48774;-7;701;0
48824;-7;718;0
48874;-7;735;0
48924;-7;751;0
48974;-7;768;0
49024;-7;785;0
49074;-7;801;0
49124;-7;818;0
49174;-7;835;0
49224;-7;851;0
49274;-7;868;0
49324;-7;885;0
49374;-7;901;0
49424;-7;918;0
49474;-7;935;0
49524;-7;952;0
49574;-7;968;0
49624;-7;985;0
49674;-7;1001;0
49724;-7;1018;0
49774;-7;1035;0
49824;-7;1052;0
49874;-7;1068;0
49924;-7;1085;0
49974;-7;1102;0
50024;-7;1118;0
50074;-7;1135;0
50124;-7;1152;0
50174;-7;1168;0
50224;-7;1185;0
50274;-7;1201;0
50324;-7;1218;0
50374;-7;1235;0
50424;-7;1252;0
50474;-7;1268;0
50524;-7;1285;0
50574;-7;1301;0
50624;-7;1318;0
50674;0;1308;0
50724;15;11;72
50774;54;3;233
50824;101;2;350
50874;148;4;200
50924;202;3;233
50974;256;2;400
51024;316;2;350
51074;368;4;200
51124;432;1;700
51174;502;1;700
51224;555;2;300
51274;606;4;150
51324;655;2;300
51374;701;2;300
51424;723;6;83
51474;750;7;85
51524;775;2;250
51574;799;4;125
51624;827;4;125
51674;856;3;133
51724;887;3;133
51774;908;5;80
51824;923;7;42
51874;929;16;18
51924;929;32;9
51974;932;38;7
52024;938;16;18
52074;943;11;27
52124;953;6;33
52174;962;2;100
52224;970;3;66
52274;974;10;20
52324;974;27;7
52374;974;43;4
52424;975;54;1
52474;975;71;1
52524;977;33;6
52574;979;30;6
52624;980;21;4
52674;983;15;6
52724;985;25;8
52774;985;42;4
52824;986;43;2
52874;986;60;1
52924;987;40;2
52974;988;25;4
53024;988;42;2
53074;990;43;4
53124;988;24;-8
53174;985;7;-14
53224;970;1;-200
53274;926;1;-600
53324;804;1;-1400
53374;568;1;-1300
53424;187;1;-2300
53474;-210;1;-2300
53524;-568;1;-1900
53574;-809;1;-1000
53624;-914;1;-300
53674;-955;3;-66
53724;-958;9;22
53774;-917;1;300
53824;-813;1;900
53874;-619;1;1200
53924;-286;1;1500
53974;117;1;2300
54024;460;1;2100
54074;723;1;1100
54124;864;2;400
54174;923;2;150
54224;932;13;23
54274;894;1;-700
54324;804;1;-900
54374;606;1;-1300
54424;286;1;-1500
54474;-70;1;-2300
54524;-425;1;-2100
54574;-690;1;-1200
54624;-835;1;-400
54674;-904;1;-300
54724;-914;14;-21
54774;-872;1;400
54824;-775;1;1000
54874;-568;1;2600
54924;-278;1;1600
54974;70;1;2300
55024;411;1;2200
55074;649;1;1200
55124;804;1;1000
55174;872;2;200
55224;880;8;-37
55274;844;2;-200
55324;728;1;-600
55374;535;1;-2000
55424;241;1;-1500
55474;-109;1;-2300
55524;-411;1;-1400
55574;-655;1;-1200
55624;-794;1;-400
55674;-856;2;-200
55724;-860;10;40
55774;-804;2;250
55824;-690;1;1100
55874;-474;1;1400
55924;-179;1;2300
55974;148;1;1500
56024;432;1;1400
56074;655;1;1200
56124;775;1;500
56174;827;3;166
56224;818;3;-133
56274;755;1;-500
56324;619;1;-600
56374;382;1;-1500
56424;86;1;-1500
56474;-210;1;-1500
56524;-481;1;-1400
56574;-661;1;-1200
56624;-765;3;-333
56674;-804;7;-71
56724;-785;3;166
56774;-695;1;1200
56824;-529;1;1300
56874;-301;1;1500
56924;-15;1;2400
56974;271;1;1500
57024;495;1;700
57074;667;1;600
57124;744;2;250
57174;760;7;-71
57224;723;1;-500
57274;619;1;-600
57324;439;1;-1400
57374;187;1;-1500
57424;-101;1;-2300
57474;-346;1;-1500
57524;-555;1;-1300
57574;-678;1;-500
57624;-734;5;-120
57674;-728;5;120
57724;-655;2;600
57774;-529;2;650
57824;-323;1;1500
57874;-70;1;1600
57924;195;1;1600
57974;411;1;700
58024;587;1;600
58074;673;2;300
58124;701;10;60
58174;673;2;-250
58224;581;1;-600
58274;418;1;-1400
58324;195;1;-1500
58374;-47;1;-1600
58424;-286;1;-1500
58474;-481;1;-700
58524;-606;1;-600
58574;-667;4;-150
58624;-667;4;150
58674;-612;1;700
58724;-481;1;700
58774;-301;1;1500
58824;-70;1;1600
58874;164;1;1600
58924;375;1;1500
58974;529;1;1400
59024;612;2;300
59074;643;9;66
59124;619;3;-200
59174;529;2;-650
59224;368;1;-700
59274;179;1;-1600
59324;-54;1;-1500
59374;-271;1;-1500
59424;-446;1;-1400
59474;-555;1;-600
59524;-606;4;-150
59574;-606;13;46
59624;-542;1;700
59674;-418;1;1400
59724;-248;1;1500
59774;-47;1;1500
59824;171;1;1500
59874;346;1;800
59924;474;3;466
59974;562;3;233
60024;581;13;46
60074;549;3;-200
60124;446;2;-700
60174;309;1;-700
60224;117;1;-1600
60274;-86;1;-1600
60324;-271;1;-800
60374;-418;1;-700
60424;-515;2;-650
60474;-555;4;-150
60524;-542;7;100
60574;-467;2;350
60624;-353;1;700
60674;-187;1;1500
60724;7;1;1400
60774;179;1;800
60824;346;1;800
60874;446;2;350
60924;515;3;200
60974;515;11;-63
61024;474;2;-350
61074;375;1;-700
61124;233;1;-800
61174;54;1;-1600
61224;-117;1;-1600
61274;-278;1;-700
61324;-404;1;-700
61374;-467;4;-175
61424;-488;13;-53
61474;-460;3;233
61524;-382;1;700
61574;-263;1;800
61624;-101;1;1600
61674;54;1;700
61724;218;1;800
61774;346;2;400
61824;425;2;350
61874;460;8;87
61924;446;2;-350
61974;389;1;-800
62024;286;2;-750
62074;140;1;-800
62124;-7;1;-700
62174;-164;1;-800
62224;-301;1;-700
62274;-389;1;-700
62324;-432;6;-116
62374;-432;15;46
62424;-389;2;400
62474;-301;1;800
62524;-179;1;800
62574;-39;1;800
62624;109;1;800
62674;241;1;800
62724;346;1;800
62774;389;5;140
62824;404;16;43
62874;375;2;-350
62924;309;2;-350
62974;195;1;-700
63024;70;1;-800
63074;-70;1;-800
63124;-202;1;-700
63174;-309;1;-800
63224;-368;3;-266
63274;-389;10;-70
63324;-368;4;175
63374;-316;3;233
63424;-218;1;700
63474;-101;2;800
63524;31;1;800
63574;156;1;800
63624;248;2;350
63674;331;1;800
63724;360;6;116
63774;346;5;-140
63824;309;4;-175
63874;225;2;-400
63924;117;1;-800
63974;0;2;-350
64024;-125;2;-400
64074;-225;2;-350
64124;-294;3;-266
64174;-331;8;-100
64224;-331;14;50
64274;-301;3;266
64324;-233;2;400
64374;-140;2;400
64424;-31;2;400
64474;86;1;800
64524;179;1;800
64574;256;2;400
64624;301;5;140
64674;309;18;44
64724;286;4;-200
64774;225;1;-800
64824;148;1;-800
64874;47;2;-350
64924;-54;2;-350
64974;-148;2;-400
65024;-233;2;-400
65074;-278;4;-175
65124;-294;12;-66
65174;-278;10;80
65224;-225;1;800
65274;-156;2;400
65324;-70;2;400
65374;23;2;400
65424;117;1;800
65474;187;3;266
65524;241;4;200
65574;263;11;63
65624;256;19;-36
65674;218;4;-175
65724;156;2;-400
65774;78;2;-400
65824;-7;2;-350
65874;-101;1;-700
65924;-164;3;-266
65974;-218;5;-160
66024;-241;10;-80
66074;-241;13;53
66124;-210;3;266
66174;-156;3;266
66224;-94;2;350
66274;-7;1;800
66324;62;2;400
66374;133;2;400
66424;179;5;160
66474;210;8;100
66524;210;9;-88
66574;195;8;-87
66624;148;3;-266
66674;86;1;-800
66724;23;3;-266
66774;-47;3;-266
66824;-117;3;-266
66874;-164;4;-200
66924;-195;5;-160
66974;-202;18;-38
67024;-179;4;200
67074;-148;3;266
67124;-101;3;266
67174;-39;4;200
67224;23;4;200
67274;86;2;400
67324;133;4;200
67374;164;4;200
67424;171;17;41
67474;164;27;-25
67524;133;4;-175
67574;94;4;-175
67624;39;3;-266
67674;-15;4;-200
67724;-70;3;-266
67774;-117;5;-160
67824;-148;6;-133
67874;-156;18;-44
67924;-148;24;33
67974;-133;8;87
68024;-94;4;175
68074;-47;5;140
68124;7;2;350
68174;47;5;160
68224;86;6;133
68274;117;6;133
68324;133;12;66
68374;133;29;27
68424;109;9;-88
68474;86;8;-100
68524;39;3;-266
68574;0;4;-175
68624;-39;4;-200
68674;-78;5;-160
68724;-101;8;-87
68774;-117;15;-53
68824;-117;32;-25
68874;-101;9;88
68924;-78;8;100
68974;-47;8;87
69024;-7;3;266
69074;23;3;266
69124;54;4;175
69174;70;10;80
69224;86;14;57
69274;86;31;25
69324;78;40;-20
69374;62;10;-80
69424;39;8;-100
69474;7;6;-133
69524;-23;4;-200
69574;-47;7;-114
69624;-62;12;-66
69674;-70;18;-44
69724;-70;9;88
69774;-70;26;30
69824;-54;10;80
69874;-39;8;100
69924;-23;9;88
69974;0;8;87
70024;15;12;66
70074;31;14;57
70124;47;16;50
70174;47;33;24
70224;47;15;-46
70274;39;22;-36
70324;31;22;-36
70374;15;16;-50
70424;0;14;-50
70474;-15;15;-53
70524;-23;21;-38
70574;-39;14;-57
70624;-39;31;-25
70674;-39;47;-17
70724;-31;56;14
70774;-23;20;40
70824;-15;26;30
70874;-7;22;36
70924;7;11;63
70974;7;27;25
71024;15;35;22
71074;23;29;27
71124;23;46;17
71174;15;40;-20
71224;7;25;-32
71274;7;41;-19
71324;0;35;-20
71374;-7;23;-30
71424;-7;39;-17
71474;-15;42;-19
71524;-15;59;-13
71574;-7;1;800
71624;-7;17;47
71674;-7;34;23
71724;-7;50;16
71774;-7;67;11
71824;-7;84;9
71874;-7;100;8
71924;-7;117;6
71974;-7;134;5
72024;-7;150;5
72074;-7;167;4
72124;-7;184;4
72174;-7;200;4
72224;-7;217;3
72274;-7;234;3
72324;-7;251;3
72374;-7;267;2
72424;-7;284;2
72474;-7;300;2
72524;-7;317;2
72574;-7;334;2
72624;-7;350;2
72674;-7;367;2
72724;-7;384;2
72774;-7;400;2
72824;-7;417;1
72874;-7;434;1
72924;-7;451;1
72974;-7;467;1
73024;-7;484;1
73074;-7;500;1
73124;-7;517;1
73174;-7;534;1
73224;-7;551;1
73274;-7;567;1
73324;-7;584;1
73374;-7;600;1
73424;-7;617;1
73474;-7;634;1
73524;-7;650;1
73574;0;666;1
73624;7;24;29
73674;7;40;17
73724;23;12;66
73774;54;3;233
73824;94;4;200
73874;156;3;266
73924;210;4;200
73974;286;1;800
74024;338;3;233
74074;404;2;350
74124;460;2;350
74174;535;3;200
74224;594;3;233
74274;655;1;600
74324;690;5;120
74374;718;6;100
74424;739;6;83
74474;750;10;60
74524;765;6;83
74574;780;6;83
74624;799;5;100
74674;822;3;133
74724;840;7;71
74774;852;12;33
74824;868;7;57
74874;887;4;100
74924;901;5;60
74974;920;2;150
75024;929;11;27
75074;938;5;60
75124;938;22;13
75174;943;15;20
75224;946;27;11
75274;946;44;6
75324;946;61;4
75374;946;77;3
75424;946;94;3
75474;946;110;2
75524;946;127;2
75574;948;10;20
75624;948;26;7
75674;948;43;4
75724;948;60;3
75774;948;76;2
75824;948;93;2
75874;948;110;1
75924;943;7;-42
75974;904;1;-400
76024;794;1;-1000
76074;575;1;-1900
76124;256;1;-1500
76174;-140;1;-2300
76224;-474;1;-1400
76274;-728;1;-1600
76324;-864;1;-400
76374;-920;4;-150
76424;-923;9;33
76474;-880;1;700
76524;-775;1;1000
76574;-568;1;1300
76624;-256;1;2200
76674;94;1;2400
76724;439;1;2100
76774;690;1;1200
76824;827;1;500
76874;887;2;200
76924;894;16;18
76974;852;1;-400
77024;739;1;-500
77074;529;1;-1300
77124;233;1;-2300
77174;-117;1;-1600
77224;-446;1;-1400
77274;-678;1;-500
77324;-809;1;-500
77374;-868;3;-133
77424;-872;12;33
77474;-813;1;500
77524;-690;1;1100
77574;-481;1;1400
77624;-179;1;2300
77674;156;1;1600
77724;446;1;1400
77774;667;1;1200
77824;794;1;900
77874;840;3;166
77924;835;6;-83
77974;765;1;-500
78024;637;1;-600
78074;397;1;-1400
78124;94;1;-2300
78174;-210;1;-1500
78224;-481;1;-1400
78274;-678;1;-1100
78324;-785;1;-500
78374;-818;7;-71
78424;-799;3;166
78474;-718;1;500
78524;-549;1;600
78574;-309;1;1400
78624;-39;1;1500
78674;256;1;1500
78724;502;1;700
78774;667;2;600
78824;755;2;250
78874;775;12;41
78924;744;2;-300
78974;637;1;-1200
79024;453;1;-1400
79074;218;1;-1500
79124;-70;1;-1600
79174;-346;1;-1500
79224;-549;1;-1400
79274;-678;2;-250
79324;-744;3;-166
79374;-744;4;150
79424;-678;1;1200
79474;-542;1;1300
79524;-360;1;1500
79574;-101;1;1600
79624;171;1;1500
79674;397;1;800
79724;581;1;600
79774;684;2;300
79824;718;6;100
79874;695;3;-200
79924;606;1;-1300
79974;446;1;-1400
80024;241;1;-700
80074;-23;1;-800
80124;-263;1;-1500
80174;-474;1;-1400
80224;-606;1;-600
80274;-678;2;-250
80324;-684;11;54
80374;-631;1;600
80424;-522;1;700
80474;-338;1;1500
80524;-109;1;800
80574;125;1;1600
80624;346;1;800
80674;515;1;600
80724;619;2;350
80774;655;8;75
80824;637;3;-200
80874;562;2;-300
80924;411;1;-700
80974;210;1;-1500
81024;-15;1;-1500
81074;-241;1;-1600
81124;-432;1;-1400
81174;-555;1;-600
81224;-619;3;-233
81274;-625;14;42
81324;-568;1;700
81374;-460;1;700
81424;-294;1;700
81474;-86;1;800
81524;133;1;1600
81574;331;1;800
81624;467;1;700
81674;568;2;300
81724;600;9;66
81774;575;3;-200
81824;488;1;-700
81874;346;1;-700
81924;164;1;-1500
81974;-39;1;-800
82024;-241;1;-1600
82074;-397;1;-800
82124;-509;2;-350
82174;-568;2;-300
82224;-562;16;37
82274;-502;2;350
82324;-389;1;800
82374;-233;1;1500
82424;-39;1;800
82474;164;1;1600
82524;323;1;700
82574;446;1;700
82624;522;4;175
82674;542;10;70
82724;502;2;-350
82774;411;1;-700
82824;278;1;-800
82874;101;1;-1600
82924;-86;1;-800
82974;-263;1;-700
83024;-389;1;-700
83074;-474;2;-350
83124;-509;8;-87
83174;-488;3;233
83224;-425;2;350
83274;-316;1;700
83324;-164;1;700
83374;15;1;800
83424;179;1;1500
83474;323;1;700
83524;418;2;350
83574;474;4;175
83624;474;11;-63
83674;425;3;-233
83724;331;1;-700
83774;195;1;-700
83824;39;1;-800
83874;-125;1;-800
83924;-271;1;-800
83974;-375;2;-350
84024;-439;3;-233
84074;-453;14;-50
84124;-418;2;350
84174;-338;1;800
84224;-225;1;800
84274;-86;1;800
84324;70;2;800
84374;210;1;800
84424;331;1;800
84474;389;3;233
84524;418;10;70
84574;404;4;-175
84624;346;2;-350
84674;241;2;-750
84724;117;3;-533
84774;-23;2;-800
84824;-164;3;-533
84874;-286;1;-800
84924;-360;2;-350
84974;-397;7;-114
85024;-389;6;133
85074;-346;2;350
85124;-263;2;400
85174;-140;1;800
85224;-15;1;800
85274;117;1;800
85324;233;2;400
85374;316;2;350
85424;360;6;116
85474;368;4;-175
85524;338;5;-160
85574;263;2;-400
85624;156;1;-800
85674;31;1;-800
85724;-86;1;-800
85774;-202;1;-700
85824;-286;1;-800
85874;-331;6;-133
85924;-346;4;175
85974;-323;4;200
86024;-271;3;233
86074;-171;1;800
86124;-70;1;800
86174;47;1;800
86224;156;2;400
86274;241;1;800
86324;301;3;233
86374;323;12;58
86424;309;9;-77
86474;256;1;-700
86524;179;1;-800
86574;86;1;-800
86624;-23;1;-800
86674;-133;1;-800
86724;-210;3;-266
86774;-271;4;-200
86824;-301;9;-77
86874;-294;23;30
86924;-256;3;233
86974;-187;2;400
87024;-109;2;400
87074;-7;2;400
87124;94;2;400
87174;179;1;800
87224;233;4;200
87274;271;6;133
87324;271;22;36
87374;241;3;-233
87424;179;1;-800
87474;109;2;-400
87524;15;2;-400
87574;-70;2;-400
87624;-148;3;-266
87674;-210;4;-200
87724;-248;8;-87
87774;-256;20;-40
87824;-233;5;160
87874;-179;1;800
87924;-117;2;400
87974;-39;2;400
88024;47;2;400
88074;117;2;400
88124;179;3;266
88174;218;6;133
88224;225;18;38
88274;210;5;-160
88324;179;5;-160
88374;117;2;-400
88424;47;3;-233
88474;-31;3;-266
88524;-101;2;-350
88574;-164;2;-400
88624;-202;4;-175
88674;-210;16;-50
88724;-202;29;27
88774;-171;6;133
88824;-117;1;800
88874;-54;1;800
88924;7;3;233
88974;70;3;266
89024;133;2;400
89074;164;6;133
89124;187;12;66
89174;179;19;-42
89224;156;6;-133
89274;117;4;-200
89324;54;1;-800
89374;0;4;-175
89424;-54;4;-175
89474;-117;3;-266
89524;-148;8;-100
89574;-164;14;-57
89624;-164;16;43
89674;-148;8;100
89724;-117;4;200
89774;-62;3;266
89824;-7;2;400
89874;39;2;400
89924;86;4;200
89974;125;6;133
90024;140;13;53
90074;148;20;40
90124;133;16;-43
90174;101;4;-200
90224;62;5;-160
90274;15;5;-160
90324;-31;4;-200
90374;-70;5;-160
90424;-109;6;-133
90474;-125;14;-57
90524;-133;22;-36
90574;-117;9;88
90624;-101;9;88
90674;-62;6;133
90724;-23;4;200
90774;15;5;160
90824;54;3;233
90874;78;8;100
90924;101;5;140
90974;101;22;31
91024;101;39;17
91074;78;9;-88
91124;54;6;-133
91174;23;6;-133
91224;-15;4;-200
91274;-39;6;-133
91324;-70;4;-200
91374;-86;9;-88
91424;-86;25;-32
91474;-86;42;-19
91524;-70;9;88
91574;-54;10;80
91624;-31;10;80
91674;-7;7;114
91724;15;10;80
91774;39;6;133
91824;54;10;70
91874;54;26;26
91924;54;43;16
91974;54;59;11
92024;39;13;-61
92074;23;11;-72
92124;7;12;-66
92174;-15;11;-72
92224;-31;12;-66
92274;-39;17;-47
92324;-47;27;-29
92374;-47;44;-18
92424;-39;40;20
92474;-31;25;32
92524;-23;18;44
92574;-7;12;66
92624;0;20;35
92674;7;24;29
92724;23;15;53
92774;23;32;25
92824;23;49;16
92874;23;65;12
92924;15;70;-11
92974;7;20;-40
93024;7;36;-22
93074;-7;15;-46
93124;-7;32;-21
93174;-15;36;-22
93224;-15;53;-15
93274;-15;70;-11
93324;-15;86;-9
93374;-7;75;10
93424;-7;92;8
93474;-7;108;7
93524;-7;125;6
93574;-7;142;5
93624;-7;159;5
93674;-7;175;4
93724;-7;192;4
93774;-7;208;3
93824;-7;225;3
93874;-7;242;3
93924;-7;258;3
93974;-7;275;2
94024;-7;292;2
94074;-7;308;2
94124;-7;325;2
94174;-7;342;2
94224;-7;358;2
94274;-7;375;2
94324;-7;392;2
94374;-7;409;1
94424;-7;425;1
94474;-7;442;1
94524;-7;458;1
94574;-7;475;1
94624;-7;492;1
94674;-7;508;1
94724;-7;525;1
94774;-7;542;1
94824;-7;559;1
94874;-7;575;1
94924;-7;592;1
94974;-7;608;1
95024;-7;625;1
95074;-7;642;1
95124;-7;658;1
95174;-7;675;1
95224;-7;692;1
95274;-7;708;1
95324;-7;725;1
95374;-7;742;1
95424;-7;758;1
95474;-7;775;1
95524;-7;792;1
95574;-7;808;0
95624;-7;825;0
95674;-7;842;0
95724;-7;858;0
95774;-7;875;0
95824;-7;892;0
95874;-7;909;0
95924;-7;925;0
95974;-7;942;0
96024;-7;958;0
96074;-7;975;0
96124;-7;992;0
96174;-7;1008;0
96224;-7;1025;0
96274;-7;1042;0
96324;-7;1058;0
96374;-7;1075;0
96424;-7;1092;0
96474;-7;1108;0
96524;-7;1125;0
96574;-7;1142;0
96624;-7;1158;0
96674;-7;1175;0
96724;-7;1192;0
96774;-7;1208;0
96824;-7;1225;0
96874;-7;1242;0
96924;-7;1258;0
96974;-7;1275;0
97024;-7;1292;0
97074;-7;1309;0
97124;-7;1325;0
97174;-7;1342;0
97224;-7;1358;0
97274;-7;1375;0
97324;-7;1392;0
97374;-7;1408;0
97424;-7;1425;0
97474;-7;1442;0
97524;-7;1458;0
97574;-7;1475;0
97624;-7;1492;0
97674;-7;1508;0
97724;-7;1525;0
97774;-7;1542;0
97824;-7;1558;0
97874;-7;1575;0
97924;-7;1592;0
97974;0;1538;0
98024;54;1;700
98074;171;1;700
98124;286;2;750
98174;411;1;700
98224;542;1;700
98274;667;1;600
98324;785;1;500
98374;883;1;300
98424;964;1;400
98474;998;2;50
98524;991;1;-100
98574;953;1;-500
98624;883;1;-400
98674;780;1;-1000
98724;655;1;-600
98774;488;1;-700
98824;301;1;-1500
98874;164;1;-700
98924;54;1;-800
98974;7;3;233
99024;54;4;175
99074;86;5;160
99124;109;9;88
99174;125;15;53
99224;125;32;25
99274;125;49;16
99324;125;65;12
99374;117;75;-10
99424;109;25;-32
99474;101;26;-30
99524;101;42;-19
99574;94;43;-16
99624;86;27;-29
99674;70;16;-50
99724;62;22;-36
99774;47;11;-63
99824;39;19;-42
99874;31;29;-27
99924;23;30;-26
99974;23;46;-17
100024;23;63;-12
100074;31;65;12
100124;39;23;34
100174;47;26;30
100224;70;5;160
100274;70;21;38
100324;39;10;-80
100374;7;7;-114
100424;15;7;114
100474;39;5;160
100524;62;6;133
100574;94;6;133
100624;140;4;175
100674;202;2;350
100724;278;2;350
100774;389;1;700
100824;535;1;600
100874;701;1;1100
100924;883;1;700
100974;994;1;300
101024;914;1;-1200
101074;509;1;-3300
101124;-109;1;-3900
101174;-701;1;-3400
101224;-975;1;-700
101274;-980;1;300
101324;-860;1;1200
101374;-712;1;1100
101424;-625;1;600
101474;-581;4;150
101524;-581;8;-75
101574;-643;2;-600
101624;-755;1;-1100
101674;-887;1;-700
101724;-990;1;-400
101774;-953;1;900
101824;-637;1;3000
101874;-86;1;3900
101924;522;1;3400
101974;901;1;1400
102024;999;3;33
102074;943;1;-500
102124;840;1;-800
102174;775;2;-250
102224;750;3;200
102274;790;1;500
102324;868;1;400
102374;964;1;400
102424;994;1;-200
102474;848;1;-1600
102524;432;1;-2800
102574;-179;1;-3100
102624;-678;1;-2900
102674;-948;1;-800
102724;-997;1;100
102774;-943;1;500
102824;-887;1;400
102874;-864;10;40
102924;-891;2;-200
102974;-953;1;-500
103024;-999;1;-100
103074;-946;1;700
103124;-678;1;2300
103174;-171;1;3900
103224;375;1;3700
103274;794;1;1400
103324;977;1;500
103374;996;1;-100
103424;958;1;-200
103474;929;4;-75
103524;938;2;150
103574;977;1;300
103624;998;5;-20
103674;911;1;-900
103724;643;1;-2400
103774;148;1;-3900
103824;-368;1;-3000
103874;-780;1;-1500
103924;-964;1;-400
103974;-999;5;-20
104024;-980;1;200
104074;-966;7;28
104124;-980;1;-100
104174;-999;2;-50
104224;-968;1;600
104274;-790;1;1900
104324;-432;1;2100
104374;101;1;3100
104424;555;1;2600
104474;860;1;1200
104524;983;1;300
104574;998;3;-33
104624;990;3;-33
104674;991;4;25
104724;999;6;16
104774;970;1;-400
104824;827;1;-1300
104874;515;1;-2700
104924;23;1;-3100
104974;-453;1;-2100
105024;-804;1;-1900
105074;-953;1;-500
105124;-997;1;-100
105174;-999;8;2387
105224;-999;16;-6
105274;-996;1;100
105324;-955;1;700
105374;-794;1;1900
105424;-460;1;2800
105474;-23;1;3100
105524;446;1;2800
105574;780;1;1500
105624;935;1;600
105674;990;1;200
105724;999;7;14
105774;998;19;-5
105824;982;1;-100
105874;904;1;-700
105924;707;1;-1600
105974;346;1;-2200
106024;-117;1;-2300
106074;-535;1;-2000
106124;-813;1;-1400
106174;-943;1;-500
106224;-986;1;-100
106274;-994;9;-11
106324;-986;1;100
106374;-946;1;200
106424;-818;1;1300
106474;-542;1;2600
106524;-164;1;3100
106574;271;1;1500
106624;643;1;1800
106674;852;1;800
106724;948;1;500
106774;979;3;66
106824;980;6;-33
106874;951;1;-200
106924;856;1;-800
106974;655;1;-1800
107024;309;1;-2200
107074;-117;1;-3100
107124;-502;1;-2100
107174;-765;1;-1500
107224;-908;1;-700
107274;-958;1;-300
107324;-966;11;-18
107374;-946;2;100
107424;-872;1;800
107474;-690;1;1700
107524;-389;1;1500
107574;-23;1;1600
107624;375;1;2200
107674;678;1;1100
107724;844;1;900
107774;923;1;300
107824;943;7;42
107874;926;1;-300
107924;856;1;-800
107974;690;1;-1100
108024;432;1;-1400
108074;54;1;-3200
108124;-323;1;-2200
108174;-631;1;-1200
108224;-813;1;-900
108274;-894;2;-150
108324;-923;8;-37
108374;-908;1;300
108424;-840;1;800
108474;-684;1;1100
108524;-418;1;1400
108574;-70;1;2400
108624;271;1;2300
108674;581;1;1900
108724;770;1;1000
108774;864;1;400
108824;894;6;50
108874;876;2;-200
108924;804;1;-500
108974;643;1;-1200
109024;368;1;-2100
109074;31;1;-2300
109124;-301;1;-2300
109174;-575;1;-1300
109224;-755;1;-1100
109274;-848;1;-400
109324;-876;6;-66
109374;-852;3;133
109424;-765;1;1000
109474;-587;1;1300
109524;-338;1;2200
109574;-7;1;2400
109624;316;1;2200
109674;568;1;1300
109724;734;1;1100
109774;822;1;400
109824;840;10;50
109874;809;2;-200
109924;701;1;-1100
109974;529;1;-1300
110024;256;1;-1500
110074;-70;1;-2300
110124;-375;1;-1500
110174;-594;1;-1300
110224;-744;1;-1000
110274;-804;3;-166
110324;-813;6;83
110374;-755;1;1000
110424;-631;1;1200
110474;-432;1;1400
110524;-164;1;2300
110574;117;1;1600
110624;404;1;1500
110674;606;1;1200
110724;718;1;600
110774;770;6;83
110824;765;5;-100
110874;695;1;-600
110924;555;1;-1300
110974;331;1;-1500
111024;70;1;-1600
111074;-225;1;-1500
111124;-460;1;-700
111174;-619;1;-700
111224;-723;3;-366
111274;-750;9;-66
111324;-723;2;250
111374;-625;1;600
111424;-446;1;1400
111474;-233;1;1500
111524;47;1;2400
111574;301;1;1500
111624;515;1;1300
111674;643;1;600
111724;707;3;200
111774;712;16;31
111824;655;1;-600
111874;529;1;-1300
111924;346;1;-1400
111974;101;1;-1600
112024;-164;1;-1600
112074;-397;1;-1500
112124;-555;1;-600
112174;-655;2;-300
112224;-690;6;-100
112274;-667;3;200
112324;-568;2;650
112374;-432;1;1400
112424;-225;1;1600
112474;23;1;1600
112524;248;1;1500
112574;446;1;1400
112624;581;3;433
112674;649;3;200
112724;655;17;35
112774;600;2;-300
112824;488;1;-700
112874;309;1;-700
112924;86;1;-1500
112974;-156;1;-1600
113024;-346;1;-800
113074;-502;1;-700
113124;-594;1;-700
113174;-631;7;-85
113224;-600;3;200
113274;-522;1;700
113324;-375;1;1400
113374;-179;1;1600
113424;23;1;800
113474;241;1;1600
113524;411;1;700
113574;529;1;700
113624;594;2;350
113674;587;17;-41
113724;529;1;-600
113774;418;1;-700
113824;256;1;-700
113874;47;1;-700
113924;-156;1;-800
113974;-338;1;-700
114024;-467;1;-700
114074;-542;3;-233
114124;-568;9;-66
114174;-535;3;233
114224;-446;2;350
114274;-309;1;700
114324;-117;1;1600
114374;62;1;800
114424;241;1;800
114474;389;1;700
114524;488;1;700
114574;529;8;87
114624;515;2;-350
114674;453;2;-350
114724;331;1;-1500
114774;187;1;-800
114824;0;1;-1500
114874;-179;2;-750
114924;-323;1;-700
114974;-439;1;-700
115024;-488;5;-140
115074;-495;10;70
115124;-453;3;233
115174;-360;1;800
115224;-218;1;700
115274;-62;1;800
115324;109;1;800
115374;256;1;800
115424;375;2;350
115474;446;2;350
115524;474;9;77
115574;446;3;-233
115624;368;2;-350
115674;256;2;-750
115724;109;1;-800
115774;-54;1;-700
115824;-202;1;-700
115874;-331;1;-800
115924;-411;3;-233
115974;-446;6;-116
116024;-432;6;116
116074;-375;2;350
116124;-278;1;800
116174;-140;1;800
116224;7;1;700
116274;148;1;800
116324;271;1;800
116374;360;4;175
116424;411;4;175
116474;411;14;-50
116524;368;4;-175
116574;286;3;-500
116624;164;2;-750
116674;23;1;-1600
116724;-109;1;-800
116774;-233;2;-400
116824;-331;1;-800
116874;-382;5;-140
116924;-389;6;133
116974;-360;2;400
117024;-294;2;350
117074;-195;1;700
117124;-62;1;800
117174;62;1;800
117224;187;1;800
117274;286;1;800
117324;346;3;266
117374;368;10;80
117424;346;4;-175
117474;301;3;-266
117524;202;1;-800
117574;86;1;-800
117624;-31;1;-800
117674;-148;2;-400
117724;-256;1;-800
117774;-316;2;-350
117824;-346;7;-114
117874;-331;5;140
117924;-294;3;233
117974;-218;2;350
118024;-117;2;400
118074;7;1;700
118124;117;2;800
118174;210;2;400
118224;278;2;350
118274;316;6;116
118324;316;23;30
118374;278;3;-266
118424;218;3;-233
118474;117;2;-800
118524;23;2;-400
118574;-86;1;-800
118624;-179;2;-400
118674;-248;4;-175
118724;-294;5;-160
118774;-301;18;-38
118824;-271;3;233
118874;-218;2;350
118924;-140;3;266
118974;-47;2;350
119024;54;1;700
119074;148;1;800
119124;210;3;266
119174;256;5;160
119224;271;15;53
119274;256;8;-87
119324;210;3;-266
119374;140;2;-400
119424;54;1;-800
119474;-39;1;-800
119524;-125;2;-400
119574;-187;3;-266
119624;-241;3;-266
119674;-256;11;-72
119724;-241;5;140
119774;-210;4;200
119824;-148;3;266
119874;-70;1;800
119924;7;2;350
119974;86;3;266
120024;156;2;400
120074;202;4;175
120124;225;9;77
120174;218;21;-33
120224;195;6;-116
120274;140;3;-266
120324;78;2;-400
120374;7;3;-266
120424;-70;2;-400
120474;-140;3;-233
120524;-179;4;-200
120574;-210;6;-133
120624;-210;22;-36
120674;-179;3;266
120724;-140;4;200
120774;-86;2;400
120824;-23;3;266
120874;47;3;266
120924;101;4;175
120974;148;4;200
121024;179;5;160
121074;179;22;36
121124;164;7;-100
121174;133;5;-140
121224;86;4;-200
121274;23;2;-400
121324;-39;1;-800
121374;-86;3;-266
121424;-133;4;-200
121474;-156;11;-72
121524;-164;19;-42
121574;-148;7;114
121624;-125;6;133
121674;-86;3;266
121724;-39;5;160
121774;15;4;200
121824;62;4;200
121874;101;3;233
121924;125;10;80
121974;133;18;44
122024;133;35;22
122074;101;3;-266
122124;70;3;-266
122174;31;4;-200
122224;-7;5;-140
122274;-54;2;-350
122324;-86;5;-160
122374;-109;11;-72
122424;-117;20;-40
122474;-117;37;-21
122524;-101;11;72
122574;-70;5;160
122624;-39;5;160
122674;-7;7;114
122724;23;8;100
122774;54;8;87
122824;78;11;72
122874;86;18;44
122924;86;35;22
122974;78;45;-17
123024;54;5;-160
123074;31;7;-114
123124;7;8;-100
123174;-23;7;-114
123224;-47;9;-88
123274;-62;13;-61
123324;-70;18;-44
123374;-70;35;-22
123424;-62;47;17
123474;-54;18;44
123524;-39;14;57
123574;-15;11;72
123624;7;6;116
123674;23;7;114
123724;39;8;100
123774;47;19;42
123824;47;36;22
123874;39;35;-22
123924;39;51;-15
123974;23;14;-57
124024;7;10;-80
124074;-7;7;-100
124124;-15;18;-44
124174;-23;23;-34
124224;-31;30;-26
124274;-31;47;-17
124324;-31;64;-12
124374;-23;58;13
124424;-15;31;25
124474;-7;19;42
124524;0;21;33
124574;7;17;41
124624;7;34;20
124674;7;50;14
124724;15;55;14
124774;15;72;11
124824;7;45;-17
124874;7;61;-13
124924;7;78;-10
124974;0;65;-10
125024;-7;32;-21
125074;-7;49;-14
125124;-7;65;-10
125174;-7;82;-8
125224;-7;99;-7
125274;-7;116;-6
125324;-7;132;-5
125374;-7;149;-4
125424;-7;165;-4
125474;-7;182;-3
125524;-7;199;-3
125574;-7;215;-3
125624;-7;232;-3
125674;-7;249;-2
125724;-7;265;-2
125774;-7;282;-2
125824;-7;299;-2
125874;-7;315;-2
125924;-7;332;-2
125974;-7;349;-2
126024;-7;366;-1
126074;-7;382;-1
126124;-7;399;-1
126174;-7;415;-1
126224;-7;432;-1
126274;-7;449;-1
126324;-7;465;-1
126374;-7;482;-1
126424;-7;499;-1
126474;-7;515;-1
126524;-7;532;-1
126574;-7;549;-1
126624;-7;566;-1
126674;-7;582;-1
126724;-7;599;-1
126774;-7;616;-1
126824;-7;632;-1
126874;-7;649;-1
126924;-7;665;-1
126974;-7;682;-1
127024;-7;699;-1
127074;-7;715;0
127124;-7;732;0
127174;-7;749;0
127224;-7;766;0
127274;-7;782;0
127324;-7;799;0
127374;-7;816;0
127424;-7;832;0
127474;-7;849;0
127524;-7;865;0
127574;-7;882;0
127624;-7;899;0
127674;-7;915;0
127724;-7;932;0
127774;-7;949;0
127824;-7;965;0
127874;-7;982;0
127924;-7;999;0
127974;-7;1015;0
128024;-7;1032;0
128074;-7;1049;0
128124;-7;1066;0
128174;-7;1082;0
128224;-7;1099;0
128274;-7;1115;0
128324;-7;1132;0
128374;-7;1149;0
128424;-7;1165;0
128474;-7;1182;0
128524;-7;1199;0
128574;-7;1215;0
128624;-7;1232;0
128674;-7;1249;0
128724;-7;1266;0
128774;-7;1282;0
128824;-7;1299;0
128874;-7;1315;0
128924;-7;1332;0
128974;-7;1349;0
129024;-7;1366;0
129074;-7;1382;0
129124;-7;1399;0
129174;-7;1415;0
129224;-7;1432;0
129274;-7;1449;0
129324;-7;1466;0
129374;-7;1482;0
129424;-7;1499;0
129474;-7;1516;0
129774;-7;1616;0
129824;-7;1632;0
129949;-7;1674;0
129999;-7;1690;0
130024;-7;1699;0
130124;-7;1732;0
130299;-7;1791;0
130624;-7;1899;0
130674;-7;1915;0
130724;-7;1932;0
130774;-7;1949;0
130824;-7;1965;0
130874;-7;1982;0