tiempo;error;integral;derivada
14268;0;1997;1
14274;0;3982;1
14280;-1;5967;0
14307;-5;10000;-110
14313;-6;10000;-110
14319;-7;10000;-110
14325;-7;10000;-110
14331;-8;10000;-110
14337;-9;10000;-333
14343;-9;10000;-333
14349;-10;10000;-333
14355;-11;10000;-333
14361;-11;10000;-333
14367;-11;10000;-295
14373;-12;10000;-295
14379;-13;10000;-295
14385;-13;10000;-295
14391;-14;10000;-395
14397;-14;10000;-395
14403;-15;10000;-395
14409;-15;10000;-395
14415;-15;10000;-382
14421;-15;10000;-382
14427;-16;10000;-382
14433;-16;10000;-432
14439;-16;10000;-432
14445;-17;10000;-432
14451;-17;10000;-432
14457;-17;10000;-432
14463;-17;10000;-1011
14469;-17;10000;-1011
14475;-17;10000;1
14481;-17;10000;1
14487;-17;10000;1
14493;-17;10000;1
14499;-17;10000;1
14505;-17;10000;1
14511;-17;10000;1
14517;-17;10000;1
14523;-17;10000;1
14529;-17;10000;1
14535;-16;10000;1
14541;-16;10000;-91
14547;-16;10000;-91
14553;-15;10000;-91
14559;-15;10000;-91
14565;-15;10000;-91
14571;-15;10000;-1717
14577;-14;10000;-1717
14583;-14;10000;-1717
14589;-13;10000;-852
14595;-13;10000;-852
14601;-12;10000;-852
14607;-12;10000;-988
14613;-11;10000;-988
14619;-11;10000;-988
14625;-10;10000;-988
14631;-10;10000;-988
14637;-9;10000;1364
14643;-8;10000;1364
14649;-8;10000;1364
14655;-7;10000;1364
14661;-7;10000;1229
14667;-6;10000;1229
14673;-6;10000;1229
14679;-5;10000;1229
14685;-5;10000;-1208
14691;-3;10000;-1208
14697;-3;10000;-1208
14703;-3;10000;-1208
14709;-2;10000;-1741
14715;-1;10000;-1741
14721;-1;10000;-1741
14727;0;10000;-1033
14730;0;10000;-1033
14736;1;10000;-1033
14742;1;10000;-1033
14748;2;10000;-1664
14862;15;10000;-1400
14868;15;10000;-1400
14874;16;10000;-787
14880;17;10000;-787
14886;17;10000;-787
14892;18;10000;-787
14898;18;10000;-787
14904;19;10000;-870
14910;19;10000;-870
14916;20;10000;-870
14922;20;10000;-870
14928;21;10000;-870
14934;21;10000;-833
14940;21;10000;-833
14946;22;10000;-833
14952;22;10000;-833
14958;22;10000;-611
14964;23;10000;-611
14970;23;10000;-611
14976;23;10000;-476
14982;23;10000;-476
14988;23;10000;-476
14994;23;10000;1
15000;23;10000;1
15006;23;10000;1
15015;23;10000;-15
15024;23;10000;1
15030;23;10000;1
15036;23;10000;1
15042;23;10000;1
15048;22;10000;57
15054;22;10000;57
15060;22;10000;57
15066;21;10000;57
15072;21;10000;57
15081;21;10000;-105
15087;20;10000;-105
15093;19;10000;-105
15099;19;10000;261
15105;18;10000;261
15111;17;10000;261
15117;17;10000;261
15123;16;10000;186
15129;15;10000;186
15135;15;10000;186
15141;14;10000;186
15147;13;10000;475
15153;12;10000;475
15159;11;10000;475
15165;10;10000;475
15171;9;10000;475
15177;8;10000;422
15183;7;10000;422
15189;6;10000;422
15195;5;10000;422
15201;5;10000;484
15207;3;10000;484
15213;2;10000;484
15219;1;10000;484
15225;0;10000;484
15231;-1;10000;509
15237;-2;10000;509
15243;-3;10000;509
15249;-4;10000;509
15255;-5;10000;509
15261;-6;10000;492
15267;-7;10000;492
15273;-8;10000;492
15282;-9;10000;492
15288;-11;10000;483
15294;-12;10000;483
15300;-13;10000;483
15306;-15;10000;483
15312;-15;10000;483
15318;-16;10000;473
15324;-17;10000;473
15330;-18;10000;473
15336;-19;10000;473
15342;-19;10000;310
15348;-20;10000;310
15354;-21;10000;310
15360;-22;10000;310
15366;-22;10000;310
15372;-23;10000;178
15378;-23;10000;178
15384;-24;10000;178
15390;-25;10000;178
15396;-25;10000;178
15402;-26;10000;-190
15408;-26;10000;-190
15414;-27;10000;-190
15420;-27;10000;-60
15429;-27;10000;-60
15435;-27;10000;-60
15441;-27;10000;-60
15447;-27;10000;1
15453;-27;10000;-39
15462;-27;10000;1
15468;-27;10000;1
15474;-27;10000;1
15480;-27;10000;1
15486;-27;10000;-21
15492;-27;10000;1
15498;-27;10000;1
15504;-26;10000;-74
15510;-25;10000;-74
15516;-25;10000;-74
15522;-24;10000;-74
15528;-23;10000;-74
15534;-23;10000;-1058
15540;-22;10000;-1058
15546;-21;10000;-1058
15552;-21;10000;-1058
15558;-20;10000;-789
15564;-19;10000;-789
15570;-18;10000;-789
15576;-17;10000;-789
15582;-16;10000;-789
15588;-15;10000;-1018
15594;-14;10000;-1018
15600;-13;10000;-1018
15606;-11;10000;-1018
15612;-10;10000;-1018
15618;-9;10000;1056
15624;-7;10000;1056
15630;-7;10000;1056
15636;-5;10000;1056
15642;-3;10000;1056
15648;-3;10000;-1203
15654;-1;9997;-1203
15663;1;9968;-1203
15669;2;9936;-1203
15675;4;9882;-1017
15681;5;9799;-1017
15687;7;9702;-1017
15693;8;9587;-1017
15699;9;9451;-1017
15705;11;9302;1081
15711;12;9126;1081
15717;13;8933;1081
15723;15;8720;1081
15729;17;8495;1081
15735;18;8252;-1114
15741;19;7991;-1114
15747;20;7719;-1114
15753;21;7430;-1114
15759;23;7133;-1114
15765;24;6818;-783
15771;25;6492;-783
15777;27;6157;-783
15783;28;5806;-783
15789;29;5438;-783
15795;30;5070;-727
15801;31;4691;-727
15807;32;4304;-727
15813;33;3909;-727
15819;33;3506;-456
15825;34;3102;-456
15831;35;2690;-456
15837;36;2277;-456
15843;37;1857;-456
15849;37;1428;-319
15855;37;1006;-319
15861;38;591;-319
15867;38;167;-319
15873;38;-252;-319
15879;39;-677;48
15888;39;-1303;48
15894;39;-1713;48
15900;39;-2117;48
15906;39;-2514;-1
15912;39;-2907;-1
15918;39;-3292;-1
15924;38;-3667;110
15930;38;-4028;110
15936;37;-4377;110
15942;37;-4714;110
15948;37;-5047;110
15954;36;-5366;689
15960;35;-5666;689
15966;34;-5956;689
15972;33;-6227;689
15978;33;-6482;689
15984;32;-6724;920
15990;30;-6943;920
15996;29;-7144;920
16002;29;-7326;920
16008;27;-7493;920
16014;26;-7635;-963
16020;25;-7755;-963
16026;23;-7851;-963
16032;21;-7931;-963
16038;20;-7982;-963
16044;18;-8010;-1049
16050;17;-8017;-1049
16056;15;-8011;-1049
16062;14;-7983;-1049
16068;12;-7927;-1049
16074;10;-7850;-1063
16080;9;-7745;-1063
16086;6;-7612;-1063
16092;5;-7453;-1063
16095;4;-7371;-1063
16101;1;-7172;-568
16107;0;-6953;-568
16113;-3;-6711;-568
16119;-5;-6442;-568
16125;-6;-6141;-568
16131;-7;-5824;-1001
16137;-10;-5489;-1001
16143;-12;-5124;-1001
16149;-15;-4728;-1001
16155;-17;-4309;-1001
16161;-19;-3867;-794
16167;-20;-3411;-794
16173;-22;-2940;-794
16179;-23;-2445;-794
16185;-26;-1930;-794
16191;-27;-1395;1070
16197;-29;-844;1070
16203;-31;-281;1070
16209;-32;302;1070
16215;-34;897;1070
16221;-36;1511;980
16227;-37;2136;980
16233;-39;2780;980
16239;-41;3429;980
16245;-42;4097;980
16251;-43;4769;659
16257;-44;5441;659
16263;-45;6118;659
16269;-47;6806;659
16275;-47;7498;324
16281;-49;8194;324
16287;-50;8891;324
16293;-51;9592;324
16299;-51;10000;324
16305;-52;10000;112
16311;-52;10000;112
16317;-53;10000;112
16323;-53;10000;112
16329;-53;10000;-310
16335;-54;10000;-310
16341;-54;10000;-310
16347;-54;10000;-394
16353;-54;10000;-394
16359;-53;10000;-394
16365;-53;10000;-480
16371;-53;10000;-480
16377;-52;10000;-480
16383;-51;10000;-480
16389;-51;10000;-896
16395;-50;10000;-896
16401;-49;10000;-896
16407;-48;10000;-896
16413;-47;10000;-896
16419;-46;10000;-1170
16425;-45;10000;-1170
16431;-43;10000;-1170
16437;-42;10000;-1170
16443;-40;10000;911
16449;-39;10000;911
16455;-38;10000;911
16461;-36;10000;911
16467;-34;10000;911
16473;-31;10000;443
16479;-30;10000;443
16485;-27;10000;443
16491;-26;10000;443
16497;-23;10000;443
16503;-21;10000;394
16509;-19;10000;394
16515;-16;9993;394
16521;-14;9957;394
16527;-12;9892;394
16533;-9;9785;191
16539;-6;9642;191
16545;-3;9459;191
16551;-1;9242;191
16557;1;8993;191
16563;4;8720;167
16569;7;8407;167
16575;10;8056;167
16581;13;7658;167
16587;15;7231;167
16593;17;6772;125
16599;20;6293;125
16605;23;5777;125
16611;26;5232;125
16617;29;4653;125
16623;32;4040;288
16629;34;3401;288
16635;36;2744;288
16641;38;2060;288
16647;41;1353;288
16653;43;630;1028
16659;45;-119;1028
16665;48;-890;1028
16671;50;-1684;1028
16677;53;-2497;1028
16683;54;-3320;-1177
16689;57;-4164;-1177
16695;58;-5014;-1177
16701;60;-5884;-1177
16707;62;-6760;-1177
16713;64;-7642;-726
16719;65;-8538;-726
16725;67;-9434;-726
16731;68;-10000;-726
16737;69;-10000;-726
16743;70;-10000;-284
16749;71;-10000;-284
16755;72;-10000;-284
16761;73;-10000;-284
16767;73;-10000;133
16773;74;-10000;133
16779;75;-10000;133
16785;75;-10000;133
16791;75;-10000;400
16797;75;-10000;400
16803;75;-10000;400
16809;75;-10000;-1
16815;74;-10000;202
16821;73;-10000;202
16827;73;-10000;202
16833;73;-10000;202
16839;71;-10000;202
16845;70;-10000;1150
16851;69;-10000;1150
16857;68;-10000;1150
16863;66;-10000;1150
16869;65;-10000;1150
16875;63;-10000;-523
16881;61;-10000;-523
16887;59;-10000;-523
16893;57;-10000;-523
16899;55;-10000;-523
16905;53;-10000;-422
16911;50;-10000;-422
16917;47;-10000;-422
16923;45;-10000;-422
16929;42;-10000;-422
16935;39;-10000;298
16941;37;-10000;298
16947;34;-10000;298
16953;31;-10000;298
16959;28;-10000;298
16965;25;-9995;215
16971;21;-9942;215
16977;18;-9848;215
16983;14;-9698;215
16989;11;-9500;215
16995;7;-9260;592
17001;4;-8973;592
17007;0;-8631;592
17013;-3;-8240;592
17019;-7;-7810;592
17025;-11;-7328;555
17031;-15;-6794;555
17037;-19;-6219;555
17043;-22;-5602;555
17049;-26;-4936;555
17055;-30;-4229;542
17061;-33;-3479;542
17067;-37;-2696;542
17073;-40;-1878;542
17079;-44;-1016;542
17085;-48;-113;68
17091;-51;820;68
17097;-55;1790;68
17103;-58;2786;68
17109;-62;3814;68
17115;-64;4866;-377
17121;-67;5944;-377
17127;-70;7040;-377
17133;-73;8165;-377
17139;-76;9314;-377
17145;-79;10000;-924
17151;-81;10000;-924
17157;-83;10000;-924
17163;-86;10000;-924
17169;-88;10000;-924
17175;-90;10000;823
17181;-91;10000;823
17187;-93;10000;823
17193;-94;10000;823
17199;-95;10000;823
17205;-97;10000;212
17211;-98;10000;212
17217;-99;10000;212
17223;-100;10000;212
17229;-101;10000;212
17235;-101;10000;-207
17241;-101;10000;-207
17247;-101;10000;-207
17253;-101;10000;-207
17259;-101;10000;-207
17265;-101;10000;-1969
17271;-100;10000;-1969
17277;-99;10000;-444
17283;-99;10000;-444
17289;-97;10000;-444
17295;-96;10000;-444
17301;-95;10000;-444
17307;-93;10000;842
17313;-92;10000;842
17319;-90;10000;842
17325;-89;10000;842
17331;-87;10000;441
17337;-84;10000;441
17343;-82;10000;441
17349;-79;10000;441
17355;-76;10000;441
17361;-74;10000;-113
17367;-71;10000;-113
17373;-69;10000;-113
17379;-65;10000;-113
17385;-61;10000;-113
17391;-58;10000;-478
17397;-55;10000;-478
17403;-51;10000;-478
17409;-47;10000;-478
17415;-43;10000;-478
17421;-39;10000;-764
17427;-35;10000;-764
17433;-31;10000;-764
17439;-27;9989;-764
17445;-23;9925;-764
17451;-19;9798;1032
17457;-14;9600;1032
17463;-9;9340;1032
17469;-5;9018;1032
17475;1;8622;1032
17481;5;8168;559
17487;10;7649;559
17493;14;7071;559
17499;19;6442;559
17505;25;5743;559
17511;29;4986;802
17517;35;4167;802
17523;39;3298;802
17529;44;2373;802
17535;49;1394;802
17541;53;374;-968
17547;57;-693;-968
17553;62;-1810;-968
17559;67;-2973;-968
17565;71;-4186;-968
17571;76;-5441;-592
17577;81;-6736;-592
17583;85;-8065;-592
17589;88;-9426;-592
17595;91;-10000;-592
17601;95;-10000;327
17607;97;-10000;327
17613;101;-10000;327
17619;104;-10000;327
17625;107;-10000;327
17631;109;-10000;1010
17637;113;-10000;1010
17643;115;-10000;1010
17649;117;-10000;1010
17655;119;-10000;1010
17661;120;-10000;-382
17667;122;-10000;-382
17673;124;-10000;-382
17679;125;-10000;-382
17685;126;-10000;-382
17691;127;-10000;130
17697;128;-10000;130
17703;129;-10000;130
17709;129;-10000;130
17715;129;-10000;130
17721;129;-10000;1253
17727;129;-10000;1253
17733;129;-10000;1253
17739;128;-10000;-1
17745;127;-10000;165
17751;126;-10000;165
17757;125;-10000;165
17763;124;-10000;165
17769;123;-10000;165
17775;121;-10000;-769
17781;119;-10000;-769
17787;117;-10000;-769
17793;115;-10000;-769
17799;113;-10000;-769
17805;110;-10000;-501
17811;108;-10000;-501
17817;105;-10000;-501
17823;102;-10000;-501
17829;99;-10000;-137
17835;96;-10000;-137
17841;93;-10000;-137
17847;89;-10000;-137
17853;85;-10000;-137
17859;82;-10000;805
17865;78;-10000;805
17871;73;-10000;805
17877;69;-10000;805
17883;65;-10000;805
17889;59;-10000;-699
17895;55;-10000;-699
17901;50;-10000;-699
17907;45;-10000;-699
17913;40;-10000;-699
17919;35;-10000;-405
17925;29;-9987;-405
17931;24;-9903;-405
17937;18;-9742;-405
17943;13;-9505;-405
17949;7;-9191;220
17955;1;-8787;220
17961;-5;-8312;220
17967;-11;-7753;220
17973;-17;-7116;220
17979;-23;-6404;213
17985;-29;-5617;213
17991;-35;-4749;213
17997;-41;-3818;213
18003;-47;-2817;213
18009;-53;-1748;-242
18015;-59;-613;-242
18021;-64;586;-242
18027;-70;1836;-242
18033;-75;3141;-242
18039;-80;4500;-1009
18045;-86;5903;-1009
18051;-91;7361;-1009
18057;-97;8860;-1009
18063;-102;10000;-1009
18069;-107;10000;343
18075;-111;10000;343
18081;-115;10000;343
18087;-119;10000;343
18093;-123;10000;343
18099;-127;10000;-772
18105;-131;10000;-772
18111;-135;10000;-772
18117;-138;10000;-772
18123;-140;10000;-772
18129;-143;10000;566
18135;-145;10000;566
18141;-148;10000;566
18147;-151;10000;566
18153;-153;10000;566
18159;-154;10000;278
18165;-155;10000;12
18171;-157;10000;12
18177;-159;10000;12
18183;-160;10000;12
18189;-160;10000;12
18195;-161;10000;-678
18201;-161;10000;-678
18207;-161;10000;-678
18213;-161;10000;-678
18219;-161;10000;-2437
18225;-161;10000;1
18231;-160;10000;-80
18237;-159;10000;-80
18243;-158;10000;-80
18249;-157;10000;-80
18255;-155;10000;-80
18261;-154;10000;-1157
18267;-151;10000;-1157
18273;-150;10000;-1157
18279;-147;10000;-1157
18285;-145;10000;-1157
18291;-143;10000;787
18297;-140;10000;787
18303;-136;10000;787
18309;-133;10000;787
18315;-129;10000;787
18321;-126;10000;84
18327;-123;10000;84
18333;-119;10000;84
18339;-115;10000;84
18345;-111;10000;84
18351;-106;10000;-505
18357;-101;10000;-505
18363;-96;10000;-505
18369;-91;10000;-505
18375;-87;10000;-505
18381;-81;10000;749
18387;-75;10000;749
18393;-69;10000;749
18399;-63;10000;749
18405;-59;10000;749
18411;-53;10000;-114
18417;-46;10000;-114
18423;-39;10000;-114
18429;-33;9991;-114
18435;-27;9908;-114
18441;-21;9749;-697
18447;-14;9493;-697
18453;-7;9139;-697
18459;1;8689;-697
18465;7;8143;-697
18471;14;7497;742
18477;21;6769;742
18483;28;5944;742
18489;35;5040;742
18495;43;4044;742
18501;49;2966;-690
18507;57;1807;-690
18513;64;570;-690
18519;71;-745;-690
18525;77;-2132;-690
18531;85;-3590;-97
18537;91;-5110;-97
18543;97;-6687;-97
18549;103;-8314;-97
18555;109;-9987;-97
18561;114;-10000;-812
18567;120;-10000;-812
18573;125;-10000;-812
18579;131;-10000;-812
18585;136;-10000;-812
18591;141;-10000;268
18597;145;-10000;268
18603;149;-10000;268
18609;153;-10000;268
18615;157;-10000;268
18621;161;-10000;-630
18627;165;-10000;-630
18633;169;-10000;-630
18639;172;-10000;-630
18645;175;-10000;-630
18651;178;-10000;67
18657;180;-10000;67
18663;182;-10000;67
18669;184;-10000;67
18675;185;-10000;67
18681;187;-10000;484
18687;189;-10000;484
18693;190;-10000;484
18699;192;-10000;484
18705;193;-10000;484
18711;193;-10000;770
18717;193;-10000;770
18723;193;-10000;770
18729;193;-10000;770
18735;193;-10000;-1
18741;193;-10000;-1
18747;192;-10000;40
18753;191;-10000;40
18759;189;-10000;40
18765;188;-10000;40
18771;186;-10000;40
18777;185;-10000;880
18783;182;-10000;880
18789;180;-10000;880
18795;178;-10000;880
18801;176;-10000;880
18807;173;-10000;-1046
18813;170;-10000;-1046
18819;167;-10000;-1046
18825;163;-10000;-1046
18831;159;-10000;-1046
18837;155;-10000;-625
18843;151;-10000;-625
18849;147;-10000;-625
18855;143;-10000;-625
18861;138;-10000;-625
18867;133;-10000;147
18873;129;-10000;147
18879;123;-10000;147
18885;118;-10000;147
18891;113;-10000;147
18897;106;-10000;-925
18903;100;-10000;-925
18909;94;-10000;-925
18915;89;-10000;-925
18921;82;-10000;-925
18927;76;-10000;64
18933;69;-10000;64
18939;61;-10000;64
18945;54;-10000;64
18951;47;-10000;64
18957;40;-10000;-793
18963;33;-9973;-793
18969;25;-9843;-793
18975;17;-9608;-793
18981;9;-9260;-793
18987;1;-8794;-383
18993;-7;-8219;-383
18999;-15;-7544;-383
19005;-23;-6758;-383
19011;-32;-5861;-383
19017;-40;-4857;-150
19023;-48;-3750;-150
19029;-56;-2561;-150
19035;-63;-1281;-150
19041;-71;89;-150
19047;-79;1544;767
19053;-87;3081;767
19059;-95;4695;767
19065;-103;6381;767
19071;-111;8123;767
19077;-118;9923;-469
19083;-125;10000;-469
19089;-131;10000;-469
19095;-137;10000;-469
19101;-143;10000;-469
19107;-150;10000;-194
19113;-156;10000;-194
19119;-162;10000;-194
19125;-167;10000;-194
19131;-171;10000;-194
19137;-176;10000;609
19143;-181;10000;609
19149;-186;10000;609
19155;-191;10000;609
19161;-195;10000;609
19167;-198;10000;-390
19173;-201;10000;-390
19179;-204;10000;-390
19185;-208;10000;-390
19191;-211;10000;-390
19197;-214;10000;-906
19203;-217;10000;-906
19209;-219;10000;-906
19215;-221;10000;-906
19221;-223;10000;-906
19227;-224;10000;-1060
19233;-226;10000;-1060
19239;-227;10000;-1060
19245;-228;10000;-1060
19251;-229;10000;-1060
19257;-230;10000;-1089
19263;-231;10000;-1089
19269;-231;10000;-1089
19275;-231;10000;-1089
19281;-231;10000;-1089
19287;-230;10000;-750
19293;-229;10000;-750
19299;-228;10000;-750
19305;-227;10000;-750
19311;-226;10000;-750
19317;-225;10000;-648
19323;-223;10000;-648
19329;-221;10000;-648
19335;-219;10000;-648
19341;-217;10000;-648
19347;-215;10000;-503
19353;-211;10000;-503
19359;-208;10000;-503
19365;-205;10000;-503
19371;-202;10000;-503
19377;-199;10000;-463
19383;-195;10000;-463
19389;-191;10000;-463
19395;-187;10000;-463
19401;-183;10000;-463
19407;-179;10000;918
19413;-174;10000;918
19419;-169;10000;918
19425;-163;10000;918
19431;-158;10000;918
19437;-152;10000;257
19443;-147;10000;257
19449;-141;10000;257
19455;-135;10000;257
19461;-129;10000;257
19467;-122;10000;-868
19473;-115;10000;-868
19479;-107;10000;-868
19485;-100;10000;-868
19491;-93;10000;-868
19497;-87;10000;-397
19503;-79;10000;-397
19509;-70;10000;-397
19515;-62;10000;-397
19521;-54;10000;-397
19527;-46;10000;426
19533;-37;9974;426
19539;-29;9830;426
19545;-20;9569;426
19551;-11;9196;426
19557;-3;8699;-399
19563;7;8072;-399
19569;16;7317;-399
19575;25;6443;-399
19581;34;5453;-399
19587;43;4344;-616
19593;52;3131;-616
19599;61;1819;-616
19605;71;397;-616
19611;81;-1136;-616
19617;89;-2768;526
19623;97;-4481;526
19629;105;-6265;526
19635;113;-8104;526
19641;122;-10000;526
19647;130;-10000;642
19653;137;-10000;642
19659;145;-10000;642
19665;151;-10000;642
19671;158;-10000;642
19677;165;-10000;427
19683;172;-10000;427
19689;179;-10000;427
19695;185;-10000;427
19701;190;-10000;427
19707;196;-10000;-66
19713;201;-10000;-66
19719;207;-10000;-66
19725;213;-10000;-66
19731;217;-10000;-66
19737;221;-10000;1036
19743;225;-10000;1036
19749;230;-10000;1036
19755;234;-10000;1036
19761;238;-10000;1036
19767;241;-10000;-537
19773;245;-10000;-537
19779;248;-10000;-537
19785;251;-10000;-537
19791;253;-10000;-537
19797;256;-10000;-517
19803;259;-10000;-517
19809;261;-10000;-517
19815;262;-10000;-517
19821;263;-10000;-517
19827;265;-10000;-740
19833;266;-10000;-740
19839;267;-10000;-740
19845;269;-10000;-740
19851;269;-10000;-740
19857;270;-10000;-1358
19863;270;-10000;-1358
19869;270;-10000;-1358
19875;270;-10000;-1358
19881;270;-10000;1430
19887;270;-10000;1430
19893;269;-10000;225
19899;269;-10000;225
19905;267;-10000;225
19911;266;-10000;225
19917;265;-10000;225
19923;263;-10000;584
19929;262;-10000;584
19935;260;-10000;584
19941;258;-10000;584
19947;256;-10000;68
19953;253;-10000;68
19959;251;-10000;68
19965;248;-10000;68
19971;245;-10000;68
19977;241;-10000;-110
19983;238;-10000;-110
19989;235;-10000;-110
19995;231;-10000;-110
20001;227;-10000;-110
20007;222;-10000;-62
20013;217;-10000;-62
20019;213;-10000;-62
20025;209;-10000;-62
20031;204;-10000;-62
20037;199;-10000;468
20043;193;-10000;468
20049;187;-10000;468
20055;181;-10000;468
20061;175;-10000;468
20067;169;-10000;-844
20073;163;-10000;-844
20079;156;-10000;-844
20085;149;-10000;-844
20091;141;-10000;-844
20097;133;-10000;766
20103;126;-10000;766
20109;119;-10000;766
20115;111;-10000;766
20121;103;-10000;766
20127;95;-10000;354
20133;86;-10000;354
20139;77;-10000;354
20145;69;-10000;354
20151;60;-10000;354
20157;51;-10000;-36
20163;41;-9959;-36
20169;31;-9781;-36
20175;21;-9473;-36
20181;12;-9034;-36
20187;3;-8470;1003
20193;-7;-7767;1003
20199;-19;-6926;1003
20205;-29;-5938;1003
20211;-39;-4814;1003
20217;-49;-3573;-968
20223;-58;-2218;-968
20229;-68;-746;-968
20235;-79;839;-968
20241;-88;2530;-968
20247;-98;4319;-160
20253;-107;6190;-160
20259;-117;8145;-160
20265;-126;10000;-160
20271;-135;10000;-160
20277;-144;10000;-489
20283;-152;10000;-489
20289;-160;10000;-489
20295;-167;10000;-489
20301;-175;10000;-489
20307;-183;10000;-947
20313;-190;10000;-947
20319;-197;10000;-947
20325;-204;10000;-947
20331;-211;10000;-947
20337;-217;10000;-693
20343;-223;10000;-693
20349;-229;10000;-693
20355;-235;10000;-693
20361;-241;10000;-693
20367;-246;10000;237
20373;-251;10000;237
20379;-256;10000;237
20385;-261;10000;237
20391;-266;10000;237
20397;-271;10000;-435
20403;-275;10000;-435
20409;-279;10000;-435
20415;-282;10000;-435
20421;-285;10000;-435
20427;-288;10000;-384
20433;-291;10000;-384
20439;-295;10000;-384
20445;-299;10000;-384
20451;-302;10000;-384
20457;-305;10000;-471
20463;-307;10000;-471
20469;-309;10000;-471
20475;-311;10000;-471
20481;-312;10000;-471
20487;-314;10000;52
20493;-315;10000;52
20499;-317;10000;52
20505;-319;10000;52
20511;-321;10000;52
20517;-322;10000;437
20523;-323;10000;437
20529;-323;10000;437
20535;-325;10000;437
20541;-325;10000;437
20547;-326;10000;985
20553;-327;10000;985
20559;-327;10000;985
20565;-327;10000;985
20571;-327;10000;-1625
20577;-327;10000;-1625
20583;-327;10000;1
20592;-327;10000;1
20598;-327;10000;1
20604;-327;10000;1
20610;-326;10000;1
20616;-326;10000;49
20622;-325;10000;49
20628;-324;10000;49
20634;-323;10000;49
20640;-322;10000;49
20646;-321;10000;-79
20652;-319;10000;-79
20658;-319;10000;-79
20664;-317;10000;-79
20670;-315;10000;-79
20676;-313;10000;260
20682;-311;10000;260
20688;-309;10000;260
20694;-307;10000;260
20700;-305;10000;260
20706;-303;10000;621
20712;-299;10000;621
20718;-295;10000;621
20724;-291;10000;621
20730;-289;10000;621
20736;-286;10000;1078
20742;-283;10000;1078
20748;-279;10000;1078
20754;-275;10000;1078
20760;-271;10000;1078
20766;-266;10000;-948
20772;-263;10000;-948
20778;-258;10000;-948
20784;-253;10000;-948
20790;-247;10000;-948
20796;-241;10000;910
20802;-236;10000;910
20808;-231;10000;910
20814;-226;10000;910
20820;-219;10000;910
20826;-212;10000;393
20832;-206;10000;393
20838;-200;10000;393
20844;-194;10000;393
20850;-187;10000;393
20856;-179;10000;-736
20862;-171;10000;-736
20868;-164;10000;-736
20874;-157;10000;-736
20880;-149;10000;-736
20886;-141;10000;-262
20892;-132;10000;-262
20898;-123;10000;-262
20904;-114;10000;-262
20910;-105;10000;-262
20916;-95;10000;-420
20922;-87;10000;-420
20928;-76;10000;-420
20934;-65;10000;-420
20940;-55;9944;-420
20946;-46;9763;-363
20952;-36;9450;-363
20958;-25;9002;-363
20964;-15;8404;-363
20970;-3;7663;-363
20976;8;6758;364
20982;19;5716;364
20988;30;4523;364
20994;41;3195;364
21000;52;1721;364
21006;62;127;634
21012;73;-1588;634
21018;84;-3432;634
21024;95;-5384;634
21030;105;-7441;634
21036;115;-9583;-13
21042;125;-10000;-13
21048;134;-10000;-13
21054;143;-10000;-13
21060;153;-10000;-13
21066;161;-10000;1029
21072;171;-10000;1029
21078;180;-10000;1029
21084;189;-10000;1029
21090;197;-10000;1029
21096;205;-10000;-586
21102;212;-10000;-586
21108;219;-10000;-586
21114;227;-10000;-586
21120;234;-10000;-586
21126;241;-10000;-581
21132;249;-10000;-581
21138;255;-10000;-581
21144;261;-10000;-581
21150;266;-10000;-581
21156;272;-10000;738
21162;278;-10000;738
21168;284;-10000;738
21174;289;-10000;738
21180;294;-10000;738
21186;298;-10000;-699
21192;303;-10000;-699
21198;307;-10000;-699
21204;313;-10000;-699
21210;317;-10000;-699
21216;321;-10000;-665
21222;325;-10000;-665
21228;329;-10000;-665
21234;333;-10000;-665
21240;336;-10000;-665
21246;339;-10000;-839
21252;343;-10000;-839
21258;347;-10000;-839
21264;351;-10000;-839
21270;355;-10000;-839
21276;357;-10000;-823
21282;360;-10000;-823
21288;363;-10000;-823
21294;366;-10000;-823
21300;369;-10000;-823
21306;373;-10000;723
21312;377;-10000;723
21318;380;-10000;723
21324;383;-10000;723
21330;385;-10000;878
21336;389;-10000;878
21342;391;-10000;878
21348;394;-10000;878
21354;397;-10000;878
21360;401;-10000;521
21366;405;-10000;521
21372;408;-10000;521
21378;411;-10000;521
21384;414;-10000;521
21390;417;-10000;-364
21396;420;-10000;-364
21402;423;-10000;-364
21408;426;-10000;-364
21414;429;-10000;-364
21420;433;-10000;-123
21426;436;-10000;-123
21432;439;-10000;-123
21438;442;-10000;-123
21444;445;-10000;-123
21450;448;-10000;-123
21456;451;-10000;-33
21462;455;-10000;-33
21468;458;-10000;-33
21474;461;-10000;-33
21480;465;-10000;-33
21486;469;-10000;281
21492;473;-10000;281
21498;476;-10000;281
21504;480;-10000;281
21510;484;-10000;281
21516;488;-10000;297
21522;492;-10000;297
21528;497;-10000;297
21534;501;-10000;297
21540;507;-10000;297
21546;512;-10000;284
21552;517;-10000;284
21558;522;-10000;284
21564;527;-10000;284
21570;532;-10000;284
21576;538;-10000;372
21582;544;-10000;372
21588;551;-10000;372
21594;558;-10000;372
21600;565;-10000;372
21606;571;-10000;890
21612;577;-10000;890
21618;585;-10000;890
21624;592;-10000;890
21630;600;-10000;890
21636;607;-10000;47
21642;615;-10000;47
21648;623;-10000;47
21654;631;-10000;47
21660;640;-10000;47
21666;649;-10000;-11
21672;657;-10000;-11
21678;667;-10000;-11
21684;676;-10000;-11
21690;685;-10000;-11
21696;695;-10000;504
21702;705;-10000;504
21708;716;-10000;504
21714;726;-10000;504
21720;737;-10000;504
21726;746;-10000;789
21732;755;-10000;789
21738;765;-9985;789
21744;775;-9843;789
21750;785;-9561;789
21756;794;-9146;-954
21762;804;-8606;-954
21768;813;-8149;-954
21774;823;-7842;-954
21780;832;-7676;-954
21786;841;-7633;-784
21792;851;-7719;-784
21798;861;-7938;-784
21804;871;-8276;-784
21810;881;-8741;-784
21816;890;-9310;-503
21822;900;-9981;-503
21828;909;-10000;-503
21834;917;-10000;-503
21840;927;-10000;-503
21846;936;-10000;-40
21852;945;-10000;-40
21858;953;-10000;-40
21864;961;-10000;-40
21870;969;-10000;-40
21876;978;-10000;471
21882;985;-10000;471
21888;993;-10000;471
21894;999;-10000;471
21900;1006;-10000;471
21906;1013;-10000;453
21912;1020;-10000;453
21918;1026;-10000;453
21924;1033;-10000;453
21930;1039;-10000;453
21936;1045;-10000;-234
21942;1050;-10000;-234
21948;1055;-10000;-234
21954;1060;-10000;-234
21960;1065;-10000;-234
21966;1069;-10000;305
21972;1074;-10000;305
21978;1079;-10000;305
21984;1083;-10000;305
21990;1087;-10000;305
21996;1091;-10000;422
22002;1094;-10000;422
22008;1098;-10000;422
22014;1101;-10000;422
22020;1105;-10000;422
22026;1108;-10000;276
22032;1111;-10000;276
22038;1115;-10000;276
22044;1117;-10000;276
22050;1120;-10000;276
22056;1123;-10000;-51
22062;1125;-10000;-51
22068;1127;-10000;-51
22074;1129;-9999;-51
22080;1132;-9978;-51
22086;1135;-9920;-423
22092;1137;-9838;-423
22098;1139;-9730;-423
22104;1141;-9598;-423
22110;1142;-9448;-423
22116;1144;-9280;-423
22122;1145;-9090;-762
22128;1147;-8890;-762
22134;1149;-8667;-762
22140;1150;-8425;-762
22146;1152;-8168;-762
22152;1153;-7888;1050
22158;1154;-7605;1050
22164;1155;-7305;1050
22170;1157;-6995;1050
22176;1157;-6670;1050
22182;1159;-6336;687
22188;1159;-5995;687
22194;1160;-5652;687
22200;1161;-5299;687
22206;1161;-4945;687
22212;1162;-4596;205
22218;1163;-4239;205
22224;1163;-3873;205
22230;1164;-3512;200
22236;1164;-3141;200
22242;1165;-2769;200
22248;1165;-2396;200
22254;1165;-2029;165
22260;1165;-1668;165
22266;1165;-1311;165
22272;1165;-959;1
22278;1165;-614;1
22284;1165;-273;1
22290;1165;63;1
22296;1165;394;1
22302;1165;721;1
22308;1164;1044;1
22314;1164;1347;-87
22320;1163;1640;-87
22326;1163;1921;-87
22332;1162;2182;-87
22338;1161;2425;-87
22344;1160;2666;-891
22350;1159;2888;-891
22356;1158;3094;-891
22362;1157;3276;-891
22368;1157;3449;-867
22374;1155;3599;-867
22380;1153;3732;-867
22386;1152;3844;-867
22392;1151;3933;-1096
22398;1149;3995;-1096
22404;1147;4042;-1096
22410;1145;4062;-1096
22416;1144;4056;-1096
22422;1141;4026;749
22428;1140;3970;749
22434;1137;3888;749
22440;1135;3782;749
22446;1133;3645;749
22452;1130;3480;642
22458;1127;3285;642
22464;1124;3057;642
22470;1121;2789;642
22476;1118;2494;642
22482;1115;2176;425
22488;1112;1823;425
22494;1108;1431;425
22500;1104;1001;425
22506;1100;535;425
22512;1096;35;23
22518;1093;-500;23
22524;1088;-1065;23
22530;1084;-1654;23
22536;1079;-2273;23
22542;1073;-2935;324
22548;1068;-3631;324
22554;1063;-4346;324
22560;1058;-5087;324
22566;1052;-5854;324
22572;1046;-6642;701
22578;1040;-7453;701
22584;1033;-8282;701
22590;1027;-9121;701
22596;1020;-9969;701
22602;1013;-10000;-640
22608;1006;-10000;-640
22614;999;-10000;-640
22620;991;-10000;-640
22626;983;-10000;-640
22632;975;-10000;866
22638;967;-10000;866
22644;959;-10000;866
22650;949;-10000;866
22656;941;-10000;866
22662;931;-10000;935
22668;922;-10000;935
22674;913;-10000;935
22680;904;-10000;935
22686;894;-10000;935
22692;884;-10000;1040
22698;873;-9958;1040
22704;863;-9796;1040
22710;853;-9496;1040
22716;841;-9061;1040
22722;830;-8474;-971
22728;819;-7733;-971
22734;808;-6853;-971
22740;797;-5827;-971
22746;784;-4888;-971
22752;773;-4135;1073
22758;762;-3558;1073
22764;752;-3134;1073
22770;741;-2852;1073
22776;731;-2717;1073
22782;721;-2709;151
22788;710;-2825;151
22794;700;-3050;151
22800;689;-3381;151
22806;680;-3800;151
22812;671;-4300;738
22818;662;-4859;738
22824;653;-5466;738
22830;645;-6115;738
22836;637;-6795;738
22842;629;-7504;738
22848;621;-8230;-183
22854;614;-8962;-183
22860;607;-9694;-183
22866;600;-10000;-183
22872;593;-10000;-183
22878;586;-10000;183
22884;579;-10000;183
22890;573;-10000;183
22896;568;-10000;183
22902;562;-10000;183
22908;556;-10000;-674
22914;550;-10000;-674
22920;545;-10000;-674
22926;540;-10000;-674
22932;535;-10000;-674
22938;531;-10000;-4
22944;526;-10000;-4
22950;522;-10000;-4
22956;519;-10000;-4
22962;516;-10000;-4
22968;513;-10000;-43
22974;509;-10000;-43
22980;506;-10000;-43
22986;502;-10000;-43
22992;499;-10000;-43
22998;496;-10000;-117
23004;493;-9995;-117
23010;492;-9975;-117
23016;490;-9933;-117
23022;488;-9869;-117
23028;486;-9790;-980
23034;485;-9690;-980
23040;483;-9574;-980
23046;481;-9441;-980
23052;481;-9294;-980
23058;480;-9142;1086
23064;479;-8981;1086
23070;479;-8816;1086
23076;478;-8643;1086
23082;477;-8467;334
23088;477;-8286;334
23094;476;-8107;334
23100;476;-7921;334
23106;477;-7737;222
23112;477;-7566;222
23118;477;-7399;222
23124;477;-7234;222
23130;477;-7071;-625
23136;477;-6911;-625
23142;478;-6766;-193
23148;479;-6629;-193
23154;481;-6505;-193
23160;481;-6401;-193
23166;482;-6299;-193
23172;483;-6215;-692
23178;484;-6143;-692
23184;486;-6091;-692
23190;488;-6057;-692
23196;490;-6045;-692
23202;492;-6053;1046
23208;494;-6089;1046
23214;496;-6140;1046
23220;497;-6211;1046
23226;500;-6302;1046
23232;503;-6423;836
23238;506;-6567;836
23244;509;-6743;836
23250;512;-6940;836
23256;514;-7158;836
23262;517;-7404;751
23268;521;-7674;751
23274;525;-7965;751
23280;528;-8285;751
23286;532;-8631;751
23292;537;-9000;737
23298;541;-9393;737
23304;545;-9806;737
23310;550;-10000;737
23316;555;-10000;737
23322;560;-10000;884
23328;565;-10000;884
23334;570;-10000;884
23340;577;-10000;884
23346;582;-10000;884
23352;588;-10000;-676
23358;594;-10000;-676
23364;600;-10000;-676
23370;606;-10000;-676
23376;613;-10000;-676
23382;620;-10000;436
23388;627;-10000;436
23394;635;-10000;436
23400;642;-10000;436
23406;649;-10000;436
23412;657;-10000;-257
23418;666;-10000;-257
23424;675;-10000;-257
23430;683;-10000;-257
23436;692;-10000;-257
23442;701;-9970;-382
23448;709;-9855;-382
23454;719;-9638;-382
23460;729;-9307;-382
23466;737;-8864;-382
23472;745;-8318;-600
23478;754;-7673;-600
23484;764;-6910;-600
23490;773;-6040;-600
23496;781;-5055;-600
23502;789;-3969;-260
23508;798;-2773;-260
23514;808;-1519;-260
23520;817;-409;-260
23526;825;558;-260
23532;833;1389;-132
23538;841;2093;-132
23544;851;2670;-132
23550;860;3120;-132
23556;869;3453;-132
23562;877;3662;-686
23568;887;3761;-686
23574;895;3752;-686
23580;904;3658;-686
23586;912;3486;-686
23592;920;3242;1076
23598;929;2932;1076
23604;937;2556;1076
23610;945;2134;1076
23616;952;1671;1076
23622;959;1171;-912
23628;966;642;-912
23634;973;95;-912
23640;980;-463;-912
23646;987;-1029;-912
23652;993;-1597;-883
23658;999;-2165;-883
23664;1005;-3012;-883
23670;1011;-3555;-883
23676;1016;-4088;-883
23682;1021;-4603;566
23688;1025;-5099;566
23694;1031;-5574;566
23700;1037;-6019;566
23706;1041;-6441;566
23712;1044;-6840;-884
23718;1047;-7216;-884
23724;1051;-7566;-884
23730;1056;-7886;-884
23736;1060;-8178;-884
23742;1063;-8446;-627
23748;1065;-8691;-627
23754;1067;-8912;-627
23760;1070;-9112;-627
23766;1073;-9282;-627
23772;1076;-9435;-958
23778;1077;-9564;-958
23784;1079;-9684;-958
23790;1081;-9786;-958
23796;1083;-9869;976
23802;1084;-9933;976
23808;1085;-9983;976
23814;1087;-10000;976
23820;1088;-10000;976
23826;1088;-10000;769
23832;1089;-10000;769
23838;1089;-10000;769
23844;1089;-10000;769
23850;1089;-10000;769
23856;1089;-10000;514
23862;1089;-10000;2
23868;1089;-10000;2
23874;1089;-10000;2
23880;1088;-10000;-62
23886;1087;-10000;-62
23892;1086;-10000;-62
23898;1085;-10000;-62
23904;1083;-10000;-62
23910;1082;-10000;-593
23916;1080;-10000;-593
23922;1078;-10000;-593
23928;1076;-10000;-593
23934;1073;-10000;-593
23940;1071;-10000;-896
23946;1069;-10000;-896
23952;1066;-10000;-896
23958;1063;-10000;-896
23964;1060;-10000;-896
23970;1057;-10000;-1060
23976;1053;-10000;-1060
23982;1049;-10000;-1060
23988;1045;-10000;-1060
23994;1041;-10000;-1060
24000;1037;-10000;-943
24006;1033;-10000;-943
24012;1028;-10000;-943
24018;1023;-10000;-943
24024;1017;-10000;-943
24030;1013;-10000;-530
24036;1007;-10000;-530
24042;1001;-10000;-530
24048;995;-10000;-530
24054;989;-10000;-530
24060;983;-10000;373
24066;976;-10000;373
24072;969;-10000;373
24078;962;-10000;373
24084;955;-10000;373
24090;947;-10000;-427
24096;940;-10000;-427
24102;932;-10000;-427
24108;924;-10000;-427
24114;916;-9973;-427
24120;908;-9877;-899
24126;900;-9705;-899
24132;891;-9444;-899
24138;882;-9089;-899
24144;873;-8641;-899
24150;865;-8090;1057
24156;855;-7432;1057
24162;846;-6659;1057
24168;837;-5783;1057
24174;827;-4788;1057
24180;818;-3671;76
24186;809;-2439;76
24192;799;-1073;76
24198;790;279;76
24204;781;1486;76
24210;772;2541;711
24216;762;3447;711
24222;753;4214;711
24228;744;4847;711
24234;735;5352;711
24240;727;5736;914
24246;718;6009;914
24252;709;6186;914
24258;701;6255;914
24264;692;6236;914
24270;683;6131;996
24276;675;5948;996
24282;668;5711;996
24288;661;5425;996
24294;653;5096;996
24300;646;4727;-791
24306;638;4324;-791
24312;632;3893;-791
24318;626;3448;-791
24324;621;2991;-791
24330;614;2528;-1033
24336;609;2061;-1033
24342;602;1595;-1033
24348;597;1134;-1033
24354;593;682;-1033
24360;588;239;280
24366;583;-192;280
24372;579;-607;280
24378;574;-1005;280
24384;569;-1384;280
24390;565;-1743;996
24396;562;-2083;996
24402;559;-2406;996
24408;556;-2710;996
24414;553;-2992;996
24420;550;-3256;-1087
24426;547;-3496;-1087
24432;545;-3716;-1087
24438;543;-3923;-1087
24444;541;-4111;-1087
24450;539;-4291;946
24456;537;-4455;946
24462;536;-4607;946
24468;534;-4742;946
24474;533;-4860;946
24480;533;-4976;968
24486;532;-5090;968
24492;532;-5195;968
24498;531;-5295;968
24504;531;-5389;276
24510;531;-5483;276
24516;531;-5575;276
24522;532;-5665;276
24528;533;-5762;-22
24534;533;-5864;-22
24540;534;-5965;-22
24546;535;-6076;-22
24552;537;-6193;-22
24558;538;-6319;-358
24564;539;-6452;-358
24570;541;-6598;-358
24576;545;-6757;-358
24582;547;-6932;-358
24588;550;-7118;-625
24594;553;-7318;-625
24600;555;-7526;-625
24606;557;-7746;-625
24612;561;-7975;-625
24618;565;-8218;-650
24624;569;-8474;-650
24630;573;-8737;-650
24636;577;-9007;-650
24642;581;-9284;-650
24648;585;-9569;-520
24654;590;-9856;-520
24660;595;-10000;-520
24666;601;-10000;-520
24672;605;-10000;-520
24678;610;-10000;48
24684;616;-10000;48
24690;622;-10000;48
24696;629;-10000;48
24702;635;-10000;48
24708;641;-10000;1080
24714;647;-10000;1080
24720;654;-10000;1080
24726;661;-10000;1080
24732;669;-10000;1080
24738;677;-9960;288
24744;685;-9853;288
24750;693;-9677;288
24756;701;-9436;288
24762;709;-9126;288
24768;718;-8717;-205
24774;727;-8204;-205
24780;736;-7588;-205
24786;743;-6880;-205
24792;752;-6079;-205
24798;761;-5174;-796
24804;770;-4159;-796
24810;779;-3030;-796
24816;787;-1786;-796
24822;796;-431;-796
24828;805;1004;-53
24834;814;2331;-53
24840;823;3513;-53
24846;832;4552;-53
24852;841;5464;-53
24858;849;6238;-746
24864;857;6886;-746
24870;865;7413;-746
24876;874;7832;-746
24882;883;8129;-746
24888;892;8324;-313
24894;899;8428;-313
24900;906;8455;-313
24906;914;8413;-313
24912;922;8304;-313
24918;929;8128;-50
24924;937;7898;-50
24930;943;7621;-50
24936;949;7311;-50
24942;955;6972;-50
24948;961;6605;-195
24954;968;6214;-195
24960;974;5809;-195
24966;980;5391;-195
24972;985;4964;-195
24978;990;4536;-736
24984;995;4108;-736
24990;999;3684;-736
24996;1004;3266;-736
25002;1009;2856;-736
25008;1013;2455;268
25014;1017;2065;268
25020;1021;1688;268
25026;1024;1326;268
25032;1027;977;268
25038;1029;641;753
25044;1033;322;753
25050;1035;19;753
25056;1038;-270;753
25062;1040;-547;753
25068;1042;-808;864
25074;1043;-1058;864
25080;1045;-1295;864
25086;1046;-1527;864
25092;1047;-1748;864
25098;1048;-1959;646
25104;1049;-2162;646
25110;1049;-2359;646
25116;1049;-2553;646
25122;1049;-2745;754
25128;1049;-2933;754
25134;1049;-3119;-1
25140;1049;-3302;-1
25146;1048;-3482;-1
25152;1047;-3668;-33
25158;1046;-3856;-33
25164;1045;-4048;-33
25170;1043;-4244;-33
25176;1041;-4445;-33
25182;1039;-4651;-240
25188;1037;-4863;-240
25194;1035;-5081;-240
25200;1033;-5306;-240
25206;1029;-5539;-240
25212;1026;-5778;-364
25221;1021;-6147;-364
25227;1018;-6399;-364
25233;1015;-6655;-364
25239;1011;-6913;-245
25245;1006;-7173;-245
25251;1002;-7431;-245
25257;997;-7685;-245
25263;993;-7936;-245
25269;988;-8179;216
25275;983;-8413;216
25281;977;-8634;216
25287;972;-8836;216
25293;966;-9018;216
25299;961;-9178;1017
25305;954;-9312;1017
25311;947;-9405;1017
25317;941;-9459;1017
25323;933;-9468;1017
25329;927;-9431;250
25335;920;-9340;250
25341;913;-9196;250
25347;906;-8990;250
25353;898;-8713;250
25359;890;-8357;-589
25365;882;-7920;-589
25371;875;-7396;-589
25377;867;-6781;-589
25383;859;-6076;-589
25389;850;-5278;824
25395;841;-4385;824
25401;833;-3381;824
25407;824;-2265;824
25413;816;-1047;824
25419;807;287;-290
25425;799;1723;-290
25431;791;3132;-290
25437;782;4410;-290
25443;773;5551;-290
25449;765;6549;-287
25455;757;7415;-287
25461;749;8159;-287
25467;741;8785;-287
25473;733;9297;-287
25479;725;9702;-229
25485;717;10000;-229
25491;709;10000;-229
25497;701;10000;-229
25503;693;10000;-229
25509;686;9963;-684
25515;678;9862;-684
25521;672;9700;-684
25527;665;9490;-684
25533;659;9235;-684
25539;653;8942;-684
25545;646;8617;-823
25551;640;8263;-823
25557;635;7889;-823
25563;630;7500;-823
25569;625;7100;-823
25575;620;6694;-1013
25581;615;6281;-1013
25587;610;5865;-1013
25593;606;5449;-1013
25599;602;5037;-1013
25605;598;4340;-61
25611;595;3945;-61
25617;592;3557;-61
25623;588;3177;-61
25629;585;2808;-61
25635;582;2449;548
25641;580;2100;548
25647;577;1762;548
25653;575;1434;548
25659;573;1118;548
25665;572;811;640
25671;570;513;640
25677;569;225;640
25683;568;-56;640
25689;567;-327;640
25695;566;-590;572
25701;566;-848;572
25707;565;-1103;572
25713;565;-1350;572
25719;566;-1596;356
25725;566;-1839;356
25731;567;-2079;356
25737;567;-2320;356
25743;569;-2559;29
25749;569;-2800;29
25755;571;-3042;29
25761;573;-3285;29
25770;577;-3655;-90
25776;578;-3903;-90
25782;580;-4153;-90
25788;583;-4404;-90
25794;586;-4659;-90
25800;589;-4912;-66
25806;593;-5167;-66
25812;596;-5422;-66
25818;599;-5673;-66
25824;602;-5920;-66
25830;606;-6165;126
25836;611;-6403;126
25842;616;-6630;126
25848;620;-6846;126
25854;625;-7049;126
25860;629;-7238;700
25866;634;-7407;700
25872;641;-7554;700
25881;649;-7717;700
25887;655;-7785;700
25893;661;-7816;-478
25899;667;-7811;-478
25905;673;-7760;-478
25911;681;-7656;-478
25917;688;-7493;-478
25923;695;-7263;775
25929;702;-6967;775
25935;709;-6604;775
25941;717;-6159;775
25947;725;-5627;775
25953;733;-5004;170
25959;741;-4297;170
25965;748;-3505;170
25971;756;-2630;170
25977;765;-1660;170
25983;773;-577;980
25989;781;606;980
25995;789;1883;980
26001;797;3255;980
26007;805;4715;980
26016;817;6683;-639
26022;825;7834;-639
26028;833;8855;-639
26034;841;9751;-639
26040;849;10000;-726
26046;857;10000;-726
26085;905;10000;376
26094;915;9949;376
26100;922;9832;205
26106;929;9662;205
26115;937;9324;205
26121;943;9050;205
26127;948;8749;205
26133;953;8422;-35
26139;959;8073;-35
26145;964;7704;-35
26151;969;7319;-35
26160;977;6719;-980
26166;981;6312;-980
26172;985;5901;-980
26187;993;4873;-980
26196;998;4265;-17
26205;1003;3670;-17
26211;1006;3280;-17
26217;1009;2898;-17
26223;1010;2524;332
26229;1012;2157;332
26235;1013;1797;332
26241;1015;1445;332
26247;1017;1101;332
26253;1018;764;465
26259;1019;435;465
26265;1020;112;465
26271;1020;-203;465
26277;1020;-514;465
26283;1020;-821;588
26289;1020;-1123;588
26295;1020;-1420;588
26301;1019;-1715;128
26307;1018;-2006;128
26313;1017;-2296;128
26319;1017;-2583;128
26325;1015;-2868;128
26331;1013;-3151;160
26337;1011;-3434;160
26343;1009;-3715;160
26349;1006;-3993;160
26355;1004;-4269;160
26361;1001;-4540;113
26367;999;-5099;113
26373;995;-5357;113
26379;992;-5611;113
26385;988;-5857;113
26391;985;-6095;380
26397;981;-6325;380
26403;977;-6542;380
26409;972;-6744;380
26415;967;-6930;380
26421;963;-7098;800
26427;958;-7239;800
26433;952;-7356;800
26439;946;-7442;800
26445;941;-7493;800
26451;935;-7507;-452
26463;924;-7411;-452
26469;917;-7299;-452
26475;911;-7132;-452
26487;897;-6595;695
26496;887;-6025;695
26502;880;-5555;695
26508;873;-5013;-355
26514;865;-4394;-355
26520;857;-3684;-355
26526;849;-2882;-355
26532;841;-1983;-355
26538;834;-995;794
26544;827;85;794
26550;819;1265;794
26556;811;2533;794
26565;799;4627;794
26571;791;6035;678
26577;783;7312;678
26583;776;8454;678
26589;768;9482;678
26595;761;10000;678
26601;753;10000;-616
26610;742;10000;-616
26616;735;10000;-616
26631;717;10000;463
26637;710;10000;463
26643;703;10000;463
26649;696;10000;463
26655;689;9968;463
26661;683;9876;-104
26667;677;9728;-104
26676;669;9423;-104
26682;663;9171;-104
26688;657;8884;-355
26694;651;8563;-355
26700;646;8219;-355
26706;642;7851;-355
26712;637;7469;-355
26718;633;7074;987
26724;629;6669;987
26745;617;5215;987
26751;613;4795;-260
26757;610;4376;-260
26763;607;3960;-260
26769;605;3548;-260
26775;603;3140;-260
26781;601;2739;239
26787;599;2054;239
26793;597;1667;239
26799;596;1285;239
26805;595;909;239
26811;594;540;358
26817;593;177;358
26823;593;-182;358
26829;592;-534;358
26835;592;-881;376
26841;592;-1224;376
26847;593;-1561;376
26856;593;-2058;376
26862;594;-2382;250
26868;595;-2702;250
26874;597;-3019;250
26880;598;-3331;250
26886;599;-3638;250
26892;601;-4230;273
26898;603;-4523;273
26913;610;-5234;273
26919;613;-5506;273
26925;615;-5769;413
26931;618;-6026;413
26937;622;-6271;413
26958;635;-7011;676
26967;642;-7264;676
26979;652;-7517;676
26991;662;-7645;-762
27003;673;-7628;-762
27024;695;-7149;95
27030;701;-6880;95
27036;708;-6556;95
27045;718;-5932;-719
27051;725;-5426;-719
27057;733;-4836;-719
27063;739;-4167;-719
27069;746;-3422;-719
27075;753;-2600;44
27081;761;-1696;44
27090;773;-166;44
27102;786;2200;874
27108;793;3511;874
27114;802;4924;874
27123;813;6932;874
27129;821;8115;874
27135;827;9190;559
27141;834;10000;559
27147;841;10000;559
27153;849;10000;559
27159;857;10000;559
27165;863;10000;53
27171;870;10000;53
27177;877;10000;53
27183;884;10000;53
27189;891;10000;53
27195;897;10000;-846
27201;903;10000;-846
27207;909;9960;-846
27213;915;9862;-846
27225;925;9525;-1078
27231;931;9292;-1078
27237;937;9020;-1078
27243;941;8717;-1078
27249;946;8386;-1078
27255;951;8035;207
27261;955;7667;207
27267;959;7282;207
27273;963;6886;207
27285;970;6061;-780
27294;975;5423;-780
27303;980;4779;-780
27315;985;3922;-166
27321;987;3496;-166
27327;989;3073;-166
27336;991;2447;-166