tiempo;error;integral;derivada
13464;0;1000;-3
13473;0;3978;1
13479;-1;5952;0
13485;-3;7925;0
13491;-4;9907;0
13497;-3;10000;0
13503;-4;10000;0
13509;-6;10000;-114
13515;-7;10000;-114
13521;-7;10000;-114
13527;-7;10000;-114
13533;-8;10000;-114
13539;-9;10000;-333
13545;-9;10000;-333
13551;-10;10000;-333
13557;-11;10000;-333
13563;-11;10000;-333
13569;-11;10000;-226
13575;-12;10000;-226
13581;-13;10000;-226
13587;-13;10000;-329
13593;-14;10000;-329
13599;-14;10000;-329
13605;-15;10000;-329
13611;-15;10000;-400
13617;-15;10000;-400
13623;-15;10000;-400
13629;-16;10000;-400
13635;-16;10000;-518
13641;-16;10000;-518
13647;-16;10000;-518
13653;-17;10000;-518
13659;-17;10000;-518
13665;-17;10000;-780
13677;-17;10000;-780
13683;-17;10000;1
13689;-17;10000;1
13695;-17;10000;1
13701;-17;10000;1
13707;-17;10000;1
13713;-17;10000;1
13719;-17;10000;1
13725;-17;10000;1
13731;-16;10000;-87
13737;-16;10000;-87
13743;-16;10000;-87
13749;-15;10000;-87
13755;-15;10000;-87
13761;-15;10000;-1536
13767;-15;10000;-1536
13773;-15;10000;-1536
13779;-14;10000;-735
13785;-14;10000;-735
13791;-13;10000;-735
13797;-13;10000;-735
13803;-12;10000;-735
13809;-11;10000;859
13815;-11;10000;859
13821;-11;10000;859
13827;-10;10000;859
13833;-9;10000;859
13839;-9;10000;1197
13845;-8;10000;1197
13851;-7;10000;1197
13857;-7;10000;1197
13863;-7;10000;1197
13869;-6;10000;-1950
13875;-5;10000;-1950
13881;-5;10000;-904
13887;-4;10000;-904
13893;-3;10000;-904
13899;-3;10000;-904
13905;-3;10000;-904
13911;-2;10000;910
13917;-1;10000;910
13923;0;10000;910
13929;0;10000;910
13935;1;10000;910
13941;1;10000;1047
13947;2;10000;1047
13953;3;10000;1047
13959;3;10000;1047
13965;4;10000;1636
13971;5;10000;1636
13974;5;10000;1636
13980;5;10000;1636
13986;6;10000;-1466
13992;7;10000;-1466
13998;7;10000;-1466
14004;7;10000;-1095
14010;8;10000;-1095
14016;9;10000;-1095
14022;9;10000;-1095
14028;9;10000;-1166
14034;9;10000;-1166
14040;10;10000;-1166
14046;10;10000;-1166
14052;11;10000;-1161
14058;11;10000;-1161
14064;11;10000;-1161
14070;12;10000;-942
14076;12;10000;-942
14082;12;10000;-942
14088;13;10000;-942
14094;13;10000;-942
14100;13;10000;-1350
14106;13;10000;-1350
14112;13;10000;-1350
14118;13;10000;1
14124;13;10000;1
14130;13;10000;1
14136;13;10000;1
14142;13;10000;1
14148;13;10000;1
14154;13;10000;1
14160;13;10000;1
14166;14;10000;-110
14172;13;10000;-110
14178;13;10000;-110
14184;13;10000;-110
14190;13;10000;-110
14196;13;10000;-2088
14202;13;10000;1
14208;13;10000;1
14214;13;10000;1
14220;12;10000;31
14226;12;10000;31
14232;12;10000;31
14238;11;10000;31
14244;11;10000;31
14250;11;10000;-1044
14256;10;10000;-1044
14262;10;10000;-1044
14268;9;10000;-484
14274;9;10000;-484
14280;9;10000;-484
14286;8;10000;-175
14292;8;9996;-175
14298;7;9992;-175
14304;7;9975;-175
14310;6;9951;-175
14316;5;9919;-591
14322;5;9889;-591
14328;5;9845;-591
14334;4;9787;-591
14340;4;9730;-342
14346;3;9674;-342
14352;2;9604;-342
14361;1;9496;-342
14367;1;9422;-251
14373;1;9334;-251
14379;0;9233;-251
14385;0;9131;-251
14391;-1;9021;-251
14397;-1;8904;-450
14403;-2;8789;-450
14409;-3;8660;-450
14415;-3;8532;-450
14421;-3;8390;-571
14427;-4;8242;-571
14433;-5;8088;-571
14439;-5;7935;-571
14478;-7;6719;-361
14517;-10;5154;-480
14523;-10;4881;-480
14529;-11;4602;-480
14535;-11;4317;-480
14541;-11;4018;-823
14547;-11;3705;-823
14553;-11;3379;-823
14559;-11;3039;1
14565;-11;2685;1
14571;-12;2325;44
14577;-12;1959;44
14583;-12;1579;44
14589;-12;1185;44
14595;-12;778;44
14601;-12;357;44
14607;-12;-78;1
14613;-12;-527;1
14619;-12;-989;1
14625;-12;-1465;1
14631;-12;-1955;1
14640;-11;-2722;-101
14646;-11;-3261;-101
14652;-11;-3813;-101
14658;-11;-4379;-101
14664;-11;-4959;-101
14670;-11;-5553;1
14676;-11;-6161;1
14682;-11;-6782;1
14688;-10;-7432;-182
14694;-10;-8096;-182
14700;-10;-8773;-182
14706;-9;-9479;-182
14712;-9;-10000;-182
14718;-9;-10000;-1622
14724;-8;-10000;-1622
14730;-8;-10000;-1622
14736;-7;-10000;-933
14742;-7;-10000;-933
14748;-7;-10000;-933
14754;-7;-10000;-1927
14760;-7;-10000;-1927
14766;-6;-10000;-507
14772;-5;-10000;-507
14778;-5;-10000;-507
14784;-5;-10000;-507
14790;-5;-10000;-507
14796;-4;-10000;-2509
14802;-3;-10000;-2509
14808;-3;-10000;-740
14814;-3;-10000;-740
14820;-3;-10000;-740
14826;-2;-10000;-740
14832;-2;-10000;-1181
14838;-1;-10000;-1181
14844;-1;-10000;-1181
14850;0;-10000;-1181
14856;0;-10000;-975
14862;1;-10000;-975
14868;1;-10000;-975
14874;1;-10000;-975
14880;1;-10000;-975
14886;2;-10000;-2383
14892;2;-10000;-2383
14898;3;-10000;-643
14904;3;-10000;-643
14910;3;-10000;-643
14916;4;-10000;-910
14922;5;-10000;-910
14928;5;-10000;-910
14934;5;-10000;-910
14940;5;-10000;-910
14946;5;-10000;-4171
14952;6;-10000;-333
14958;6;-10000;-333
14964;7;-10000;-333
14970;7;-10000;-333
14976;7;-10000;-333
14982;7;-10000;-2192
14988;7;-10000;-2192
14994;8;-10000;-2192
15000;8;-10000;-580
15006;8;-10000;-580
15012;8;-10000;-580
15018;9;-10000;-580
15024;9;-10000;-580
15030;9;-10000;-1460
15036;9;-10000;-1460
15042;9;-10000;-1460
15048;9;-10000;1
15054;9;-10000;1
15060;9;-10000;1
15066;9;-10000;1
15072;9;-10000;1
15078;9;-10000;1
15084;9;-10000;1
15090;9;-10000;1
15096;9;-10000;1
15102;9;-10000;1
15108;9;-10000;1
15114;9;-10000;1
15120;9;-10000;1
15126;8;-10000;1
15132;8;-10000;17
15138;8;-10000;17
15144;8;-10000;17
15150;7;-10000;17
15156;7;-10000;17
15162;7;-10000;-989
15168;7;-10000;-989
15174;9;-10000;-989
15180;10;-10000;-428
15186;9;-10000;-428
15192;9;-10000;-428
15198;10;-10000;-428
15204;11;-10000;-428
15210;12;-10000;-487
15216;12;-10000;-487
15222;12;-10000;-487
15228;12;-10000;-487
15234;13;-10000;-487
15240;13;-10000;-191
15246;14;-10000;-191
15252;14;-10000;-191
15258;14;-10000;-191
15264;14;-10000;-305
15270;15;-10000;-305
15276;15;-10000;-305
15282;15;-10000;-216
15288;15;-10000;-216
15294;15;-10000;-216
15300;15;-10000;-216
15306;15;-10000;-88
15312;15;-10000;-80
15318;15;-10000;-73
15324;15;-10000;-67
15330;15;-10000;-62
15336;15;-10000;-58
15342;15;-10000;-54
15348;15;-10000;-51
15354;15;-10000;-48
15360;15;-10000;-46
15366;14;-10000;55
15372;14;-10000;55
15378;14;-10000;55
15384;13;-10000;55
15390;13;-10000;55
15396;13;-10000;325
15402;13;-10000;325
15408;12;-10000;325
15414;12;-10000;164
15420;11;-10000;164
15426;11;-10000;164
15432;11;-10000;164
15438;10;-10000;164
15444;9;-10000;400
15450;9;-10000;400
15456;9;-10000;400
15462;8;-10000;400
15468;8;-10000;371
15474;7;-10000;371
15480;7;-10000;371
15516;3;-10000;551
15522;3;-10000;452
15528;2;-10000;452
15534;1;-10000;452
15540;1;-10000;452
15546;1;-10000;520
15552;0;-10000;520
15558;-1;-10000;520
15564;-2;-10000;433
15570;-2;-10000;433
15576;-3;-10000;433
15582;-3;-10000;433
15588;-3;-10000;520
15594;-4;-10000;520
15600;-5;-10000;520
15606;-5;-10000;433
15612;-6;-10000;433
15618;-6;-10000;433
15624;-7;-10000;433
15630;-7;-10000;445
15636;-7;-10000;445
15642;-8;-10000;445
15648;-9;-10000;445
15654;-9;-10000;358
15660;-9;-10000;358
15666;-10;-10000;358
15672;-11;-10000;358
15678;-11;-10000;358
15684;-11;-10000;433
15690;-11;-10000;433
15696;-11;-10000;433
15702;-12;-10000;433
15708;-12;-10000;192
15714;-12;-10000;192
15720;-13;-10000;192
15726;-13;-10000;192
15732;-13;-10000;264
15738;-13;-10000;264
15744;-13;-10000;264
15750;-13;-10000;90
15756;-14;-10000;140
15762;-14;-10000;140
15768;-14;-10000;140
15774;-14;-10000;140
15780;-14;-10000;140
15786;-14;-10000;75
15792;-13;-10000;-136
15798;-13;-10000;-136
15804;-13;-10000;-136
15810;-13;-10000;-136
15816;-13;-10000;-136
15822;-13;-10000;-136
15828;-12;-10000;-70
15834;-12;-10000;-121
15840;-12;-10000;-121
15846;-11;-10000;-121
15852;-11;-10000;-121
15858;-11;-10000;-121
15864;-11;-10000;-305
15870;-11;-10000;-305
15876;-10;-10000;-305
15882;-10;-10000;-173
15888;-9;-10000;-173
15894;-9;-10000;-173
15900;-9;-10000;-173
15906;-8;-10000;-173
15912;-8;-10000;-358
15918;-7;-10000;-358
15924;-7;-10000;-358
15930;-7;-10000;-358
15936;-7;-10000;-577
15942;-6;-10000;-577
15948;-5;-10000;-191
15954;-5;-10000;-191
15960;-5;-10000;-191
15966;-4;-10000;-191
15972;-3;-10000;-400
15978;-3;-10000;-400
15984;-3;-10000;-400
15990;-3;-10000;-400
15996;-2;-10000;-358
16002;-2;-10000;-358
16008;-1;-10000;-358
16014;-1;-10000;-358
16020;0;-10000;-358
16026;0;-10000;-373
16032;1;-10000;-373
16038;1;-10000;-373
16044;1;-10000;-373
16050;2;-10000;-460
16056;2;-10000;-460
16062;3;-10000;-335
16068;3;-10000;-335
16074;4;-10000;-335
16080;4;-10000;-335
16086;5;-10000;-335
16092;5;-10000;-452
16098;5;-10000;-452
16104;5;-10000;-452
16110;6;-10000;-452
16116;6;-10000;-216
16122;7;-10000;-216
16128;7;-10000;-216
16134;7;-10000;-216
16140;7;-10000;-346
16146;8;-10000;-346
16152;8;-10000;-226
16158;9;-10000;-226
16164;9;-10000;-226
16170;9;-10000;-226
16176;9;-10000;-346
16182;9;-10000;-346
16188;9;-10000;-346
16194;9;-10000;-101
16200;9;-10000;-91
16206;9;-10000;-82
16245;10;-10000;-77
16251;10;-10000;-77
16257;10;-10000;-52
16263;10;-10000;-49
16269;9;-10000;-46
16275;9;-10000;115
16281;9;-10000;115
16287;9;-10000;115
16293;9;-10000;115
16299;9;-10000;115
16305;9;-10000;65
16311;9;-10000;60
16317;9;-10000;56
16323;8;-10000;53
16329;8;-10000;98
16335;8;-10000;98
16341;7;-10000;98
16347;7;-10000;98
16353;7;-10000;98
16359;7;-10000;325
16365;6;-10000;325
16371;6;-10000;187
16377;5;-10000;187
16383;5;-10000;187
16389;5;-10000;187
16395;5;-10000;400
16401;5;-10000;400
16407;4;-10000;185
16413;3;-10000;185
16416;3;-10000;185
16422;3;-10000;185
16428;3;-10000;185
16434;2;-10000;185
16440;2;-10000;358
16446;1;-10000;358
16452;1;-10000;358
16458;1;-10000;358
16464;1;-10000;433
16470;0;-10000;433
16476;0;-10000;200
16482;-1;-10000;200
16488;-1;-10000;200
16494;-2;-10000;200
16500;-2;-10000;373
16506;-2;-10000;373
16512;-3;-10000;373
16518;-3;-10000;373
16524;-3;-10000;373
16530;-3;-10000;346
16536;-3;-10000;346
16599;-7;-10000;179
16605;-7;-10000;179
16611;-7;-10000;242
16617;-7;-10000;242
16623;-7;-10000;242
16629;-7;-10000;88
16635;-7;-10000;79
16644;-7;-10000;68
16650;-7;-10000;63
16656;-7;-10000;58
16662;-7;-10000;54
16668;-7;-10000;50
16674;-7;-10000;47
16680;-7;-10000;44
16686;-7;-10000;42
16692;-7;-10000;40
16698;-7;-10000;38
16704;-7;-10000;36
16710;-7;-10000;34
16716;-7;-10000;33
16722;-7;-10000;31
16728;-7;-10000;30
16734;-7;-10000;29
16740;-7;-10000;28
16746;-7;-10000;27
16752;-7;-10000;26
16758;-7;-10000;25
16764;-7;-10000;24
16770;-7;-10000;23
16776;-7;-10000;23
16782;-6;-10000;22
16788;-6;-10000;-24
16794;-6;-10000;-24
16800;-6;-10000;-24
16806;-5;-10000;-24
16812;-5;-10000;-24
16818;-5;-10000;-216
16824;-5;-10000;-216
16830;-5;-10000;-216
16836;-5;-10000;-216
16842;-4;-10000;-162
16848;-4;-10000;-162
16854;-3;-10000;-162
16860;-3;-10000;-162
16866;-3;-10000;-162
16872;-3;-10000;-346
16878;-3;-10000;-346
16884;-3;-10000;-113
16890;-2;-10000;-100
16896;-2;-10000;-140
16905;-2;-10000;-140
16911;-1;-10000;-140
16917;-1;-10000;-140
16923;-1;-10000;-273
16929;-1;-10000;-273
16935;0;-10000;-273
16941;0;-10000;-187
16947;0;-10000;-187
16953;1;-10000;-187
16959;1;-10000;-187
16965;1;-10000;-270
16971;1;-10000;-270
17004;2;-10000;-130
17010;3;-10000;-130
17016;3;-10000;-130
17022;3;-10000;-305
17028;3;-10000;-305
17034;3;-10000;-305
17040;4;-10000;-167
17046;4;-10000;-167
17052;4;-10000;-167
17058;4;-10000;-167
17109;5;-10000;-73
17115;5;-10000;-67
17121;5;-10000;-62
17127;5;-10000;-58
17133;5;-10000;-54
17139;5;-10000;-51
17145;5;-10000;-48
17151;5;-10000;-46
17157;5;-10000;-43
17163;5;-10000;-41
17169;5;-10000;-39
17175;5;-10000;-37
17181;5;-10000;-36
17187;5;-10000;-34
17193;5;-10000;-33
17199;5;-10000;-32
17205;5;-10000;-31
17211;5;-10000;-30
17217;5;-10000;-29
17223;5;-10000;-28
17229;5;-10000;-27
17235;5;-10000;-26
17241;5;-10000;-25
17247;4;-10000;28
17253;4;-10000;28
17259;4;-10000;28
17265;4;-10000;28
17271;3;-10000;28
17277;3;-10000;200
17283;3;-10000;200
17289;3;-10000;200
17295;3;-10000;200
17301;3;-10000;89
17307;2;-10000;81
17313;2;-10000;133
17319;2;-10000;133
17325;2;-10000;133
17331;2;-10000;133
17337;1;-10000;133
17343;1;-10000;208
17349;1;-10000;208
17355;1;-10000;208
17361;1;-10000;208
17367;1;-10000;88
17373;1;-10000;80
17379;0;-10000;109
17385;0;-10000;109
17391;0;-10000;109
17397;-1;-10000;109
17403;-1;-10000;109
17409;-1;-10000;236
17415;-1;-10000;236
17421;-1;-10000;236
17427;-2;-10000;157
17433;-2;-10000;157
17439;-2;-10000;157
17445;-2;-10000;157
17451;-2;-10000;157
17457;-2;-10000;157
17463;-3;-10000;162
17469;-3;-10000;162
17475;-3;-10000;162
17481;-3;-10000;162
17487;-3;-10000;162
17493;-3;-10000;78
17499;-3;-10000;72
17505;-3;-10000;66
17511;-3;-10000;61
17517;-3;-10000;57
17523;-3;-10000;54
17529;-3;-10000;50
17535;-3;-10000;48
17541;-3;-10000;45
17547;-3;-10000;43
17553;-3;-10000;41
17559;-4;-10000;39
17565;-4;-10000;50
17571;-4;-10000;50
17577;-4;-10000;50
17583;-4;-10000;50
17589;-4;-10000;50
17595;-4;-10000;38
17601;-4;-10000;36
17607;-3;-10000;35
17613;-3;-10000;-108
17619;-3;-10000;-108
17625;-3;-10000;-108
17631;-3;-10000;-108
17637;-3;-10000;-108
17643;-3;-10000;-64
17649;-3;-10000;-59
17655;-3;-10000;-55
17661;-3;-10000;-52
17667;-3;-10000;-49
17673;-3;-10000;-46
17679;-3;-10000;-44
17685;-3;-10000;-42
17691;-3;-10000;-40
17697;-3;-10000;-38
17703;-3;-10000;-36
17709;-3;-10000;-35
17715;-3;-10000;-33
17721;-3;-10000;-32
17727;-3;-10000;-31
17733;-3;-10000;-30
17739;-2;-10000;-41
17745;-2;-10000;-41
17751;-2;-10000;-41
17757;-2;-10000;-41
17763;-2;-10000;-41
17769;-2;-10000;-32
17775;-2;-10000;-31
17781;-1;-10000;-30
17787;-1;-10000;-110
17793;-1;-10000;-110
17799;-1;-10000;-110
17805;-1;-10000;-110
17811;-1;-10000;-110
17817;-1;-10000;-64
17823;-1;-10000;-59
17829;-1;-10000;-55
17835;0;-10000;-52
17841;0;-10000;-84
17847;0;-10000;-84
17853;0;-10000;-84
17859;0;-10000;-84
17865;0;-10000;-84
17892;1;-10000;-109
17898;1;-10000;-109
17904;1;-10000;-109
17910;1;-10000;-62
17916;1;-10000;-57
17922;1;-10000;-53
17928;1;-10000;-50
17934;1;-10000;-46
17940;1;-10000;-44
17946;1;-10000;-41
17952;1;-10000;-39
17958;1;-10000;-37
17964;1;-10000;-35
17970;1;-10000;-34
17976;1;-10000;-32
17982;1;-10000;-31
17988;1;-10000;-30
17994;1;-10000;-29
18000;1;-10000;-28
18006;1;-10000;-27
18012;1;-10000;-26
18018;1;-10000;-25
18024;1;-10000;-24
18030;1;-10000;-23
18036;1;-10000;-23
18042;1;-10000;-22
18048;1;-10000;-21
18054;1;-10000;-21
18060;1;-10000;-20
18066;1;-10000;-20
18072;1;-10000;-19
18078;1;-10000;-19
18084;1;-10000;-18
18090;1;-10000;-18
18096;1;-10000;-17
18102;1;-10000;-17
18108;1;-10000;-16
18114;1;-10000;-16
18144;1;-10000;-14
18150;1;-10000;-14
18156;1;-10000;-14
18162;1;-10000;-14
18168;1;-10000;-13
18174;1;-10000;-13
18180;1;-10000;-13
18186;1;-10000;-13
18192;1;-10000;-12
18198;1;-10000;-12
18204;1;-10000;-12
18210;1;-10000;-12
18216;1;-10000;-12
18222;1;-10000;-11
18228;1;-10000;-11
18234;1;-10000;-11
18240;0;-10000;-11
18246;0;-10000;12
18252;0;-10000;12
18258;0;-10000;12
18264;0;-10000;12
18270;0;-10000;12
18276;0;-10000;11
18282;0;-10000;11
18288;0;-10000;11
18294;0;-10000;11
18300;0;-10000;10
18306;-1;-10000;72
18315;-1;-10000;72
18321;-1;-10000;72
18327;-1;-10000;72
18333;-1;-10000;72
18339;-1;-10000;46
18414;-1;-10000;26
18420;-1;-10000;25
18426;-1;-10000;24
18432;-1;-10000;23
18438;-1;-10000;22
18444;-1;-10000;22
18450;-1;-10000;21
18456;-1;-10000;21
18462;-1;-10000;20
18468;-1;-10000;19
18474;-1;-10000;19
18480;-1;-10000;18
18486;-1;-10000;18
18492;-1;-10000;18
18498;-1;-10000;17
18504;-1;-10000;17
18510;-1;-10000;16
18516;-1;-10000;16
18522;-1;-10000;16
18528;-1;-10000;15
18534;-1;-10000;15
18540;-1;-10000;15
18546;-1;-10000;14
18552;-1;-10000;14
18558;-1;-10000;14
18564;-1;-10000;13
18570;-1;-10000;13
18576;-1;-10000;13
18582;-1;-10000;13
18588;-1;-10000;13
18594;-1;-10000;12
18600;-1;-10000;12
18606;-1;-10000;12
18612;-1;-10000;12
18618;-1;-10000;11
18624;-1;-10000;11
18630;-1;-10000;11
18636;-1;-10000;11
18642;-1;-10000;11
18648;-1;-10000;11
18654;-1;-10000;10
18660;-1;-10000;10
18666;-1;-10000;10
18672;-1;-10000;10
18678;-1;-10000;10
18684;-1;-10000;10
18690;-1;-10000;10
18696;-1;-10000;9
18702;-1;-10000;9
18708;-1;-10000;9
18714;-1;-10000;9
18720;-1;-10000;9
18726;-1;-10000;9
18732;-1;-10000;9
18738;-1;-10000;9
18744;-1;-10000;8
18750;-1;-10000;8
18756;-1;-10000;8
18762;-1;-10000;8
18768;-1;-10000;8
18774;-1;-10000;8
18780;-1;-10000;8
18786;-1;-10000;8
18792;-1;-10000;8
18798;-1;-10000;8
18804;-1;-10000;8
18810;-1;-10000;7
18816;-1;-10000;7
18822;-1;-10000;7
18828;-1;-10000;7
18834;-1;-10000;7
18840;-1;-10000;7
18846;-1;-10000;7
18852;-1;-10000;7
18858;-1;-10000;7
18864;-1;-10000;7
18870;-1;-10000;7
18876;-1;-10000;7
18882;-1;-10000;7
18888;-1;-10000;6
18894;-1;-10000;6
18900;-1;-10000;6
18906;-1;-10000;6
18912;-1;-10000;6
18918;-1;-10000;6
18924;-1;-10000;6
18930;-1;-10000;6
18936;-1;-10000;6
18942;-1;-10000;6
18948;-1;-10000;6
18954;-1;-10000;6
18960;-1;-10000;6
18966;-1;-10000;6
18972;-1;-10000;6
18978;-1;-10000;6
18984;-1;-10000;6
18990;-1;-10000;6
18996;-1;-10000;5
19002;-1;-10000;5
19008;-1;-10000;5
19014;-1;-10000;5
19020;-1;-10000;5
19026;-1;-10000;5
19032;-1;-10000;5
19038;-1;-10000;5
19044;-1;-10000;5
19050;-1;-10000;5
19056;-1;-10000;5
19062;-1;-10000;5
19068;-1;-10000;5
19074;-1;-10000;5
19080;-1;-10000;5
19086;-1;-10000;5
19092;-1;-10000;5
19098;-1;-10000;5
19104;-1;-10000;5
19110;-1;-10000;5
19161;-1;-10000;4
19167;-1;-10000;4
19173;-1;-10000;4
19179;-1;-10000;4
19185;-1;-10000;4
19191;-1;-10000;4
19197;-1;-10000;4
19203;-1;-10000;4
19209;-1;-10000;4
19236;-1;-10000;4
19242;-1;-10000;4
19248;-1;-10000;4
19254;-1;-10000;4
19260;-1;-10000;4
19266;-1;-10000;4
19272;-1;-10000;4
19278;-1;-10000;4
19284;-1;-10000;4
19290;-1;-10000;4
19296;-1;-10000;4
19302;-1;-10000;4
19308;-1;-10000;4
19341;-1;-10000;4
19347;-1;-10000;4
19353;-1;-10000;4
19359;-1;-10000;4
19365;-1;-10000;4
19371;-1;-10000;3
19377;-1;-10000;3
19383;-1;-10000;3
19389;-1;-10000;3
19395;-1;-10000;3
19401;-1;-10000;3
19407;-1;-10000;3
19413;-1;-10000;3
19419;-1;-10000;3
19425;-1;-10000;3
19431;-1;-10000;3
19437;-1;-10000;3
19443;-1;-10000;3
19449;-1;-10000;3
19455;-1;-10000;3
19461;-1;-10000;3
19467;-1;-10000;3
19473;-1;-10000;3
19479;-1;-10000;3
19485;-1;-10000;3
19491;-1;-10000;3
19497;-1;-10000;3
19503;-1;-10000;3
19509;-1;-10000;3
19515;-1;-10000;3
19521;-1;-10000;3
19527;-1;-10000;3
19533;-1;-10000;3
19539;-1;-10000;3
19545;-1;-10000;3
19551;-1;-10000;3
19557;-1;-10000;3
19563;-1;-10000;3
19569;-1;-10000;3
19575;-1;-10000;3
19581;-1;-10000;3
19587;-1;-10000;3
19593;-1;-10000;3
19599;-1;-10000;3
19605;-1;-10000;3
19611;-1;-10000;3
19617;-1;-10000;3
19623;-1;-10000;3
19629;-1;-10000;3
19635;-1;-10000;3
19641;-1;-10000;3
19647;-1;-10000;3
19653;-1;-10000;3
19659;-1;-10000;3
19665;-1;-10000;3
19671;-1;-10000;3
19677;-1;-10000;3
19683;-1;-10000;3
19689;-1;-10000;3
19695;-1;-10000;3
19701;-1;-10000;3
19707;-1;-10000;3
19713;-1;-10000;3
19719;-1;-10000;3
19725;-1;-10000;3
19731;-1;-10000;3
19737;-1;-10000;3
19743;-1;-10000;2
19749;-1;-10000;2
19755;-1;-10000;2
19761;-1;-10000;2
19767;-1;-10000;2
19773;-1;-10000;2
19779;-1;-10000;2
19785;-1;-10000;2
19791;-1;-10000;2
19797;-1;-10000;2
19803;-1;-10000;2
19809;-1;-10000;2
19815;-1;-10000;2
19821;-1;-10000;2
19827;-1;-10000;2
19833;-1;-10000;2
19839;-1;-10000;2
19845;-1;-10000;2
19851;-1;-10000;2
19857;-1;-10000;2
19863;-1;-10000;2
19869;-1;-10000;2
19875;-1;-10000;2
19881;-1;-10000;2
19887;-1;-10000;2
19893;-1;-10000;2
19899;-1;-10000;2
19905;-1;-10000;2
19911;-1;-10000;2
19917;-1;-10000;2
19923;-1;-10000;2
19929;-1;-10000;2
19935;-1;-10000;2
19941;-1;-10000;2
19947;-1;-10000;2
19953;-1;-10000;2
19959;-1;-10000;2
19965;-1;-10000;2
19971;-1;-10000;2
19977;-1;-10000;2
19983;-1;-10000;2
19989;-1;-10000;2
19995;-1;-10000;2
20001;-1;-10000;2
20007;-1;-10000;2
20013;-1;-10000;2
20019;-1;-10000;2
20025;-1;-10000;2
20031;-1;-10000;2
20037;-1;-10000;2
20043;-1;-10000;2
20049;-1;-10000;2
20055;-1;-10000;2
20061;-1;-10000;2
20067;-1;-10000;2
20073;-1;-10000;2
20079;-1;-10000;2
20085;-1;-10000;2
20091;-1;-10000;2
20097;-1;-10000;2
20103;-1;-10000;2
20109;-1;-10000;2
20115;-1;-10000;2
20121;-1;-10000;2
20127;-1;-10000;2
20133;-1;-10000;2
20139;-1;-10000;2
20169;-1;-10000;2
20175;-1;-10000;2
20181;-1;-10000;2
20187;-1;-10000;2
20193;-1;-10000;2
20199;-1;-10000;2
20205;-1;-10000;2
20211;-1;-10000;2
20217;-1;-10000;2
20223;-1;-10000;2
20229;-1;-10000;2
20235;-1;-10000;2
20241;-1;-10000;2
20247;-1;-10000;2
20253;-1;-10000;2
20259;-1;-10000;2
20265;-1;-10000;2
20271;-1;-10000;2
20277;-1;-10000;2
20283;-1;-10000;2
20289;-1;-10000;2
20295;-1;-10000;2
20301;-1;-10000;2
20307;-1;-10000;2
20313;-1;-10000;2
20319;-1;-10000;2
20325;-1;-10000;2
20331;-1;-10000;2
20337;-1;-10000;2
20343;-1;-10000;2
20349;-1;-10000;2
20355;-1;-10000;2
20361;-1;-10000;2
20367;-1;-10000;2
20373;-1;-10000;2
20379;-1;-10000;2
20385;-1;-10000;2
20391;-1;-10000;2
20397;-1;-10000;2
20403;-1;-10000;2
20409;-1;-10000;2
20415;-1;-10000;2
20421;-1;-10000;2
20427;-1;-10000;2
20433;-1;-10000;2
20439;-1;-10000;2
20445;-1;-10000;2
20451;-1;-10000;2
20457;-1;-10000;2
20463;-1;-10000;2
20469;-1;-10000;2
20475;-1;-10000;2
20481;-1;-10000;2
20487;-1;-10000;2
20493;-1;-10000;1
20499;-1;-10000;1
20505;-1;-10000;1
20511;-1;-10000;1
20517;-1;-10000;1
20523;-1;-10000;1
20529;-1;-10000;1
20535;-1;-10000;1
20541;-1;-10000;1
20547;-1;-10000;1
20553;-1;-10000;1
20559;-1;-10000;1
20565;-1;-10000;1
20571;-1;-10000;1
20577;-1;-10000;1
20583;-1;-10000;1
20589;-1;-10000;1
20595;-1;-10000;1
20601;-1;-10000;1
20610;-1;-10000;1
20616;-1;-10000;1
20622;-1;-10000;1
20628;-1;-10000;1
20634;-1;-10000;1
20640;-1;-10000;1
20646;-1;-10000;1
20652;-1;-10000;1
20658;-1;-10000;1
20664;-1;-10000;1
20670;-1;-10000;1
20676;-1;-10000;1
20682;-1;-10000;1
20688;-1;-10000;1
20694;-1;-10000;1
20700;-1;-10000;1
20706;-1;-10000;1
20712;-1;-10000;1
20718;-1;-10000;1
20724;-1;-10000;1
20730;-1;-10000;1
20736;-1;-10000;1
20742;-1;-10000;1
20748;-1;-10000;1
20754;-1;-10000;1
20778;-1;-10000;1
20784;-1;-10000;1
20790;-1;-10000;1
20796;-1;-10000;1
20802;-1;-10000;1
20808;-1;-10000;1
20814;-1;-10000;1
20817;-1;-10000;1
20823;-1;-10000;1
20829;-1;-10000;1
20835;-1;-10000;1
20841;-1;-10000;1
20847;-1;-10000;1
20856;-1;-10000;1
20862;-1;-10000;1
20868;-1;-10000;1
20874;-1;-10000;1
20880;-1;-10000;1
20886;-1;-10000;1
20892;-1;-10000;1
20898;-1;-10000;1
20904;-1;-10000;1
20910;-1;-10000;1
20916;-1;-10000;1
20922;-1;-10000;1
20928;-1;-10000;1
20934;-1;-10000;1
20940;-1;-10000;1
20946;-1;-10000;1
20952;-1;-10000;1
20958;-1;-10000;1
20964;-1;-10000;1
20970;-1;-10000;1
20976;-1;-10000;1
20982;-1;-10000;1
20988;-1;-10000;1
20994;-1;-10000;1
21000;-1;-10000;1
21006;-1;-10000;1
21012;-1;-10000;1
21018;-1;-10000;1
21024;-1;-10000;1
21030;-1;-10000;1
21036;-1;-10000;1
21042;-1;-10000;1
21048;-1;-10000;1
21054;-1;-10000;1
21060;-1;-10000;1
21066;-1;-10000;1
21072;-1;-10000;1
21078;-1;-10000;1
21084;-1;-10000;1
21090;-1;-10000;1
21096;-1;-10000;1
21102;-1;-10000;1
21108;-1;-10000;1
21114;-1;-10000;1
21120;-1;-10000;1
21126;-1;-10000;1
21132;-1;-10000;1
21138;-1;-10000;1
21144;-1;-10000;1
21150;-1;-10000;1
21156;-1;-10000;1
21162;-1;-10000;1
21168;-1;-10000;1
21174;-1;-10000;1
21180;-1;-10000;1
21186;-1;-10000;1
21192;-1;-10000;1
21198;-1;-10000;1
21204;-1;-10000;1
21210;-1;-10000;1
21216;-1;-10000;1
21222;-1;-10000;1
21228;-1;-10000;1
21234;-1;-10000;1
21240;-1;-10000;1
21246;-1;-10000;1
21252;-1;-10000;1
21258;-1;-10000;1
21264;-1;-10000;1
21270;-1;-10000;1
21276;-1;-10000;1
21282;-1;-10000;1
21288;-1;-10000;1
21294;-1;-10000;1
21300;-1;-10000;1
21306;-1;-10000;1
21312;-1;-10000;1
21318;-1;-10000;1
21324;-1;-10000;1
21330;-1;-10000;1
21336;-1;-10000;1
21342;-1;-10000;1
21348;-1;-10000;1
21354;-1;-10000;1
21360;-1;-10000;1
21366;-1;-10000;1
21372;-1;-10000;1
21378;-1;-10000;1
21384;-1;-10000;1
21390;-1;-10000;1
21396;-1;-10000;1
21402;-1;-10000;1
21408;-1;-10000;1
21414;-1;-10000;1
21420;-1;-10000;1
21426;-1;-10000;1
21432;-1;-10000;1
21438;-1;-10000;1
21444;-1;-10000;1
21450;-1;-10000;1
21456;-1;-10000;1
21462;-1;-10000;1
21468;-1;-10000;1
21474;-1;-10000;1
21480;-1;-10000;1
21486;-1;-10000;1
21492;-1;-10000;1
21498;-1;-10000;1
21504;-1;-10000;1
21510;-1;-10000;1
21516;-1;-10000;1
21522;-1;-10000;1
21528;-1;-10000;1
21534;-1;-10000;1
21540;-1;-10000;1
21546;-1;-10000;1
21552;-1;-10000;1
21558;-1;-10000;1
21564;-1;-10000;1
21570;-1;-10000;1
21576;-1;-10000;1
21582;-1;-10000;1
21588;-1;-10000;1
21594;-1;-10000;1
21600;-1;-10000;1
21606;-1;-10000;1
21612;-1;-10000;1
21618;-1;-10000;1
21624;-1;-10000;1
21630;-1;-10000;1
21636;-1;-10000;1
21642;-1;-10000;1
21648;-1;-10000;1
21654;-1;-10000;1
21660;-1;-10000;1
21666;-1;-10000;1
21672;-1;-10000;1
21678;-1;-10000;1
21684;-1;-10000;1
21690;-1;-10000;1
21696;-1;-10000;1
21702;-1;-10000;1
21708;-1;-10000;1
21714;-1;-10000;1
21720;-1;-10000;1
21726;-1;-10000;1
21732;-1;-10000;1
21738;-1;-10000;1
21744;-1;-10000;1
21750;-1;-10000;1
21756;-1;-10000;1
21762;-1;-10000;1
21768;-1;-10000;1
21774;-1;-10000;1
21780;-1;-10000;1
21786;-1;-10000;1
21792;-1;-10000;1
21798;-1;-10000;1
21804;-1;-10000;1
21810;-1;-10000;1
21816;-1;-10000;1
21822;-1;-10000;1
21828;-1;-10000;1
21834;-1;-10000;1
21840;-1;-10000;1
21846;-1;-10000;1
21852;-1;-10000;1
21858;-1;-10000;1
21864;-1;-10000;1
21870;-1;-10000;1
21876;-1;-10000;1
21882;-1;-10000;1
21888;-1;-10000;1
21894;-1;-10000;1
21900;-1;-10000;1
21906;-1;-10000;1
21912;-1;-10000;1
21918;-1;-10000;1
21924;-1;-10000;1
21930;-1;-10000;1
21936;-1;-10000;1
21942;-1;-10000;1
21948;-1;-10000;1
21954;-1;-10000;1
21960;-1;-10000;1
21966;-1;-10000;1
21972;-1;-10000;1
21978;-1;-10000;1
21984;-1;-10000;1
22005;-1;-10000;1
22011;-1;-10000;1
22017;-1;-10000;1
22023;-1;-10000;1
22029;-1;-10000;1
22035;-1;-10000;1
22041;-1;-10000;1
22047;-1;-10000;1
22053;-1;-10000;1
22059;-1;-10000;1
22065;-1;-10000;1
22071;-1;-10000;1
22077;-1;-10000;1
22083;-1;-10000;1
22089;-1;-10000;1
22095;-1;-10000;1
22101;-1;-10000;1
22107;-1;-10000;1
22113;-1;-10000;1
22119;-1;-10000;1
22125;-1;-10000;1
22131;-1;-10000;1
22137;-1;-10000;1
22143;-1;-10000;1
22149;-1;-10000;1
22155;-1;-10000;1
22161;-1;-10000;1
22167;-1;-10000;1
22173;-1;-10000;1
22179;-1;-10000;1
22185;-1;-10000;1
22191;-1;-10000;1
22197;-1;-10000;1
22203;-1;-10000;1
22209;-1;-10000;1
22215;-1;-10000;1
22221;-1;-10000;1
22227;-1;-10000;1
22233;-1;-10000;1
22239;-1;-10000;1
22245;-1;-10000;1
22251;-1;-10000;1
22257;-1;-10000;1
22263;-1;-10000;1
22269;-1;-10000;1
22275;-1;-10000;1
22281;-1;-10000;1
22287;-1;-10000;1
22293;-1;-10000;1
22299;-1;-10000;1
22305;-1;-10000;1
22311;-1;-10000;1
22317;-1;-10000;1
22323;-1;-10000;1
22329;-1;-10000;1
22335;-1;-10000;1
22341;-1;-10000;1
22347;-1;-10000;1
22353;-1;-10000;1
22359;-1;-10000;1
22365;-1;-10000;1
22371;-1;-10000;1
22377;-1;-10000;1
22383;-1;-10000;1
22389;-1;-10000;1
22395;-1;-10000;1
22401;-1;-10000;1
22407;-1;-10000;1
22413;-1;-10000;1
22419;-1;-10000;1
22425;-1;-10000;1
22431;-1;-10000;1
22437;-1;-10000;1
22443;-1;-10000;1
22449;-1;-10000;1
22458;-1;-10000;1
22464;-1;-10000;1
22470;-1;-10000;1
22476;-1;-10000;1
22482;-1;-10000;1
22488;-1;-10000;1
22494;-1;-10000;1
22500;-1;-10000;1
22506;-1;-10000;1
22512;-1;-10000;1
22518;-1;-10000;1
22524;-1;-10000;1
22530;-1;-10000;1
22536;-1;-10000;1
22542;-1;-10000;1
22548;-1;-10000;1
22554;-1;-10000;1
22560;-1;-10000;1
22566;-1;-10000;1
22572;-1;-10000;1
22578;-1;-10000;1
22584;-1;-10000;1
22590;-1;-10000;1
22596;-1;-10000;1
22602;-1;-10000;1
22608;-1;-10000;1
22614;-1;-10000;1
22620;-1;-10000;1
22626;-1;-10000;1
22632;-1;-10000;1
22638;-1;-10000;1
22644;-1;-10000;1
22650;-1;-10000;1
22656;-1;-10000;1
22662;-1;-10000;1
22668;-1;-10000;1
22674;-1;-10000;1
22680;-1;-10000;1
22686;-1;-10000;1
22692;-1;-10000;1
22698;-1;-10000;1
22704;-1;-10000;1
22710;-1;-10000;1
22716;-1;-10000;1
22722;-1;-10000;1
22728;-1;-10000;1
22734;-1;-10000;1
22740;-1;-10000;1
22746;-1;-10000;0
22752;-1;-10000;0
22758;-1;-10000;0
22764;-1;-10000;0
22770;-1;-10000;0
22776;-1;-10000;0
22782;-1;-10000;0
22788;-1;-10000;0
22794;-1;-10000;0
22800;-1;-10000;0
22806;-1;-10000;0
22812;-1;-10000;0
22818;-1;-10000;0
22824;-1;-10000;0
22830;-1;-10000;0
22836;-1;-10000;0
22842;-1;-10000;0
22848;-1;-10000;0
22854;-1;-10000;0
22860;-1;-10000;0
22866;-1;-10000;0
22872;-1;-10000;0
22878;-1;-10000;0
22884;-1;-10000;0
22890;-1;-10000;0
22896;-1;-10000;0
22902;-1;-10000;0
22908;-1;-10000;0
22914;-1;-10000;0
22920;-1;-10000;0
22926;-1;-10000;0
22932;-1;-10000;0
22938;-1;-10000;0
22944;-1;-10000;0
22950;-1;-10000;0
22956;-1;-10000;0
22962;-1;-10000;0
22968;-1;-10000;0
22974;-1;-10000;0
22980;-1;-10000;0
22986;-1;-10000;0
22992;-1;-10000;0
22998;-1;-10000;0
23004;-1;-10000;0
23010;-1;-10000;0
23016;-1;-10000;0
23022;-1;-10000;0
23028;-1;-10000;0
23034;-1;-10000;0
23040;-1;-10000;0
23046;-1;-10000;0
23052;-1;-10000;0
23058;-1;-10000;0
23064;-1;-10000;0
23070;-1;-10000;0
23076;-1;-10000;0
23082;-1;-10000;0
23088;-1;-10000;0
23094;-1;-10000;0
23100;-1;-10000;0
23106;-1;-10000;0
23112;-1;-10000;0
23118;-1;-10000;0
23124;-1;-10000;0
23130;-1;-10000;0
23136;-1;-10000;0
23142;-1;-10000;0
23148;-1;-10000;0
23154;-1;-10000;0
23160;-1;-10000;0
23166;-1;-10000;0
23172;-1;-10000;0
23178;-1;-10000;0
23184;-1;-10000;0
23190;-1;-10000;0
23196;-1;-10000;0
23202;-1;-10000;0
23208;-1;-10000;0
23214;-1;-10000;0
23220;-1;-10000;0
23226;-1;-10000;0
23232;-1;-10000;0
23238;-1;-10000;0
23244;-1;-10000;0
23250;-1;-10000;0
23256;-1;-10000;0
23262;-1;-10000;0
23268;-1;-10000;0
23274;-1;-10000;0
23280;-1;-10000;0
23286;-1;-10000;0
23292;-1;-10000;0
23298;-1;-10000;0
23304;-1;-10000;0
23310;-1;-10000;0
23316;-1;-10000;0
23322;-1;-10000;0
23328;-1;-10000;0
23334;-1;-10000;0
23340;-1;-10000;0
23346;-1;-10000;0
23352;-1;-10000;0
23358;-1;-10000;0
23364;-1;-10000;0
23370;-1;-10000;0
23376;-1;-10000;0
23382;-1;-10000;0
23388;-1;-10000;0
23394;-1;-10000;0
23400;-1;-10000;0
23406;-1;-10000;0
23412;-1;-10000;0
23418;-1;-10000;0
23424;-1;-10000;0
23430;-1;-10000;0
23436;-1;-10000;0
23442;-1;-10000;0
23448;-1;-10000;0
23454;-1;-10000;0
23460;-1;-10000;0
23466;-1;-10000;0
23472;-1;-10000;0
23478;-1;-10000;0
23484;-1;-10000;0
23490;-1;-10000;0
23496;-1;-10000;0
23502;-1;-10000;0
23508;-1;-10000;0
23514;-1;-10000;0
23520;-1;-10000;0
23526;-1;-10000;0
23532;-1;-10000;0
23538;-1;-10000;0
23544;-1;-10000;0
23550;-1;-10000;0
23556;-1;-10000;0
23562;-1;-10000;0
23568;-1;-10000;0
23574;-1;-10000;0
23580;-1;-10000;0
23586;-1;-10000;0
23592;-1;-10000;0
23598;-1;-10000;0
23604;-1;-10000;0
23610;-1;-10000;0
23616;-1;-10000;0
23622;-1;-10000;0
23628;-1;-10000;0
23634;-1;-10000;0
23640;-1;-10000;0
23646;-1;-10000;0
23652;-1;-10000;0
23658;-1;-10000;0
23664;-1;-10000;0
23670;-1;-10000;0
23676;-1;-10000;0
23682;-1;-10000;0
23688;-1;-10000;0
23694;-1;-10000;0
23700;-1;-10000;0
23706;-1;-10000;0
23715;-1;-10000;0
23721;-1;-10000;0
23727;-1;-10000;0
23730;-1;-10000;0
23736;-1;-10000;0
23742;-1;-10000;0
23748;-1;-10000;0
23754;-1;-10000;0
23760;-1;-10000;0
23769;-1;-10000;0
23775;-1;-10000;0
23781;-1;-10000;0
23787;-1;-10000;0
23793;-1;-10000;0
23799;-1;-10000;0
23805;-1;-10000;0
23814;-1;-10000;0
23820;-1;-10000;0
23826;-1;-10000;0
23832;-1;-10000;0
23838;-1;-10000;0
23844;-1;-10000;0
23850;-1;-10000;0
23856;-1;-10000;0
23862;-1;-10000;0
23868;-1;-10000;0
23874;-1;-10000;0
23880;-1;-10000;0
23886;-1;-10000;0
23892;-1;-10000;0
23898;-1;-10000;0
23904;-1;-10000;0
23910;-1;-10000;0
23916;-1;-10000;0
23922;-1;-10000;0
23928;-1;-10000;0
23934;-1;-10000;0
23940;-1;-10000;0
23946;-1;-10000;0
23952;-1;-10000;0
23958;-1;-10000;0
23964;-1;-10000;0
23973;-1;-10000;0
23979;-1;-10000;0
23985;-1;-10000;0
23991;-1;-10000;0
23997;-1;-10000;0
24003;-1;-10000;0
24009;-1;-10000;0
24015;-1;-10000;0
24021;-1;-10000;0
24027;-1;-10000;0
24033;-1;-10000;0
24039;-1;-10000;0
24045;-1;-10000;0
24051;-1;-10000;0
24057;-1;-10000;0
24063;-1;-10000;0
24069;-1;-10000;0
24075;-1;-10000;0
24081;-1;-10000;0
24087;-1;-10000;0
24093;-1;-10000;0
24099;-1;-10000;0
24105;-1;-10000;0
24111;-1;-10000;0
24117;-1;-10000;0
24123;-1;-10000;0
24129;-1;-10000;0
24135;-1;-10000;0
24141;-1;-10000;0
24147;-1;-10000;0
24153;-1;-10000;0
24159;-1;-10000;0
24165;-1;-10000;0
24198;-1;-10000;0
24204;-1;-10000;0
24210;-1;-10000;0
24219;-1;-10000;0
24225;-1;-10000;0
24231;-1;-10000;0
24240;-1;-10000;0
24246;-1;-10000;0
24252;-1;-10000;0
24258;-1;-10000;0
24264;-1;-10000;0
24270;-1;-10000;0
24276;-1;-10000;0
24282;-1;-10000;0
24288;-1;-10000;0
24294;-1;-10000;0
24300;-1;-10000;0
24309;-1;-10000;0
24315;-1;-10000;0
24321;-1;-10000;0
24327;-1;-10000;0
24333;-1;-10000;0
24339;-1;-10000;0
24345;-1;-10000;0
24351;-1;-10000;0
24357;-1;-10000;0
24363;-1;-10000;0
24369;-1;-10000;0
24375;-1;-10000;0
24381;-1;-10000;0
24387;-1;-10000;0
24393;-1;-10000;0
24399;-1;-10000;0
24405;-1;-10000;0
24411;-1;-10000;0
24417;-1;-10000;0
24423;-1;-10000;0
24429;-1;-10000;0
24435;-1;-10000;0
24441;-1;-10000;0
24447;-1;-10000;0
24453;-1;-10000;0
24459;-1;-10000;0
24465;-1;-10000;0
24471;-1;-10000;0
24477;-1;-10000;0
24486;-1;-10000;0
24492;-1;-10000;0
24498;-1;-10000;0
24504;-1;-10000;0
24510;-1;-10000;0
24516;-1;-10000;0
24522;-1;-10000;0
24528;-1;-10000;0
24534;-1;-10000;0
24540;-1;-10000;0
24546;-1;-10000;0
24552;-1;-10000;0
24564;-1;-10000;0
24570;-1;-10000;0
24576;-1;-10000;0
24582;-1;-10000;0
24588;-1;-10000;0
24594;-1;-10000;0
24600;-1;-10000;0
24606;-1;-10000;0
24612;-1;-10000;0
24618;-1;-10000;0
24624;-1;-10000;0
24630;-1;-10000;0
24636;-1;-10000;0
24642;-1;-10000;0
24648;-1;-10000;0
24654;-1;-10000;0
24660;-1;-10000;0
24666;-1;-10000;0
24672;-1;-10000;0
24678;-1;-10000;0
24684;-1;-10000;0
24690;-1;-10000;0
24693;-1;-10000;0
24699;-1;-10000;0
24705;-1;-10000;0
24711;-1;-10000;0
24717;-1;-10000;0
24723;-1;-10000;0
24729;-1;-10000;0
24735;-1;-10000;0
24741;-1;-10000;0
24747;-1;-10000;0
24753;-1;-10000;0
24759;-1;-10000;0
24765;-1;-10000;0
24771;-1;-10000;0
24777;-1;-10000;0
24783;-1;-10000;0
24789;-1;-10000;0
24795;-1;-10000;0
24801;-1;-10000;0
24807;-1;-10000;0
24813;-1;-10000;0
24819;-1;-10000;0
24825;-1;-10000;0
24831;-1;-10000;0
24837;-1;-10000;0
24843;-1;-10000;0
24849;-1;-10000;0
24855;-1;-10000;0
24861;-1;-10000;0
24867;-1;-10000;0
24873;-1;-10000;0
24879;-1;-10000;0
24885;-1;-10000;0
24891;-1;-10000;0
24897;-1;-10000;0
24903;-1;-10000;0
24912;-1;-10000;0
24918;-1;-10000;0
24924;-1;-10000;0
24936;-1;-10000;0
24945;-1;-10000;0
24951;-1;-10000;0
24957;-1;-10000;0
24969;-1;-10000;0
24981;-1;-10000;0
24990;-1;-10000;0
25002;-1;-10000;0
25008;-1;-10000;0
25014;-1;-10000;0
25020;-1;-10000;0
25026;-1;-10000;0
25032;-1;-10000;0
25038;-1;-10000;0
25044;-1;-10000;0
25050;-1;-10000;0
25059;-1;-10000;0
25068;-1;-10000;0
25074;-1;-10000;0
25080;-1;-10000;0
25086;-1;-10000;0
25092;-1;-10000;0
25098;-1;-10000;0
25104;-1;-10000;0
25110;-1;-10000;0
25116;-1;-10000;0
25119;-1;-10000;0
25140;-1;-10000;0
25149;-1;-10000;0
25155;-1;-10000;0
25161;-1;-10000;0
25170;-1;-10000;0
25176;-1;-10000;0
25182;-1;-10000;0
25188;-1;-10000;0
25194;-1;-10000;0
25200;-1;-10000;0
25206;-1;-10000;0
25212;-1;-10000;0
25218;-1;-10000;0
25227;-1;-10000;0
25236;-1;-10000;0
25242;-1;-10000;0
25248;-1;-10000;0
25254;-1;-10000;0
25260;-1;-10000;0
25266;-1;-10000;0
25272;-1;-10000;0
25284;-1;-10000;0
25293;-1;-10000;0
25302;-1;-10000;0
25308;-1;-10000;0
25317;-1;-10000;0
25323;-1;-10000;0
25329;-1;-10000;0
25338;-1;-10000;0
25344;-1;-10000;0
25353;-1;-10000;0
25362;-1;-10000;0
25371;-1;-10000;0
25377;-1;-10000;0
25383;-1;-10000;0
25392;-1;-10000;0
25398;-1;-10000;0
25404;-1;-10000;0
25410;-1;-10000;0
25416;-1;-10000;0
25473;-1;-10000;0
25485;-1;-10000;0
25524;-1;-10000;0
25530;-1;-10000;0
25536;-1;-10000;0
25542;-1;-10000;0
25548;-1;-10000;0
25578;-1;-10000;0
25584;-1;-10000;0