tiempo;error;integral;derivada
11820;0;0;0
11826;0;0;0
11832;0;0;0
11838;0;0;0
11844;0;0;0
11850;0;0;0
11856;0;0;0
11859;0;0;0
11865;0;0;0
11871;0;0;0
11877;0;0;0
11886;0;0;0
11892;0;0;0
11898;0;0;0
11904;0;0;0
11910;0;0;0
11916;0;0;0
11922;0;0;0
11928;0;0;0
11934;0;0;0
11940;0;0;0
11946;0;0;0
11952;0;0;0
11958;0;0;0
11964;0;0;0
11970;0;0;0
11976;0;0;0
11982;0;0;0
11988;0;0;0
11994;0;0;0
12000;0;0;0
12006;0;0;0
12012;0;0;0
12021;0;0;0
12027;0;0;0
12033;0;0;0
12039;0;0;0
12045;0;0;0
12051;0;0;0
12057;0;0;0
12066;0;0;0
12072;0;0;0
12078;0;0;0
12084;0;0;0
12090;0;0;0
12099;0;0;0
12105;0;0;0
12111;0;0;0
12117;0;0;0
12123;0;0;0
12129;0;0;0
12135;0;0;0
12144;0;0;0
12150;0;0;0
12159;0;0;0
12165;0;0;0
12171;0;0;0
12177;0;0;0
12183;0;0;0
12189;0;0;0
12195;0;0;0
12201;0;0;0
12207;0;0;0
12213;0;0;0
12219;0;0;0
12225;0;0;0
12234;0;0;0
12240;0;0;0
12246;0;0;0
12252;0;0;0
12258;0;0;0
12264;0;0;0
12270;0;0;0
12276;0;0;0
12282;0;0;0
12288;0;0;0
12294;0;0;0
12303;0;0;0
12312;0;0;0
12318;0;0;0
12324;0;0;0
12330;0;0;0
12336;0;0;0
12342;0;0;0
12348;0;0;0
12357;0;0;0
12363;0;0;0
12369;0;0;0
12375;0;0;0
12381;0;0;0
12390;0;0;0
12396;0;0;0
12402;0;0;0
12408;0;0;0
12414;0;0;0
12420;0;0;0
12426;0;0;0
12435;0;0;0
12441;0;0;0
12447;0;0;0
12453;0;0;0
12459;0;0;0
12465;0;0;0
12471;0;0;0
12477;0;0;0
12483;0;0;0
12489;0;0;0
12495;0;0;0
12504;0;0;0
12510;0;0;0
12516;0;0;0
12522;0;0;0
12528;0;0;0
12537;0;0;0
12543;0;0;0
12549;0;0;0
12555;0;0;0
12561;0;0;0
12567;0;0;0
12573;0;0;0
12579;0;0;0
12585;0;0;0
12591;0;0;0
12597;0;0;0
12603;0;0;0
12609;0;0;0
12615;0;0;0
12621;0;0;0
12627;0;0;0
12633;0;0;0
12639;0;0;0
12645;0;0;0
12651;0;0;0
12657;0;0;0
12663;0;0;0
12669;0;0;0
12675;0;0;0
12681;0;0;0
12687;0;0;0
12693;0;0;0
12699;0;0;0
12705;0;0;0
12711;0;0;0
12717;0;0;0
12726;0;0;0
12732;0;0;0
12738;0;0;0
12744;0;0;0
12750;0;0;0
12756;0;0;0
12762;0;0;0
12771;0;0;0
12777;0;0;0
12783;0;0;0
12789;0;0;0
12795;0;0;0
12801;0;0;0
12807;0;0;0
12816;0;0;0
12822;0;0;0
12828;0;0;0
12834;0;0;0
12840;0;0;0
12849;0;0;0
12855;0;0;0
12861;0;0;0
12867;0;0;0
12873;0;0;0
12879;0;0;0
12885;0;0;0
12894;0;0;0
12900;0;0;0
12906;0;0;0
12912;0;0;0
12918;0;0;0
12924;0;0;0
12930;0;0;0
12939;0;0;0
12945;0;0;0
12951;0;0;0
12957;0;0;0
12963;0;0;0
12969;0;0;0
12975;0;0;0
12984;0;0;0
12990;0;0;0
12996;0;0;0
13002;0;0;0
13008;0;0;0
13017;0;0;0
13023;0;0;0
13029;0;0;0
13035;0;0;0
13041;0;0;0
13047;0;0;0
13053;0;0;0
13059;0;0;0
13065;0;0;0
13071;0;0;0
13077;0;0;0
13086;0;0;0
13092;0;0;0
13098;0;0;0
13107;0;0;0
13113;0;0;0
13119;0;0;0
13125;0;0;0
13131;0;0;0
13137;0;0;0
13143;0;0;0
13152;0;0;0
13158;0;0;0
13164;0;0;0
13170;0;0;0
13176;0;0;0
13182;0;0;0
13188;0;0;0
13191;0;0;0
13197;0;0;0
13203;0;0;0
13209;0;0;0
13215;0;0;0
13221;0;0;0
13227;0;0;0
13233;0;0;0
13239;0;0;0
13245;0;0;0
13251;0;0;0
13257;0;0;0
13260;0;0;0
13266;0;0;0
13275;0;0;0
13281;0;0;0
13287;0;0;0
13293;0;0;0
13299;0;0;0
13305;0;0;0
13311;0;0;0
13317;0;0;0
13323;0;0;0
13332;0;0;0
13338;0;0;0
13344;0;0;0
13350;0;0;0
13356;0;0;0
13362;0;0;0
13368;0;0;0
13377;0;0;0
13383;0;0;0
13389;0;0;0
13398;0;0;0
13404;0;0;0
13410;0;0;0
13416;0;0;0
13422;0;0;0
13428;0;0;0
13434;0;0;0
13440;0;0;0
13446;0;0;0
13455;0;0;0
13461;0;0;0
13467;0;0;0
13473;0;0;0
13479;0;0;0
13485;0;0;0
13491;0;0;0
13500;0;0;0
13506;0;0;0
13512;0;0;0
13518;0;0;0
13524;0;0;0
13530;0;0;0
13536;0;0;0
13542;0;0;0
13548;0;0;0
13554;0;0;0
13560;0;0;0
13566;0;0;0
13572;0;0;0
13578;0;0;0
13584;0;0;0
13590;0;0;0
13596;0;0;0
13602;0;0;0
13605;0;0;0
13611;0;0;0
13617;0;0;0
13623;0;0;0
13629;0;0;0
13635;0;0;0
13641;0;0;0
13647;0;0;0
13656;0;0;0
13662;0;0;0
13668;0;0;0
13674;0;0;0
13680;0;0;0
13686;0;0;0
13692;0;0;0
13701;0;0;0
13707;0;0;0
13713;0;0;0
13719;0;0;0
13725;0;0;0
13731;0;0;0
13737;0;0;0
13743;0;0;0
13749;0;0;0
13752;0;0;0
13758;0;0;0
13764;0;0;0
13770;0;0;0
13779;0;0;0
13785;0;0;0
13791;0;0;0
13797;0;0;0
13803;0;0;0
13809;0;0;0
13815;0;0;0
13824;0;0;0
13830;0;0;0
13836;0;0;0
13842;0;0;0
13848;0;0;0
13854;0;0;0
13860;0;0;0
13866;0;0;0
13872;0;0;0
13878;0;0;0
13884;0;0;0
13890;0;0;0
13896;0;0;0
13902;0;0;0
13908;0;0;0
13914;0;0;0
13920;0;0;0
13926;0;0;0
13932;0;0;0
13938;0;0;0
13947;0;0;0
13953;0;0;0
13959;0;0;0
13965;0;0;0
13971;0;0;0
13977;0;0;0
13983;0;0;0
13992;0;0;0
13998;0;0;0
14004;0;0;0
14010;0;0;0
14016;0;0;0
14022;0;0;0
14028;0;0;0
14034;0;0;0
14040;0;0;0
14046;0;0;0
14052;0;0;0
14058;0;0;0
14064;0;0;0
14070;0;0;0
14076;0;0;0
14082;0;0;0
14088;0;0;0
14094;0;0;0
14100;0;0;0
14106;0;0;0
14112;0;0;0
14118;0;0;0
14124;0;0;0
14130;0;0;0
14136;0;0;0
14142;0;0;0
14148;0;0;0
14154;0;0;0
14160;0;0;0
14166;0;0;0
14172;0;0;0
14178;0;0;0
14184;0;0;0
14190;0;0;0
14196;0;0;0
14202;0;0;0
14208;0;0;0
14214;0;0;0
14220;0;0;0
14229;0;0;0
14235;0;0;0
14241;0;0;0
14247;0;0;0
14253;0;0;0
14259;0;0;0
14265;0;0;0
14271;0;0;0
14277;0;0;0
14283;0;0;0
14289;0;0;0
14295;0;0;0
14301;0;0;0
14307;0;0;0
14313;0;0;0
14319;0;0;0
14325;0;0;0
14331;0;0;0
14340;0;0;0
14346;0;0;0
14352;0;0;0
14358;0;0;0
14364;0;0;0
14370;0;0;0
14376;0;0;0
14382;0;0;0
14388;0;0;0
14394;0;0;0
14400;0;0;0
14406;0;0;0
14412;0;0;0
14418;0;0;0
14424;0;0;0
14430;0;0;0
14436;0;0;0
14442;0;0;0
14451;0;0;0
14457;0;0;0
14463;0;0;0
14469;0;0;0
14475;0;0;0
14481;0;0;0
14487;0;0;0
14493;0;0;0
14499;0;0;0
14505;0;0;0
14511;0;0;0
14514;0;0;0
14520;0;0;0
14526;0;0;0
14532;0;0;0
14538;0;0;0
14544;0;0;0
14550;0;0;0
14556;0;0;0
14565;0;0;0
14571;0;0;0
14577;0;0;0
14586;0;0;0
14592;0;0;0
14598;0;0;0
14604;0;0;0
14610;0;0;0
14613;0;0;0
14619;0;0;0
14625;0;0;0
14631;0;0;0
14637;0;0;0
14643;0;0;0
14649;0;0;0
14655;0;0;0
14664;0;0;0
14670;0;0;0
14676;0;0;0
14682;0;0;0
14688;0;0;0
14694;0;0;0
14700;0;0;0
14709;0;0;0
14715;0;0;0
14721;0;0;0
14727;0;0;0
14733;0;0;0
14739;0;0;0
14745;0;0;0
14751;0;0;0
14757;0;0;0
14763;0;0;0
14769;0;0;0
14778;0;0;0
14781;0;0;0
14787;0;0;0
14793;0;0;0
14799;0;0;0
14805;0;0;0
14811;0;0;0
14817;0;0;0
14823;0;0;0
14829;0;0;0
14835;0;0;0
14841;0;0;0
14847;0;0;0
14856;0;0;0
14862;0;0;0
14868;0;0;0
14877;0;0;0
14883;0;0;0
14889;0;0;0
14895;0;0;0
14901;0;0;0
14907;0;0;0
14913;0;0;0
14919;0;0;0
14925;0;0;0
14931;0;0;0
14937;0;0;0
14946;0;0;0
14952;0;0;0
14958;0;0;0
14967;0;0;0
14973;0;0;0
14979;0;0;0
14985;0;0;0
14991;0;0;0
14997;0;0;0
15003;7;7;0
15009;23;45;0
15015;39;50;0
15021;54;50;0
15027;86;50;0
15033;109;50;329
15039;140;50;329
15045;171;50;329
15051;202;50;329
15057;233;50;329
15063;263;50;329
15069;286;50;506
15075;316;50;506
15081;346;50;506
15087;375;50;506
15093;397;50;506
15099;418;50;451
15105;446;50;451
15111;460;50;451
15117;488;50;451
15123;509;50;451
15129;529;50;368
15135;549;50;368
15141;568;50;368
15147;587;50;368
15153;606;50;368
15159;619;50;368
15165;631;50;282
15171;643;50;282
15177;655;50;282
15183;661;50;282
15189;667;50;282
15195;678;50;170
15201;684;50;170
15207;690;50;170
15213;695;50;170
15219;701;50;170
15225;707;50;90
15231;707;50;90
15237;712;50;90
15243;712;50;90
15249;712;50;90
15255;712;50;90
15261;707;50;666
15267;707;50;666
15273;707;50;666
15282;701;50;-12
15288;695;50;-12
15294;690;50;-12
15300;684;50;-12
15306;673;50;-87
15312;667;50;-87
15318;655;50;-87
15324;649;50;-87
15330;637;50;-87
15336;625;50;-87
15342;612;50;-174
15351;587;50;-174
15357;568;50;-174
15363;555;50;-174
15369;535;50;-262
15375;515;50;-262
15381;495;50;-262
15387;474;50;-262
15393;453;50;-262
15399;432;50;-262
15405;404;50;-365
15411;375;50;-365
15417;353;50;-365
15423;323;50;-365
15429;301;50;-365
15435;271;50;-425
15441;248;50;-425
15447;218;50;-425
15453;187;50;-425
15459;156;50;-425
15465;125;50;-487
15471;94;50;-487
15477;62;50;-487
15483;39;50;-487
15489;7;50;-487
15495;-23;12;-487
15501;-54;-50;-512
15507;-86;-50;-512
15513;-117;-50;-512
15519;-148;-50;-512
15525;-179;-50;-512
15531;-210;-50;-503
15537;-233;-50;-503
15543;-263;-50;-503
15549;-286;-50;-503
15555;-316;-50;-503
15561;-346;-50;-457
15567;-368;-50;-457
15573;-389;-50;-457
15579;-411;-50;-457
15585;-432;-50;-457
15591;-460;-50;-457
15597;-474;-50;-366
15603;-495;-50;-366
15609;-515;-50;-366
15615;-529;-50;-366
15621;-549;-50;-366
15627;-562;-50;-296
15633;-575;-50;-296
15639;-587;-50;-296
15645;-600;-50;-296
15651;-612;-50;-296
15657;-625;-50;-296
15663;-637;-50;-215
15669;-649;-50;-215
15675;-655;-50;-215
15681;-655;-50;-215
15687;-667;-50;-215
15693;-667;-50;-215
15699;-673;-50;-116
15705;-678;-50;-116
15711;-678;-50;-116
15717;-678;-50;-116
15723;-678;-50;-116
15729;-678;-50;-116
15735;-678;-50;-116
15741;-678;-50;-116
15747;-678;-50;-116
15753;-673;-50;666
15759;-667;-50;10
15765;-661;-50;10
15771;-655;-50;10
15777;-649;-50;10
15783;-643;-50;10
15789;-631;-50;96
15795;-625;-50;96
15801;-612;-50;96
15807;-594;-50;96
15813;-581;-50;96
15819;-568;-50;215
15825;-555;-50;215
15831;-542;-50;215
15837;-529;-50;215
15843;-509;-50;215
15849;-488;-50;215
15855;-467;-50;276
15861;-453;-50;276
15867;-432;-50;276
15873;-411;-50;276
15879;-389;-50;276
15885;-368;-50;319
15891;-338;-50;319
15897;-316;-50;319
15903;-294;-50;319
15909;-271;-50;319
15915;-241;-50;406
15921;-210;-50;406
15927;-187;-50;406
15933;-156;-50;406
15939;-125;-50;406
15945;-101;-50;406
15951;-70;-50;469
15957;-39;-50;469
15963;-7;-50;469
15969;23;-20;469
15978;62;50;469
15984;86;50;503
15990;117;50;503
15999;156;50;503
16005;187;50;503
16011;210;50;451
16017;241;50;451
16023;263;50;451
16029;286;50;451
16035;316;50;451
16041;331;50;451
16047;360;50;412
16053;375;50;412
16059;404;50;412
16065;418;50;412
16071;446;50;412
16077;460;50;345
16083;481;50;345
16089;502;50;345
16095;515;50;345
16101;535;50;345
16107;549;50;290
16113;562;50;290
16119;575;50;290
16125;581;50;290
16131;594;50;290
16137;606;50;290
16143;612;50;180
16149;619;50;180
16155;625;50;180
16161;631;50;180
16167;637;50;180
16173;643;50;180
16179;643;50;180
16185;649;50;97
16191;649;50;97
16197;649;50;97
16203;649;50;97
16209;649;50;97
16215;649;50;97
16221;643;50;-15
16227;643;50;-15
16233;643;50;-15
16239;631;50;-15
16245;631;50;-15
16251;619;50;-77
16257;612;50;-77
16263;606;50;-77
16269;594;50;-77
16275;581;50;-77
16281;568;50;-164
16287;562;50;-164
16293;549;50;-164
16299;535;50;-164
16305;515;50;-164
16311;502;50;-164
16317;488;50;-228
16323;467;50;-228
16329;446;50;-228
16335;432;50;-228
16341;404;50;-228
16347;389;50;-316
16353;368;50;-316
16359;346;50;-316
16365;323;50;-316
16371;301;50;-316
16377;278;50;-360
16383;256;50;-360
16389;225;50;-360
16395;202;50;-360
16401;171;50;-360
16407;148;50;-360
16413;117;50;-453
16419;86;50;-453
16425;62;50;-453
16431;39;50;-453
16437;7;50;-453
16443;-15;28;-451
16449;-47;-50;-451
16455;-70;-50;-451
16461;-101;-50;-451
16467;-133;-50;-451
16473;-156;-50;-451
16479;-179;-50;-451
16485;-202;-50;-451
16491;-225;-50;-451
16497;-248;-50;-451
16503;-278;-50;-451
16509;-301;-50;-405
16515;-331;-50;-405
16521;-346;-50;-405
16527;-368;-50;-405
16533;-389;-50;-405
16539;-404;-50;-354
16545;-425;-50;-354
16551;-446;-50;-354
16557;-460;-50;-354
16563;-474;-50;-354
16569;-488;-50;-354
16575;-502;-50;-275
16581;-522;-50;-275
16587;-535;-50;-275
16593;-542;-50;-275
16599;-555;-50;-275
16605;-562;-50;-209
16611;-568;-50;-209
16617;-581;-50;-209
16623;-587;-50;-209
16629;-594;-50;-209
16635;-600;-50;-209
16641;-606;-50;-122
16647;-606;-50;-122
16653;-612;-50;-122
16659;-619;-50;-122
16665;-619;-50;-122
16671;-619;-50;-122
16677;-619;-50;-122
16683;-619;-50;-122
16689;-612;-50;-12
16695;-612;-50;-12
16701;-606;-50;-12
16707;-600;-50;-12
16713;-594;-50;-12
16719;-587;-50;78
16725;-581;-50;78
16731;-575;-50;78
16737;-568;-50;78
16743;-555;-50;78
16749;-549;-50;78
16755;-542;-50;140
16761;-529;-50;140
16767;-509;-50;140
16773;-495;-50;140
16779;-481;-50;140
16785;-467;-50;227
16791;-453;-50;227
16797;-432;-50;227
16803;-418;-50;227
16809;-404;-50;227
16815;-382;-50;274
16821;-360;-50;274
16827;-338;-50;274
16833;-323;-50;274
16839;-301;-50;274
16845;-278;-50;274
16851;-256;-50;358
16857;-233;-50;358
16863;-210;-50;358
16869;-179;-50;358
16875;-156;-50;358
16881;-133;-50;405
16887;-109;-50;405
16893;-86;-50;405
16899;-54;-50;405
16905;-23;-50;405
16911;0;-50;429
16917;23;-20;429
16923;47;50;429
16929;70;50;429
16935;101;50;429
16941;133;50;429
16947;148;50;429
16953;179;50;429
16959;202;50;429
16965;225;50;429
16971;241;50;429
16977;263;50;384
16983;286;50;384
16989;316;50;384
16995;331;50;384
17001;360;50;384
17007;375;50;371
17013;389;50;371
17019;404;50;371
17025;418;50;371
17031;432;50;371
17037;446;50;371
17043;460;50;236
17049;481;50;236
17055;495;50;236
17061;515;50;236
17067;522;50;236
17073;535;50;241
17079;542;50;241
17085;549;50;241
17091;555;50;241
17097;562;50;241
17103;568;50;241
17109;575;50;114
17115;581;50;114
17121;581;50;114
17127;587;50;114
17133;594;50;114
17139;594;50;114
17145;587;50;32
17151;587;50;32
17157;587;50;32
17163;581;50;32
17169;581;50;32
17175;581;50;32
17181;575;50;-38
17187;568;50;-38
17193;562;50;-38
17199;555;50;-38
17205;549;50;-38
17211;542;50;-38
17217;529;50;-111
17223;515;50;-111
17229;502;50;-111
17235;488;50;-111
17241;481;50;-111
17247;467;50;-200
17253;453;50;-200
17259;439;50;-200
17265;418;50;-200
17271;404;50;-200
17277;389;50;-200
17283;368;50;-270
17289;346;50;-270
17295;331;50;-270
17301;309;50;-270
17307;294;50;-270
17313;271;50;-325
17319;248;50;-325
17325;225;50;-325
17331;202;50;-325
17337;179;50;-325
17343;156;50;-370
17349;133;50;-370
17355;109;50;-370
17361;86;50;-370
17367;54;50;-370
17373;39;50;-370
17379;7;50;-415
17385;-15;35;-415
17391;-39;-27;-415
17397;-62;-50;-415
17403;-86;-50;-415
17409;-117;-50;-400
17415;-133;-50;-400
17421;-164;-50;-400
17427;-179;-50;-400
17433;-202;-50;-400
17439;-225;-50;-375
17445;-241;-50;-375
17451;-263;-50;-375
17457;-286;-50;-375
17463;-309;-50;-375
17469;-331;-50;-375
17475;-346;-50;-342
17481;-360;-50;-342
17484;-368;-50;-342
17490;-389;-50;-342
17496;-404;-50;-342
17502;-418;-50;-342
17508;-432;-50;-280
17514;-446;-50;-280
17520;-460;-50;-280
17526;-467;-50;-280
17532;-474;-50;-280
17538;-488;-50;-190
17544;-502;-50;-190
17550;-509;-50;-190
17556;-515;-50;-190
17562;-529;-50;-190
17568;-529;-50;-190
17574;-542;-50;-142
17580;-542;-50;-142
17586;-549;-50;-142
17592;-549;-50;-142
17598;-549;-50;-142
17604;-555;-50;-64
17610;-555;-50;-64
17616;-555;-50;-64
17622;-555;-50;-64
17628;-549;-50;-64
17634;-549;-50;-64
17640;-542;-50;33
17646;-542;-50;33
17652;-535;-50;33
17658;-529;-50;33
17664;-522;-50;33
17670;-515;-50;33
17676;-502;-50;100
17682;-495;-50;100
17688;-488;-50;100
17694;-474;-50;100
17700;-467;-50;100
17706;-453;-50;164
17712;-446;-50;164
17718;-432;-50;164
17724;-418;-50;164
17730;-404;-50;164
17736;-389;-50;164
17742;-375;-50;221
17748;-353;-50;221
17754;-338;-50;221
17760;-323;-50;221
17766;-301;-50;221
17772;-286;-50;283
17778;-263;-50;283
17784;-241;-50;283
17790;-225;-50;283
17796;-202;-50;283
17802;-179;-50;359
17808;-156;-50;359
17814;-133;-50;359
17820;-117;-50;359
17826;-94;-50;359
17832;-70;-50;359
17838;-39;-50;378
17844;-23;-50;378
17850;0;-50;378
17856;23;-20;378
17862;47;50;378
17868;70;50;375
17874;94;50;375
17880;117;50;375
17886;140;50;375
17892;156;50;375
17898;179;50;351
17904;195;50;351
17910;218;50;351
17916;233;50;351
17922;256;50;351
17928;278;50;351
17934;301;50;334
17940;316;50;334
17946;338;50;334
17952;353;50;334
17958;368;50;334
17964;375;50;334
17970;389;50;274
17976;404;50;274
17982;418;50;274
17988;432;50;274
17994;439;50;274
18000;453;50;202
18006;460;50;202
18012;474;50;202
18018;488;50;202
18027;495;50;202
18033;502;50;202
18039;509;50;147
18045;509;50;147
18051;515;50;147
18057;515;50;147
18063;522;50;147
18069;522;50;147
18075;522;50;147
18081;529;50;47
18087;522;50;47
18093;522;50;47
18099;522;50;47
18105;515;50;47
18111;515;50;47
18117;509;50;-54
18123;502;50;-54
18129;502;50;-54
18135;495;50;-54
18141;488;50;-54
18147;474;50;-54
18153;467;50;-116
18159;460;50;-116
18165;446;50;-116
18171;439;50;-116
18177;432;50;-116
18183;418;50;-116
18189;404;50;-190
18195;389;50;-190
18201;375;50;-190
18207;360;50;-190
18213;346;50;-190
18219;331;50;-190
18225;316;50;-244
18231;301;50;-244
18237;278;50;-244
18243;256;50;-244
18249;241;50;-244
18255;218;50;-296
18261;195;50;-296
18267;179;50;-296
18273;156;50;-296
18279;133;50;-296
18285;117;50;-296
18291;94;50;-354
18297;70;50;-354
18303;54;50;-354
18309;31;50;-354
18315;7;50;-354
18321;-15;28;-348
18327;-39;-34;-348
18333;-54;-50;-348
18339;-78;-50;-348
18345;-101;-50;-348
18351;-117;-50;-348
18357;-148;-50;-370
18363;-164;-50;-370
18369;-179;-50;-370
18375;-195;-50;-370
18381;-218;-50;-370
18387;-241;-50;-317
18393;-256;-50;-317
18399;-278;-50;-317
18405;-294;-50;-317
18411;-309;-50;-317
18417;-323;-50;-317
18423;-338;-50;-281
18429;-353;-50;-281
18435;-368;-50;-281
18441;-382;-50;-281
18447;-389;-50;-281
18453;-404;-50;-221
18459;-411;-50;-221
18465;-425;-50;-221
18471;-432;-50;-221
18477;-446;-50;-221
18483;-446;-50;-221
18489;-460;-50;-153
18495;-460;-50;-153
18501;-467;-50;-153
18507;-474;-50;-153
18513;-474;-50;-153
18519;-481;-50;-84
18525;-481;-50;-84
18531;-488;-50;-84
18537;-488;-50;-84
18543;-488;-50;-84
18549;-488;-50;-84
18555;-488;-50;-84
18561;-488;-50;-84
18567;-481;-50;666
18573;-481;-50;666
18579;-474;-50;12
18585;-474;-50;12
18591;-467;-50;12
18597;-460;-50;12
18603;-460;-50;12
18609;-446;-50;82
18615;-446;-50;82
18621;-432;-50;82
18627;-425;-50;82
18633;-418;-50;82
18639;-404;-50;82
18645;-389;-50;148
18651;-382;-50;148
18657;-368;-50;148
18663;-353;-50;148
18669;-338;-50;148
18675;-331;-50;148
18681;-316;-50;217
18687;-301;-50;217
18693;-286;-50;217
18699;-263;-50;217
18705;-248;-50;217
18711;-233;-50;264
18717;-210;-50;264
18723;-195;-50;264
18729;-171;-50;264
18735;-148;-50;264
18741;-133;-50;264
18747;-117;-50;317
18753;-101;-50;317
18759;-78;-50;317
18765;-54;-50;317
18771;-31;-50;317
18777;-15;-50;343
18783;0;-50;343
18789;23;-20;343
18795;39;50;343
18801;62;50;343
18807;86;50;325
18813;101;50;325
18819;117;50;325
18825;140;50;325
18831;164;50;325
18837;179;50;325
18843;195;50;306
18849;210;50;306
18855;225;50;306
18861;248;50;306
18867;263;50;306
18873;278;50;275
18879;294;50;275
18885;309;50;275
18891;323;50;275
18900;346;50;275
18906;360;50;256
18912;368;50;256
18918;375;50;256
18924;389;50;256
18930;397;50;256
18936;404;50;256
18942;411;50;150
18948;418;50;150
18954;432;50;150
18960;432;50;150
18966;446;50;150
18972;446;50;150
18978;453;50;113
18984;460;50;113
18990;460;50;113
18996;460;50;113
19002;460;50;113
19008;460;50;113
19014;460;50;113
19020;460;50;113
19026;460;50;113
19032;460;50;113
19038;460;50;113
19044;453;50;666
19050;446;50;-9
19056;446;50;-9
19062;439;50;-9
19068;432;50;-9
19074;425;50;-9
19080;418;50;-9
19086;411;50;-102
19092;404;50;-102
19098;389;50;-102
19104;382;50;-102
19110;375;50;-102
19116;360;50;-102
19125;346;50;-170
19131;331;50;-170
19137;316;50;-170
19143;301;50;-170
19149;286;50;-216
19155;278;50;-216
19161;256;50;-216
19167;241;50;-216
19173;225;50;-216
19179;210;50;-216
19185;187;50;-275
19191;171;50;-275
19197;156;50;-275
19203;140;50;-275
19209;117;50;-275
19215;101;50;-293
19221;86;50;-293
19227;70;50;-293
19233;47;50;-293
19239;23;50;-293
19245;7;50;-293
19251;-15;28;-317
19257;-31;-26;-317
19263;-47;-50;-317
19272;-78;-50;-317
19278;-101;-50;-317
19284;-117;-50;-309
19287;-125;-50;-309
19293;-148;-50;-309
19299;-156;-50;-309
19305;-171;-50;-309
19311;-195;-50;-309
19317;-210;-50;-280
19323;-225;-50;-280
19329;-241;-50;-280
19335;-256;-50;-280
19341;-271;-50;-280
19347;-286;-50;-280
19353;-301;-50;-262
19359;-309;-50;-262
19365;-323;-50;-262
19371;-331;-50;-262
19377;-346;-50;-262
19383;-353;-50;-190
19389;-368;-50;-190
19395;-375;-50;-190
19401;-382;-50;-190
19407;-389;-50;-190
19413;-397;-50;-190
19419;-404;-50;-150
19425;-411;-50;-150
19431;-418;-50;-150
19437;-418;-50;-150
19443;-425;-50;-150
19449;-432;-50;-84
19455;-432;-50;-84
19461;-432;-50;-84
19467;-432;-50;-84
19473;-432;-50;-84
19479;-432;-50;-84
19485;-432;-50;-84
19488;-432;-50;-84
19494;-432;-50;-84
19500;-432;-50;-84
19506;-425;-50;12
19512;-425;-50;12
19518;-418;-50;12
19524;-418;-50;12
19530;-411;-50;12
19536;-404;-50;12
19542;-397;-50;82
19548;-389;-50;82
19554;-382;-50;82
19560;-375;-50;82
19566;-360;-50;82
19572;-353;-50;141
19578;-338;-50;141
19584;-331;-50;141
19590;-323;-50;141
19596;-309;-50;141
19602;-301;-50;141
19608;-286;-50;178
19614;-271;-50;178
19620;-256;-50;178
19626;-241;-50;178
19632;-225;-50;178
19638;-210;-50;237
19644;-195;-50;237
19650;-179;-50;237
19656;-156;-50;237
19662;-148;-50;237
19668;-133;-50;237
19674;-117;-50;273
19680;-94;-50;273
19686;-78;-50;273
19692;-54;-50;273
19698;-39;-50;273
19704;-23;-50;303
19710;-7;-50;303
19713;0;-50;303
19719;15;-28;303
19725;39;34;303
19731;54;50;303
19737;70;50;281
19743;94;50;281
19749;109;50;281
19755;125;50;281
19761;140;50;281
19767;156;50;284
19773;171;50;284
19779;187;50;284
19785;202;50;284
19791;218;50;284
19797;225;50;284
19803;241;50;240
19809;256;50;240
19815;271;50;240
19821;286;50;240
19827;301;50;240
19833;316;50;237
19839;323;50;237
19845;331;50;237
19851;338;50;237
19857;346;50;237
19863;353;50;237
19869;360;50;141
19875;368;50;141
19881;375;50;141
19887;382;50;141
19893;389;50;141
19899;389;50;141
19908;397;50;94
19914;404;50;94
19920;404;50;94
19926;404;50;94
19932;404;50;94
19938;404;50;94
19944;404;50;94
19950;404;50;94
19956;404;50;94
19962;404;50;94
19968;404;50;94
19974;397;50;666
19980;389;50;-10
19986;389;50;-10
19992;382;50;-10
19998;375;50;-10
20004;375;50;-10
20010;360;50;-93
20016;360;50;-93
20022;346;50;-93
20028;346;50;-93
20034;331;50;-93
20040;323;50;-93
20046;316;50;-133
20052;301;50;-133
20058;294;50;-133
20064;286;50;-133
20070;271;50;-133
20076;256;50;-193
20082;241;50;-193
20088;225;50;-193
20094;210;50;-193
20100;195;50;-193
20106;187;50;-193
20112;171;50;-233
20118;156;50;-233
20124;140;50;-233
20130;125;50;-233
20136;109;50;-233
20142;94;50;-250
20148;78;50;-250
20154;54;50;-250
20160;39;50;-250
20166;23;50;-250
20172;7;50;-250
20178;-7;43;-284
20184;-23;5;-284
20190;-39;-50;-284
20196;-54;-50;-284
20202;-70;-50;-284
20208;-86;-50;-277
20214;-109;-50;-277
20220;-125;-50;-277
20226;-140;-50;-277
20232;-148;-50;-277
20238;-164;-50;-251
20244;-179;-50;-251
20250;-195;-50;-251
20256;-210;-50;-251
20262;-225;-50;-251
20268;-241;-50;-240
20274;-248;-50;-240
20280;-263;-50;-240
20286;-271;-50;-240
20292;-286;-50;-240
20298;-294;-50;-240
20304;-301;-50;-181
20310;-309;-50;-181
20316;-323;-50;-181
20322;-331;-50;-181
20328;-338;-50;-181
20334;-346;-50;-132
20340;-346;-50;-132
20346;-353;-50;-132
20352;-360;-50;-132
20358;-360;-50;-132
20364;-368;-50;-132
20370;-375;-50;-90
20376;-375;-50;-90
20382;-375;-50;-90
20388;-382;-50;-90
20394;-382;-50;-90
20400;-382;-50;-90
20406;-382;-50;-90
20412;-382;-50;-90
20418;-382;-50;-90
20424;-375;-50;666
20430;-375;-50;666
20436;-375;-50;666
20442;-368;-50;9
20448;-360;-50;9
20454;-360;-50;9
20460;-353;-50;9
20466;-346;-50;9
20472;-338;-50;90
20478;-331;-50;90
20484;-331;-50;90
20490;-323;-50;90
20496;-316;-50;90
20502;-301;-50;90
20508;-294;-50;122
20514;-286;-50;122
20520;-271;-50;122
20526;-263;-50;122
20532;-248;-50;122
20538;-241;-50;122
20544;-225;-50;184
20550;-210;-50;184
20556;-202;-50;184
20562;-187;-50;184
20568;-171;-50;184
20574;-156;-50;240
20580;-148;-50;240
20586;-133;-50;240
20592;-117;-50;240
20598;-101;-50;240
20604;-86;-50;240
20610;-70;-50;229
20616;-54;-50;229
20622;-39;-50;229
20628;-23;-50;229
20634;-7;-50;229
20640;7;-43;257
20646;23;-13;257
20652;39;49;257
20658;54;50;257
20664;70;50;257
20670;86;50;257
20676;101;50;261
20682;117;50;261
20688;125;50;261
20694;140;50;261
20700;156;50;261
20706;164;50;261
20712;179;50;218
20718;195;50;218
20724;202;50;218
20730;210;50;218
20739;233;50;193
20745;241;50;193
20751;256;50;193
20757;263;50;193
20763;271;50;193
20769;286;50;193
20775;294;50;184
20781;301;50;184
20787;309;50;184
20793;316;50;184
20799;323;50;184
20805;331;50;119
20811;331;50;119
20817;338;50;119
20823;346;50;119
20829;346;50;119
20835;346;50;119
20841;353;50;68
20847;353;50;68
20853;353;50;68
20859;353;50;68
20865;353;50;68
20871;353;50;68
20877;353;50;68
20883;353;50;68
20889;353;50;68
20895;346;50;-12
20901;346;50;-12
20907;346;50;-12
20916;338;50;-12
20922;331;50;-12
20928;331;50;-12
20934;316;50;-58
20940;316;50;-58
20946;309;50;-58
20952;301;50;-58
20958;286;50;-58
20964;286;50;-58
20970;271;50;-125
20976;263;50;-125
20982;256;50;-125
20988;241;50;-125
20994;233;50;-125
21000;225;50;-170
21006;210;50;-170
21012;195;50;-170
21018;187;50;-170
21024;171;50;-170
21030;164;50;-196
21036;148;50;-196
21042;133;50;-196
21048;125;50;-196
21054;109;50;-196
21060;94;50;-212
21066;86;50;-212
21072;70;50;-212
21078;54;50;-212
21084;39;50;-212
21090;23;50;-212
21096;7;50;-246
21102;-7;43;-246
21108;-23;5;-246
21114;-39;-50;-246
21120;-47;-50;-246
21126;-62;-50;-226
21132;-78;-50;-226
21138;-86;-50;-226
21144;-101;-50;-226
21150;-117;-50;-226
21156;-133;-50;-226
21162;-148;-50;-243
21168;-156;-50;-243
21174;-164;-50;-243
21180;-179;-50;-243
21186;-195;-50;-243
21192;-202;-50;-193
21198;-210;-50;-193
21204;-225;-50;-193
21210;-233;-50;-193
21216;-241;-50;-193
21222;-256;-50;-168
21228;-263;-50;-168
21234;-271;-50;-168
21240;-278;-50;-168
21246;-286;-50;-168
21252;-286;-50;-168
21258;-294;-50;-122
21264;-301;-50;-122
21270;-309;-50;-122
21276;-316;-50;-122
21282;-316;-50;-122
21288;-323;-50;-85
21294;-323;-50;-85
21300;-323;-50;-85
21306;-331;-50;-85
21312;-331;-50;-85
21318;-331;-50;-85
21324;-331;-50;-85
21330;-331;-50;-85
21336;-331;-50;-85
21342;-331;-50;-85
21348;-331;-50;-85
21354;-331;-50;-85
21360;-323;-50;666
21366;-323;-50;666
21372;-316;-50;8
21378;-316;-50;8
21384;-309;-50;8
21390;-301;-50;8
21396;-301;-50;8
21402;-294;-50;70
21408;-286;-50;70
21414;-278;-50;70
21420;-271;-50;70
21426;-263;-50;70
21432;-256;-50;70
21438;-248;-50;127
21444;-241;-50;127
21450;-225;-50;127
21456;-218;-50;127
21462;-210;-50;127
21468;-195;-50;160
21474;-179;-50;160
21480;-171;-50;160
21486;-156;-50;160
21492;-148;-50;160
21498;-140;-50;160
21504;-133;-50;187
21510;-117;-50;187
21516;-101;-50;187
21522;-86;-50;187
21528;-78;-50;187
21534;-54;-50;239
21540;-47;-50;239
21546;-39;-50;239
21552;-23;-50;239
21558;-7;-50;239
21561;0;-50;239
21567;7;-36;239
21573;23;2;197
21579;39;50;197
21588;54;50;197
21594;70;50;197
21600;78;50;197
21606;94;50;221
21612;101;50;221
21618;117;50;221
21624;133;50;221
21630;140;50;221
21636;156;50;200
21642;164;50;200
21648;179;50;200
21654;187;50;200
21660;195;50;200
21663;202;50;200
21669;210;50;174
21678;225;50;174
21684;233;50;174
21690;241;50;174
21696;248;50;174
21702;256;50;139
21708;263;50;139
21714;271;50;139
21720;271;50;139
21726;278;50;139
21732;286;50;139
21738;286;50;139
21744;294;50;88
21750;294;50;88
21756;301;50;88
21762;301;50;88
21768;301;50;88
21774;301;50;88
21780;301;50;88
21786;309;50;38
21792;309;50;38
21798;301;50;38
21804;301;50;38
21810;301;50;38
21816;301;50;38
21822;301;50;38
21828;294;50;-34
21834;294;50;-34
21840;286;50;-34
21846;286;50;-34
21852;278;50;-34
21858;271;50;-34
21864;271;50;-34
21870;263;50;-77
21876;256;50;-77
21882;248;50;-77
21888;241;50;-77
21894;233;50;-77
21900;225;50;-122
21906;218;50;-122
21912;210;50;-122
21918;195;50;-122
21924;187;50;-122
21930;179;50;-122
21936;164;50;-154
21942;156;50;-154
21948;148;50;-154
21954;133;50;-154
21960;125;50;-154
21966;117;50;-154
21972;101;50;-172
21978;94;50;-172
21984;78;50;-172
21990;70;50;-172
21996;54;50;-172
22002;39;50;-200
22008;31;50;-200
22014;15;50;-200
22020;7;50;-200
22026;-7;43;-200
22032;-15;21;-200
22038;-31;-33;-200
22044;-39;-50;-200
22050;-54;-50;-200
22056;-62;-50;-200
22062;-78;-50;-196
22068;-86;-50;-196
22074;-101;-50;-196
22080;-117;-50;-196
22086;-125;-50;-196
22092;-133;-50;-196
22098;-148;-50;-193
22104;-156;-50;-193
22110;-164;-50;-193
22116;-171;-50;-193
22122;-179;-50;-193
22128;-187;-50;-151
22134;-202;-50;-151
22140;-210;-50;-151
22146;-218;-50;-151
22152;-225;-50;-151
22158;-233;-50;-143
22164;-241;-50;-143
22170;-241;-50;-143
22176;-248;-50;-143
22182;-248;-50;-143
22188;-256;-50;-143
22194;-263;-50;-83
22200;-263;-50;-83
22206;-271;-50;-83
22212;-271;-50;-83
22218;-278;-50;-83
22224;-278;-50;-83
22230;-278;-50;-83
22236;-278;-50;-83
22242;-278;-50;-83
22248;-286;-50;-46
22254;-286;-50;-46
22260;-286;-50;-46
22266;-278;-50;-46
22272;-278;-50;-46
22278;-278;-50;-46
22284;-271;-50;37
22290;-271;-50;37
22296;-271;-50;37
22302;-263;-50;37
22308;-263;-50;37
22314;-256;-50;37
22320;-256;-50;37
22326;-248;-50;60
22332;-241;-50;60
22338;-233;-50;60
22344;-225;-50;60
22350;-225;-50;60
22356;-210;-50;108
22362;-210;-50;108
22368;-195;-50;108
22374;-187;-50;108
22380;-179;-50;108
22386;-171;-50;108
22392;-164;-50;143
22398;-156;-50;143
22404;-148;-50;143
22410;-133;-50;143
22416;-125;-50;143
22422;-117;-50;151
22428;-109;-50;151
22434;-94;-50;151
22440;-86;-50;151
22446;-70;-50;151
22452;-54;-50;190
22458;-47;-50;190
22464;-39;-50;190
22470;-23;-50;190
22476;-15;-50;190
22482;-7;-50;190
22488;7;-43;168
22494;15;-21;168
22500;23;25;168
22506;39;50;168
22512;47;50;168
22518;62;50;182
22524;70;50;182
22530;86;50;182
22536;86;50;182
22542;101;50;182
22548;109;50;182
22554;117;50;177
22560;133;50;177
22566;140;50;177
22572;148;50;177
22578;156;50;177
22584;164;50;151
22590;171;50;151
22596;179;50;151
22602;187;50;151
22608;195;50;151
22614;202;50;115
22620;210;50;115
22626;210;50;115
22632;218;50;115
22638;225;50;115
22644;225;50;115
22650;233;50;91
22656;241;50;91
22662;241;50;91
22668;248;50;91
22674;248;50;91
22680;256;50;69
22686;256;50;69
22692;256;50;69
22698;256;50;69
22704;256;50;69
22710;256;50;69
22716;256;50;69
22722;256;50;69
22728;256;50;69
22734;256;50;69
22740;248;50;-14
22746;248;50;-14
22752;241;50;-14
22758;241;50;-14
22764;241;50;-14
22770;233;50;-46
22776;233;50;-46
22782;225;50;-46
22788;218;50;-46
22794;210;50;-46
22800;210;50;-46
22806;202;50;-88
22812;195;50;-88
22818;195;50;-88
22824;187;50;-88
22830;179;50;-88
22836;171;50;-88
22842;164;50;-115
22848;156;50;-115
22851;148;50;-115
22857;140;50;-115
22863;133;50;-115
22869;125;50;-115
22875;117;50;-138
22881;101;50;-138
22890;94;50;-138
22896;78;50;-138
22902;70;50;-138
22908;62;50;-157
22914;54;50;-157
22920;39;50;-157
22926;31;50;-157
22932;23;50;-157
22938;7;50;-177
22944;0;50;-177
22950;-7;36;-177
22956;-23;-2;-177
22962;-23;-48;-177
22968;-39;-50;-177
22974;-47;-50;-150
22980;-54;-50;-150
22986;-70;-50;-150
22992;-78;-50;-150
22998;-86;-50;-150
23004;-101;-50;-150
23010;-109;-50;-172
23016;-117;-50;-172
23022;-125;-50;-172
23028;-133;-50;-172
23034;-140;-50;-172
23040;-148;-50;-172
23046;-156;-50;-130
23052;-164;-50;-130
23058;-164;-50;-130
23064;-179;-50;-130
23070;-179;-50;-130
23076;-187;-50;-130
23082;-195;-50;-111
23088;-202;-50;-111
23094;-202;-50;-111
23100;-210;-50;-111
23106;-210;-50;-111
23112;-218;-50;-111
23118;-218;-50;-111
23124;-225;-50;-76
23130;-225;-50;-76
23136;-225;-50;-76
23142;-225;-50;-76
23148;-233;-50;-76
23157;-233;-50;-76
23163;-233;-50;-76
23169;-233;-50;-76
23175;-233;-50;-76
23181;-233;-50;-76
23187;-233;-50;-76
23193;-233;-50;-76
23199;-225;-50;666
23205;-225;-50;666
23211;-225;-50;666
23217;-225;-50;666
23223;-218;-50;6
23229;-218;-50;6
23235;-210;-50;6
23241;-210;-50;6
23247;-202;-50;6
23253;-195;-50;74
23259;-195;-50;74
23265;-187;-50;74
23271;-179;-50;74
23277;-171;-50;74
23283;-164;-50;100
23289;-164;-50;100
23295;-156;-50;100
23301;-148;-50;100
23307;-140;-50;100
23313;-133;-50;100
23319;-133;-50;100
23325;-117;-50;105
23331;-117;-50;105
23337;-101;-50;105
23343;-94;-50;105
23349;-86;-50;105
23355;-78;-50;146
23361;-70;-50;146
23367;-54;-50;146
23373;-47;-50;146
23379;-39;-50;146
23385;-31;-50;146
23394;-15;-50;146
23400;-7;-50;146
23406;0;-50;146
23412;7;-36;146
23418;15;-14;143
23424;23;32;143
23430;39;50;143
23436;39;50;143
23442;54;50;143
23448;62;50;151
23454;70;50;151
23460;78;50;151
23466;86;50;151
23472;94;50;151
23478;101;50;151
23484;109;50;130
23490;117;50;130
23496;125;50;130
23502;133;50;130
23508;140;50;130
23514;148;50;125
23520;148;50;125
23526;156;50;125
23532;164;50;125
23538;164;50;125
23544;171;50;125
23550;171;50;125
23556;179;50;83
23562;179;50;83
23568;187;50;83
23574;195;50;83
23580;195;50;83
23586;195;50;83
23592;195;50;83
23598;202;50;52
23604;202;50;52
23610;202;50;52
23616;202;50;52
23622;202;50;52
23628;202;50;52
23634;202;50;52
23640;202;50;52
23646;202;50;52
23652;202;50;52
23658;202;50;52
23664;195;50;-10
23670;195;50;-10
23676;195;50;-10
23682;195;50;-10
23688;187;50;-10
23694;187;50;-10
23700;179;50;-45
23706;179;50;-45
23712;171;50;-45
23718;171;50;-45
23724;164;50;-45
23730;164;50;-45
23736;156;50;-69
23742;148;50;-69
23748;140;50;-69
23754;133;50;-69
23760;133;50;-69
23766;125;50;-96
23772;117;50;-96
23778;117;50;-96
23784;101;50;-96
23790;101;50;-96
23796;86;50;-125
23802;86;50;-125
23808;70;50;-125
23814;70;50;-125
23820;54;50;-125
23823;54;50;-125
23829;47;50;-121
23835;39;50;-121
23841;31;50;-121
23847;23;50;-121
23853;15;50;-121
23859;7;50;-121
23865;0;50;-130
23871;-7;36;-130
23877;-15;6;-130
23883;-23;-40;-130
23889;-31;-50;-130
23895;-39;-50;-130
23901;-47;-50;-130
23907;-54;-50;-130
23913;-62;-50;-130
23919;-70;-50;-130
23925;-78;-50;-130
23931;-86;-50;-130
23937;-94;-50;-130
23943;-101;-50;-130
23949;-109;-50;-130
23955;-117;-50;-130
23961;-117;-50;-130
23967;-125;-50;-130
23973;-133;-50;-111
23979;-140;-50;-111
23985;-148;-50;-111
23991;-148;-50;-111
23997;-148;-50;-111
24003;-156;-50;-74
24009;-156;-50;-74
24015;-164;-50;-74
24021;-164;-50;-74
24027;-171;-50;-74
24033;-171;-50;-74
24039;-171;-50;-74
24045;-179;-50;-58
24051;-179;-50;-58
24057;-179;-50;-58
24063;-179;-50;-58
24069;-179;-50;-58
24075;-179;-50;-58
24081;-179;-50;-58
24087;-179;-50;-58
24093;-179;-50;-58
24099;-179;-50;-58
24105;-179;-50;-58
24111;-179;-50;-58
24117;-179;-50;-58
24123;-179;-50;-58
24132;-179;-50;-58
24138;-171;-50;8
24144;-171;-50;8
24150;-171;-50;8
24156;-164;-50;8
24162;-164;-50;8
24168;-156;-50;8
24180;-148;-50;57
24186;-148;-50;57
24192;-148;-50;57
24198;-140;-50;57
24204;-133;-50;57
24210;-133;-50;57
24216;-125;-50;67
24222;-117;-50;67
24228;-117;-50;67
24234;-109;-50;67
24240;-101;-50;67
24246;-94;-50;93
24252;-86;-50;93
24258;-78;-50;93
24264;-70;-50;93
24270;-62;-50;93
24276;-54;-50;93
24282;-54;-50;93
24288;-47;-50;117
24294;-39;-50;117
24300;-31;-50;117
24306;-23;-50;117
24312;-15;-50;117
24318;-7;-50;121
24324;-7;-50;121
24327;0;-50;121
24333;7;-36;121
24339;15;-14;121
24345;23;24;121
24351;23;50;121
24357;39;50;102
24363;39;50;102
24369;47;50;102
24375;54;50;102
24381;62;50;102
24387;70;50;121
24393;70;50;121
24399;78;50;121
24405;86;50;121
24411;86;50;121
24417;94;50;121
24423;101;50;93
24429;101;50;93
24435;109;50;93
24441;117;50;93
24447;117;50;93
24456;125;50;75
24462;133;50;75
24468;133;50;75
24474;133;50;75
24480;140;50;75
24486;140;50;75
24492;148;50;60
24498;148;50;60
24504;148;50;60
24510;148;50;60
24516;156;50;60
24522;156;50;60
24528;156;50;60
24534;156;50;60
24540;156;50;60
24546;156;50;60
24552;156;50;60
24558;156;50;60
24564;156;50;60
24570;156;50;60
24576;156;50;60
24582;148;50;666
24588;148;50;666
24594;148;50;666
24600;148;50;666
24606;148;50;666
24612;140;50;-6
24618;140;50;-6
24624;133;50;-6
24630;133;50;-6
24636;133;50;-6
24642;125;50;-46
24648;125;50;-46
24654;117;50;-46
24660;117;50;-46
24666;109;50;-46
24672;101;50;-46
24678;101;50;-46
24684;94;50;-72
24693;86;50;-72
24699;86;50;-72
24705;78;50;-72
24708;70;50;-72
24714;70;50;-72
24720;62;50;-94
24726;54;50;-94
24732;54;50;-94
24738;47;50;-94
24744;39;50;-94
24750;31;50;-96
24756;23;50;-96
24762;23;50;-96
24768;15;50;-96
24774;7;50;-96
24780;7;50;-96
24786;-7;43;-96
24792;-7;29;-96
24798;-15;-1;-96
24804;-23;-39;-96
24810;-23;-50;-96
24816;-31;-50;-100
24822;-39;-50;-100
24828;-39;-50;-100
24834;-47;-50;-100
24840;-54;-50;-100
24846;-54;-50;-100
24852;-70;-50;-88
24858;-70;-50;-88
24864;-78;-50;-88
24873;-86;-50;-88
24879;-86;-50;-88
24885;-94;-50;-96
24891;-101;-50;-96
24897;-101;-50;-96
24903;-109;-50;-96
24909;-117;-50;-96
24915;-117;-50;-96
24921;-117;-50;-96
24927;-117;-50;-96
24933;-125;-50;-63
24939;-125;-50;-63
24945;-133;-50;-63
24951;-133;-50;-63
24957;-133;-50;-63
24963;-133;-50;-63
24969;-133;-50;-63
24975;-140;-50;-19
24981;-140;-50;-19
24987;-140;-50;-19
24996;-140;-50;-19
25002;-140;-50;-19
25008;-140;-50;-19
25014;-140;-50;-19
25020;-140;-50;-19
25026;-140;-50;-19
25032;-140;-50;-19
25038;-133;-50;666
25044;-133;-50;666
25050;-133;-50;666
25056;-133;-50;666
25062;-133;-50;666
25068;-125;-50;8
25074;-125;-50;8
25080;-125;-50;8
25086;-117;-50;8
25092;-117;-50;8
25098;-117;-50;8
25104;-109;-50;44
25110;-109;-50;44
25116;-101;-50;44
25122;-101;-50;44
25128;-94;-50;44
25134;-86;-50;44
25140;-86;-50;44
25146;-86;-50;44
25152;-78;-50;70
25158;-70;-50;70
25164;-70;-50;70
25173;-54;-50;70
25179;-54;-50;70
25185;-54;-50;70
25191;-47;-50;79
25197;-39;-50;79
25203;-39;-50;79
25209;-23;-50;79
25215;-23;-50;79
25221;-23;-50;79
25227;-15;-50;86
25233;-7;-50;86
25239;-7;-50;86
25245;0;-50;86
25251;7;-36;86
25257;7;-22;86
25263;15;0;78
25269;23;38;78
25275;23;50;78
25281;31;50;78
25287;39;50;78
25296;39;50;78
25302;47;50;86
25308;54;50;86
25314;54;50;86
25320;54;50;86
25326;62;50;86
25332;70;50;86
25338;70;50;86
25344;78;50;68
25347;78;50;68
25353;86;50;68
25359;86;50;68
25365;86;50;68
25371;86;50;68
25377;94;50;68
25380;94;50;68
25386;101;50;56
25392;101;50;56
25398;101;50;56
25404;101;50;56
25410;109;50;56
25416;109;50;56
25422;109;50;56
25428;117;50;37
25434;117;50;37
25440;117;50;37
25446;117;50;37
25452;117;50;37
25458;117;50;37
25464;117;50;37
25470;117;50;37
25476;117;50;37
25482;117;50;37
25488;117;50;37
25494;117;50;37
25500;117;50;37
25506;109;50;-10
25512;109;50;-10
25518;109;50;-10
25524;101;50;-10
25530;101;50;-10
25536;101;50;-10
25545;101;50;-10
25551;94;50;-31
25557;94;50;-31
25563;86;50;-31
25569;86;50;-31
25575;86;50;-31
25581;86;50;-31
25587;78;50;-51
25593;70;50;-51
25599;70;50;-51
25605;70;50;-51
25611;62;50;-51
25617;54;50;-70
25623;54;50;-70
25626;54;50;-70
25632;47;50;-70
25638;47;50;-70
25644;39;50;-70
25650;39;50;-70
25656;31;50;-58
25662;23;50;-58
25668;23;50;-58
25674;23;50;-58
25680;15;50;-58
25689;7;50;-58
25695;7;50;-58
25701;0;50;-72
25707;-7;43;-72
25713;-7;29;-72
25719;-15;7;-72
25725;-15;-23;-72
25731;-23;-50;-72
25737;-23;-50;-72
25743;-23;-50;-72
25749;-31;-50;-67
25755;-39;-50;-67
25761;-39;-50;-67
25767;-47;-50;-67
25773;-47;-50;-67
25779;-54;-50;-74
25785;-54;-50;-74
25791;-54;-50;-74
25797;-62;-50;-74
25803;-62;-50;-74
25809;-70;-50;-74
25815;-70;-50;-74
25821;-70;-50;-74
25827;-78;-50;-50
25833;-78;-50;-50
25839;-86;-50;-50
25845;-86;-50;-50
25851;-86;-50;-50
25857;-86;-50;-50
25863;-86;-50;-50
25869;-94;-50;-37
25875;-94;-50;-37
25881;-94;-50;-37
25887;-94;-50;-37
25893;-101;-50;-37
25899;-101;-50;-37
25905;-101;-50;-37
25911;-101;-50;-37
25917;-101;-50;-37
25923;-101;-50;-37
25929;-101;-50;-37
25935;-101;-50;-37
25941;-101;-50;-37
25947;-101;-50;-37
25953;-94;-50;666
25959;-94;-50;666
25965;-94;-50;666
25971;-94;-50;666
25977;-86;-50;7
25983;-86;-50;7
25989;-86;-50;7
25995;-86;-50;7
26001;-86;-50;7
26007;-86;-50;7
26013;-78;-50;24
26019;-78;-50;24
26025;-70;-50;24
26031;-70;-50;24
26037;-70;-50;24
26043;-70;-50;24
26049;-62;-50;44
26055;-62;-50;44
26061;-54;-50;44
26070;-54;-50;44
26076;-54;-50;44
26082;-47;-50;44
26088;-47;-50;44
26094;-39;-50;44
26100;-39;-50;44
26106;-39;-50;44
26112;-31;-50;44
26118;-23;-50;66
26124;-23;-50;66
26130;-23;-50;66
26136;-15;-50;66
26142;-15;-50;66
26148;-7;-50;50
26154;-7;-50;50
26160;-7;-50;50
26166;0;-50;50
26172;0;-50;50
26178;7;-36;50
26184;7;-22;50
26190;7;-8;50
26196;15;14;46
26202;15;44;46
26208;23;50;46
26214;23;50;46
26220;23;50;46
26226;31;50;46
26232;31;50;46
26238;39;50;63
26244;39;50;63
26250;39;50;63
26256;47;50;63
26262;47;50;63
26268;54;50;44
26274;54;50;44
26280;54;50;44
26286;54;50;44
26292;54;50;44
26298;62;50;44
26304;62;50;44
26310;62;50;44
26316;70;50;34
26322;70;50;34
26328;70;50;34
26334;70;50;34
26340;70;50;34
26349;70;50;34
26355;70;50;34
26361;70;50;34
26367;70;50;34
26373;70;50;34
26379;70;50;34
26385;70;50;34
26391;70;50;34
26397;70;50;34
26403;70;50;34
26409;70;50;34
26415;70;50;34
26421;70;50;34
26427;70;50;34
26433;70;50;34
26439;70;50;34
26445;70;50;34
26451;70;50;34
26457;70;50;34
26463;62;50;-5
26469;62;50;-5
26475;62;50;-5
26481;54;50;-5
26487;54;50;-5
26493;54;50;-5
26499;54;50;-5
26505;54;50;-5
26511;47;50;-31
26517;47;50;-31
26523;39;50;-31
26529;39;50;-31
26535;39;50;-31
26541;39;50;-31
26547;39;50;-31
26553;31;50;-39
26559;31;50;-39
26565;23;50;-39
26571;23;50;-39
26577;23;50;-39
26583;15;50;-48
26589;15;50;-48
26595;15;50;-48
26601;7;50;-48
26607;7;50;-48
26613;7;50;-48
26619;0;50;-41
26625;0;50;-41
26631;-7;43;-41
26637;-7;29;-41
26643;-7;15;-41
26649;-15;-7;-41
26655;-15;-37;-41
26661;-15;-50;-41
26667;-23;-50;-48
26673;-23;-50;-48
26679;-23;-50;-48
26685;-23;-50;-48
26691;-23;-50;-48
26697;-31;-50;-48
26703;-31;-50;-48
26709;-39;-50;-39
26715;-39;-50;-39
26721;-39;-50;-39
26727;-39;-50;-39
26733;-39;-50;-39
26739;-47;-50;-23
26745;-47;-50;-23
26751;-47;-50;-23
26757;-47;-50;-23
26763;-54;-50;-23
26769;-54;-50;-23
26775;-54;-50;-23
26781;-54;-50;-23
26787;-54;-50;-23
26793;-54;-50;-23
26799;-54;-50;-23
26805;-54;-50;-23
26811;-54;-50;-23
26817;-54;-50;-23
26823;-54;-50;-23
26829;-54;-50;-23
26835;-54;-50;-23
26841;-54;-50;-23
26847;-54;-50;-23
26853;-54;-50;-23
26859;-54;-50;-23
26865;-54;-50;-23
26871;-54;-50;-23
26877;-54;-50;-23
26883;-54;-50;-23
26889;-54;-50;-23
26895;-54;-50;-23
26901;-54;-50;-23
26907;-47;-50;666
26913;-47;-50;666
26919;-47;-50;666
26925;-47;-50;666
26931;-47;-50;666
26937;-39;-50;4
26943;-39;-50;4
26949;-39;-50;4
26955;-39;-50;4
26961;-39;-50;4
26967;-39;-50;4
26973;-39;-50;4
26979;-31;-50;20
26985;-31;-50;20
26991;-23;-50;20
26997;-23;-50;20
27003;-23;-50;20
27012;-23;-50;20
27018;-23;-50;20
27024;-23;-50;20
27030;-15;-50;30
27036;-15;-50;30
27042;-15;-50;30
27048;-15;-50;30
27057;-7;-50;30
27063;-7;-50;30
27069;-7;-50;30
27075;-7;-50;30
27081;0;-50;29
27087;0;-50;29
27093;0;-50;29
27099;7;-36;29
27105;7;-22;29
27111;7;-8;29
27117;7;6;29
27123;7;20;29
27129;7;34;29
27135;15;50;27
27141;15;50;27
27147;15;50;27
27153;15;50;27
27159;23;50;27
27165;23;50;27
27171;23;50;27
27177;23;50;27
27183;23;50;27
27189;23;50;27
27195;23;50;27
27201;31;50;25
27207;31;50;25
27213;31;50;25
27219;31;50;25
27225;39;50;25
27231;39;50;25
27237;39;50;25
27240;39;50;25
27246;39;50;25
27252;39;50;25
27258;39;50;25
27264;39;50;25
27270;39;50;25
27276;39;50;25
27282;39;50;25
27288;39;50;25
27294;39;50;25
27300;39;50;25
27306;39;50;25
27312;39;50;25
27318;39;50;25
27324;39;50;25
27330;39;50;25
27336;39;50;25
27342;39;50;25
27348;39;50;25
27354;39;50;25
27360;39;50;25
27366;39;50;25
27372;31;50;666
27378;31;50;666
27384;31;50;666
27390;31;50;666
27396;31;50;666
27402;23;50;-3
27408;23;50;-3
27414;23;50;-3
27420;23;50;-3
27426;23;50;-3
27432;23;50;-3
27438;23;50;-3
27444;23;50;-3
27450;23;50;-3
27459;15;50;-15
27465;15;50;-15
27471;15;50;-15
27477;15;50;-15
27483;7;50;-15
27489;7;50;-15
27495;7;50;-15
27501;7;50;-15
27507;7;50;-15
27513;7;50;-15
27519;7;50;-15
27525;0;50;-20
27531;0;50;-20
27537;0;50;-20
27543;0;50;-20
27549;-7;43;-20
27555;-7;29;-20
27561;-7;15;-20
27567;-7;1;-20
27573;-7;-13;-20
27576;-7;-20;-20
27582;-7;-34;-20
27588;-7;-48;-20
27594;-15;-50;-22
27600;-15;-50;-22
27606;-15;-50;-22
27612;-15;-50;-22
27618;-15;-50;-22
27624;-15;-50;-22
27630;-15;-50;-22
27636;-23;-50;-18
27642;-23;-50;-18
27648;-23;-50;-18
27654;-23;-50;-18
27660;-23;-50;-18
27666;-23;-50;-18
27672;-23;-50;-18
27678;-23;-50;-18
27684;-23;-50;-18
27690;-23;-50;-18
27696;-23;-50;-18
27702;-23;-50;-18
27708;-23;-50;-18
27714;-23;-50;-18
27720;-23;-50;-18
27726;-23;-50;-18
27732;-23;-50;-18
27738;-23;-50;-18
27744;-23;-50;-18
27750;-23;-50;-18
27756;-23;-50;-18
27762;-23;-50;-18
27768;-23;-50;-18
27774;-23;-50;-18
27780;-23;-50;-18
27786;-23;-50;-18
27792;-23;-50;-18
27798;-23;-50;-18
27804;-23;-50;-18
27810;-23;-50;-18
27816;-23;-50;-18
27822;-23;-50;-18
27828;-23;-50;-18
27834;-23;-50;-18
27840;-23;-50;-18
27846;-15;-50;3
27852;-15;-50;3
27858;-15;-50;3
27864;-15;-50;3
27870;-15;-50;3
27876;-15;-50;3
27885;-15;-50;3
27891;-15;-50;3
27897;-15;-50;3
27903;-15;-50;3
27909;-15;-50;3
27912;-7;-50;12
27918;-7;-50;12
27924;-7;-50;12
27930;-7;-50;12
27936;-7;-50;12
27942;-7;-50;12
27948;-7;-50;12
27954;-7;-50;12
27960;-7;-50;12
27966;-7;-50;12
27972;-7;-50;12
27978;-7;-50;12
27984;-7;-50;12
27990;-7;-50;12
27996;0;-50;8
28002;0;-50;8
28008;0;-50;8
28014;0;-50;8
28020;0;-50;8
28029;0;-50;8
28035;0;-50;8
28041;0;-50;8
28047;0;-50;8
28053;7;-43;12
28059;7;-29;12
28065;7;-15;12
28074;7;6;12
28080;7;20;12
28086;7;34;12
28092;7;48;12
28098;7;50;12
28104;7;50;12
28110;7;50;12
28116;7;50;12
28122;7;50;12
28128;7;50;12
28134;7;50;12
28140;7;50;12
28146;7;50;12
28155;7;50;12
28164;7;50;12
28170;7;50;12
28176;7;50;12
28182;7;50;12
28188;7;50;12
28194;7;50;12
28200;7;50;12
28203;7;50;12
28209;7;50;12
28215;7;50;12
28221;7;50;12
28227;7;50;12
28233;7;50;12
28239;7;50;12
28245;7;50;12
28251;7;50;12
28257;7;50;12
28263;7;50;12
28269;7;50;12
28275;7;50;12
28281;7;50;12
28287;7;50;12
28293;7;50;12
28299;7;50;12
28305;7;50;12
28311;7;50;12
28317;7;50;12
28323;7;50;12
28332;7;50;12
28338;7;50;12
28344;7;50;12
28350;7;50;12
28356;7;50;12
28365;7;50;12
28371;7;50;12
28377;7;50;12
28383;7;50;12
28389;7;50;12
28395;0;50;-2
28401;0;50;-2
28407;0;50;-2
28413;0;50;-2
28419;0;50;-2
28425;0;50;-2
28428;0;50;-2
28434;0;50;-2
28440;0;50;-2
28446;0;50;-2
28449;0;50;-2
28455;0;50;-2
28461;0;50;-2
28467;0;50;-2
28473;0;50;-2
28479;0;50;-2
28485;0;50;-2
28491;0;50;-2
28494;0;50;-2
28500;0;50;-2
28506;0;50;-2
28512;0;50;-2
28518;0;50;-2
28524;0;50;-2
28530;0;50;-2
28536;0;50;-2
28542;0;50;-2
28548;0;50;-2
28554;0;50;-2
28560;0;50;-2
28566;0;50;-2
28572;0;50;-2
28578;0;50;-2
28584;0;50;-2
28590;0;50;-2
28596;0;50;-2
28602;0;50;-2
28608;0;50;-2
28614;0;50;-2
28620;0;50;-2
28626;0;50;-2
28632;0;50;-2
28638;0;50;-2
28644;0;50;-2
28650;0;50;-2
28656;0;50;-2
28662;0;50;-2
28668;0;50;-2
28674;0;50;-2
28680;0;50;-2
28695;0;50;-2
28719;0;50;-2
28725;0;50;-2
28731;0;50;-2
28737;0;50;-2
28746;0;50;-2
28752;0;50;-2
28758;0;50;-2
28764;0;50;-2
28770;0;50;-2
28776;0;50;-2
28782;0;50;-2
28788;0;50;-2
28794;0;50;-2
28797;0;50;-2
28803;0;50;-2
28809;0;50;-2
28815;0;50;-2
28821;0;50;-2
28827;0;50;-2
28833;0;50;-2
28839;0;50;-2
28848;0;50;-2
28854;0;50;-2
28860;0;50;-2
28866;0;50;-2
28872;0;50;-2
28881;0;50;-2
28887;0;50;-2
28893;0;50;-2
28899;0;50;-2
28905;0;50;-2
28911;0;50;-2
28917;0;50;-2
28923;0;50;-2
28929;0;50;-2
28935;0;50;-2
28941;0;50;-2
28947;0;50;-2
28953;0;50;-2
28959;0;50;-2
28965;0;50;-2
28971;0;50;-2
28977;0;50;-2
28983;0;50;-2
28989;0;50;-2
28995;0;50;-2
28998;0;50;-2
29004;0;50;-2
29010;0;50;-2
29016;0;50;-2
29022;0;50;-2
29028;0;50;-2
29034;0;50;-2
29040;0;50;-2
29046;0;50;-2
29052;0;50;-2
29058;0;50;-2
29064;0;50;-2
29070;0;50;-2
29076;0;50;-2
29082;0;50;-2
29088;0;50;-2
29094;0;50;-2
29100;0;50;-2
29106;0;50;-2
29112;0;50;-2
29118;0;50;-2
29127;0;50;-2
29133;0;50;-2
29139;0;50;-2
29145;0;50;-2
29151;0;50;-2
29157;0;50;-2
29163;0;50;-2
29169;0;50;-2
29175;0;50;-2
29184;0;50;-2
29190;0;50;-2
29196;0;50;-2
29202;0;50;-2
29208;0;50;-2
29214;0;50;-2
29220;0;50;-2
29226;0;50;-2
29232;0;50;-2
29241;0;50;-2
29247;0;50;-2
29253;0;50;-2
29259;0;50;-2
29265;0;50;-2
29274;0;50;-2
29280;0;50;-2
29286;0;50;-2
29289;0;50;-2
29295;0;50;-2
29301;0;50;-2
29307;0;50;-2
29313;0;50;-2
29319;0;50;-2
29325;0;50;-2
29331;0;50;-2
29337;0;50;-2
29343;0;50;-2
29349;0;50;-2
29355;0;50;-2
29364;0;50;-2
29370;0;50;-2
29376;0;50;-2
29382;0;50;-2
29388;0;50;-2
29397;0;50;-2
29403;0;50;-2
29409;0;50;-2
29415;0;50;-2
29421;0;50;-2
29427;0;50;-2
29433;0;50;-2
29439;0;50;-2
29445;0;50;-2
29448;0;50;-2
29454;0;50;-2
29463;0;50;-2
29469;0;50;-2
29475;0;50;-2
29481;0;50;-2
29487;0;50;-2
29493;0;50;-2
29499;0;50;-2
29508;0;50;-2
29514;0;50;-2
29520;0;50;-2
29526;0;50;-2
29532;0;50;-2
29538;0;50;-2
29544;0;50;-2
29553;0;50;-2
29559;0;50;-2
29565;0;50;-2
29571;0;50;-2
29577;0;50;-2
29586;0;50;-2
29592;0;50;-2
29598;0;50;-2
29604;0;50;-2
29610;0;50;-2
29616;0;50;-2
29622;0;50;-2
29631;0;50;-2
29637;0;50;-2
29643;0;50;-2
29649;0;50;-2
29655;0;50;-2
29661;0;50;-2
29667;0;50;-2
29673;0;50;-2
29679;0;50;-2
29682;0;50;-2
29688;0;50;-2
29694;0;50;-2
29700;0;50;-2
29706;0;50;-2
29712;0;50;-2
29721;0;50;-2
29727;0;50;-2
29733;0;50;-2
29739;0;50;-2
29745;0;50;-2
29754;0;50;-2
29760;0;50;-2
29766;0;50;-2
29772;0;50;-2
29778;0;50;-2
29784;0;50;-2
29790;0;50;-2
29796;0;50;-2
29802;0;50;-2
29808;0;50;-2
29814;0;50;-2
29823;0;50;-2
29829;0;50;-2
29835;0;50;-2
29838;0;50;-2
29844;0;50;-2
29850;0;50;-2
29856;0;50;-2
29862;0;50;-2
29868;0;50;-2
29874;0;50;-2
29880;0;50;-2
29886;0;50;-2
29892;0;50;-2
29898;0;50;-2
29904;0;50;-2
29907;0;50;-2
29913;0;50;-2
29919;0;50;-2
29925;0;50;-2
29934;0;50;-2
29940;0;50;-2
29946;0;50;-2
29952;0;50;-2
29958;0;50;-2
29964;0;50;-2
29970;0;50;-2
29976;0;50;-2
29982;0;50;-2
29988;0;50;-2
29994;0;50;-2
29997;0;50;-2
30003;0;50;-2
30009;0;50;-2
30015;0;50;-2
30024;0;50;-2
30030;0;50;-2
30036;0;50;-2
30042;0;50;-2
30048;0;50;-2
30054;0;50;-2
30060;0;50;-2
30069;0;50;-2
30075;0;50;-2
30081;0;50;-2
30087;0;50;-2
30093;0;50;-2
30096;0;50;-2
30102;0;50;-2
30108;0;50;-2
30114;0;50;-2
30120;0;50;-2
30126;0;50;-2
30132;0;50;-2
30138;0;50;-2
30144;0;50;-2
30150;0;50;-2
30156;0;50;-2
30162;0;50;-2
30168;0;50;-2
30174;0;50;-2
30180;0;50;-2
30186;0;50;-2
30192;0;50;-2
30198;0;50;-2
30204;0;50;-2
30210;0;50;-2
30216;0;50;-2
30225;0;50;-2
30231;0;50;-2
30237;0;50;-2
30243;0;50;-2
30249;0;50;-2
30255;0;50;-2
30261;0;50;-2
30267;0;50;-2
30273;0;50;-2
30279;0;50;-2
30285;0;50;-2
30294;0;50;-2
30303;0;50;-2
30309;0;50;-2
30315;0;50;-2
30321;0;50;-2
30327;0;50;-2
30333;0;50;-2
30339;0;50;-2
30345;0;50;-2
30351;0;50;-2
30360;0;50;-2
30366;0;50;-2
30372;0;50;-2
30378;0;50;-2
30384;0;50;-2
30390;0;50;-2
30396;0;50;-2
30402;0;50;-2
30408;0;50;-2
30414;0;50;-2
30420;0;50;-2
30426;0;50;-2
30432;0;50;-2
30438;0;50;-2
30444;0;50;-2
30450;0;50;-2
30456;0;50;-2
30462;0;50;-2
30468;0;50;-2
30474;0;50;-2
30477;0;50;-2
30483;0;50;-2
30489;0;50;-2
30495;0;50;-2
30501;0;50;-2
30507;0;50;-2
30513;0;50;-2
30519;0;50;-2
30525;0;50;-2
30531;0;50;-2
30540;0;50;-2
30546;0;50;-2
30552;0;50;-2
30558;0;50;-2
30564;0;50;-2
30570;0;50;-2
30576;0;50;-2
30582;0;50;-2
30588;0;50;-2
30594;0;50;-2
30600;0;50;-2
30606;0;50;-2
30612;0;50;-2
30618;0;50;-2
30624;0;50;-2
30630;0;50;-2
30639;0;50;-2
30645;0;50;-2
30651;0;50;-2
30657;0;50;-2
30663;0;50;-2
30669;0;50;-2
30675;0;50;-2
30681;0;50;-2
30687;0;50;-2
30693;0;50;-2
30699;0;50;-2
30705;0;50;-2
30711;0;50;-2
30720;0;50;-2
30726;0;50;-2
30732;0;50;-2
30738;0;50;-2
30744;0;50;-2
30750;0;50;-2
30756;0;50;-2
30762;0;50;-2
30768;0;50;-2
30774;0;50;-2
30780;0;50;-2
30786;0;50;-2
30792;0;50;-2
30798;0;50;-2
30804;0;50;-2
30810;0;50;-2
30816;0;50;-2
30822;0;50;-2
30828;0;50;-2
30834;0;50;-2
30840;0;50;-2
30846;0;50;-2
30852;0;50;-2
30858;0;50;-2
30864;0;50;-2
30870;0;50;-2
30876;0;50;-2
30882;0;50;-2
30888;0;50;-2
30894;0;50;-2
30900;0;50;-2
30903;0;50;-2
30909;0;50;-2
30915;0;50;-2
30921;0;50;-2
30927;0;50;-2
30933;0;50;-2
30942;0;50;-2
30948;0;50;-2
30954;0;50;-2
30960;0;50;-2
30966;0;50;-2
30972;0;50;-2
30978;0;50;-2
30984;0;50;-2
30990;0;50;-2
30996;0;50;-2
31002;0;50;-2
31008;0;50;-2
31014;0;50;-2
31020;0;50;-2
31026;0;50;-2
31032;0;50;-2
31038;0;50;-2
31044;0;50;-2
31050;0;50;-2
31056;0;50;-2
31065;0;50;-2
31071;0;50;-2
31077;0;50;-2
31083;0;50;-2
31089;0;50;-2
31095;0;50;-2
31101;0;50;-2
31110;0;50;-2
31116;0;50;-2
31122;0;50;-2
31128;0;50;-2
31134;0;50;-2
31140;0;50;-2
31146;0;50;-2
31149;0;50;-2
31155;0;50;-2
31161;0;50;-2
31167;0;50;-2
31173;0;50;-2
31179;0;50;-2
31185;0;50;-2
31191;0;50;-2
31194;0;50;-2
31200;0;50;-2
31206;0;50;-2
31212;0;50;-2
31218;0;50;-2
31224;0;50;-2
31230;0;50;-2
31236;0;50;-2
31245;0;50;-2
31251;0;50;-2
31257;0;50;-2
31263;0;50;-2
31269;0;50;-2
31278;0;50;-2
31284;0;50;-2
31290;0;50;-2
31296;0;50;-2
31302;0;50;-2
31308;0;50;-2
31314;0;50;-2
31323;0;50;-2
31329;0;50;-2
31335;0;50;-2
31341;0;50;-2
31347;0;50;-2
31353;0;50;-2
31359;0;50;-2
31368;0;50;-2
31374;0;50;-2
31380;0;50;-2
31386;0;50;-2
31392;0;50;-2
31401;0;50;-2
31407;0;50;-2
31413;0;50;-2
31419;0;50;-2
31425;0;50;-2
31431;0;50;-2
31437;0;50;-2
31443;0;50;-2
31449;0;50;-2
31455;0;50;-2
31461;0;50;-2
31467;0;50;-2
31473;0;50;-2
31482;0;50;-2
31485;0;50;-2
31491;0;50;-2
31497;0;50;-2
31503;0;50;-2
31509;0;50;-2
31515;0;50;-2
31524;0;50;-2
31530;0;50;-2
31536;0;50;-2
31542;0;50;-2
31548;0;50;-2
31554;0;50;-2
31560;0;50;-2
31566;0;50;-2
31572;0;50;-2
31578;0;50;-2
31584;0;50;-2
31590;0;50;-2
31596;0;50;-2
31602;0;50;-2
31608;0;50;-2
31614;0;50;-2
31620;0;50;-2
31626;0;50;-2
31632;0;50;-2
31638;0;50;-2
31644;0;50;-2
31650;0;50;-2
31659;0;50;-2
31665;0;50;-2
31671;0;50;-2
31677;0;50;-2
31683;0;50;-2
31689;0;50;-2
31695;0;50;-2
31701;0;50;-2
31707;0;50;-2
31716;0;50;-2
31722;0;50;-2
31728;0;50;-2
31734;0;50;-2
31740;0;50;-2
31749;0;50;-2
31755;0;50;-2
31761;0;50;-2
31767;0;50;-2
31773;0;50;-2
31779;0;50;-2
31785;0;50;-2
31791;0;50;-2
31797;0;50;-2
31803;0;50;-2
31809;0;50;-2
31815;0;50;-2
31821;0;50;-2
31827;0;50;-2
31833;0;50;-2
31839;0;50;-2
31845;0;50;-2
31851;0;50;-2
31857;0;50;-2
31863;0;50;-2
31869;0;50;-2
31875;0;50;-2
31881;0;50;-2
31887;0;50;-2
31893;0;50;-2
31899;0;50;-2
31905;0;50;-2
31911;0;50;-2
31917;0;50;-2
31923;0;50;-2
31929;0;50;-2
31935;0;50;-2
31941;0;50;-2
31947;0;50;-2
31953;0;50;-2
31959;0;50;-2
31965;0;50;-2
31974;0;50;-2
31980;0;50;-2
31986;0;50;-2
31989;0;50;-2
31995;0;50;-2
32001;0;50;-2
32007;0;50;-2
32013;0;50;-2
32019;0;50;-2
32025;0;50;-2
32031;0;50;-2
32034;0;50;-2
32040;0;50;-2
32046;0;50;-2
32052;0;50;-2
32058;0;50;-2
32064;0;50;-2
32070;0;50;-2
32076;0;50;-2
32082;0;50;-2
32088;0;50;-2
32094;0;50;-2
32100;0;50;-2
32106;0;50;-2
32112;0;50;-2
32118;0;50;-2
32124;0;50;-2
32130;0;50;-2
32136;0;50;-2
32142;0;50;-2
32148;0;50;-2
32154;0;50;-2
32160;0;50;-2
32166;0;50;-2
32169;0;50;-2
32175;0;50;-2
32181;0;50;-2
32187;0;50;-2
32193;0;50;-2
32199;0;50;-2
32205;0;50;-2
32211;0;50;-2
32217;0;50;-2
32223;0;50;-2
32229;0;50;-2
32235;0;50;-2
32241;0;50;-2
32247;0;50;-2
32253;0;50;-2
32259;0;50;-2
32265;0;50;-2
32271;0;50;-2
32277;0;50;-2
32283;0;50;-2
32289;0;50;-2
32295;0;50;-2
32301;0;50;-2
32304;0;50;-2
32310;0;50;-2
32316;0;50;-2
32322;0;50;-2
32328;0;50;-2
32334;0;50;-2
32340;0;50;-2
32346;0;50;-2
32352;0;50;-2
32361;0;50;-2
32367;0;50;-2
32373;0;50;-2
32379;0;50;-2
32385;0;50;-2
32391;0;50;-2
32400;0;50;-2
32406;0;50;-2
32412;0;50;-2
32418;0;50;-2
32424;0;50;-2
32430;0;50;-2
32436;0;50;-2
32445;0;50;-2
32451;0;50;-2
32457;0;50;-2
32463;0;50;-2
32469;0;50;-2
32475;0;50;-2
32481;0;50;-2
32487;0;50;-2
32493;0;50;-2
32499;0;50;-2
32505;0;50;-2
32511;0;50;-2
32517;0;50;-2
32523;0;50;-2
32529;0;50;-2
32535;0;50;-2
32541;0;50;-2
32547;0;50;-2
32553;0;50;-2
32559;0;50;-2
32565;0;50;-2
32571;0;50;-2
32580;0;50;-2
32589;0;50;-2
32595;0;50;-2
32601;0;50;-2
32607;0;50;-2
32613;0;50;-2
32619;0;50;-2
32625;0;50;-2
32628;0;50;-2
32634;0;50;-2
32640;0;50;-2
32646;0;50;-2
32652;0;50;-2
32658;0;50;-2
32661;0;50;-2
32667;0;50;-2
32673;0;50;-2
32679;0;50;-2
32685;0;50;-2
32691;0;50;-2
32697;0;50;-2
32703;0;50;-2
32709;0;50;-2
32715;0;50;-2
32721;0;50;-2
32727;0;50;-2
32733;0;50;-2
32739;0;50;-2
32745;0;50;-2
32751;0;50;-2
32757;0;50;-2
32763;0;50;-2
32769;0;50;-2
32775;0;50;-2
32781;0;50;-2
32787;0;50;-2
32793;0;50;-2
32799;0;50;-2
32805;0;50;-2
32814;0;50;-2
32820;0;50;-2
32826;0;50;-2
32832;0;50;-2
32838;0;50;-2
32847;0;50;-2
32853;0;50;-2
32859;0;50;-2
32865;0;50;-2
32871;0;50;-2
32877;0;50;-2
32883;0;50;-2
32889;0;50;-2
32895;0;50;-2
32904;0;50;-2
32910;0;50;-2
32916;0;50;-2
32925;0;50;-2
32931;0;50;-2
32937;0;50;-2
32943;0;50;-2
32949;0;50;-2
32955;0;50;-2
32961;0;50;-2
32970;0;50;-2
32976;0;50;-2
32982;0;50;-2
32988;0;50;-2
32994;0;50;-2
33000;0;50;-2
33006;0;50;-2
33012;0;50;-2
33018;0;50;-2
33024;0;50;-2
33030;0;50;-2
33036;0;50;-2
33042;0;50;-2
33048;0;50;-2
33054;0;50;-2
33060;0;50;-2
33066;0;50;-2
33072;0;50;-2
33078;0;50;-2
33084;0;50;-2
33093;0;50;-2
33099;0;50;-2
33105;0;50;-2
33111;0;50;-2
33117;0;50;-2
33123;0;50;-2
33129;0;50;-2
33135;0;50;-2
33141;0;50;-2
33147;0;50;-2
33153;0;50;-2
33159;0;50;-2
33165;0;50;-2
33171;0;50;-2
33177;0;50;-2
33183;0;50;-2
33189;0;50;-2
33195;0;50;-2
33201;0;50;-2
33207;0;50;-2
33216;0;50;-2
33222;0;50;-2
33228;0;50;-2
33234;0;50;-2
33240;0;50;-2
33246;0;50;-2
33252;0;50;-2
33261;0;50;-2
33267;0;50;-2
33273;0;50;-2
33279;0;50;-2
33285;0;50;-2
33291;0;50;-2
33297;0;50;-2
33303;0;50;-2
33309;0;50;-2
33315;0;50;-2
33321;0;50;-2
33327;0;50;-2
33333;0;50;-2
33339;0;50;-2
33345;0;50;-2
33351;0;50;-2
33357;0;50;-2
33363;0;50;-2
33369;0;50;-2
33375;0;50;-2
33381;0;50;-2
33387;0;50;-2
33393;0;50;-2
33399;0;50;-2
33405;0;50;-2
33411;0;50;-2
33417;0;50;-2
33423;0;50;-2
33429;0;50;-2
33435;0;50;-2
33441;0;50;-2
33447;0;50;-2
33453;0;50;-2
33459;0;50;-2
33465;0;50;-2
33471;0;50;-2
33477;0;50;-2
33483;0;50;-2
33489;0;50;-2
33498;0;50;-2
33504;0;50;-2
33510;0;50;-2
33516;0;50;-2
33522;0;50;-2
33531;0;50;-2
33537;0;50;-2
33543;0;50;-2
33549;0;50;-2
33555;0;50;-2
33561;0;50;-2
33567;0;50;-2
33573;0;50;-2
33579;0;50;-2
33582;0;50;-2
33588;0;50;-2
33594;0;50;-2
33600;0;50;-2
33606;0;50;-2
33612;0;50;-2
33618;0;50;-2
33624;0;50;-2
33630;0;50;-2
33636;0;50;-2
33642;0;50;-2
33648;0;50;-2
33654;0;50;-2
33660;0;50;-2
33666;0;50;-2
33672;0;50;-2
33678;0;50;-2
33684;0;50;-2
33690;0;50;-2
33699;0;50;-2
33705;0;50;-2
33711;0;50;-2
33717;0;50;-2
33723;0;50;-2
33732;0;50;-2
33738;0;50;-2
33744;0;50;-2
33750;0;50;-2
33756;0;50;-2
33762;0;50;-2
33768;0;50;-2
33771;0;50;-2
33777;0;50;-2
33783;0;50;-2
33789;0;50;-2
33795;0;50;-2
33801;0;50;-2
33807;0;50;-2
33813;0;50;-2
33822;0;50;-2
33828;0;50;-2
33834;0;50;-2
33843;0;50;-2
33849;0;50;-2
33855;0;50;-2
33861;0;50;-2
33867;0;50;-2
33873;0;50;-2
33879;0;50;-2
33888;0;50;-2
33894;0;50;-2
33900;0;50;-2
33906;0;50;-2
33912;0;50;-2
33918;0;50;-2
33924;0;50;-2
33933;0;50;-2
33939;0;50;-2
33945;0;50;-2
33951;0;50;-2
33957;0;50;-2
33963;0;50;-2
33969;0;50;-2
33975;0;50;-2
33981;0;50;-2
33987;0;50;-2
33993;0;50;-2
33999;0;50;-2
34005;0;50;-2
34011;0;50;-2
34017;0;50;-2
34023;0;50;-2
34029;0;50;-2
34035;0;50;-2
34041;0;50;-2
34047;0;50;-2
34053;0;50;-2
34059;0;50;-2
34065;0;50;-2
34071;0;50;-2
34077;0;50;-2
34083;0;50;-2
34089;0;50;-2
34095;0;50;-2
34101;0;50;-2
34107;0;50;-2
34113;0;50;-2
34119;0;50;-2
34125;0;50;-2
34131;0;50;-2
34137;0;50;-2
34143;0;50;-2
34149;0;50;-2
34155;0;50;-2
34161;0;50;-2
34167;0;50;-2
34173;0;50;-2
34179;0;50;-2
34185;0;50;-2
34191;0;50;-2
34197;0;50;-2
34203;0;50;-2
34209;0;50;-2
34215;0;50;-2
34221;0;50;-2
34227;0;50;-2
34233;0;50;-2
34239;0;50;-2
34245;0;50;-2
34251;0;50;-2
34260;0;50;-2
34263;0;50;-2
34269;0;50;-2
34275;0;50;-2
34281;0;50;-2
34287;0;50;-2
34293;0;50;-2
34299;0;50;-2
34305;0;50;-2
34311;0;50;-2
34317;0;50;-2
34323;0;50;-2
34329;0;50;-2
34335;0;50;-2
34341;0;50;-2
34347;0;50;-2
34353;0;50;-2
34359;0;50;-2
34365;0;50;-2
34371;0;50;-2
34377;0;50;-2
34383;0;50;-2
34389;0;50;-2
34395;0;50;-2
34401;0;50;-2
34407;0;50;-2
34416;0;50;-2
34422;0;50;-2
34428;0;50;-2
34437;0;50;-2
34443;0;50;-2
34449;0;50;-2
34455;0;50;-2
34461;0;50;-2
34467;0;50;-2
34473;0;50;-2
34479;0;50;-2
34485;0;50;-2
34494;0;50;-2
34500;0;50;-2
34506;0;50;-2
34512;0;50;-2
34518;0;50;-2
34527;0;50;-2
34533;0;50;-2
34539;0;50;-2
34545;0;50;-2
34551;0;50;-2
34560;0;50;-2
34566;0;50;-2
34572;0;50;-2
34578;0;50;-2
34584;0;50;-2
34590;0;50;-2
34596;0;50;-2
34602;0;50;-2
34608;0;50;-2
34617;0;50;-2
34623;0;50;-2
34629;0;50;-2
34635;0;50;-2
34641;0;50;-2
34647;0;50;-2
34653;0;50;-2
34659;0;50;-2
34665;0;50;-2
34671;0;50;-2
34677;0;50;-2
34683;0;50;-2
34689;0;50;-2
34695;0;50;-2
34701;0;50;-2
34707;0;50;-2
34713;0;50;-2
34719;0;50;-2
34728;0;50;-2
34734;0;50;-2
34740;0;50;-2
34746;0;50;-2
34752;0;50;-2
34758;0;50;-2
34764;0;50;-2
34770;0;50;-2
34776;0;50;-2
34782;0;50;-2
34788;0;50;-2
34794;0;50;-2
34800;0;50;-2
34806;0;50;-2
34812;0;50;-2
34818;0;50;-2
34824;0;50;-2
34830;0;50;-2
34836;0;50;-2
34842;0;50;-2
34848;0;50;-2
34854;0;50;-2
34860;0;50;-2
34866;0;50;-2
34872;0;50;-2
34878;0;50;-2
34884;0;50;-2
34890;0;50;-2
34896;0;50;-2
34902;0;50;-2
34908;0;50;-2
34914;0;50;-2
34920;0;50;-2
34926;0;50;-2
34932;0;50;-2
34941;0;50;-2
34947;0;50;-2
34953;0;50;-2
34959;0;50;-2
34965;0;50;-2
34971;0;50;-2
34977;0;50;-2
34983;0;50;-2
34989;0;50;-2
34995;0;50;-2
35001;0;50;-2
35007;0;50;-2
35013;0;50;-2
35019;0;50;-2
35025;0;50;-2
35031;0;50;-2
35037;0;50;-2
35043;0;50;-2
35049;0;50;-2
35055;0;50;-2
35061;0;50;-2
35070;0;50;-2
35088;0;50;-2
35094;0;50;-2
35100;0;50;-2
35109;0;50;-2
35115;0;50;-2
35121;0;50;-2
35127;0;50;-2
35133;0;50;-2
35139;0;50;-2
35145;0;50;-2
35154;0;50;-2
35160;0;50;-2
35166;0;50;-2
35172;0;50;-2
35178;0;50;-2
35184;0;50;-2
35190;0;50;-2
35199;0;50;-2
35205;0;50;-2
35211;0;50;-2
35217;0;50;-2
35223;0;50;-2
35229;0;50;-2
35235;0;50;-2
35238;0;50;-2
35244;0;50;-2
35250;0;50;-2
35256;0;50;-2
35262;0;50;-2
35268;0;50;-2
35274;0;50;-2
35280;0;50;-2
35286;0;50;-2
35292;0;50;-2
35301;0;50;-2
35307;0;50;-2
35313;0;50;-2
35319;0;50;-2
35325;0;50;-2
35331;0;50;-2
35337;0;50;-2
35346;0;50;-2
35352;0;50;-2
35358;0;50;-2
35364;0;50;-2
35370;0;50;-2
35376;0;50;-2
35382;0;50;-2
35388;0;50;-2
35394;0;50;-2
35400;0;50;-2
35406;0;50;-2
35412;0;50;-2
35418;0;50;-2
35424;0;50;-2
35430;0;50;-2
35436;0;50;-2
35445;0;50;-2
35451;0;50;-2
35457;0;50;-2
35463;0;50;-2
35469;0;50;-2
35475;0;50;-2
35481;0;50;-2
35490;0;50;-2
35496;0;50;-2
35502;0;50;-2
35508;0;50;-2
35514;0;50;-2
35520;0;50;-2
35526;0;50;-2
35532;0;50;-2
35538;0;50;-2
35547;0;50;-2
35553;0;50;-2
35559;0;50;-2
35565;0;50;-2
35571;0;50;-2
35586;0;50;-2
35592;0;50;-2
35598;0;50;-2
35604;0;50;-2
35613;0;50;-2
35619;0;50;-2
35625;0;50;-2
35631;0;50;-2
35637;0;50;-2
35640;0;50;-2
35649;0;50;-2
35658;0;50;-2
35664;0;50;-2
35670;0;50;-2
35676;0;50;-2
35682;0;50;-2
35688;0;50;-2
35694;0;50;-2
35697;0;50;-2
35703;0;50;-2
35709;0;50;-2
35715;0;50;-2
35721;0;50;-2
35727;0;50;-2
35733;0;50;-2
35739;0;50;-2
35742;0;50;-2
35748;0;50;-2
35754;0;50;-2
35760;0;50;-2
35766;0;50;-2
35772;0;50;-2
35781;0;50;-2
35787;0;50;-2
35793;0;50;-2
35799;0;50;-2
35805;0;50;-2
35811;0;50;-2
35817;0;50;-2
35829;0;50;-2
35835;0;50;-2
35841;0;50;-2
35847;0;50;-2
35853;0;50;-2
35862;0;50;-2
35868;0;50;-2
35874;0;50;-2
35877;0;50;-2
35883;0;50;-2
35889;0;50;-2
35895;0;50;-2
35901;0;50;-2
35907;0;50;-2
35913;0;50;-2
35919;0;50;-2
35928;0;50;-2
35934;0;50;-2
35940;0;50;-2
35949;0;50;-2
35955;0;50;-2
35961;0;50;-2
35967;0;50;-2
35973;0;50;-2
35979;0;50;-2
35985;0;50;-2
35991;0;50;-2
35997;0;50;-2
36003;0;50;-2
36009;0;50;-2
36039;0;50;-2
36045;0;50;-2
36051;0;50;-2
36057;0;50;-2
36063;0;50;-2
36069;0;50;-2
36075;0;50;-2
36078;0;50;-2
36084;0;50;-2
36090;0;50;-2
36096;0;50;-2
36102;0;50;-2
36108;0;50;-2
36117;0;50;-2
36123;0;50;-2
36141;0;50;-2
36189;0;50;-2