tiempo;error;integral;derivada
13014;0;30;0
13020;0;30;0
13026;0;30;0
13032;0;30;0
13041;0;30;0
13047;0;30;0
13053;0;30;0
13059;0;30;0
13065;0;30;0
13071;0;30;0
13077;0;30;0
13086;0;30;0
13092;0;30;0
13098;0;30;0
13104;0;30;0
13110;0;30;0
13116;0;30;0
13122;0;30;0
13131;0;30;0
13137;0;30;0
13143;0;30;0
13149;0;30;0
13155;0;30;0
13161;0;30;0
13167;0;30;0
13176;0;30;0
13182;0;30;0
13188;0;30;0
13194;0;30;0
13200;0;30;0
13203;0;30;0
13209;0;30;0
13215;0;30;0
13221;0;30;0
13227;0;30;0
13233;0;30;0
13239;0;30;0
13245;0;30;0
13248;0;30;0
13254;0;30;0
13260;0;30;0
13266;0;30;0
13272;0;30;0
13278;0;30;0
13284;0;30;0
13290;0;30;0
13296;0;30;0
13302;0;30;0
13311;0;30;0
13317;0;30;0
13326;0;30;0
13335;0;30;0
13341;0;30;0
13347;0;30;0
13356;0;30;0
13362;0;30;0
13368;0;30;0
13377;0;30;0
13383;0;30;0
13389;0;30;0
13395;0;30;0
13401;0;30;0
13407;0;30;0
13413;0;30;0
13419;0;30;0
13425;0;30;0
13431;0;30;0
13437;0;30;0
13440;0;30;0
13446;0;30;0
13452;0;30;0
13458;0;30;0
13467;0;30;0
13473;0;30;0
13479;0;30;0
13485;0;30;0
13491;0;30;0
13497;0;30;0
13503;0;30;0
13512;0;30;0
13518;0;30;0
13524;0;30;0
13530;0;30;0
13536;0;30;0
13545;0;30;0
13551;0;30;0
13557;0;30;0
13563;0;30;0
13569;0;30;0
13575;0;30;0
13581;0;30;0
13584;0;30;0
13590;0;30;0
13596;0;30;0
13602;0;30;0
13608;0;30;0
13614;0;30;0
13620;0;30;0
13626;0;30;0
13635;0;30;0
13641;0;30;0
13647;0;30;0
13653;0;30;0
13659;0;30;0
13665;0;30;0
13671;0;30;0
13677;0;30;0
13683;0;30;0
13692;0;30;0
13698;0;30;0
13704;0;30;0
13713;0;30;0
13719;0;30;0
13725;0;30;0
13731;0;30;0
13737;0;30;0
13743;0;30;0
13749;0;30;0
13755;0;30;0
13761;0;30;0
13767;0;30;0
13773;0;30;0
13776;0;30;0
13782;0;30;0
13788;0;30;0
13794;0;30;0
13803;0;30;0
13809;0;30;0
13815;0;30;0
13821;0;30;0
13827;0;30;0
13833;0;30;0
13839;0;30;0
13848;0;30;0
13854;0;30;0
13860;0;30;0
13866;0;30;0
13872;0;30;0
13875;0;30;0
13881;0;30;0
13887;0;30;0
13893;0;30;0
13899;0;30;0
13905;0;30;0
13911;0;30;0
13917;0;30;0
13923;0;30;0
13929;0;30;0
13935;0;30;0
13941;0;30;0
13950;0;30;0
13956;0;30;0
13962;0;30;0
13971;0;30;0
13977;0;30;0
13983;0;30;0
13989;0;30;0
13995;0;30;0
14001;0;30;0
14007;0;30;0
14013;0;30;0
14019;0;30;0
14022;0;30;0
14028;0;30;0
14034;0;30;0
14040;0;30;0
14049;0;30;0
14055;0;30;0
14061;0;30;0
14073;0;30;0
14079;0;30;0
14085;0;30;0
14088;0;30;0
14094;0;30;0
14100;0;30;0
14106;0;30;0
14112;0;30;0
14118;0;30;0
14124;0;30;0
14130;0;30;0
14136;0;30;0
14142;0;30;0
14145;0;30;0
14151;0;30;0
14157;0;30;0
14163;0;30;0
14169;0;30;0
14175;0;30;0
14181;0;30;0
14187;0;30;0
14193;0;30;0
14199;0;30;0
14208;0;30;0
14214;0;30;0
14220;0;30;0
14226;0;30;0
14232;0;30;0
14235;0;30;0
14241;0;30;0
14247;0;30;0
14253;0;30;0
14256;0;30;0
14262;0;30;0
14268;0;30;0
14274;0;30;0
14280;0;30;0
14286;0;30;0
14292;0;30;0
14298;0;30;0
14301;0;30;0
14307;0;30;0
14313;0;30;0
14319;0;30;0
14325;0;30;0
14331;0;30;0
14337;0;30;0
14343;0;30;0
14346;0;30;0
14352;0;30;0
14358;0;30;0
14364;0;30;0
14370;0;30;0
14376;0;30;0
14382;0;30;0
14388;0;30;0
14397;0;30;0
14403;0;30;0
14409;0;30;0
14415;0;30;0
14421;0;30;0
14424;0;30;0
14430;0;30;0
14436;0;30;0
14442;0;30;0
14448;0;30;0
14454;0;30;0
14460;0;30;0
14466;0;30;0
14475;0;30;0
14481;0;30;0
14487;0;30;0
14493;0;30;0
14499;0;30;0
14505;0;30;0
14511;0;30;0
14520;0;30;0
14526;0;30;0
14532;0;30;0
14538;0;30;0
14544;0;30;0
14550;0;30;0
14556;0;30;0
14565;0;30;0
14571;0;30;0
14577;0;30;0
14583;0;30;0
14589;0;30;0
14598;0;30;0
14604;0;30;0
14610;0;30;0
14616;0;30;0
14622;0;30;0
14628;0;30;0
14634;0;30;0
14640;0;30;0
14646;0;30;0
14652;0;30;0
14658;0;30;0
14661;0;30;0
14667;0;30;0
14673;0;30;0
14679;0;30;0
14688;0;30;0
14694;0;30;0
14700;0;30;0
14706;0;30;0
14712;0;30;0
14718;0;30;0
14724;0;30;0
14733;0;30;0
14739;0;30;0
14745;0;30;0
14751;0;30;0
14757;0;30;0
14763;0;30;0
14769;0;30;0
14778;0;30;0
14784;0;30;0
14790;0;30;0
14796;0;30;0
14802;0;30;0
14808;0;30;0
14814;0;30;0
14820;0;30;0
14826;0;30;0
14835;0;30;0
14841;0;30;0
14847;0;30;0
14853;0;30;0
14859;0;30;0
14865;0;30;0
14871;0;30;0
14877;0;30;0
14883;0;30;0
14892;47;14912;0
14898;70;14912;0
14904;94;14912;0
14910;117;14912;0
14916;148;14944;440
14922;179;14944;440
14928;202;14944;440
14934;233;14944;440
14940;256;14944;440
14946;278;14944;440
14952;309;14976;456
14958;323;14976;456
14964;346;14976;456
14970;368;14976;456
14976;389;14976;456
14982;411;15009;354
14988;432;15009;354
14994;453;15009;354
15000;467;15009;354
15006;488;15009;354
15012;509;15009;354
15018;522;15042;315
15027;549;15042;315
15033;562;15042;315
15039;575;15042;315
15045;581;15042;315
15051;594;15075;218
15057;600;15075;218
15063;606;15075;218
15069;612;15075;218
15075;625;15075;218
15081;625;15075;218
15093;637;15111;122
15099;637;15111;122
15105;643;15111;122
15111;649;15111;122
15117;649;15111;122
15123;649;15111;122
15129;649;15111;122
15135;643;15163;23
15141;643;15163;23
15147;637;15163;23
15153;631;15163;23
15159;625;15163;23
15165;619;15163;23
15171;612;15196;-93
15177;606;15196;-93
15183;600;15196;-93
15189;587;15196;-93
15195;575;15196;-93
15201;568;15228;-137
15207;555;15228;-137
15213;542;15228;-137
15219;529;15228;-137
15225;509;15228;-137
15231;495;15228;-137
15237;474;15262;-255
15243;460;15262;-255
15252;432;15262;-255
15258;411;15262;-255
15264;397;15262;-255
15270;375;15295;-300
15276;353;15295;-300
15282;331;15295;-300
15288;309;15295;-300
15294;286;15295;-300
15300;263;15326;-383
15306;233;15326;-383
15312;210;15326;-383
15318;187;15326;-383
15324;156;15326;-383
15330;125;15358;-431
15336;101;15358;-431
15342;78;15358;-431
15348;47;15358;-431
15354;23;15358;-431
15360;-7;15358;-431
15366;-31;15390;-437
15372;-62;15390;-437
15378;-86;15390;-437
15384;-109;15390;-437
15390;-140;15390;-437
15396;-164;15421;-454
15402;-187;15421;-454
15408;-210;15421;-454
15414;-233;15421;-454
15420;-263;15421;-454
15426;-286;15454;-393
15432;-309;15454;-393
15438;-331;15454;-393
15444;-353;15454;-393
15450;-368;15454;-393
15456;-389;15454;-393
15462;-411;15485;-358
15468;-425;15485;-358
15474;-446;15485;-358
15480;-460;15485;-358
15486;-474;15485;-358
15492;-488;15517;-262
15498;-502;15517;-262
15504;-515;15517;-262
15510;-529;15517;-262
15516;-542;15517;-262
15522;-549;15517;-262
15528;-555;15553;-205
15534;-568;15553;-205
15543;-575;15553;-205
15549;-587;15553;-205
15555;-587;15553;-205
15561;-594;15586;-118
15567;-600;15586;-118
15573;-600;15586;-118
15579;-606;15586;-118
15585;-606;15586;-118
15591;-606;15586;-118
15597;-606;15586;-118
15603;-600;15632;-13
15609;-600;15632;-13
15615;-600;15632;-13
15621;-594;15632;-13
15627;-587;15632;-13
15633;-587;15632;-13
15639;-575;15666;73
15645;-575;15666;73
15651;-562;15666;73
15657;-555;15666;73
15666;-542;15666;73
15672;-535;15666;73
15678;-522;15703;143
15684;-509;15703;143
15690;-488;15703;143
15696;-474;15703;143
15702;-460;15703;143
15708;-446;15736;230
15714;-432;15736;230
15720;-411;15736;230
15726;-397;15736;230
15732;-382;15736;230
15738;-360;15736;230
15744;-338;15767;300
15750;-323;15767;300
15756;-301;15767;300
15762;-278;15767;300
15768;-256;15767;300
15774;-233;15798;338
15780;-210;15798;338
15786;-187;15798;338
15792;-156;15798;338
15798;-133;15798;338
15804;-109;15831;421
15810;-86;15831;421
15816;-62;15831;421
15822;-31;15831;421
15828;0;15831;421
15834;23;15863;412
15840;47;15863;412
15846;62;15863;412
15852;94;15863;412
15858;117;15863;412
15864;140;15863;412
15870;171;15895;415
15876;187;15895;415
15882;218;15895;415
15888;241;15895;415
15894;263;15895;415
15900;278;15926;393
15906;301;15926;393
15912;323;15926;393
15918;346;15926;393
15924;360;15926;393
15930;382;15957;335
15936;397;15957;335
15942;411;15957;335
15948;432;15957;335
15954;446;15957;335
15960;460;15988;251
15966;474;15988;251
15972;488;15988;251
15978;502;15988;251
15984;515;15988;251
15990;522;15988;251
15996;535;16020;215
16002;542;16020;215
16008;549;16020;215
16014;562;16020;215
16020;562;16020;215
16026;575;16054;135
16032;575;16054;135
16038;581;16054;135
16044;581;16054;135
16050;587;16054;135
16056;587;16054;135
16062;587;16054;135
16068;587;16054;135
16074;587;16054;135
16080;581;16105;11
16086;581;16105;11
16092;575;16105;11
16101;568;16105;11
16107;562;16105;11
16113;562;16105;11
16119;549;16142;-70
16125;542;16142;-70
16131;535;16142;-70
16137;522;16142;-70
16146;509;16142;-70
16152;495;16175;-160
16158;481;16175;-160
16164;467;16175;-160
16170;453;16175;-160
16176;439;16175;-160
16182;425;16209;-226
16188;411;16209;-226
16194;397;16209;-226
16200;375;16209;-226
16206;353;16209;-226
16212;338;16209;-226
16218;316;16243;-300
16224;301;16243;-300
16230;278;16243;-300
16236;263;16243;-300
16242;233;16243;-300
16248;218;16274;-338
16254;187;16274;-338
16260;171;16274;-338
16266;140;16274;-338
16272;117;16274;-338
16278;94;16305;-400
16284;70;16305;-400
16290;47;16305;-400
16296;23;16305;-400
16302;0;16305;-400
16308;-23;16336;-377
16314;-47;16336;-377
16320;-78;16336;-377
16326;-101;16336;-377
16332;-125;16336;-377
16338;-148;16336;-377
16344;-164;16368;-415
16350;-187;16368;-415
16353;-195;16368;-415
16359;-218;16368;-415
16365;-241;16368;-415
16371;-263;16399;-345
16383;-309;16399;-345
16395;-338;16399;-345
16401;-353;16399;-345
16407;-375;16432;-318
16416;-397;16432;-318
16422;-418;16432;-318
16428;-425;16432;-318
16434;-439;16432;-318
16440;-453;16465;-236
16446;-467;16465;-236
16452;-474;16465;-236
16458;-481;16465;-236
16464;-495;16465;-236
16470;-502;16497;-175
16476;-509;16497;-175
16482;-522;16497;-175
16488;-529;16497;-175
16494;-535;16497;-175
16500;-535;16497;-175
16506;-542;16532;-114
16512;-542;16532;-114
16518;-549;16532;-114
16524;-549;16532;-114
16530;-549;16532;-114
16536;-549;16532;-114
16542;-549;16532;-114
16548;-549;16532;-114
16554;-542;16532;666
16560;-542;16532;666
16566;-535;16590;12
16572;-529;16590;12
16578;-522;16590;12
16584;-522;16590;12
16590;-509;16590;12
16596;-502;16622;103
16602;-495;16622;103
16608;-481;16622;103
16614;-467;16622;103
16620;-460;16622;103
16629;-446;16656;164
16635;-432;16656;164
16641;-418;16656;164
16647;-404;16656;164
16653;-397;16656;164
16659;-375;16687;229
16665;-360;16687;229
16671;-346;16687;229
16677;-323;16687;229
16683;-309;16687;229
16689;-294;16687;229
16695;-271;16720;293
16701;-256;16720;293
16707;-233;16720;293
16713;-210;16720;293
16719;-187;16720;293
16725;-171;16751;345
16731;-140;16751;345
16737;-125;16751;345
16743;-101;16751;345
16752;-70;16751;345
16758;-39;16783;365
16764;-15;16783;365
16770;0;16783;365
16776;23;16783;365
16785;62;16783;365
16791;78;16816;375
16797;109;16816;375
16803;125;16816;375
16809;148;16816;375
16815;171;16816;375
16821;187;16848;365
16830;218;16848;365
16836;233;16848;365
16842;256;16848;365
16848;278;16848;365
16854;294;16879;319
16857;309;16879;319
16863;323;16879;319
16869;346;16879;319
16875;360;16879;319
16881;375;16879;319
16887;389;16910;309
16893;397;16910;309
16899;411;16910;309
16905;425;16910;309
16911;439;16910;309
16917;446;16945;182
16923;453;16945;182
16929;467;16945;182
16935;481;16945;182
16941;488;16945;182
16947;495;16945;182
16953;502;16977;175
16959;509;16977;175
16965;509;16977;175
16971;515;16977;175
16977;522;16977;175
16986;522;16977;175
16992;522;16977;175
16998;522;16977;175
17004;522;16977;175
17010;522;16977;175
17016;522;16977;175
17022;522;16977;175
17028;522;16977;175
17034;515;17058;16
17040;509;17058;16
17046;509;17058;16
17052;495;17058;16
17058;495;17058;16
17064;481;17089;-87
17070;481;17089;-87
17076;467;17089;-87
17082;460;17089;-87
17088;446;17089;-87
17094;439;17089;-87
17100;425;17124;-160
17106;411;17124;-160
17112;397;17124;-160
17118;382;17124;-160
17124;368;17124;-160
17127;360;17155;-232
17133;346;17155;-232
17139;331;17155;-232
17145;316;17155;-232
17151;301;17155;-232
17157;286;17155;-232
17163;263;17186;-264
17169;248;17186;-264
17175;225;17186;-264
17181;202;17186;-264
17190;171;17217;-345
17196;148;17217;-345
17202;133;17217;-345
17208;109;17217;-345
17214;94;17217;-345
17220;70;17248;-325
17226;47;17248;-325
17235;15;17248;-325
17241;-7;17248;-325
17247;-31;17248;-325
17253;-47;17279;-377
17259;-70;17279;-377
17268;-109;17279;-377
17274;-125;17279;-377
17280;-148;17279;-377
17286;-164;17310;-351
17292;-179;17310;-351
17298;-202;17310;-351
17304;-218;17310;-351
17310;-241;17310;-351
17316;-263;17344;-314
17322;-278;17344;-314
17328;-294;17344;-314
17334;-309;17344;-314
17340;-323;17344;-314
17346;-338;17344;-314
17352;-353;17377;-251
17358;-368;17377;-251
17364;-382;17377;-251
17370;-397;17377;-251
17376;-404;17377;-251
17382;-418;17410;-218
17388;-425;17410;-218
17394;-432;17410;-218
17403;-446;17410;-218
17409;-453;17410;-218
17415;-460;17442;-131
17421;-467;17442;-131
17427;-467;17442;-131
17436;-474;17442;-131
17442;-481;17442;-131
17448;-481;17442;-131
17454;-481;17442;-131
17460;-488;17486;-63
17469;-488;17486;-63
17475;-488;17486;-63
17481;-481;17486;-63
17487;-481;17486;-63
17493;-481;17486;-63
17499;-474;17525;35
17505;-467;17525;35
17511;-467;17525;35
17517;-460;17525;35
17523;-453;17525;35
17529;-453;17525;35
17535;-439;17558;84
17541;-432;17558;84
17547;-425;17558;84
17553;-418;17558;84
17559;-404;17558;84
17565;-397;17590;153
17571;-382;17590;153
17574;-375;17590;153
17580;-360;17590;153
17586;-353;17590;153
17592;-338;17590;153
17598;-323;17623;224
17604;-309;17623;224
17610;-294;17623;224
17616;-278;17623;224
17622;-263;17623;224
17628;-241;17655;256
17637;-210;17655;256
17643;-195;17655;256
17649;-179;17655;256
17655;-156;17655;256
17661;-140;17687;315
17667;-117;17687;315
17673;-101;17687;315
17682;-70;17687;315
17688;-47;17687;315
17694;-23;17719;340
17700;-7;17719;340
17706;15;17719;340
17712;31;17719;340
17718;47;17719;340
17724;78;17752;330
17730;94;17752;330
17736;109;17752;330
17742;133;17752;330
17748;148;17752;330
17754;171;17752;330
17760;187;17785;306
17766;202;17785;306
17772;218;17785;306
17778;233;17785;306
17784;248;17785;306
17790;271;17818;278
17796;286;17818;278
17802;309;17818;278
17808;323;17818;278
17814;338;17818;278
17820;353;17818;278
17826;360;17853;254
17832;368;17853;254
17838;382;17853;254
17844;389;17853;254
17850;397;17853;254
17856;411;17884;164
17862;411;17884;164
17871;425;17884;164
17877;439;17884;164
17883;439;17884;164
17889;453;17917;127
17895;453;17917;127
17901;460;17917;127
17907;460;17917;127
17913;467;17917;127
17919;467;17917;127
17925;467;17917;127
17931;467;17917;127
17937;467;17917;127
17943;467;17917;127
17949;467;17917;127
17955;467;17917;127
17961;460;17989;9
17967;460;17989;9
17973;453;17989;9
17979;453;17989;9
17985;439;17989;9
17991;439;17989;9
17997;425;18021;-87
18003;418;18021;-87
18009;411;18021;-87
18015;404;18021;-87
18021;397;18021;-87
18027;382;18053;-156
18033;375;18053;-156
18039;360;18053;-156
18045;353;18053;-156
18051;338;18053;-156
18057;323;18085;-184
18063;316;18085;-184
18069;301;18085;-184
18075;286;18085;-184
18081;271;18085;-184
18087;248;18085;-184
18093;233;18118;-248
18099;218;18118;-248
18105;202;18118;-248
18111;179;18118;-248
18120;156;18118;-248
18126;140;18150;-290
18132;125;18150;-290
18135;109;18150;-290
18141;94;18150;-290
18147;78;18150;-290
18153;54;18181;-303
18159;31;18181;-303
18165;15;18181;-303
18171;0;18181;-303
18177;-23;18181;-303
18183;-39;18181;-303
18189;-62;18212;-325
18195;-78;18212;-325
18201;-101;18212;-325
18207;-117;18212;-325
18213;-140;18212;-325
18219;-148;18245;-306
18225;-164;18245;-306
18231;-179;18245;-306
18237;-202;18245;-306
18243;-218;18245;-306
18249;-233;18245;-306
18255;-248;18278;-281
18261;-263;18278;-281
18267;-278;18278;-281
18273;-294;18278;-281
18279;-309;18278;-281
18288;-323;18311;-227
18294;-338;18311;-227
18300;-346;18311;-227
18306;-353;18311;-227
18312;-368;18311;-227
18318;-375;18343;-184
18324;-382;18343;-184
18333;-397;18343;-184
18339;-404;18343;-184
18345;-411;18343;-184
18351;-418;18379;-119
18357;-418;18379;-119
18363;-425;18379;-119
18369;-425;18379;-119
18375;-432;18379;-119
18381;-432;18379;-119
18387;-432;18379;-119
18393;-432;18379;-119
18399;-432;18379;-119
18405;-432;18379;-119
18411;-432;18379;-119
18417;-432;18379;-119
18423;-432;18379;-119
18429;-425;18452;-9
18435;-425;18452;-9
18441;-418;18452;-9
18447;-411;18452;-9
18453;-411;18452;-9
18459;-404;18452;-9
18465;-397;18488;77
18471;-382;18488;77
18477;-375;18488;77
18483;-368;18488;77
18489;-360;18488;77
18495;-353;18519;141
18501;-338;18519;141
18507;-323;18519;141
18513;-316;18519;141
18522;-301;18519;141
18528;-286;18551;184
18534;-271;18551;184
18540;-256;18551;184
18546;-241;18551;184
18552;-225;18551;184
18558;-210;18583;237
18564;-195;18583;237
18570;-179;18583;237
18576;-164;18583;237
18582;-148;18583;237
18591;-125;18616;281
18597;-109;18616;281
18603;-94;18616;281
18609;-70;18616;281
18615;-47;18616;281
18621;-31;18647;303
18627;-15;18647;303
18633;0;18647;303
18639;15;18647;303
18645;39;18647;303
18651;54;18678;274
18657;78;18678;274
18663;94;18678;274
18669;109;18678;274
18672;109;18678;274
18678;133;18678;274
18684;148;18711;284
18690;164;18711;284
18696;187;18711;284
18702;202;18711;284
18708;218;18711;284
18714;225;18711;284
18720;241;18743;265
18726;256;18743;265
18732;263;18743;265
18738;278;18743;265
18744;294;18743;265
18750;309;18775;212
18756;316;18775;212
18762;331;18775;212
18768;338;18775;212
18774;353;18775;212
18780;360;18808;178
18786;368;18808;178
18792;375;18808;178
18801;382;18808;178
18807;382;18808;178
18813;389;18808;178
18819;397;18842;108
18825;404;18842;108
18831;404;18842;108
18837;411;18842;108
18843;411;18842;108
18849;411;18842;108
18855;411;18842;108
18861;411;18842;108
18867;411;18842;108
18873;411;18842;108
18879;411;18842;108
18885;411;18842;108
18891;411;18842;108
18897;404;18922;8
18903;397;18922;8
18909;397;18922;8
18915;389;18922;8
18921;382;18922;8
18927;382;18922;8
18933;368;18956;-85
18939;368;18956;-85
18945;353;18956;-85
18951;346;18956;-85
18960;338;18956;-85
18966;323;18989;-133
18972;316;18989;-133
18978;301;18989;-133
18984;294;18989;-133
18990;278;18989;-133
18996;263;19021;-187
19002;248;19021;-187
19008;233;19021;-187
19014;225;19021;-187
19020;210;19021;-187
19026;195;19053;-237
19032;179;19053;-237
19038;164;19053;-237
19044;148;19053;-237
19050;133;19053;-237
19059;109;19084;-251
19065;94;19084;-251
19071;78;19084;-251
19077;62;19084;-251
19083;47;19084;-251
19089;23;19117;-284
19095;7;19117;-284
19101;-7;19117;-284
19107;-23;19117;-284
19113;-39;19117;-284
19119;-62;19117;-284
19125;-78;19153;-280
19131;-94;19153;-280
19137;-109;19153;-280
19143;-125;19153;-280
19149;-140;19153;-280
19161;-164;19187;-252
19167;-179;19187;-252
19173;-195;19187;-252
19179;-210;19187;-252
19185;-225;19187;-252
19191;-241;19219;-240
19197;-248;19219;-240
19203;-263;19219;-240
19209;-271;19219;-240
19215;-286;19219;-240
19221;-294;19219;-240
19227;-301;19252;-181
19233;-316;19252;-181
19239;-323;19252;-181
19245;-331;19252;-181
19251;-338;19252;-181
19257;-346;19283;-145
19263;-353;19283;-145
19269;-360;19283;-145
19275;-360;19283;-145
19281;-368;19283;-145
19287;-375;19314;-93
19293;-375;19314;-93
19299;-382;19314;-93
19305;-382;19314;-93
19311;-382;19314;-93
19317;-382;19314;-93
19323;-382;19314;-93
19329;-382;19314;-93
19335;-382;19314;-93
19341;-382;19314;-93
19347;-382;19314;-93
19353;-375;19314;666
19359;-375;19314;666
19365;-368;19392;8
19371;-368;19392;8
19377;-360;19392;8
19383;-353;19392;8
19389;-353;19392;8
19395;-346;19392;8
19401;-338;19424;93
19407;-331;19424;93
19413;-323;19424;93
19419;-309;19424;93
19425;-301;19424;93
19431;-294;19458;129
19437;-286;19458;129
19443;-278;19458;129
19449;-263;19458;129
19455;-248;19458;129
19461;-233;19489;196
19467;-225;19489;196
19473;-218;19489;196
19479;-202;19489;196
19485;-187;19489;196
19491;-171;19489;196
19497;-156;19521;215
19503;-140;19521;215
19509;-125;19521;215
19515;-117;19521;215
19521;-101;19521;215
19527;-86;19555;229
19533;-70;19555;229
19539;-47;19555;229
19545;-31;19555;229
19551;-15;19555;229
19563;7;19587;268
19569;23;19587;268
19575;39;19587;268
19581;54;19587;268
19587;70;19587;268
19593;86;19621;252
19599;101;19621;252
19605;109;19621;252
19611;125;19621;252
19620;156;19621;252
19626;171;19654;257
19632;179;19654;257
19638;195;19654;257
19644;202;19654;257
19647;210;19654;257
19653;225;19654;257
19659;233;19685;200
19665;248;19685;200
19671;256;19685;200
19677;263;19685;200
19683;278;19685;200
19689;286;19716;170
19695;294;19716;170
19701;309;19716;170
19707;316;19716;170
19713;323;19716;170
19719;331;19747;145
19725;338;19747;145
19731;338;19747;145
19737;346;19747;145
19743;353;19747;145
19749;353;19747;145
19755;353;19747;145
19761;360;19786;74
19767;360;19786;74
19773;360;19786;74
19779;368;19786;74
19785;368;19786;74
19791;368;19786;74
19797;368;19786;74
19803;360;19786;666
19809;360;19786;666
19815;360;19786;666
19821;353;19846;-11
19827;353;19846;-11
19833;353;19846;-11
19839;346;19846;-11
19845;338;19846;-11
19851;338;19846;-11
19857;331;19882;-61
19863;323;19882;-61
19869;316;19882;-61
19875;309;19882;-61
19881;301;19882;-61
19887;294;19882;-61
19893;278;19917;-128
19899;271;19917;-128
19905;263;19917;-128
19911;248;19917;-128
19917;241;19917;-128
19923;233;19948;-170
19929;218;19948;-170
19935;202;19948;-170
19941;195;19948;-170
19947;179;19948;-170
19953;171;19948;-170
19959;156;19982;-202
19965;140;19982;-202
19971;125;19982;-202
19977;117;19982;-202
19983;101;19982;-202
19989;86;20013;-225
19995;70;20013;-225
20001;54;20013;-225
20007;39;20013;-225
20013;23;20013;-225
20019;15;20044;-254
20025;0;20044;-254
20031;-15;20044;-254
20037;-31;20044;-254
20043;-47;20044;-254
20049;-62;20077;-233
20055;-78;20077;-233
20061;-94;20077;-233
20067;-109;20077;-233
20073;-117;20077;-233
20079;-133;20077;-233
20085;-140;20109;-243
20091;-156;20109;-243
20097;-164;20109;-243
20103;-179;20109;-243
20109;-195;20109;-243
20115;-202;20140;-200
20121;-218;20140;-200
20127;-225;20140;-200
20133;-233;20140;-200
20139;-241;20140;-200
20145;-248;20140;-200
20151;-263;20174;-158
20157;-271;20174;-158
20163;-278;20174;-158
20169;-286;20174;-158
20175;-294;20174;-158
20181;-301;20208;-132
20187;-309;20208;-132
20193;-309;20208;-132
20199;-316;20208;-132
20205;-316;20208;-132
20211;-323;20208;-132
20217;-323;20208;-132
20223;-331;20249;-73
20229;-331;20249;-73
20235;-331;20249;-73
20241;-331;20249;-73
20247;-331;20249;-73
20253;-331;20249;-73
20259;-331;20249;-73
20265;-331;20249;-73
20271;-331;20249;-73
20277;-331;20249;-73
20283;-323;20307;13
20289;-323;20307;13
20295;-323;20307;13
20301;-316;20307;13
20307;-309;20307;13
20313;-309;20307;13
20319;-301;20343;61
20325;-294;20343;61
20331;-294;20343;61
20337;-278;20343;61
20343;-271;20343;61
20349;-263;20376;115
20355;-256;20376;115
20361;-248;20376;115
20370;-233;20376;115
20376;-225;20376;115
20382;-218;20376;115
20388;-202;20412;147
20394;-195;20412;147
20403;-171;20412;147
20409;-156;20412;147
20415;-148;20412;147
20421;-140;20445;212
20427;-125;20445;212
20433;-117;20445;212
20439;-109;20445;212
20448;-78;20476;200
20454;-70;20476;200
20460;-54;20476;200
20466;-39;20476;200
20472;-31;20476;200
20478;-15;20476;200
20484;0;20508;221
20490;15;20508;221
20496;23;20508;221
20502;39;20508;221
20508;54;20508;221
20514;62;20539;222
20520;78;20539;222
20526;94;20539;222
20532;101;20539;222
20538;117;20539;222
20544;125;20539;222
20550;140;20573;208
20556;156;20573;208
20562;164;20573;208
20568;171;20573;208
20574;187;20573;208
20580;195;20606;187
20586;202;20606;187
20592;218;20606;187
20598;225;20606;187
20604;233;20606;187
20610;241;20606;187
20616;248;20640;155
20622;256;20640;155
20628;263;20640;155
20634;271;20640;155
20640;278;20640;155
20646;286;20672;118
20652;294;20672;118
20658;294;20672;118
20664;301;20672;118
20673;309;20672;118
20679;309;20672;118
20685;309;20672;118
20691;316;20718;65
20697;316;20718;65
20703;316;20718;65
20709;316;20718;65
20715;316;20718;65
20721;316;20718;65
20727;316;20718;65
20733;316;20718;65
20739;309;20765;-14
20745;309;20765;-14
20751;309;20765;-14
20757;301;20765;-14
20763;301;20765;-14
20769;294;20765;-14
20775;294;20765;-14
20781;286;20805;-57
20787;278;20805;-57
20793;271;20805;-57
20799;263;20805;-57
20805;263;20805;-57
20811;248;20839;-111
20817;248;20839;-111
20823;233;20839;-111
20829;225;20839;-111
20835;218;20839;-111
20841;210;20839;-111
20847;195;20870;-148
20853;187;20870;-148
20859;179;20870;-148
20865;171;20870;-148
20871;156;20870;-148
20877;148;20903;-163
20883;133;20903;-163
20889;125;20903;-163
20895;109;20903;-163
20901;101;20903;-163
20907;86;20935;-193
20913;78;20935;-193
20919;62;20935;-193
20925;47;20935;-193
20931;31;20935;-193
20937;23;20935;-193
20943;15;20967;-221
20949;0;20967;-221
20955;-15;20967;-221
20961;-23;20967;-221
20967;-39;20967;-221
20973;-47;20967;-221
20979;-62;21003;-191
20985;-78;21003;-191
20991;-86;21003;-191
20997;-101;21003;-191
21003;-109;21003;-191
21009;-125;21035;-221
21015;-133;21035;-221
21021;-140;21035;-221
21027;-156;21035;-221
21033;-164;21035;-221
21039;-171;21035;-221
21045;-179;21070;-154
21054;-195;21070;-154
21060;-202;21070;-154
21066;-218;21070;-154
21072;-225;21070;-154
21078;-233;21105;-154
21084;-233;21105;-154
21090;-241;21105;-154
21096;-248;21105;-154
21102;-256;21105;-154
21108;-263;21136;-96
21114;-263;21136;-96
21120;-271;21136;-96
21126;-271;21136;-96
21132;-278;21136;-96
21138;-278;21136;-96
21144;-286;21170;-67
21150;-286;21170;-67
21156;-286;21170;-67
21162;-286;21170;-67
21168;-286;21170;-67
21174;-294;21170;-67
21180;-286;21204;-23
21186;-286;21204;-23
21192;-286;21204;-23
21198;-286;21204;-23
21204;-286;21204;-23
21210;-278;21204;-23
21216;-278;21204;-23
21222;-271;21250;50
21228;-271;21250;50
21234;-263;21250;50
21243;-256;21250;50
21249;-256;21250;50
21255;-248;21250;50
21261;-241;21287;81
21267;-233;21287;81
21273;-225;21287;81
21279;-218;21287;81
21285;-210;21287;81
21291;-202;21287;81
21297;-202;21287;81
21303;-187;21326;117
21309;-171;21326;117
21315;-164;21326;117
21321;-156;21326;117
21327;-148;21326;117
21333;-140;21358;171
21339;-133;21358;171
21345;-125;21358;171
21351;-109;21358;171
21357;-101;21358;171
21363;-86;21391;163
21369;-78;21391;163
21375;-62;21391;163
21381;-47;21391;163
21387;-39;21391;163
21393;-31;21391;163
21399;-15;21424;190
21405;-7;21424;190
21411;7;21424;190
21417;15;21424;190
21423;31;21424;190
21429;39;21456;193
21435;47;21456;193
21441;62;21456;193
21447;70;21456;193
21453;86;21456;193
21459;94;21456;193
21465;109;21490;182
21471;117;21490;182
21477;125;21490;182
21483;140;21490;182
21492;148;21490;182
21498;156;21522;171
21504;171;21522;171
21510;171;21522;171
21516;187;21522;171
21522;187;21522;171
21528;202;21556;135
21534;202;21556;135
21540;210;21556;135
21546;218;21556;135
21552;225;21556;135
21558;233;21556;135
21564;233;21556;135
21570;241;21593;105
21576;248;21593;105
21582;256;21593;105
21588;256;21593;105
21594;263;21593;105
21600;263;21593;105
21606;263;21593;105
21615;263;21593;105
21621;263;21593;105
21627;271;21651;51
21633;271;21651;51
21639;271;21651;51
21648;271;21651;51
21654;263;21651;51
21660;263;21651;51
21666;263;21651;51
21672;263;21651;51
21681;256;21707;-26
21693;248;21707;-26
21699;248;21707;-26
21705;241;21707;-26
21711;233;21707;-26
21717;233;21707;-26
21723;225;21746;-79
21729;218;21746;-79
21738;210;21746;-79
21744;202;21746;-79
21750;195;21746;-79
21759;187;21781;-108
21765;171;21781;-108
21771;164;21781;-108
21777;156;21781;-108
21783;148;21781;-108
21789;140;21814;-142
21795;133;21814;-142
21801;125;21814;-142
21807;109;21814;-142
21816;94;21814;-142
21822;86;21850;-150
21828;78;21850;-150
21834;62;21850;-150
21840;54;21850;-150
21846;47;21850;-150
21852;31;21850;-150
21858;23;21885;-180
21864;15;21885;-180
21870;0;21885;-180
21876;-7;21885;-180
21882;-15;21885;-180
21888;-31;21885;-180
21894;-39;21922;-167
21900;-47;21922;-167
21906;-62;21922;-167
21912;-70;21922;-167
21918;-78;21922;-167
21924;-94;21922;-167
21930;-101;21956;-182
21936;-109;21956;-182
21942;-117;21956;-182
21948;-125;21956;-182
21954;-140;21956;-182
21960;-140;21956;-182
21966;-148;21990;-138
21972;-156;21990;-138
21978;-164;21990;-138
21984;-171;21990;-138
21990;-179;21990;-138
21996;-187;22021;-125
22002;-195;22021;-125
22008;-202;22021;-125
22014;-202;22021;-125
22020;-210;22021;-125
22026;-218;22021;-125
22032;-218;22021;-125
22038;-225;22062;-92
22044;-225;22062;-92
22050;-233;22062;-92
22056;-233;22062;-92
22062;-233;22062;-92
22068;-233;22062;-92
22074;-241;22099;-43
22080;-241;22099;-43
22086;-241;22099;-43
22092;-241;22099;-43
22098;-241;22099;-43
22104;-241;22099;-43
22110;-241;22099;-43
22116;-241;22099;-43
22122;-241;22099;-43
22128;-233;22155;14
22134;-233;22155;14
22140;-233;22155;14
22146;-233;22155;14
22152;-225;22155;14
22158;-218;22186;48
22164;-218;22186;48
22170;-218;22186;48
22176;-210;22186;48
22182;-202;22186;48
22188;-202;22186;48
22194;-195;22218;71
22200;-187;22218;71
22206;-171;22218;71
22212;-171;22218;71
22218;-164;22218;71
22230;-148;22250;121
22236;-140;22250;121
22242;-140;22250;121
22248;-125;22250;121
22254;-125;22250;121
22260;-109;22283;118
22266;-101;22283;118
22272;-94;22283;118
22278;-86;22283;118
22284;-78;22283;118
22290;-62;22316;166
22296;-47;22316;166
22302;-47;22316;166
22308;-31;22316;166
22314;-31;22316;166
22320;-15;22316;166
22326;-7;22352;152
22332;0;22352;152
22338;15;22352;152
22344;15;22352;152
22350;31;22352;152
22356;39;22383;148
22362;47;22383;148
22368;62;22383;148
22374;62;22383;148
22380;78;22383;148
22386;86;22383;148
22392;94;22418;157
22398;101;22418;157
22404;109;22418;157
22410;117;22418;157
22416;125;22418;157
22422;133;22418;157
22428;140;22451;139
22434;148;22451;139
22440;156;22451;139
22446;164;22451;139
22452;171;22451;139
22458;171;22451;139
22464;179;22491;97
22470;187;22491;97
22476;187;22491;97
22482;195;22491;97
22488;195;22491;97
22494;202;22491;97
22500;202;22491;97
22506;210;22533;73
22512;210;22533;73
22518;218;22533;73
22524;218;22533;73
22530;218;22533;73
22536;218;22533;73
22545;218;22533;73
22551;218;22533;73
22557;218;22533;73
22563;218;22533;73
22569;218;22533;73
22575;218;22533;73
22581;218;22533;73
22587;218;22533;73
22593;218;22533;73
22599;210;22533;666
22605;210;22533;666
22611;210;22533;666
22617;202;22640;-7
22623;202;22640;-7
22629;195;22640;-7
22635;195;22640;-7
22641;187;22640;-7
22647;187;22640;-7
22653;179;22676;-63
22659;171;22676;-63
22665;164;22676;-63
22671;164;22676;-63
22677;156;22676;-63
22683;148;22709;-69
22689;140;22709;-69
22695;140;22709;-69
22701;125;22709;-69
22707;125;22709;-69
22713;109;22741;-146
22719;109;22741;-146
22725;94;22741;-146
22734;86;22741;-146
22740;78;22741;-146
22746;70;22741;-146
22752;62;22775;-138
22758;47;22775;-138
22764;47;22775;-138
22770;31;22775;-138
22776;23;22775;-138
22782;15;22808;-142
22788;7;22808;-142
22794;0;22808;-142
22800;-7;22808;-142
22806;-15;22808;-142
22812;-23;22808;-142
22818;-31;22841;-139
22824;-47;22841;-139
22830;-47;22841;-139
22836;-62;22841;-139
22842;-70;22841;-139
22848;-78;22874;-142
22854;-86;22874;-142
22860;-94;22874;-142
22866;-101;22874;-142
22872;-109;22874;-142
22878;-117;22906;-121
22884;-125;22906;-121
22890;-125;22906;-121
22896;-133;22906;-121
22902;-140;22906;-121
22908;-140;22906;-121
22914;-148;22938;-96
22920;-156;22938;-96
22926;-156;22938;-96
22935;-164;22938;-96
22941;-171;22938;-96
22947;-171;22938;-96
22953;-179;22981;-72
22959;-179;22981;-72
22965;-187;22981;-72
22971;-187;22981;-72
22977;-187;22981;-72
22983;-195;22981;-72
22989;-195;22981;-72
22995;-195;22981;-72
23001;-195;22981;-72
23007;-202;23035;-42
23013;-202;23035;-42
23019;-202;23035;-42
23025;-202;23035;-42
23031;-195;23035;-42
23037;-195;23035;-42
23043;-195;23035;-42
23049;-195;23035;-42
23058;-187;23080;33
23064;-187;23080;33
23070;-187;23080;33
23076;-179;23080;33
23082;-171;23080;33
23088;-171;23080;33
23094;-171;23080;33
23100;-164;23126;50
23106;-164;23126;50
23112;-156;23126;50
23118;-156;23126;50
23124;-148;23126;50
23130;-140;23126;50
23136;-140;23126;50
23142;-133;23167;75
23148;-125;23167;75
23154;-125;23167;75
23160;-109;23167;75
23166;-109;23167;75
23172;-101;23198;103
23178;-94;23198;103
23184;-86;23198;103
23190;-78;23198;103
23196;-70;23198;103
23205;-62;23198;103
23211;-47;23234;130
23217;-47;23234;130
23223;-31;23234;130
23229;-31;23234;130
23235;-23;23234;130
23241;-15;23234;130
23247;-7;23272;123
23253;0;23272;123
23259;7;23272;123
23265;15;23272;123
23271;23;23272;123
23277;31;23272;123
23283;39;23311;117
23289;47;23311;117
23295;54;23311;117
23301;62;23311;117
23307;62;23311;117
23313;78;23311;117
23319;78;23311;117
23325;86;23350;120
23331;94;23350;120
23337;94;23350;120
23343;109;23350;120
23349;109;23350;120
23355;117;23350;120
23361;125;23385;111
23367;133;23385;111
23373;140;23385;111
23379;140;23385;111
23385;140;23385;111
23391;148;23417;71
23397;148;23417;71
23403;156;23417;71
23409;156;23417;71
23415;156;23417;71
23421;164;23448;51
23427;164;23448;51
23433;171;23448;51
23439;171;23448;51
23445;171;23448;51
23451;171;23448;51
23457;171;23448;51
23463;171;23448;51
23469;171;23448;51
23475;179;23499;29
23481;179;23499;29
23487;179;23499;29
23493;179;23499;29
23499;171;23499;29
23508;171;23499;29
23514;171;23499;29
23520;171;23499;29
23526;171;23499;29
23532;164;23556;-26
23538;164;23556;-26
23544;156;23556;-26
23553;156;23556;-26
23559;148;23587;-51
23565;148;23587;-51
23571;140;23587;-51
23577;140;23587;-51
23586;133;23587;-51
23592;125;23618;-74
23598;125;23618;-74
23604;117;23618;-74
23610;109;23618;-74
23616;109;23618;-74
23622;101;23618;-74
23628;94;23652;-91
23634;94;23652;-91
23640;78;23652;-91
23646;78;23652;-91
23652;70;23652;-91
23658;62;23652;-91
23664;54;23691;-102
23670;47;23691;-102
23676;47;23691;-102
23682;31;23691;-102
23688;31;23691;-102
23694;23;23691;-102
23700;15;23725;-114
23706;15;23725;-114
23712;0;23725;-114
23718;0;23725;-114
23724;-7;23725;-114
23730;-15;23725;-114
23736;-23;23764;-97
23742;-31;23764;-97
23748;-31;23764;-97
23754;-47;23764;-97
23760;-47;23764;-97
23766;-54;23764;-97
23772;-62;23798;-114
23778;-62;23798;-114
23787;-78;23798;-114
23793;-86;23798;-114
23799;-94;23798;-114
23805;-94;23798;-114
23811;-101;23838;-97
23817;-109;23838;-97
23823;-109;23838;-97
23829;-109;23838;-97
23835;-117;23838;-97
23841;-125;23838;-97
23847;-125;23838;-97
23853;-133;23882;-72
23859;-133;23882;-72
23865;-133;23882;-72
23871;-140;23882;-72
23877;-140;23882;-72
23883;-140;23882;-72
23889;-140;23882;-72
23895;-140;23882;-72
23901;-148;23925;-34
23907;-148;23925;-34
23913;-148;23925;-34
23919;-148;23925;-34
23925;-148;23925;-34
23931;-148;23925;-34
23937;-148;23925;-34
23943;-148;23925;-34
23949;-148;23925;-34
23955;-148;23925;-34
23961;-148;23925;-34
23967;-148;23925;-34
23973;-140;23999;10
23979;-140;23999;10
23988;-140;23999;10
23994;-140;23999;10
24000;-140;23999;10
24006;-133;24031;21
24012;-133;24031;21
24021;-125;24031;21
24027;-125;24031;21
24033;-117;24031;21
24039;-117;24031;21
24045;-109;24069;63
24051;-109;24069;63
24057;-101;24069;63
24063;-101;24069;63
24069;-94;24069;63
24075;-94;24069;63
24081;-78;24104;65
24087;-78;24104;65
24093;-70;24104;65
24099;-62;24104;65
24105;-62;24104;65
24111;-54;24136;100
24117;-47;24136;100
24123;-47;24136;100
24129;-39;24136;100
24135;-31;24136;100
24141;-31;24136;100
24147;-23;24171;88
24153;-15;24171;88
24159;-7;24171;88
24165;-7;24171;88
24171;0;24171;88
24177;7;24204;90
24183;15;24204;90
24189;15;24204;90
24195;23;24204;90
24201;31;24204;90
24207;31;24204;90
24213;39;24239;91
24219;47;24239;91
24225;47;24239;91
24234;62;24239;91
24240;62;24239;91
24246;62;24239;91
24252;70;24275;86
24258;78;24275;86
24264;78;24275;86
24270;86;24275;86
24276;94;24275;86
24282;94;24275;86
24288;94;24275;86
24294;101;24321;67
24300;101;24321;67
24306;109;24321;67
24312;109;24321;67
24318;109;24321;67
24324;117;24321;67
24330;117;24359;42
24336;125;24359;42
24342;125;24359;42
24348;125;24359;42
24354;125;24359;42
24360;125;24359;42
24366;133;24391;50
24372;133;24391;50
24378;133;24391;50
24384;133;24391;50
24390;133;24391;50
24396;133;24391;50
24402;133;24391;50
24408;133;24391;50
24414;133;24391;50
24420;133;24391;50
24426;125;24454;-12
24435;125;24454;-12
24441;125;24454;-12
24447;125;24454;-12
24453;125;24454;-12
24459;117;24488;-23
24465;117;24488;-23
24471;117;24488;-23
24477;109;24488;-23
24483;109;24488;-23
24489;109;24488;-23
24495;101;24521;-48
24501;101;24521;-48
24507;94;24521;-48
24513;94;24521;-48
24519;86;24521;-48
24525;86;24521;-48
24531;78;24556;-65
24537;78;24556;-65
24543;70;24556;-65
24549;62;24556;-65
24555;62;24556;-65
24561;62;24556;-65
24567;54;24590;-70
24573;47;24590;-70
24579;47;24590;-70
24585;39;24590;-70
24594;31;24590;-70
24600;31;24590;-70
24606;23;24630;-77
24612;15;24630;-77
24618;15;24630;-77
24624;7;24630;-77
24630;0;24630;-77
24639;-7;24667;-81
24645;-7;24667;-81
24651;-15;24667;-81
24657;-15;24667;-81
24663;-23;24667;-81
24669;-31;24667;-81
24675;-31;24667;-81
24678;-31;24667;-81
24684;-39;24709;-76
24690;-47;24709;-76
24696;-47;24709;-76
24702;-47;24709;-76
24708;-54;24709;-76
24714;-62;24741;-71
24720;-62;24741;-71
24726;-70;24741;-71
24732;-70;24741;-71
24738;-78;24741;-71
24744;-78;24741;-71
24750;-78;24741;-71
24756;-86;24781;-60
24765;-94;24781;-60
24774;-94;24781;-60
24783;-94;24781;-60
24789;-101;24814;-45
24795;-101;24814;-45
24801;-101;24814;-45
24807;-109;24814;-45
24813;-109;24814;-45
24819;-109;24814;-45
24828;-109;24814;-45
24834;-109;24814;-45
24840;-109;24814;-45
24846;-109;24814;-45
24852;-109;24814;-45
24858;-109;24814;-45
24864;-109;24814;-45
24870;-109;24814;-45
24876;-109;24814;-45
24885;-109;24814;-45
24891;-109;24814;-45
24897;-101;24814;666
24903;-101;24814;666
24909;-101;24814;666
24918;-101;24814;666
24924;-94;24947;5
24930;-94;24947;5
24936;-94;24947;5
24942;-86;24947;5
24948;-86;24947;5
24954;-78;24980;48
24960;-78;24980;48
24966;-78;24980;48
24972;-78;24980;48
24978;-70;24980;48
24984;-62;25011;51
24990;-62;25011;51
24996;-62;25011;51
25002;-54;25011;51
25008;-47;25011;51
25014;-47;25011;51
25020;-47;25011;51
25026;-39;25054;53
25032;-39;25054;53
25038;-31;25054;53
25044;-31;25054;53
25050;-31;25054;53
25056;-23;25054;53
25062;-15;25086;75
25068;-15;25086;75
25074;-7;25086;75
25080;-7;25086;75
25086;0;25086;75
25092;0;25086;75
25098;0;25086;75
25104;7;25127;53
25110;15;25127;53
25116;15;25127;53
25122;15;25127;53
25128;23;25127;53
25134;23;25127;53
25140;31;25163;66
25146;31;25163;66
25152;39;25163;66
25158;39;25163;66
25164;47;25163;66
25170;47;25163;66
25176;47;25163;66
25182;54;25206;53
25188;54;25206;53
25197;62;25206;53
25203;62;25206;53
25209;62;25206;53
25215;70;25241;45
25221;70;25241;45
25227;78;25241;45
25233;78;25241;45
25242;78;25241;45
25248;78;25241;45
25254;78;25241;45
25260;78;25241;45
25266;78;25241;45
25272;86;25296;29
25278;86;25296;29
25284;86;25296;29
25290;86;25296;29
25296;86;25296;29
25302;86;25296;29
25308;86;25296;29
25314;86;25296;29
25320;86;25296;29
25326;86;25296;29
25332;86;25296;29
25338;86;25296;29
25344;86;25296;29
25350;86;25296;29
25356;86;25296;29
25362;86;25296;29
25368;78;25393;-8
25374;78;25393;-8
25380;78;25393;-8
25386;78;25393;-8
25392;78;25393;-8
25401;78;25393;-8
25407;70;25430;-21
25413;70;25430;-21
25419;62;25430;-21
25425;62;25430;-21
25431;62;25430;-21
25437;62;25430;-21
25440;62;25430;-21
25446;54;25469;-41
25452;54;25469;-41
25458;47;25469;-41
25467;47;25469;-41
25473;47;25469;-41
25479;39;25505;-41
25491;31;25505;-41
25497;31;25505;-41
25503;31;25505;-41
25509;23;25505;-41
25515;23;25505;-41
25521;15;25546;-58
25527;15;25546;-58
25533;15;25546;-58
25539;7;25546;-58
25545;7;25546;-58
25551;0;25546;-58
25557;0;25546;-58
25563;0;25546;-58
25569;-7;25592;-47
25575;-7;25592;-47
25581;-15;25592;-47
25587;-15;25592;-47
25593;-15;25592;-47
25599;-15;25592;-47
25605;-23;25629;-43
25614;-31;25629;-43
25620;-31;25629;-43
25626;-31;25629;-43
25632;-39;25660;-51
25638;-39;25660;-51
25644;-39;25660;-51
25650;-47;25660;-51
25659;-47;25660;-51
25665;-47;25660;-51
25671;-47;25660;-51
25677;-47;25660;-51
25683;-54;25711;-29
25692;-54;25711;-29
25698;-54;25711;-29
25704;-62;25711;-29
25710;-62;25711;-29
25716;-62;25711;-29
25722;-62;25711;-29
25728;-62;25711;-29
25737;-62;25711;-29
25743;-62;25711;-29
25749;-62;25711;-29
25755;-62;25711;-29
25761;-62;25711;-29
25767;-62;25711;-29
25773;-62;25711;-29
25779;-62;25711;-29
25785;-62;25711;-29
25791;-62;25711;-29
25797;-62;25711;-29
25803;-62;25711;-29
25809;-62;25711;-29
25815;-62;25711;-29
25821;-62;25711;-29
25827;-62;25711;-29
25833;-62;25711;-29
25839;-54;25711;666
25848;-54;25711;666
25854;-54;25711;666
25860;-47;25886;4
25866;-47;25886;4
25872;-47;25886;4
25878;-47;25886;4
25884;-47;25886;4
25893;-47;25886;4
25899;-47;25886;4
25905;-39;25931;17
25911;-39;25931;17
25917;-39;25931;17
25923;-31;25931;17
25929;-31;25931;17
25938;-31;25931;17
25944;-31;25931;17
25950;-31;25931;17
25956;-23;25980;32
25962;-23;25980;32
25971;-15;25980;32
25977;-15;25980;32
25983;-15;25980;32
25989;-15;25980;32
25995;-7;26021;39
26001;-7;26021;39
26007;-7;26021;39
26016;0;26021;39
26022;0;26021;39
26028;0;26021;39
26034;0;26021;39
26043;7;26064;32
26049;7;26064;32
26055;15;26064;32
26061;15;26064;32
26067;15;26064;32
26073;15;26064;32
26082;15;26064;32
26088;23;26114;32
26094;23;26114;32
26100;23;26114;32
26106;31;26114;32
26112;31;26114;32
26118;31;26114;32
26127;31;26114;32
26133;31;26114;32
26139;31;26114;32
26145;39;26173;27
26151;39;26173;27
26157;39;26173;27
26163;39;26173;27
26172;47;26173;27
26178;47;26173;27
26184;47;26173;27
26190;47;26173;27
26196;47;26173;27
26202;47;26173;27
26208;47;26173;27
26214;47;26173;27
26220;47;26173;27
26226;47;26173;27
26232;47;26173;27
26238;47;26173;27
26244;47;26173;27
26250;47;26173;27
26256;47;26173;27
26262;47;26173;27
26268;47;26173;27
26274;47;26173;27
26280;47;26173;27
26286;47;26173;27
26292;47;26173;27
26298;47;26173;27
26304;47;26173;27
26310;39;26173;666
26316;39;26173;666
26322;39;26173;666
26328;39;26173;666
26334;39;26173;666
26340;31;26367;-4
26346;31;26367;-4
26352;31;26367;-4
26358;31;26367;-4
26364;31;26367;-4
26370;31;26367;-4
26376;31;26367;-4
26382;31;26367;-4
26388;23;26415;-16
26394;23;26415;-16
26400;23;26415;-16
26406;23;26415;-16
26412;15;26415;-16
26418;15;26415;-16
26424;15;26415;-16
26430;15;26415;-16
26436;15;26415;-16
26442;15;26415;-16
26448;15;26415;-16
26454;7;26481;-24
26460;7;26481;-24
26466;7;26481;-24
26472;0;26481;-24
26478;0;26481;-24
26484;0;26481;-24
26490;0;26481;-24
26496;0;26481;-24
26502;0;26481;-24
26508;-7;26536;-25
26514;-7;26536;-25
26520;-7;26536;-25
26526;-7;26536;-25
26532;-7;26536;-25
26538;-15;26536;-25
26544;-15;26536;-25
26550;-15;26536;-25
26556;-15;26536;-25
26562;-15;26536;-25
26568;-15;26536;-25
26574;-15;26536;-25
26580;-15;26536;-25
26583;-15;26536;-25
26589;-15;26536;-25
26595;-15;26536;-25
26601;-15;26536;-25
26607;-15;26536;-25
26613;-23;26638;-15
26619;-23;26638;-15
26625;-23;26638;-15
26631;-23;26638;-15
26637;-23;26638;-15
26643;-23;26638;-15
26649;-23;26638;-15
26655;-23;26638;-15
26661;-23;26638;-15
26667;-23;26638;-15
26673;-23;26638;-15
26679;-23;26638;-15
26688;-23;26638;-15
26694;-23;26638;-15
26700;-23;26638;-15
26706;-23;26638;-15
26712;-23;26638;-15
26721;-23;26638;-15
26727;-23;26638;-15
26733;-23;26638;-15
26739;-15;26768;6
26745;-15;26768;6
26751;-15;26768;6
26757;-15;26768;6
26763;-15;26768;6
26769;-15;26768;6
26775;-15;26768;6
26781;-15;26768;6
26787;-15;26768;6
26793;-15;26768;6
26802;-15;26768;6
26811;-15;26768;6
26817;-15;26768;6
26823;-15;26768;6
26829;-15;26768;6
26835;-15;26768;6
26841;-15;26768;6
26847;-7;26870;7
26856;-7;26870;7
26862;-7;26870;7
26868;-7;26870;7
26874;-7;26870;7
26880;-7;26870;7
26889;-7;26870;7
26895;0;26923;13
26901;0;26923;13
26907;0;26923;13
26913;0;26923;13
26922;0;26923;13
26928;0;26923;13
26934;0;26923;13
26940;0;26923;13
26946;0;26923;13
26952;0;26923;13
26958;0;26923;13
26967;0;26923;13
26973;0;26923;13
26979;0;26923;13
26985;7;27010;8
26991;7;27010;8
26994;7;27010;8
27000;7;27010;8
27006;7;27010;8
27012;7;27010;8
27018;7;27010;8
27024;7;27010;8
27030;7;27010;8
27036;7;27010;8
27042;7;27010;8
27048;7;27010;8
27057;7;27010;8
27063;7;27010;8
27069;7;27010;8
27075;7;27010;8
27081;7;27010;8
27090;7;27010;666
27096;7;27010;666
27105;15;27128;6
27114;15;27128;6
27120;15;27128;6
27126;15;27128;6
27132;15;27128;666
27138;15;27128;666
27144;15;27128;666
27150;15;27128;666
27159;15;27128;666
27165;15;27128;666
27171;15;27128;666
27177;7;27203;-10
27183;7;27203;-10
27189;7;27203;-10
27195;7;27203;-10
27201;7;27203;-10
27207;7;27203;-10
27213;7;27203;-10
27219;7;27203;-10
27225;7;27203;-10
27231;7;27203;-10
27237;7;27203;-10
27243;7;27203;-10
27249;7;27203;-10
27255;7;27203;-10
27261;7;27203;-10
27267;7;27203;-10
27273;7;27203;-10
27279;7;27203;-10
27285;7;27203;-10
27291;7;27203;-10
27297;7;27203;-10
27303;7;27203;-10
27309;7;27203;-10
27315;7;27203;-10
27321;7;27203;-10
27327;7;27203;-10
27333;7;27203;-10
27339;7;27203;-10
27345;7;27203;-10
27351;7;27203;-10
27360;7;27203;-10
27366;7;27203;-10
27372;7;27203;-10
27378;7;27203;-10
27384;7;27203;-10
27390;7;27203;-10
27396;7;27203;-10
27402;7;27203;-10
27408;7;27203;-10
27414;7;27203;-10
27420;7;27203;666
27426;0;27451;-2
27432;0;27451;-2
27438;0;27451;-2
27444;0;27451;-2
27450;0;27451;-2
27456;0;27451;-2
27462;0;27451;-2
27468;0;27451;-2
27474;0;27451;-2
27480;0;27451;-2
27486;0;27451;-2
27492;0;27451;-2
27498;0;27451;-2
27504;0;27451;-2
27510;0;27451;-2
27516;0;27451;-2
27522;0;27451;-2
27528;0;27451;-2
27534;0;27451;-2
27540;0;27451;-2
27546;0;27451;-2
27552;0;27451;-2
27558;0;27451;-2
27564;0;27451;-2
27570;0;27451;-2
27576;0;27451;-2
27585;0;27451;-2
27594;0;27451;-2
27600;0;27451;-2
27606;0;27451;-2
27612;0;27451;-2
27618;0;27451;-2
27624;0;27451;-2
27630;0;27451;-2
27636;0;27451;-2
27642;0;27451;-2
27648;0;27451;-2
27654;0;27451;-2
27660;0;27451;-2
27666;0;27451;-2
27672;0;27451;-2
27678;0;27451;-2
27684;0;27451;-2
27690;0;27451;-2
27696;0;27451;-2
27702;0;27451;-2
27708;0;27451;-2
27714;0;27451;-2
27720;0;27451;-2
27726;0;27451;-2
27732;0;27451;-2
27738;0;27451;-2
27744;0;27451;-2
27747;0;27451;-2
27753;0;27451;-2
27759;0;27451;-2
27765;0;27451;-2
27774;0;27451;-2
27780;0;27451;-2
27786;0;27451;-2
27792;0;27451;-2
27798;0;27451;-2
27804;0;27451;-2
27810;0;27451;-2
27816;0;27451;-2
27822;0;27451;-2
27828;0;27451;-2
27834;0;27451;-2
27840;0;27451;-2
27846;0;27451;-2
27852;0;27451;-2
27858;0;27451;-2
27864;0;27451;-2
27870;0;27451;-2
27876;0;27451;-2
27882;0;27451;-2
27888;0;27451;-2
27894;0;27451;-2
27900;0;27451;-2
27906;0;27451;-2
27912;0;27451;-2
27918;0;27451;-2
27924;0;27451;-2
27930;0;27451;-2
27936;0;27451;-2
27942;0;27451;-2
27948;0;27451;-2
27954;0;27451;-2
27960;0;27451;-2
27966;0;27451;-2
27972;0;27451;-2
27978;0;27451;-2
27984;0;27451;-2
27990;0;27451;-2
27996;0;27451;-2
28002;0;27451;-2
28008;0;27451;-2
28014;0;27451;-2
28020;0;27451;-2
28026;0;27451;-2
28032;0;27451;-2
28038;0;27451;-2
28044;0;27451;-2
28050;0;27451;-2
28056;0;27451;-2
28062;0;27451;-2
28068;0;27451;-2
28071;0;27451;-2
28077;0;27451;-2
28083;0;27451;-2
28089;0;27451;-2
28095;0;27451;-2
28101;0;27451;-2
28107;0;27451;-2
28113;0;27451;-2
28119;0;27451;-2
28125;0;27451;-2
28131;0;27451;-2
28137;0;27451;-2
28143;0;27451;-2
28149;0;27451;-2
28155;0;27451;-2
28161;0;27451;-2
28167;0;27451;-2
28173;0;27451;-2
28179;0;27451;-2
28188;0;27451;-2
28194;0;27451;-2
28200;0;27451;-2
28206;0;27451;-2
28212;0;27451;-2
28221;0;27451;-2
28233;0;27451;-2
28239;0;27451;-2
28245;0;27451;-2
28251;0;27451;-2
28257;0;27451;-2
28263;0;27451;-2
28269;0;27451;-2
28272;0;27451;-2
28278;0;27451;-2
28284;0;27451;-2
28290;0;27451;-2
28296;0;27451;-2
28302;0;27451;-2
28308;0;27451;-2
28314;0;27451;-2
28320;0;27451;-2
28326;0;27451;-2
28332;0;27451;-2
28338;0;27451;-2
28344;0;27451;-2
28350;0;27451;-2
28356;0;27451;-2
28362;0;27451;-2
28368;0;27451;-2
28374;0;27451;-2
28380;0;27451;-2
28386;0;27451;-2
28392;0;27451;-2
28398;0;27451;-2
28404;0;27451;-2
28410;0;27451;-2
28416;0;27451;-2
28422;0;27451;-2
28428;0;27451;-2
28431;0;27451;-2
28437;0;27451;-2
28443;0;27451;-2
28449;0;27451;-2
28455;0;27451;-2
28461;0;27451;-2
28467;0;27451;-2
28473;0;27451;-2
28479;0;27451;-2
28485;0;27451;-2
28491;0;27451;-2
28497;0;27451;-2
28503;0;27451;-2
28509;0;27451;-2
28515;0;27451;-2
28521;0;27451;-2
28527;0;27451;-2
28536;0;27451;-2
28542;0;27451;-2
28548;0;27451;-2
28554;0;27451;-2
28560;0;27451;-2
28566;0;27451;-2
28572;0;27451;-2
28578;0;27451;-2
28584;0;27451;-2
28590;0;27451;-2
28596;0;27451;-2
28605;0;27451;-2
28608;0;27451;-2
28614;0;27451;-2
28620;0;27451;-2
28626;0;27451;-2
28632;0;27451;-2
28638;0;27451;-2
28644;0;27451;-2
28650;0;27451;-2
28656;0;27451;-2
28662;0;27451;-2
28671;0;27451;-2
28677;0;27451;-2
28683;0;27451;-2
28692;0;27451;-2
28698;0;27451;-2
28704;0;27451;-2
28710;0;27451;-2
28716;0;27451;-2
28722;0;27451;-2
28728;0;27451;-2
28734;0;27451;-2
28740;0;27451;-2
28746;0;27451;-2
28752;0;27451;-2
28758;0;27451;-2
28764;0;27451;-2
28767;0;27451;-2
28773;0;27451;-2
28782;0;27451;-2
28788;0;27451;-2
28794;0;27451;-2
28800;0;27451;-2
28806;0;27451;-2
28815;0;27451;-2
28821;0;27451;-2
28827;0;27451;-2
28833;0;27451;-2
28839;0;27451;-2
28845;0;27451;-2
28851;0;27451;-2
28857;0;27451;-2
28863;0;27451;-2
28872;0;27451;-2
28878;0;27451;-2
28884;0;27451;-2
28890;0;27451;-2
28896;0;27451;-2
28905;0;27451;-2
28911;0;27451;-2
28917;0;27451;-2
28923;0;27451;-2
28929;0;27451;-2
28935;0;27451;-2
28941;0;27451;-2
28944;0;27451;-2
28950;0;27451;-2
28956;0;27451;-2
28962;0;27451;-2
28968;0;27451;-2
28974;0;27451;-2
28980;0;27451;-2
28986;0;27451;-2
28992;0;27451;-2
28998;0;27451;-2
29004;0;27451;-2
29010;0;27451;-2
29013;0;27451;-2
29019;0;27451;-2
29025;0;27451;-2
29031;0;27451;-2
29040;0;27451;-2
29046;0;27451;-2
29052;0;27451;-2
29058;0;27451;-2
29064;0;27451;-2
29070;0;27451;-2
29076;0;27451;-2
29085;0;27451;-2
29091;0;27451;-2
29097;0;27451;-2
29103;0;27451;-2
29109;0;27451;-2
29115;0;27451;-2
29121;0;27451;-2
29127;0;27451;-2
29133;0;27451;-2
29139;0;27451;-2
29145;0;27451;-2
29151;0;27451;-2
29157;0;27451;-2
29163;0;27451;-2
29169;0;27451;-2
29175;0;27451;-2
29181;0;27451;-2
29187;0;27451;-2
29196;0;27451;-2
29202;0;27451;-2
29208;0;27451;-2
29214;0;27451;-2
29220;0;27451;-2
29226;0;27451;-2
29232;0;27451;-2
29238;0;27451;-2
29244;0;27451;-2
29250;0;27451;-2
29256;0;27451;-2
29265;0;27451;-2
29271;0;27451;-2
29277;0;27451;-2
29283;0;27451;-2
29289;0;27451;-2
29292;0;27451;-2
29298;0;27451;-2
29304;0;27451;-2
29310;0;27451;-2
29316;0;27451;-2
29322;0;27451;-2
29328;0;27451;-2
29334;0;27451;-2
29340;0;27451;-2
29346;0;27451;-2
29355;0;27451;-2
29361;0;27451;-2
29367;0;27451;-2
29370;0;27451;-2
29376;0;27451;-2
29382;0;27451;-2
29388;0;27451;-2
29394;0;27451;-2
29400;0;27451;-2
29406;0;27451;-2
29412;0;27451;-2
29418;0;27451;-2
29424;0;27451;-2
29433;0;27451;-2
29439;0;27451;-2
29445;0;27451;-2
29451;0;27451;-2
29457;0;27451;-2
29466;0;27451;-2
29472;0;27451;-2
29478;0;27451;-2
29484;0;27451;-2
29490;0;27451;-2
29496;0;27451;-2
29502;0;27451;-2
29508;0;27451;-2
29514;0;27451;-2
29523;0;27451;-2
29529;0;27451;-2
29535;0;27451;-2
29541;0;27451;-2
29547;0;27451;-2
29556;0;27451;-2
29562;0;27451;-2
29568;0;27451;-2
29577;0;27451;-2
29583;0;27451;-2
29589;0;27451;-2
29595;0;27451;-2
29601;0;27451;-2
29607;0;27451;-2
29613;0;27451;-2
29619;0;27451;-2
29625;0;27451;-2
29628;0;27451;-2
29634;0;27451;-2
29640;0;27451;-2
29646;0;27451;-2
29652;0;27451;-2
29658;0;27451;-2
29667;0;27451;-2
29673;0;27451;-2
29679;0;27451;-2
29685;0;27451;-2
29691;0;27451;-2
29700;0;27451;-2
29706;0;27451;-2
29712;0;27451;-2
29718;0;27451;-2
29724;0;27451;-2
29730;0;27451;-2
29736;0;27451;-2
29742;0;27451;-2
29748;0;27451;-2
29754;0;27451;-2
29760;0;27451;-2
29766;0;27451;-2
29772;0;27451;-2
29778;0;27451;-2
29784;0;27451;-2
29790;0;27451;-2
29796;0;27451;-2
29802;0;27451;-2
29808;0;27451;-2
29814;0;27451;-2
29820;0;27451;-2
29826;0;27451;-2
29832;0;27451;-2
29838;0;27451;-2
29844;0;27451;-2
29850;0;27451;-2
29859;0;27451;-2
29862;0;27451;-2
29868;0;27451;-2
29874;0;27451;-2
29880;0;27451;-2
29886;0;27451;-2
29892;0;27451;-2
29898;0;27451;-2
29904;0;27451;-2
29910;0;27451;-2
29916;0;27451;-2
29922;0;27451;-2
29928;0;27451;-2
29934;0;27451;-2
29940;0;27451;-2
29946;0;27451;-2
29952;0;27451;-2
29958;0;27451;-2
29964;0;27451;-2
29970;0;27451;-2
29976;0;27451;-2
29982;0;27451;-2
29988;0;27451;-2
29994;0;27451;-2
29997;0;27451;-2
30003;0;27451;-2
30009;0;27451;-2
30015;0;27451;-2
30021;0;27451;-2
30027;0;27451;-2
30033;0;27451;-2
30039;0;27451;-2
30045;0;27451;-2
30051;0;27451;-2
30057;0;27451;-2
30063;0;27451;-2
30072;0;27451;-2
30081;0;27451;-2
30087;0;27451;-2
30093;0;27451;-2
30099;0;27451;-2
30105;0;27451;-2
30111;0;27451;-2
30117;0;27451;-2
30120;0;27451;-2
30126;0;27451;-2
30132;0;27451;-2
30138;0;27451;-2
30144;0;27451;-2
30150;0;27451;-2
30156;0;27451;-2
30162;0;27451;-2
30168;0;27451;-2
30174;0;27451;-2
30180;0;27451;-2
30186;0;27451;-2
30192;0;27451;-2
30198;0;27451;-2
30204;0;27451;-2
30210;0;27451;-2
30216;0;27451;-2
30222;0;27451;-2
30228;0;27451;-2
30234;0;27451;-2
30240;0;27451;-2
30243;0;27451;-2
30249;0;27451;-2
30255;0;27451;-2
30261;0;27451;-2
30267;0;27451;-2
30273;0;27451;-2
30279;0;27451;-2
30285;0;27451;-2
30288;0;27451;-2
30294;0;27451;-2
30300;0;27451;-2
30306;0;27451;-2
30312;0;27451;-2
30318;0;27451;-2
30324;0;27451;-2
30330;0;27451;-2
30339;0;27451;-2
30345;0;27451;-2
30351;0;27451;-2
30357;0;27451;-2
30363;0;27451;-2
30369;0;27451;-2
30375;0;27451;-2
30381;0;27451;-2
30387;0;27451;-2
30393;0;27451;-2
30399;0;27451;-2
30405;0;27451;-2
30411;0;27451;-2
30417;0;27451;-2
30423;0;27451;-2
30429;0;27451;-2
30435;0;27451;-2
30441;0;27451;-2
30447;0;27451;-2
30453;0;27451;-2
30462;0;27451;-2
30468;0;27451;-2
30474;0;27451;-2
30480;0;27451;-2
30486;0;27451;-2
30492;0;27451;-2
30498;0;27451;-2
30504;0;27451;-2
30510;0;27451;-2
30516;0;27451;-2
30522;0;27451;-2
30528;0;27451;-2
30534;0;27451;-2
30540;0;27451;-2
30546;0;27451;-2
30552;0;27451;-2
30558;0;27451;-2
30564;0;27451;-2
30570;0;27451;-2
30576;0;27451;-2
30585;0;27451;-2
30591;0;27451;-2
30597;0;27451;-2
30603;0;27451;-2
30609;0;27451;-2
30615;0;27451;-2
30621;0;27451;-2
30627;0;27451;-2
30633;0;27451;-2
30639;0;27451;-2
30645;0;27451;-2
30651;0;27451;-2
30657;0;27451;-2
30663;0;27451;-2
30669;0;27451;-2
30675;0;27451;-2
30681;0;27451;-2
30687;0;27451;-2
30693;0;27451;-2
30699;0;27451;-2
30705;0;27451;-2
30711;0;27451;-2
30717;0;27451;-2
30723;0;27451;-2
30732;0;27451;-2
30738;0;27451;-2
30744;0;27451;-2
30750;0;27451;-2
30756;0;27451;-2
30762;0;27451;-2
30768;0;27451;-2
30777;0;27451;-2
30780;0;27451;-2
30789;0;27451;-2
30795;0;27451;-2
30801;0;27451;-2
30807;0;27451;-2
30813;0;27451;-2
30822;0;27451;-2
30828;0;27451;-2
30834;0;27451;-2
30837;0;27451;-2
30843;0;27451;-2
30849;0;27451;-2
30855;0;27451;-2
30861;0;27451;-2
30867;0;27451;-2
30873;0;27451;-2
30879;0;27451;-2
30885;0;27451;-2
30891;0;27451;-2
30894;0;27451;-2
30900;0;27451;-2
30906;0;27451;-2
30912;0;27451;-2
30918;0;27451;-2
30924;0;27451;-2
30930;0;27451;-2
30936;0;27451;-2
30945;0;27451;-2
30951;0;27451;-2
30957;0;27451;-2
30963;0;27451;-2
30969;0;27451;-2
30975;0;27451;-2
30981;0;27451;-2
30990;0;27451;-2
30996;0;27451;-2
31002;0;27451;-2
31008;0;27451;-2
31014;0;27451;-2
31023;0;27451;-2
31029;0;27451;-2
31035;0;27451;-2
31041;0;27451;-2
31047;0;27451;-2
31053;0;27451;-2
31059;0;27451;-2
31062;0;27451;-2
31068;0;27451;-2
31074;0;27451;-2
31080;0;27451;-2
31086;0;27451;-2
31092;0;27451;-2
31098;0;27451;-2
31104;0;27451;-2
31113;0;27451;-2
31119;0;27451;-2
31125;0;27451;-2
31131;0;27451;-2
31137;0;27451;-2
31143;0;27451;-2
31149;0;27451;-2
31158;0;27451;-2
31164;0;27451;-2
31170;0;27451;-2
31179;0;27451;-2
31185;0;27451;-2
31191;0;27451;-2
31197;0;27451;-2
31203;0;27451;-2
31209;0;27451;-2
31215;0;27451;-2
31224;0;27451;-2
31230;0;27451;-2
31236;0;27451;-2
31242;0;27451;-2
31248;0;27451;-2
31254;0;27451;-2
31260;0;27451;-2
31269;0;27451;-2
31281;0;27451;-2
31287;0;27451;-2
31293;0;27451;-2
31299;0;27451;-2
31305;0;27451;-2
31308;0;27451;-2
31314;0;27451;-2
31320;0;27451;-2
31326;0;27451;-2
31332;0;27451;-2
31338;0;27451;-2
31347;0;27451;-2
31353;0;27451;-2
31359;0;27451;-2
31365;0;27451;-2
31371;0;27451;-2
31377;0;27451;-2
31383;0;27451;-2
31389;0;27451;-2
31395;0;27451;-2
31401;0;27451;-2
31407;0;27451;-2
31413;0;27451;-2
31419;0;27451;-2
31428;0;27451;-2
31434;0;27451;-2
31440;0;27451;-2
31449;0;27451;-2
31455;0;27451;-2
31461;0;27451;-2
31467;0;27451;-2
31473;0;27451;-2
31479;0;27451;-2
31485;0;27451;-2
31494;0;27451;-2
31500;0;27451;-2
31506;0;27451;-2
31512;0;27451;-2
31518;0;27451;-2
31524;0;27451;-2
31530;0;27451;-2
31539;0;27451;-2
31545;0;27451;-2
31551;0;27451;-2
31557;0;27451;-2
31563;0;27451;-2
31569;0;27451;-2
31575;0;27451;-2
31581;0;27451;-2
31587;0;27451;-2
31593;0;27451;-2
31599;0;27451;-2
31605;0;27451;-2
31611;0;27451;-2
31617;0;27451;-2
31623;0;27451;-2
31629;0;27451;-2
31635;0;27451;-2
31641;0;27451;-2
31647;0;27451;-2
31653;0;27451;-2
31659;0;27451;-2
31665;0;27451;-2
31674;0;27451;-2
31680;0;27451;-2
31686;0;27451;-2
31695;0;27451;-2
31701;0;27451;-2
31707;0;27451;-2
31713;0;27451;-2
31719;0;27451;-2
31725;0;27451;-2
31731;0;27451;-2
31737;0;27451;-2
31743;0;27451;-2
31752;0;27451;-2
31758;0;27451;-2
31764;0;27451;-2
31773;0;27451;-2
31785;0;27451;-2
31791;0;27451;-2
31797;0;27451;-2
31803;0;27451;-2
31809;0;27451;-2
31815;0;27451;-2
31821;0;27451;-2
31830;0;27451;-2
31836;0;27451;-2
31842;0;27451;-2
31851;0;27451;-2
31857;0;27451;-2
31863;0;27451;-2
31869;0;27451;-2
31875;0;27451;-2
31881;0;27451;-2
31887;0;27451;-2
31893;0;27451;-2
31899;0;27451;-2
31905;0;27451;-2
31911;0;27451;-2
31914;0;27451;-2
31920;0;27451;-2
31926;0;27451;-2
31932;0;27451;-2
31938;0;27451;-2
31944;0;27451;-2
31953;0;27451;-2
31959;0;27451;-2
31965;0;27451;-2
31971;0;27451;-2
31977;0;27451;-2
31986;0;27451;-2
31992;0;27451;-2
31998;0;27451;-2
32004;0;27451;-2
32010;0;27451;-2
32016;0;27451;-2
32022;0;27451;-2
32031;0;27451;-2
32037;0;27451;-2
32043;0;27451;-2
32049;0;27451;-2
32055;0;27451;-2
32061;0;27451;-2
32067;0;27451;-2
32070;0;27451;-2
32076;0;27451;-2
32082;0;27451;-2
32088;0;27451;-2
32094;0;27451;-2
32100;0;27451;-2
32103;0;27451;-2
32109;0;27451;-2
32115;0;27451;-2
32121;0;27451;-2
32127;0;27451;-2
32133;0;27451;-2
32139;0;27451;-2
32145;0;27451;-2
32151;0;27451;-2
32157;0;27451;-2
32163;0;27451;-2
32169;0;27451;-2
32175;0;27451;-2
32181;0;27451;-2
32187;0;27451;-2
32193;0;27451;-2
32199;0;27451;-2
32205;0;27451;-2
32211;0;27451;-2
32217;0;27451;-2
32223;0;27451;-2
32229;0;27451;-2
32235;0;27451;-2
32244;0;27451;-2
32250;0;27451;-2
32256;0;27451;-2
32262;0;27451;-2
32268;0;27451;-2
32274;0;27451;-2
32280;0;27451;-2
32289;0;27451;-2
32301;0;27451;-2
32307;0;27451;-2
32313;0;27451;-2
32319;0;27451;-2
32325;0;27451;-2
32331;0;27451;-2
32337;0;27451;-2
32343;0;27451;-2
32349;0;27451;-2
32355;0;27451;-2
32361;0;27451;-2
32367;0;27451;-2
32373;0;27451;-2
32379;0;27451;-2
32385;0;27451;-2
32391;0;27451;-2
32400;0;27451;-2
32406;0;27451;-2
32412;0;27451;-2
32418;0;27451;-2
32424;0;27451;-2
32430;0;27451;-2
32436;0;27451;-2
32442;0;27451;-2
32448;0;27451;-2
32457;0;27451;-2
32463;0;27451;-2
32469;0;27451;-2
32475;0;27451;-2
32481;0;27451;-2
32490;0;27451;-2
32496;0;27451;-2
32502;0;27451;-2
32508;0;27451;-2
32514;0;27451;-2
32520;0;27451;-2
32526;0;27451;-2
32532;0;27451;-2
32538;0;27451;-2
32541;0;27451;-2
32547;0;27451;-2
32553;0;27451;-2
32559;0;27451;-2
32562;0;27451;-2
32568;0;27451;-2
32574;0;27451;-2
32580;0;27451;-2
32586;0;27451;-2
32592;0;27451;-2
32598;0;27451;-2
32604;0;27451;-2
32613;0;27451;-2
32619;0;27451;-2
32625;0;27451;-2
32631;0;27451;-2
32637;0;27451;-2
32643;0;27451;-2
32649;0;27451;-2
32658;0;27451;-2
32664;0;27451;-2
32670;0;27451;-2
32676;0;27451;-2
32682;0;27451;-2
32688;0;27451;-2
32694;0;27451;-2
32703;0;27451;-2
32709;0;27451;-2
32715;0;27451;-2
32721;0;27451;-2
32727;0;27451;-2
32733;0;27451;-2
32739;0;27451;-2
32745;0;27451;-2
32751;0;27451;-2
32757;0;27451;-2
32763;0;27451;-2
32772;0;27451;-2
32781;0;27451;-2
32787;0;27451;-2
32793;0;27451;-2
32799;0;27451;-2
32805;0;27451;-2
32811;0;27451;-2
32817;0;27451;-2
32826;0;27451;-2
32835;0;27451;-2
32841;0;27451;-2
32850;0;27451;-2
32856;0;27451;-2
32862;0;27451;-2
32871;0;27451;-2
32877;0;27451;-2
32883;0;27451;-2
32889;0;27451;-2
32895;0;27451;-2
32904;0;27451;-2
32910;0;27451;-2
32916;0;27451;-2
32922;0;27451;-2
32928;0;27451;-2
32934;0;27451;-2
32940;0;27451;-2
32949;0;27451;-2
32955;0;27451;-2
32961;0;27451;-2
32967;0;27451;-2
32973;0;27451;-2
32979;0;27451;-2
32985;0;27451;-2
32991;0;27451;-2
32997;0;27451;-2
33003;0;27451;-2
33009;0;27451;-2
33018;0;27451;-2
33024;0;27451;-2
33030;0;27451;-2
33039;0;27451;-2
33045;0;27451;-2
33051;0;27451;-2
33057;0;27451;-2
33063;0;27451;-2
33069;0;27451;-2
33075;0;27451;-2
33078;0;27451;-2
33084;0;27451;-2
33090;0;27451;-2
33096;0;27451;-2
33102;0;27451;-2
33108;0;27451;-2
33114;0;27451;-2
33120;0;27451;-2
33123;0;27451;-2
33129;0;27451;-2
33135;0;27451;-2
33141;0;27451;-2
33147;0;27451;-2
33153;0;27451;-2
33162;0;27451;-2
33168;0;27451;-2
33174;0;27451;-2
33180;0;27451;-2
33186;0;27451;-2
33192;0;27451;-2
33198;0;27451;-2
33207;0;27451;-2
33213;0;27451;-2
33219;0;27451;-2
33225;0;27451;-2
33231;0;27451;-2
33240;0;27451;-2
33246;0;27451;-2
33252;0;27451;-2
33258;0;27451;-2
33264;0;27451;-2
33270;0;27451;-2
33276;0;27451;-2
33285;0;27451;-2
33297;0;27451;-2
33303;0;27451;-2
33309;0;27451;-2
33315;0;27451;-2
33321;0;27451;-2
33330;0;27451;-2
33336;0;27451;-2
33342;0;27451;-2
33348;0;27451;-2
33354;0;27451;-2
33360;0;27451;-2
33366;0;27451;-2
33375;0;27451;-2
33381;0;27451;-2
33387;0;27451;-2
33393;0;27451;-2
33399;0;27451;-2
33405;0;27451;-2
33411;0;27451;-2
33417;0;27451;-2
33423;0;27451;-2
33429;0;27451;-2
33435;0;27451;-2
33444;0;27451;-2
33450;0;27451;-2
33456;0;27451;-2
33465;0;27451;-2
33471;0;27451;-2
33477;0;27451;-2
33483;0;27451;-2
33489;0;27451;-2
33495;0;27451;-2
33501;0;27451;-2
33507;0;27451;-2
33513;0;27451;-2
33522;0;27451;-2
33528;0;27451;-2
33534;0;27451;-2
33540;0;27451;-2
33546;0;27451;-2
33555;0;27451;-2
33561;0;27451;-2
33567;0;27451;-2
33573;0;27451;-2
33579;0;27451;-2
33585;0;27451;-2
33591;0;27451;-2
33600;0;27451;-2
33606;0;27451;-2
33612;0;27451;-2
33621;0;27451;-2
33627;0;27451;-2
33633;0;27451;-2
33639;0;27451;-2
33645;0;27451;-2
33651;0;27451;-2
33657;0;27451;-2
33666;0;27451;-2
33672;0;27451;-2
33678;0;27451;-2
33684;0;27451;-2
33690;0;27451;-2
33696;0;27451;-2
33702;0;27451;-2
33711;0;27451;-2
33717;0;27451;-2
33723;0;27451;-2
33729;0;27451;-2
33735;0;27451;-2
33741;0;27451;-2
33747;0;27451;-2
33750;0;27451;-2
33756;0;27451;-2
33762;0;27451;-2
33768;0;27451;-2
33774;0;27451;-2
33780;0;27451;-2
33789;0;27451;-2
33795;0;27451;-2
33801;0;27451;-2
33807;0;27451;-2
33813;0;27451;-2
33819;0;27451;-2
33825;0;27451;-2
33834;0;27451;-2
33840;0;27451;-2
33846;0;27451;-2
33852;0;27451;-2
33858;0;27451;-2
33864;0;27451;-2
33870;0;27451;-2
33876;0;27451;-2
33882;0;27451;-2
33891;0;27451;-2
33897;0;27451;-2
33903;0;27451;-2
33909;0;27451;-2
33915;0;27451;-2
33921;0;27451;-2
33927;0;27451;-2
33933;0;27451;-2
33939;0;27451;-2
33948;0;27451;-2
33957;0;27451;-2
33963;0;27451;-2
33969;0;27451;-2
33975;0;27451;-2
33981;0;27451;-2
33987;0;27451;-2
33993;0;27451;-2
34002;0;27451;-2
34008;0;27451;-2
34014;0;27451;-2
34020;0;27451;-2
34026;0;27451;-2
34032;0;27451;-2
34038;0;27451;-2
34047;0;27451;-2
34053;0;27451;-2
34059;0;27451;-2
34065;0;27451;-2
34071;0;27451;-2
34077;0;27451;-2
34083;0;27451;-2
34092;0;27451;-2
34104;0;27451;-2
34110;0;27451;-2
34116;0;27451;-2
34122;0;27451;-2
34128;0;27451;-2
34137;0;27451;-2
34143;0;27451;-2
34149;0;27451;-2
34155;0;27451;-2
34161;0;27451;-2
34167;0;27451;-2
34173;0;27451;-2
34179;0;27451;-2
34185;0;27451;-2
34191;0;27451;-2
34197;0;27451;-2
34206;0;27451;-2
34212;0;27451;-2
34218;0;27451;-2
34224;0;27451;-2
34230;0;27451;-2
34239;0;27451;-2
34245;0;27451;-2
34251;0;27451;-2
34257;0;27451;-2
34263;0;27451;-2
34266;0;27451;-2
34272;0;27451;-2
34278;0;27451;-2
34284;0;27451;-2
34290;0;27451;-2
34296;0;27451;-2
34302;0;27451;-2
34308;0;27451;-2
34314;0;27451;-2
34320;0;27451;-2
34329;0;27451;-2
34338;0;27451;-2
34344;0;27451;-2
34350;0;27451;-2
34356;0;27451;-2
34362;0;27451;-2
34368;0;27451;-2
34374;0;27451;-2
34380;0;27451;-2
34386;0;27451;-2
34395;0;27451;-2
34401;0;27451;-2
34407;0;27451;-2
34413;0;27451;-2
34419;0;27451;-2
34425;0;27451;-2
34431;0;27451;-2
34437;0;27451;-2
34443;0;27451;-2
34449;0;27451;-2
34455;0;27451;-2
34461;0;27451;-2
34467;0;27451;-2
34473;0;27451;-2
34479;0;27451;-2
34485;0;27451;-2
34491;0;27451;-2
34497;0;27451;-2
34503;0;27451;-2
34509;0;27451;-2
34515;0;27451;-2
34521;0;27451;-2
34527;0;27451;-2
34533;0;27451;-2
34539;0;27451;-2
34545;0;27451;-2
34551;0;27451;-2
34557;0;27451;-2
34563;0;27451;-2
34569;0;27451;-2
34575;0;27451;-2
34581;0;27451;-2
34587;0;27451;-2
34593;0;27451;-2
34599;0;27451;-2
34608;0;27451;-2
34614;0;27451;-2
34620;0;27451;-2
34626;0;27451;-2
34632;0;27451;-2
34641;0;27451;-2
34647;0;27451;-2
34653;0;27451;-2
34674;0;27451;-2
34680;0;27451;-2
34686;0;27451;-2
34692;0;27451;-2
34698;0;27451;-2
34704;0;27451;-2
34710;0;27451;-2
34716;0;27451;-2
34722;0;27451;-2
34728;0;27451;-2
34734;0;27451;-2
34740;0;27451;-2
34746;0;27451;-2
34752;0;27451;-2
34758;0;27451;-2
34764;0;27451;-2
34776;0;27451;-2
34782;0;27451;-2
34788;0;27451;-2
34794;0;27451;-2
34800;0;27451;-2
34809;0;27451;-2
34821;0;27451;-2
34827;0;27451;-2
34833;0;27451;-2
34842;0;27451;-2
34848;0;27451;-2
34854;0;27451;-2
34860;0;27451;-2
34866;0;27451;-2
34872;0;27451;-2
34878;0;27451;-2
34884;0;27451;-2
34890;0;27451;-2
34896;0;27451;-2
34902;0;27451;-2
34908;0;27451;-2
34914;0;27451;-2
34920;0;27451;-2
34926;0;27451;-2
34932;0;27451;-2
34938;0;27451;-2
34944;0;27451;-2
34950;0;27451;-2
34956;0;27451;-2
34962;0;27451;-2
34968;0;27451;-2
34974;0;27451;-2
34980;0;27451;-2
34986;0;27451;-2
34992;0;27451;-2
34998;0;27451;-2
35004;0;27451;-2
35010;0;27451;-2
35016;0;27451;-2
35022;0;27451;-2
35028;0;27451;-2
35034;0;27451;-2
35040;0;27451;-2
35046;0;27451;-2
35052;0;27451;-2
35058;0;27451;-2
35064;0;27451;-2
35070;0;27451;-2
35076;0;27451;-2
35082;0;27451;-2
35088;0;27451;-2
35094;0;27451;-2
35100;0;27451;-2
35106;0;27451;-2
35112;0;27451;-2
35118;0;27451;-2
35124;0;27451;-2
35130;0;27451;-2
35136;0;27451;-2
35142;0;27451;-2
35148;0;27451;-2
35154;0;27451;-2
35160;0;27451;-2
35166;0;27451;-2
35172;0;27451;-2
35175;0;27451;-2
35181;0;27451;-2
35187;0;27451;-2
35193;0;27451;-2
35196;0;27451;-2
35202;0;27451;-2
35208;0;27451;-2
35214;0;27451;-2
35223;0;27451;-2
35229;0;27451;-2
35235;0;27451;-2
35241;0;27451;-2
35247;0;27451;-2
35253;0;27451;-2
35259;0;27451;-2
35265;0;27451;-2
35271;0;27451;-2
35277;0;27451;-2
35283;0;27451;-2
35292;0;27451;-2
35298;0;27451;-2
35304;0;27451;-2
35310;0;27451;-2
35316;0;27451;-2
35319;0;27451;-2
35325;0;27451;-2
35331;0;27451;-2
35337;0;27451;-2
35343;0;27451;-2
35349;0;27451;-2
35361;0;27451;-2
35370;0;27451;-2
35376;0;27451;-2
35382;0;27451;-2
35385;0;27451;-2
35391;0;27451;-2
35397;0;27451;-2
35403;0;27451;-2
35409;0;27451;-2
35415;0;27451;-2
35421;0;27451;-2
35427;0;27451;-2
35433;0;27451;-2
35439;0;27451;-2
35448;0;27451;-2
35454;0;27451;-2
35460;0;27451;-2
35466;0;27451;-2
35472;0;27451;-2
35481;0;27451;-2
35487;0;27451;-2
35493;0;27451;-2
35499;0;27451;-2
35505;0;27451;-2
35511;0;27451;-2
35517;0;27451;-2
35523;0;27451;-2
35529;0;27451;-2
35538;0;27451;-2
35544;0;27451;-2
35550;0;27451;-2
35556;0;27451;-2
35562;0;27451;-2
35571;0;27451;-2
35577;0;27451;-2
35583;0;27451;-2
35589;0;27451;-2
35595;0;27451;-2
35601;0;27451;-2
35607;0;27451;-2
35613;0;27451;-2
35619;0;27451;-2
35628;0;27451;-2
35634;0;27451;-2
35640;0;27451;-2
35649;0;27451;-2
35655;0;27451;-2
35661;0;27451;-2
35667;0;27451;-2
35673;0;27451;-2
35679;0;27451;-2
35685;0;27451;-2
35694;0;27451;-2
35700;0;27451;-2
35706;0;27451;-2
35712;0;27451;-2
35718;0;27451;-2
35724;0;27451;-2
35730;0;27451;-2
35739;0;27451;-2
35745;0;27451;-2
35751;0;27451;-2
35757;0;27451;-2
35763;0;27451;-2
35772;0;27451;-2
35778;0;27451;-2
35784;0;27451;-2
35790;0;27451;-2
35796;0;27451;-2
35802;0;27451;-2
35808;0;27451;-2
35814;0;27451;-2
35820;0;27451;-2
35826;0;27451;-2
35832;0;27451;-2
35838;0;27451;-2
35844;0;27451;-2
35850;0;27451;-2
35862;0;27451;-2
35874;0;27451;-2
35880;0;27451;-2
35886;0;27451;-2
35895;0;27451;-2
35901;0;27451;-2
35907;0;27451;-2
35913;0;27451;-2
35919;0;27451;-2
35925;0;27451;-2
35931;0;27451;-2
35940;0;27451;-2
35946;0;27451;-2
35952;0;27451;-2
35958;0;27451;-2
35964;0;27451;-2
35970;0;27451;-2
35976;0;27451;-2
35985;0;27451;-2
35991;0;27451;-2
35997;0;27451;-2
36003;0;27451;-2
36009;0;27451;-2
36015;0;27451;-2
36021;0;27451;-2
36027;0;27451;-2
36033;0;27451;-2
36039;0;27451;-2
36045;0;27451;-2
36051;0;27451;-2
36057;0;27451;-2
36063;0;27451;-2
36069;0;27451;-2
36075;0;27451;-2
36081;0;27451;-2
36087;0;27451;-2
36093;0;27451;-2
36099;0;27451;-2
36105;0;27451;-2
36111;0;27451;-2
36117;0;27451;-2
36123;0;27451;-2
36132;0;27451;-2
36138;0;27451;-2
36144;0;27451;-2
36150;0;27451;-2
36156;0;27451;-2
36162;0;27451;-2
36168;0;27451;-2
36174;0;27451;-2
36180;0;27451;-2
36189;0;27451;-2
36195;0;27451;-2
36201;0;27451;-2
36207;0;27451;-2
36213;0;27451;-2
36219;0;27451;-2
36225;0;27451;-2
36231;0;27451;-2
36237;0;27451;-2
36243;0;27451;-2
36249;0;27451;-2
36255;0;27451;-2
36261;0;27451;-2
36267;0;27451;-2
36273;0;27451;-2
36279;0;27451;-2
36285;0;27451;-2
36291;0;27451;-2
36300;0;27451;-2
36306;0;27451;-2
36312;0;27451;-2
36315;0;27451;-2
36321;0;27451;-2
36327;0;27451;-2
36333;0;27451;-2
36339;0;27451;-2
36357;0;27451;-2
36363;0;27451;-2
36369;0;27451;-2
36378;0;27451;-2
36384;0;27451;-2
36390;0;27451;-2
36396;0;27451;-2
36402;0;27451;-2
36408;0;27451;-2
36414;0;27451;-2
36423;0;27451;-2
36429;0;27451;-2
36435;0;27451;-2
36441;0;27451;-2
36447;0;27451;-2
36453;0;27451;-2
36459;0;27451;-2
36465;0;27451;-2
36471;0;27451;-2
36477;0;27451;-2
36483;0;27451;-2
36489;0;27451;-2
36495;0;27451;-2
36501;0;27451;-2
36507;0;27451;-2
36513;0;27451;-2
36519;0;27451;-2
36525;0;27451;-2
36534;0;27451;-2
36540;0;27451;-2
36546;0;27451;-2
36552;0;27451;-2
36558;0;27451;-2
36564;0;27451;-2
36570;0;27451;-2
36579;0;27451;-2
36585;0;27451;-2
36591;0;27451;-2
36597;0;27451;-2
36603;0;27451;-2
36609;0;27451;-2
36615;0;27451;-2
36624;0;27451;-2
36630;0;27451;-2
36636;0;27451;-2
36642;0;27451;-2
36648;0;27451;-2
36654;0;27451;-2
36660;0;27451;-2
36666;0;27451;-2
36672;0;27451;-2
36675;0;27451;-2
36681;0;27451;-2
36687;0;27451;-2
36693;0;27451;-2
36699;0;27451;-2
36705;0;27451;-2
36711;0;27451;-2
36717;0;27451;-2
36723;0;27451;-2
36729;0;27451;-2
36735;0;27451;-2
36741;0;27451;-2
36747;0;27451;-2
36753;0;27451;-2
36759;0;27451;-2
36765;0;27451;-2
36771;0;27451;-2
36780;0;27451;-2
36786;0;27451;-2
36792;0;27451;-2
36798;0;27451;-2
36804;0;27451;-2
36810;0;27451;-2
36816;0;27451;-2
36822;0;27451;-2
36828;0;27451;-2
36834;0;27451;-2
36840;0;27451;-2
36846;0;27451;-2
36852;0;27451;-2
36858;0;27451;-2
36864;0;27451;-2
36870;0;27451;-2
36876;0;27451;-2
36882;0;27451;-2
36891;0;27451;-2
36897;0;27451;-2
36903;0;27451;-2
36909;0;27451;-2
36915;0;27451;-2
36921;0;27451;-2
36927;0;27451;-2
36933;0;27451;-2
36939;0;27451;-2
36948;0;27451;-2
36954;0;27451;-2
36960;0;27451;-2
36966;0;27451;-2
36972;0;27451;-2
36978;0;27451;-2
36984;0;27451;-2
36990;0;27451;-2
36996;0;27451;-2
37002;0;27451;-2
37008;0;27451;-2
37014;0;27451;-2
37020;0;27451;-2
37029;0;27451;-2
37035;0;27451;-2
37041;0;27451;-2
37047;0;27451;-2
37053;0;27451;-2
37059;0;27451;-2
37065;0;27451;-2
37074;0;27451;-2
37080;0;27451;-2
37086;0;27451;-2
37089;0;27451;-2
37095;0;27451;-2
37101;0;27451;-2
37107;0;27451;-2
37113;0;27451;-2
37119;0;27451;-2
37125;0;27451;-2
37131;0;27451;-2
37140;0;27451;-2
37146;0;27451;-2
37152;0;27451;-2
37158;0;27451;-2
37164;0;27451;-2
37173;0;27451;-2
37179;0;27451;-2
37185;0;27451;-2
37191;0;27451;-2
37197;0;27451;-2
37203;0;27451;-2
37209;0;27451;-2
37218;0;27451;-2
37224;0;27451;-2
37230;0;27451;-2
37236;0;27451;-2
37242;0;27451;-2
37248;0;27451;-2
37254;0;27451;-2
37260;0;27451;-2
37266;0;27451;-2
37272;0;27451;-2
37278;0;27451;-2
37284;0;27451;-2
37290;0;27451;-2
37296;0;27451;-2
37302;0;27451;-2
37308;0;27451;-2
37314;0;27451;-2
37320;0;27451;-2
37326;0;27451;-2
37332;0;27451;-2
37341;0;27451;-2
37347;0;27451;-2
37353;0;27451;-2
37359;0;27451;-2
37365;0;27451;-2
37374;0;27451;-2
37380;0;27451;-2
37386;0;27451;-2
37392;0;27451;-2
37398;0;27451;-2
37404;0;27451;-2
37410;0;27451;-2
37416;0;27451;-2
37422;0;27451;-2
37428;0;27451;-2
37434;0;27451;-2
37440;0;27451;-2
37446;0;27451;-2
37455;0;27451;-2
37461;0;27451;-2
37467;0;27451;-2
37473;0;27451;-2
37479;0;27451;-2
37485;0;27451;-2
37491;0;27451;-2
37497;0;27451;-2
37503;0;27451;-2
37509;0;27451;-2
37515;0;27451;-2
37521;0;27451;-2
37527;0;27451;-2
37533;0;27451;-2
37539;0;27451;-2
37545;0;27451;-2
37548;0;27451;-2
37554;0;27451;-2
37560;0;27451;-2
37566;0;27451;-2
37572;0;27451;-2
37578;0;27451;-2
37584;0;27451;-2
37590;0;27451;-2
37596;0;27451;-2
37602;0;27451;-2
37608;0;27451;-2
37614;0;27451;-2
37623;0;27451;-2
37629;0;27451;-2
37635;0;27451;-2
37641;0;27451;-2
37647;0;27451;-2
37656;0;27451;-2
37659;0;27451;-2
37665;0;27451;-2
37671;0;27451;-2
37677;0;27451;-2
37683;0;27451;-2
37689;0;27451;-2
37695;0;27451;-2
37701;0;27451;-2
37707;0;27451;-2
37713;0;27451;-2
37719;0;27451;-2
37725;0;27451;-2
37731;0;27451;-2
37737;0;27451;-2
37743;0;27451;-2
37749;0;27451;-2
37755;0;27451;-2
37761;0;27451;-2
37767;0;27451;-2
37773;0;27451;-2
37779;0;27451;-2
37785;0;27451;-2
37791;0;27451;-2
37797;0;27451;-2
37803;0;27451;-2
37812;0;27451;-2
37818;0;27451;-2
37824;0;27451;-2
37833;0;27451;-2
37839;0;27451;-2
37845;0;27451;-2
37851;0;27451;-2
37857;0;27451;-2
37863;0;27451;-2
37869;0;27451;-2
37875;0;27451;-2
37881;0;27451;-2
37890;0;27451;-2
37896;0;27451;-2
37902;0;27451;-2
37908;0;27451;-2
37914;0;27451;-2
37923;0;27451;-2
37929;0;27451;-2
37935;0;27451;-2
37941;0;27451;-2
37947;0;27451;-2
37953;0;27451;-2
37959;0;27451;-2
37965;0;27451;-2
37971;0;27451;-2
37980;0;27451;-2
37986;0;27451;-2
37992;0;27451;-2
37998;0;27451;-2
38004;0;27451;-2
38013;0;27451;-2
38019;0;27451;-2
38025;0;27451;-2
38031;0;27451;-2
38037;0;27451;-2
38046;0;27451;-2
38052;0;27451;-2
38058;0;27451;-2
38064;0;27451;-2
38070;0;27451;-2
38076;0;27451;-2
38082;0;27451;-2
38091;0;27451;-2
38097;0;27451;-2
38103;0;27451;-2
38109;0;27451;-2
38115;0;27451;-2
38121;0;27451;-2
38127;0;27451;-2
38136;0;27451;-2
38142;0;27451;-2
38148;0;27451;-2
38154;0;27451;-2
38160;0;27451;-2
38166;0;27451;-2
38172;0;27451;-2
38178;0;27451;-2
38184;0;27451;-2
38190;0;27451;-2
38196;0;27451;-2
38199;0;27451;-2
38205;0;27451;-2
38214;0;27451;-2
38220;0;27451;-2
38226;0;27451;-2
38232;0;27451;-2
38238;0;27451;-2
38244;0;27451;-2
38250;0;27451;-2
38253;0;27451;-2
38259;0;27451;-2
38265;0;27451;-2
38271;0;27451;-2
38277;0;27451;-2
38283;0;27451;-2
38289;0;27451;-2
38295;0;27451;-2
38301;0;27451;-2
38307;0;27451;-2
38313;0;27451;-2
38319;0;27451;-2
38328;0;27451;-2
38334;0;27451;-2
38340;0;27451;-2
38346;0;27451;-2
38352;0;27451;-2
38358;0;27451;-2
38364;0;27451;-2
38373;0;27451;-2
38382;0;27451;-2
38388;0;27451;-2
38394;0;27451;-2
38400;0;27451;-2
38406;0;27451;-2
38418;0;27451;-2
38424;0;27451;-2
38430;0;27451;-2
38436;0;27451;-2
38442;0;27451;-2
38451;0;27451;-2
38457;0;27451;-2
38463;0;27451;-2
38469;0;27451;-2
38475;0;27451;-2
38481;0;27451;-2
38487;0;27451;-2
38493;0;27451;-2
38499;0;27451;-2
38508;0;27451;-2
38514;0;27451;-2
38520;0;27451;-2
38526;0;27451;-2
38532;0;27451;-2
38541;0;27451;-2
38547;0;27451;-2
38553;0;27451;-2
38559;0;27451;-2
38565;0;27451;-2
38571;0;27451;-2
38577;0;27451;-2
38583;0;27451;-2
38589;0;27451;-2
38595;0;27451;-2
38601;0;27451;-2
38607;0;27451;-2
38613;0;27451;-2
38619;0;27451;-2
38625;0;27451;-2
38631;0;27451;-2
38640;0;27451;-2
38646;0;27451;-2
38652;0;27451;-2
38658;0;27451;-2
38664;0;27451;-2
38670;0;27451;-2
38676;0;27451;-2
38682;0;27451;-2
38688;0;27451;-2
38691;0;27451;-2
38697;0;27451;-2
38703;0;27451;-2
38709;0;27451;-2
38715;0;27451;-2
38721;0;27451;-2
38730;0;27451;-2
38736;0;27451;-2
38742;0;27451;-2
38748;0;27451;-2
38754;0;27451;-2
38757;0;27451;-2
38763;0;27451;-2
38769;0;27451;-2
38775;0;27451;-2
38781;0;27451;-2
38787;0;27451;-2
38793;0;27451;-2
38799;0;27451;-2
38805;0;27451;-2
38811;0;27451;-2
38814;0;27451;-2
38820;0;27451;-2
38826;0;27451;-2
38832;0;27451;-2
38838;0;27451;-2
38844;0;27451;-2
38850;0;27451;-2
38856;0;27451;-2
38862;0;27451;-2
38868;0;27451;-2
38874;0;27451;-2
38880;0;27451;-2
38886;0;27451;-2
38892;0;27451;-2
38898;0;27451;-2
38904;0;27451;-2
38910;0;27451;-2
38916;0;27451;-2
38922;0;27451;-2
38928;0;27451;-2
38934;0;27451;-2
38940;0;27451;-2
38946;0;27451;-2
38955;0;27451;-2
38961;0;27451;-2
38967;0;27451;-2
38973;0;27451;-2
38979;0;27451;-2
38985;0;27451;-2
38991;0;27451;-2
38997;0;27451;-2
39003;0;27451;-2
39009;0;27451;-2
39015;0;27451;-2
39021;0;27451;-2
39027;0;27451;-2
39033;0;27451;-2
39039;0;27451;-2
39045;0;27451;-2
39051;0;27451;-2
39057;0;27451;-2
39063;0;27451;-2
39069;0;27451;-2
39075;0;27451;-2
39081;0;27451;-2
39090;0;27451;-2
39096;0;27451;-2
39102;0;27451;-2
39105;0;27451;-2
39111;0;27451;-2
39117;0;27451;-2
39123;0;27451;-2
39129;0;27451;-2
39135;0;27451;-2
39144;0;27451;-2
39150;0;27451;-2
39156;0;27451;-2
39162;0;27451;-2
39168;0;27451;-2
39174;0;27451;-2
39180;0;27451;-2
39186;0;27451;-2
39192;0;27451;-2
39198;0;27451;-2
39204;0;27451;-2
39210;0;27451;-2
39216;0;27451;-2
39222;0;27451;-2
39228;0;27451;-2
39234;0;27451;-2
39240;0;27451;-2
39246;0;27451;-2
39252;0;27451;-2
39258;0;27451;-2
39264;0;27451;-2
39270;0;27451;-2
39276;0;27451;-2
39282;0;27451;-2
39291;0;27451;-2
39297;0;27451;-2
39303;0;27451;-2
39309;0;27451;-2
39315;0;27451;-2
39324;0;27451;-2
39330;0;27451;-2
39336;0;27451;-2
39342;0;27451;-2
39348;0;27451;-2
39354;0;27451;-2
39360;0;27451;-2
39369;0;27451;-2
39375;0;27451;-2
39381;0;27451;-2
39387;0;27451;-2
39393;0;27451;-2
39399;0;27451;-2
39405;0;27451;-2
39414;0;27451;-2
39420;0;27451;-2
39426;0;27451;-2
39429;0;27451;-2
39435;0;27451;-2
39441;0;27451;-2
39447;0;27451;-2
39453;0;27451;-2
39459;0;27451;-2
39465;0;27451;-2
39471;0;27451;-2
39480;0;27451;-2
39492;0;27451;-2
39498;0;27451;-2
39504;0;27451;-2
39510;0;27451;-2
39516;0;27451;-2
39525;0;27451;-2
39531;0;27451;-2
39537;0;27451;-2
39543;0;27451;-2
39549;0;27451;-2
39555;0;27451;-2
39561;0;27451;-2
39570;0;27451;-2
39576;0;27451;-2
39582;0;27451;-2
39588;0;27451;-2
39594;0;27451;-2
39600;0;27451;-2
39606;0;27451;-2
39615;0;27451;-2
39621;0;27451;-2
39627;0;27451;-2
39633;0;27451;-2
39639;0;27451;-2
39645;0;27451;-2
39651;0;27451;-2
39657;0;27451;-2
39663;0;27451;-2
39669;0;27451;-2
39675;0;27451;-2
39681;0;27451;-2
39687;0;27451;-2
39693;0;27451;-2
39699;0;27451;-2
39705;0;27451;-2
39711;0;27451;-2
39717;0;27451;-2
39723;0;27451;-2
39729;0;27451;-2
39735;0;27451;-2
39741;0;27451;-2
39747;0;27451;-2
39753;0;27451;-2
39759;0;27451;-2
39768;0;27451;-2
39774;0;27451;-2
39780;0;27451;-2
39786;0;27451;-2
39792;0;27451;-2
39798;0;27451;-2
39804;0;27451;-2
39810;0;27451;-2
39816;0;27451;-2
39822;0;27451;-2
39828;0;27451;-2
39834;0;27451;-2
39840;0;27451;-2
39846;0;27451;-2
39852;0;27451;-2
39861;0;27451;-2
39867;0;27451;-2
39873;0;27451;-2
39879;0;27451;-2
39885;0;27451;-2
39891;0;27451;-2
39897;0;27451;-2
39906;0;27451;-2
39912;0;27451;-2
39918;0;27451;-2
39924;0;27451;-2
39930;0;27451;-2
39936;0;27451;-2
39942;0;27451;-2
39948;0;27451;-2
39954;0;27451;-2
39960;0;27451;-2
39966;0;27451;-2
39975;0;27451;-2
39984;0;27451;-2
39990;0;27451;-2
39996;0;27451;-2
40002;0;27451;-2
40008;0;27451;-2
40014;0;27451;-2
40020;0;27451;-2
40026;0;27451;-2
40032;0;27451;-2
40041;0;27451;-2
40047;0;27451;-2
40053;0;27451;-2
40059;0;27451;-2
40065;0;27451;-2
40071;0;27451;-2
40077;0;27451;-2
40083;0;27451;-2
40089;0;27451;-2
40095;0;27451;-2
40101;0;27451;-2
40104;0;27451;-2
40110;0;27451;-2
40113;0;27451;-2
40119;0;27451;-2
40125;0;27451;-2
40131;0;27451;-2
40137;0;27451;-2
40143;0;27451;-2
40149;0;27451;-2
40155;0;27451;-2
40158;0;27451;-2
40164;0;27451;-2
40170;0;27451;-2
40176;0;27451;-2
40182;0;27451;-2
40188;0;27451;-2
40197;0;27451;-2
40203;0;27451;-2
40209;0;27451;-2
40215;0;27451;-2
40221;0;27451;-2
40227;0;27451;-2
40233;0;27451;-2
40242;0;27451;-2
40248;0;27451;-2
40254;0;27451;-2
40260;0;27451;-2
40266;0;27451;-2
40272;0;27451;-2
40278;0;27451;-2
40284;0;27451;-2
40290;0;27451;-2
40296;0;27451;-2
40302;0;27451;-2
40308;0;27451;-2
40314;0;27451;-2
40320;0;27451;-2
40326;0;27451;-2
40332;0;27451;-2
40338;0;27451;-2
40344;0;27451;-2
40350;0;27451;-2
40356;0;27451;-2
40365;0;27451;-2
40371;0;27451;-2
40377;0;27451;-2
40383;0;27451;-2
40389;0;27451;-2
40395;0;27451;-2
40401;0;27451;-2
40410;0;27451;-2
40416;0;27451;-2
40422;0;27451;-2
40428;0;27451;-2
40434;0;27451;-2
40440;0;27451;-2
40446;0;27451;-2
40449;0;27451;-2
40455;0;27451;-2
40461;0;27451;-2
40467;0;27451;-2
40473;0;27451;-2
40479;0;27451;-2
40485;0;27451;-2
40491;0;27451;-2
40497;0;27451;-2
40503;0;27451;-2
40509;0;27451;-2
40515;0;27451;-2
40524;0;27451;-2
40530;0;27451;-2
40536;0;27451;-2
40542;0;27451;-2
40548;0;27451;-2
40554;0;27451;-2
40560;0;27451;-2
40566;0;27451;-2
40572;0;27451;-2
40578;0;27451;-2
40584;0;27451;-2
40590;0;27451;-2
40596;0;27451;-2
40602;0;27451;-2
40608;0;27451;-2
40614;0;27451;-2
40620;0;27451;-2
40626;0;27451;-2
40632;0;27451;-2
40638;0;27451;-2
40644;0;27451;-2
40650;0;27451;-2
40656;0;27451;-2
40662;0;27451;-2
40668;0;27451;-2
40674;0;27451;-2
40680;0;27451;-2
40686;0;27451;-2
40692;0;27451;-2
40698;0;27451;-2
40704;0;27451;-2
40710;0;27451;-2
40716;0;27451;-2
40722;0;27451;-2
40728;0;27451;-2
40734;0;27451;-2
40740;0;27451;-2
40746;0;27451;-2
40752;0;27451;-2
40758;0;27451;-2
40764;0;27451;-2
40770;0;27451;-2
40776;0;27451;-2
40782;0;27451;-2
40791;0;27451;-2
40797;0;27451;-2
40803;0;27451;-2
40809;0;27451;-2
40815;0;27451;-2
40821;0;27451;-2
40827;0;27451;-2
40833;0;27451;-2
40839;0;27451;-2
40845;0;27451;-2
40851;0;27451;-2
40857;0;27451;-2
40863;0;27451;-2
40869;0;27451;-2
40875;0;27451;-2
40881;0;27451;-2
40887;0;27451;-2
40893;0;27451;-2
40899;0;27451;-2
40905;0;27451;-2
40908;0;27451;-2
40914;0;27451;-2
40920;0;27451;-2
40926;0;27451;-2
40932;0;27451;-2
40938;0;27451;-2
40944;0;27451;-2
40950;0;27451;-2
40956;0;27451;-2
40962;0;27451;-2
40971;0;27451;-2
40977;0;27451;-2
40983;0;27451;-2
40989;0;27451;-2
40995;0;27451;-2
40998;0;27451;-2
41004;0;27451;-2
41010;0;27451;-2
41016;0;27451;-2
41022;0;27451;-2
41028;0;27451;-2
41034;0;27451;-2
41040;0;27451;-2
41046;0;27451;-2
41052;0;27451;-2
41058;0;27451;-2
41064;0;27451;-2
41070;0;27451;-2
41076;0;27451;-2
41082;0;27451;-2
41088;0;27451;-2
41094;0;27451;-2
41100;0;27451;-2
41106;0;27451;-2
41112;0;27451;-2
41118;0;27451;-2
41124;0;27451;-2
41130;0;27451;-2
41136;0;27451;-2
41142;0;27451;-2
41148;0;27451;-2
41154;0;27451;-2
41160;0;27451;-2
41166;0;27451;-2
41172;0;27451;-2
41178;0;27451;-2
41184;0;27451;-2
41190;0;27451;-2
41196;0;27451;-2
41202;0;27451;-2
41208;0;27451;-2
41214;0;27451;-2
41220;0;27451;-2
41226;0;27451;-2
41235;0;27451;-2
41241;0;27451;-2
41247;0;27451;-2
41253;0;27451;-2
41259;0;27451;-2
41265;0;27451;-2
41274;0;27451;-2
41280;0;27451;-2
41286;0;27451;-2
41292;0;27451;-2
41298;0;27451;-2
41307;0;27451;-2
41313;0;27451;-2
41319;0;27451;-2
41325;0;27451;-2
41331;0;27451;-2
41337;0;27451;-2
41343;0;27451;-2
41352;0;27451;-2
41358;0;27451;-2
41364;0;27451;-2
41370;0;27451;-2
41376;0;27451;-2
41382;0;27451;-2
41388;0;27451;-2
41394;0;27451;-2
41400;0;27451;-2
41409;0;27451;-2
41418;0;27451;-2
41424;0;27451;-2
41430;0;27451;-2
41436;0;27451;-2
41442;0;27451;-2
41448;0;27451;-2
41454;0;27451;-2
41460;0;27451;-2
41466;0;27451;-2
41475;0;27451;-2
41481;0;27451;-2
41487;0;27451;-2
41493;0;27451;-2
41499;0;27451;-2
41508;0;27451;-2
41514;0;27451;-2
41520;0;27451;-2
41526;0;27451;-2
41532;0;27451;-2
41538;0;27451;-2
41544;0;27451;-2
41550;0;27451;-2
41556;0;27451;-2
41562;0;27451;-2
41568;0;27451;-2
41574;0;27451;-2
41580;0;27451;-2
41586;0;27451;-2
41592;0;27451;-2
41598;0;27451;-2
41604;0;27451;-2
41610;0;27451;-2
41616;0;27451;-2
41622;0;27451;-2
41628;0;27451;-2
41634;0;27451;-2
41643;0;27451;-2
41649;0;27451;-2
41655;0;27451;-2
41661;0;27451;-2
41667;0;27451;-2
41673;0;27451;-2
41679;0;27451;-2
41685;0;27451;-2
41691;0;27451;-2
41700;0;27451;-2
41706;0;27451;-2
41712;0;27451;-2
41721;0;27451;-2
41727;0;27451;-2
41733;0;27451;-2
41739;0;27451;-2
41745;0;27451;-2
41754;0;27451;-2
41760;0;27451;-2
41766;0;27451;-2
41772;0;27451;-2
41778;0;27451;-2
41784;0;27451;-2
41790;0;27451;-2
41799;0;27451;-2
41805;0;27451;-2
41811;0;27451;-2
41817;0;27451;-2
41823;0;27451;-2
41829;0;27451;-2
41835;0;27451;-2
41844;0;27451;-2
41850;0;27451;-2
41856;0;27451;-2
41865;0;27451;-2
41871;0;27451;-2
41877;0;27451;-2
41883;0;27451;-2
41889;0;27451;-2
41895;0;27451;-2
41901;0;27451;-2
41907;0;27451;-2
41913;0;27451;-2
41922;0;27451;-2
41928;0;27451;-2
41934;0;27451;-2
41940;0;27451;-2
41946;0;27451;-2
41952;0;27451;-2
41958;0;27451;-2
41964;0;27451;-2
41970;0;27451;-2
41976;0;27451;-2
41982;0;27451;-2
41988;0;27451;-2
41994;0;27451;-2
42000;0;27451;-2
42006;0;27451;-2
42012;0;27451;-2
42018;0;27451;-2
42024;0;27451;-2
42030;0;27451;-2
42036;0;27451;-2
42042;0;27451;-2
42048;0;27451;-2
42054;0;27451;-2
42060;0;27451;-2
42066;0;27451;-2
42072;0;27451;-2
42078;0;27451;-2
42084;0;27451;-2
42090;0;27451;-2
42096;0;27451;-2
42102;0;27451;-2
42108;0;27451;-2
42114;0;27451;-2
42126;0;27451;-2
42132;0;27451;-2
42138;0;27451;-2
42144;0;27451;-2
42150;0;27451;-2
42153;0;27451;-2
42159;0;27451;-2
42165;0;27451;-2
42171;0;27451;-2
42177;0;27451;-2
42183;0;27451;-2
42189;0;27451;-2
42195;0;27451;-2
42201;0;27451;-2
42207;0;27451;-2
42213;0;27451;-2
42219;0;27451;-2
42225;0;27451;-2
42231;0;27451;-2
42237;0;27451;-2
42243;0;27451;-2
42249;0;27451;-2
42255;0;27451;-2
42261;0;27451;-2
42267;0;27451;-2
42273;0;27451;-2
42282;0;27451;-2
42294;0;27451;-2
42300;0;27451;-2
42306;0;27451;-2
42312;0;27451;-2
42318;0;27451;-2
42327;0;27451;-2
42333;0;27451;-2
42339;0;27451;-2
42345;0;27451;-2
42351;0;27451;-2
42360;0;27451;-2
42366;0;27451;-2
42372;0;27451;-2
42378;0;27451;-2
42384;0;27451;-2
42393;0;27451;-2
42399;0;27451;-2
42405;0;27451;-2
42411;0;27451;-2
42417;0;27451;-2
42423;0;27451;-2
42429;0;27451;-2
42435;0;27451;-2
42441;0;27451;-2
42450;0;27451;-2
42456;0;27451;-2
42462;0;27451;-2
42468;0;27451;-2
42474;0;27451;-2
42483;0;27451;-2
42489;0;27451;-2
42495;0;27451;-2
42501;0;27451;-2
42507;0;27451;-2
42516;0;27451;-2
42522;0;27451;-2
42528;0;27451;-2
42534;0;27451;-2
42540;0;27451;-2
42546;0;27451;-2
42552;0;27451;-2
42561;0;27451;-2
42567;0;27451;-2
42573;0;27451;-2
42579;0;27451;-2
42585;0;27451;-2
42591;0;27451;-2
42597;0;27451;-2
42603;0;27451;-2
42609;0;27451;-2
42615;0;27451;-2
42621;0;27451;-2
42627;0;27451;-2
42633;0;27451;-2
42639;0;27451;-2
42645;0;27451;-2
42651;0;27451;-2
42657;0;27451;-2
42663;0;27451;-2
42669;0;27451;-2
42675;0;27451;-2
42681;0;27451;-2
42687;0;27451;-2
42693;0;27451;-2
42699;0;27451;-2
42705;0;27451;-2
42711;0;27451;-2
42717;0;27451;-2
42723;0;27451;-2
42729;0;27451;-2
42735;0;27451;-2
42741;0;27451;-2
42747;0;27451;-2
42753;0;27451;-2
42759;0;27451;-2
42765;0;27451;-2
42771;0;27451;-2
42777;0;27451;-2
42783;0;27451;-2
42789;0;27451;-2
42795;0;27451;-2
42801;0;27451;-2
42807;0;27451;-2
42813;0;27451;-2
42819;0;27451;-2
42825;0;27451;-2
42831;0;27451;-2
42837;0;27451;-2
42843;0;27451;-2
42849;0;27451;-2
42855;0;27451;-2
42861;0;27451;-2
42867;0;27451;-2
42876;0;27451;-2
42882;0;27451;-2
42888;0;27451;-2
42894;0;27451;-2
42900;0;27451;-2
42906;0;27451;-2
42912;0;27451;-2
42921;0;27451;-2
42927;0;27451;-2
42933;0;27451;-2
42939;0;27451;-2
42945;0;27451;-2
42951;0;27451;-2
42957;0;27451;-2
42966;0;27451;-2
42975;0;27451;-2
42981;0;27451;-2
42987;0;27451;-2
42993;0;27451;-2
42999;0;27451;-2
43005;0;27451;-2
43011;0;27451;-2
43014;0;27451;-2
43020;0;27451;-2
43026;0;27451;-2
43032;0;27451;-2
43038;0;27451;-2
43044;0;27451;-2
43050;0;27451;-2
43056;0;27451;-2
43062;0;27451;-2
43068;0;27451;-2
43074;0;27451;-2
43080;0;27451;-2
43086;0;27451;-2
43092;0;27451;-2
43098;0;27451;-2
43104;0;27451;-2
43110;0;27451;-2
43116;0;27451;-2
43122;0;27451;-2
43128;0;27451;-2
43134;0;27451;-2
43140;0;27451;-2
43146;0;27451;-2
43155;0;27451;-2
43161;0;27451;-2
43167;0;27451;-2
43173;0;27451;-2
43179;0;27451;-2
43188;0;27451;-2
43194;0;27451;-2
43200;0;27451;-2
43212;0;27451;-2
43218;0;27451;-2
43224;0;27451;-2
43230;0;27451;-2
43236;0;27451;-2
43242;0;27451;-2
43248;0;27451;-2
43251;0;27451;-2
43257;0;27451;-2
43263;0;27451;-2
43269;0;27451;-2
43275;0;27451;-2
43281;0;27451;-2
43287;0;27451;-2
43293;0;27451;-2
43299;0;27451;-2
43305;0;27451;-2
43311;0;27451;-2
43317;0;27451;-2
43323;0;27451;-2
43329;0;27451;-2
43335;0;27451;-2
43341;0;27451;-2
43347;0;27451;-2
43356;0;27451;-2
43362;0;27451;-2
43368;0;27451;-2
43374;0;27451;-2
43380;0;27451;-2
43386;0;27451;-2
43392;0;27451;-2
43401;0;27451;-2
43407;0;27451;-2
43413;0;27451;-2
43419;0;27451;-2
43425;0;27451;-2
43431;0;27451;-2
43437;0;27451;-2
43446;0;27451;-2
43452;0;27451;-2
43458;0;27451;-2
43464;0;27451;-2
43470;0;27451;-2
43476;0;27451;-2
43482;0;27451;-2
43491;0;27451;-2
43497;0;27451;-2
43503;0;27451;-2
43509;0;27451;-2
43515;0;27451;-2
43521;0;27451;-2
43527;0;27451;-2
43533;0;27451;-2
43539;0;27451;-2
43545;0;27451;-2
43551;0;27451;-2
43557;0;27451;-2
43563;0;27451;-2
43569;0;27451;-2
43575;0;27451;-2
43581;0;27451;-2
43587;0;27451;-2
43593;0;27451;-2
43599;0;27451;-2
43605;0;27451;-2
43611;0;27451;-2
43617;0;27451;-2
43620;0;27451;-2
43626;0;27451;-2
43632;0;27451;-2
43638;0;27451;-2
43644;0;27451;-2
43650;0;27451;-2
43653;0;27451;-2
43659;0;27451;-2
43665;0;27451;-2
43671;0;27451;-2
43677;0;27451;-2
43683;0;27451;-2
43692;0;27451;-2
43698;0;27451;-2
43704;0;27451;-2
43710;0;27451;-2
43716;0;27451;-2
43722;0;27451;-2
43728;0;27451;-2
43734;0;27451;-2
43740;0;27451;-2
43749;0;27451;-2
43755;0;27451;-2
43761;0;27451;-2
43767;0;27451;-2
43773;0;27451;-2
43779;0;27451;-2
43785;0;27451;-2
43791;0;27451;-2
43797;0;27451;-2
43803;0;27451;-2
43809;0;27451;-2
43815;0;27451;-2
43821;0;27451;-2
43827;0;27451;-2
43833;0;27451;-2
43839;0;27451;-2
43845;0;27451;-2
43851;0;27451;-2
43857;0;27451;-2
43863;0;27451;-2
43869;0;27451;-2
43875;0;27451;-2
43884;0;27451;-2
43890;0;27451;-2
43896;0;27451;-2
43902;0;27451;-2
43908;0;27451;-2
43914;0;27451;-2
43920;0;27451;-2
43923;0;27451;-2
43929;0;27451;-2
43935;0;27451;-2
43941;0;27451;-2
43947;0;27451;-2
43953;0;27451;-2
43959;0;27451;-2
43965;0;27451;-2
43974;0;27451;-2
43980;0;27451;-2
43986;0;27451;-2
43992;0;27451;-2
43998;0;27451;-2
44004;0;27451;-2
44010;0;27451;-2
44019;0;27451;-2
44025;0;27451;-2
44031;0;27451;-2
44037;0;27451;-2
44043;0;27451;-2
44049;0;27451;-2
44055;0;27451;-2
44064;0;27451;-2
44070;0;27451;-2
44076;0;27451;-2
44082;0;27451;-2
44088;0;27451;-2
44094;0;27451;-2
44100;0;27451;-2
44106;0;27451;-2
44112;0;27451;-2
44118;0;27451;-2
44124;0;27451;-2
44130;0;27451;-2
44136;0;27451;-2
44142;0;27451;-2
44148;0;27451;-2
44154;0;27451;-2
44160;0;27451;-2
44166;0;27451;-2
44175;0;27451;-2
44181;0;27451;-2
44187;0;27451;-2
44193;0;27451;-2
44199;0;27451;-2
44205;0;27451;-2
44211;0;27451;-2
44217;0;27451;-2
44223;0;27451;-2
44229;0;27451;-2
44235;0;27451;-2
44241;0;27451;-2
44247;0;27451;-2
44253;0;27451;-2
44259;0;27451;-2
44265;0;27451;-2
44271;0;27451;-2
44277;0;27451;-2
44283;0;27451;-2
44289;0;27451;-2
44298;0;27451;-2
44304;0;27451;-2
44310;0;27451;-2
44316;0;27451;-2
44322;0;27451;-2
44328;0;27451;-2
44334;0;27451;-2
44343;0;27451;-2
44349;0;27451;-2
44355;0;27451;-2
44361;0;27451;-2
44367;0;27451;-2
44373;0;27451;-2
44379;0;27451;-2
44388;0;27451;-2
44394;0;27451;-2
44400;0;27451;-2
44403;0;27451;-2
44409;0;27451;-2
44415;0;27451;-2
44421;0;27451;-2
44427;0;27451;-2
44433;0;27451;-2
44439;0;27451;-2
44445;0;27451;-2
44454;0;27451;-2
44460;0;27451;-2
44466;0;27451;-2
44472;0;27451;-2
44478;0;27451;-2
44484;0;27451;-2
44490;0;27451;-2
44499;0;27451;-2
44505;0;27451;-2
44511;0;27451;-2
44517;0;27451;-2
44523;0;27451;-2
44529;0;27451;-2
44535;0;27451;-2
44541;0;27451;-2
44547;0;27451;-2
44553;0;27451;-2
44559;0;27451;-2
44568;0;27451;-2
44574;0;27451;-2
44580;0;27451;-2
44583;0;27451;-2
44589;0;27451;-2
44595;0;27451;-2
44601;0;27451;-2
44607;0;27451;-2
44613;0;27451;-2
44619;0;27451;-2
44625;0;27451;-2
44631;0;27451;-2
44637;0;27451;-2
44643;0;27451;-2
44649;0;27451;-2
44655;0;27451;-2
44661;0;27451;-2
44667;0;27451;-2
44673;0;27451;-2
44679;0;27451;-2
44685;0;27451;-2
44691;0;27451;-2
44697;0;27451;-2
44703;0;27451;-2
44706;0;27451;-2
44712;0;27451;-2
44718;0;27451;-2
44724;0;27451;-2
44730;0;27451;-2
44736;0;27451;-2
44742;0;27451;-2
44748;0;27451;-2
44754;0;27451;-2
44760;0;27451;-2
44766;0;27451;-2
44772;0;27451;-2
44778;0;27451;-2
44784;0;27451;-2
44790;0;27451;-2
44796;0;27451;-2
44802;0;27451;-2
44808;0;27451;-2
44814;0;27451;-2
44820;0;27451;-2
44826;0;27451;-2
44835;0;27451;-2
44841;0;27451;-2
44847;0;27451;-2
44853;0;27451;-2
44859;0;27451;-2
44865;0;27451;-2
44871;0;27451;-2
44877;0;27451;-2
44883;0;27451;-2
44889;0;27451;-2
44895;0;27451;-2
44904;0;27451;-2
44910;0;27451;-2
44916;0;27451;-2
44925;0;27451;-2
44931;0;27451;-2
44937;0;27451;-2
44943;0;27451;-2
44949;0;27451;-2
44958;0;27451;-2
44964;0;27451;-2
44970;0;27451;-2
44976;0;27451;-2
44982;0;27451;-2
44988;0;27451;-2
44994;0;27451;-2
45000;0;27451;-2
45006;0;27451;-2
45012;0;27451;-2
45018;0;27451;-2
45024;0;27451;-2
45030;0;27451;-2
45036;0;27451;-2
45042;0;27451;-2
45048;0;27451;-2
45054;0;27451;-2
45060;0;27451;-2
45066;0;27451;-2
45072;0;27451;-2
45078;0;27451;-2
45084;0;27451;-2
45093;0;27451;-2
45099;0;27451;-2
45105;0;27451;-2
45111;0;27451;-2
45117;0;27451;-2
45126;0;27451;-2
45132;0;27451;-2
45138;0;27451;-2
45144;0;27451;-2
45150;0;27451;-2
45156;0;27451;-2
45162;0;27451;-2
45168;0;27451;-2
45174;0;27451;-2
45180;0;27451;-2
45186;0;27451;-2
45195;0;27451;-2
45201;0;27451;-2
45207;0;27451;-2
45213;0;27451;-2
45219;0;27451;-2
45225;0;27451;-2
45231;0;27451;-2
45240;0;27451;-2
45246;0;27451;-2
45252;0;27451;-2
45258;0;27451;-2
45264;0;27451;-2
45267;0;27451;-2
45273;0;27451;-2
45279;0;27451;-2
45285;0;27451;-2
45294;0;27451;-2
45300;0;27451;-2
45306;0;27451;-2
45312;0;27451;-2
45318;0;27451;-2
45324;0;27451;-2
45330;0;27451;-2
45339;0;27451;-2
45345;0;27451;-2
45351;0;27451;-2
45357;0;27451;-2
45363;0;27451;-2
45369;0;27451;-2
45375;0;27451;-2
45381;0;27451;-2
45387;0;27451;-2
45396;0;27451;-2
45402;0;27451;-2
45408;0;27451;-2
45414;0;27451;-2
45420;0;27451;-2
45426;0;27451;-2
45432;0;27451;-2
45438;0;27451;-2
45444;0;27451;-2
45450;0;27451;-2
45456;0;27451;-2
45462;0;27451;-2
45468;0;27451;-2
45474;0;27451;-2
45480;0;27451;-2
45486;0;27451;-2
45492;0;27451;-2
45498;0;27451;-2
45507;0;27451;-2
45513;0;27451;-2
45519;0;27451;-2
45525;0;27451;-2
45531;0;27451;-2
45537;0;27451;-2
45543;0;27451;-2
45552;0;27451;-2
45558;0;27451;-2
45564;0;27451;-2
45570;0;27451;-2
45576;0;27451;-2
45582;0;27451;-2
45588;0;27451;-2
45594;0;27451;-2
45600;0;27451;-2
45609;0;27451;-2
45615;0;27451;-2
45621;0;27451;-2
45627;0;27451;-2
45633;0;27451;-2
45639;0;27451;-2
45645;0;27451;-2
45654;0;27451;-2
45660;0;27451;-2
45666;0;27451;-2
45672;0;27451;-2
45678;0;27451;-2
45684;0;27451;-2
45690;0;27451;-2
45696;0;27451;-2
45702;0;27451;-2
45711;0;27451;-2
45720;0;27451;-2
45726;0;27451;-2
45732;0;27451;-2
45738;0;27451;-2
45744;0;27451;-2
45750;0;27451;-2
45756;0;27451;-2
45762;0;27451;-2
45768;0;27451;-2
45777;0;27451;-2
45783;0;27451;-2
45789;0;27451;-2
45795;0;27451;-2
45801;0;27451;-2
45810;0;27451;-2
45816;0;27451;-2
45822;0;27451;-2
45828;0;27451;-2
45834;0;27451;-2
45843;0;27451;-2
45849;0;27451;-2
45855;0;27451;-2
45861;0;27451;-2
45867;0;27451;-2
45873;0;27451;-2
45879;0;27451;-2
45888;0;27451;-2
45894;0;27451;-2
45900;0;27451;-2
45906;0;27451;-2
45912;0;27451;-2
45918;0;27451;-2
45924;0;27451;-2
45933;0;27451;-2
45939;0;27451;-2
45945;0;27451;-2
45951;0;27451;-2
45957;0;27451;-2
45963;0;27451;-2
45969;0;27451;-2
45978;0;27451;-2
45984;0;27451;-2
45990;0;27451;-2
45996;0;27451;-2
46002;0;27451;-2
46011;0;27451;-2
46017;0;27451;-2
46023;0;27451;-2
46029;0;27451;-2
46035;0;27451;-2
46041;0;27451;-2
46047;0;27451;-2
46053;0;27451;-2
46059;0;27451;-2
46065;0;27451;-2
46071;0;27451;-2
46077;0;27451;-2
46092;0;27451;-2
46101;0;27451;-2
46107;0;27451;-2
46113;0;27451;-2
46119;0;27451;-2
46125;0;27451;-2
46131;0;27451;-2
46137;0;27451;-2
46146;0;27451;-2
46152;0;27451;-2
46158;0;27451;-2
46164;0;27451;-2
46170;0;27451;-2
46176;0;27451;-2
46182;0;27451;-2
46188;0;27451;-2
46194;0;27451;-2
46200;0;27451;-2
46206;0;27451;-2
46215;0;27451;-2
46221;0;27451;-2
46227;0;27451;-2
46236;0;27451;-2
46242;0;27451;-2
46248;0;27451;-2
46254;0;27451;-2
46260;0;27451;-2
46266;0;27451;-2
46272;0;27451;-2
46278;0;27451;-2
46284;0;27451;-2
46293;0;27451;-2
46299;0;27451;-2
46305;0;27451;-2
46308;0;27451;-2
46314;0;27451;-2
46317;0;27451;-2
46326;0;27451;-2
46332;0;27451;-2
46338;0;27451;-2
46344;0;27451;-2
46350;0;27451;-2
46356;0;27451;-2
46362;0;27451;-2
46371;0;27451;-2
46377;0;27451;-2
46383;0;27451;-2
46392;0;27451;-2
46398;0;27451;-2
46404;0;27451;-2
46410;0;27451;-2
46416;0;27451;-2
46422;0;27451;-2
46428;0;27451;-2
46434;0;27451;-2
46440;0;27451;-2
46449;0;27451;-2
46455;0;27451;-2
46461;0;27451;-2
46467;0;27451;-2
46473;0;27451;-2
46482;0;27451;-2
46485;0;27451;-2
46494;0;27451;-2
46500;0;27451;-2
46506;0;27451;-2
46512;0;27451;-2
46518;0;27451;-2
46527;0;27451;-2
46533;0;27451;-2
46539;0;27451;-2
46545;0;27451;-2
46551;0;27451;-2
46557;0;27451;-2
46563;0;27451;-2
46569;0;27451;-2
46575;0;27451;-2
46581;0;27451;-2
46587;0;27451;-2
46593;0;27451;-2
46608;0;27451;-2
46617;0;27451;-2
46623;0;27451;-2
46629;0;27451;-2
46635;0;27451;-2
46641;0;27451;-2
46650;0;27451;-2
46656;0;27451;-2
46662;0;27451;-2
46668;0;27451;-2
46674;0;27451;-2
46680;0;27451;-2
46686;0;27451;-2
46692;0;27451;-2
46698;0;27451;-2
46701;0;27451;-2
46707;0;27451;-2
46713;0;27451;-2
46719;0;27451;-2
46725;0;27451;-2
46731;0;27451;-2
46737;0;27451;-2
46743;0;27451;-2
46749;0;27451;-2
46755;0;27451;-2
46764;0;27451;-2
46770;0;27451;-2
46776;0;27451;-2
46788;0;27451;-2
46794;0;27451;-2
46800;0;27451;-2
46809;0;27451;-2
46818;0;27451;-2
46824;0;27451;-2
46830;0;27451;-2
46836;0;27451;-2
46842;0;27451;-2
46848;0;27451;-2
46854;0;27451;-2
46863;0;27451;-2
46869;0;27451;-2
46875;0;27451;-2
46881;0;27451;-2
46887;0;27451;-2
46890;0;27451;-2
46896;0;27451;-2
46902;0;27451;-2
46908;0;27451;-2
46914;0;27451;-2
46920;0;27451;-2
46926;0;27451;-2
46932;0;27451;-2
46938;0;27451;-2
46944;0;27451;-2
46950;0;27451;-2
46956;0;27451;-2
46965;0;27451;-2
46971;0;27451;-2
46977;0;27451;-2
46983;0;27451;-2
46989;0;27451;-2
46998;0;27451;-2
47010;0;27451;-2
47016;0;27451;-2
47022;0;27451;-2
47028;0;27451;-2
47034;0;27451;-2
47040;0;27451;-2
47046;0;27451;-2
47052;0;27451;-2
47058;0;27451;-2
47064;0;27451;-2
47070;0;27451;-2
47076;0;27451;-2
47082;0;27451;-2
47088;0;27451;-2
47094;0;27451;-2
47100;0;27451;-2
47109;0;27451;-2
47115;0;27451;-2
47121;0;27451;-2
47127;0;27451;-2
47133;0;27451;-2
47139;0;27451;-2
47145;0;27451;-2
47154;0;27451;-2
47160;0;27451;-2
47166;0;27451;-2
47172;0;27451;-2
47178;0;27451;-2
47184;0;27451;-2
47190;0;27451;-2
47199;0;27451;-2
47205;0;27451;-2
47211;0;27451;-2
47217;0;27451;-2
47223;0;27451;-2
47229;0;27451;-2
47235;0;27451;-2
47241;0;27451;-2
47247;0;27451;-2
47253;0;27451;-2
47259;0;27451;-2
47265;0;27451;-2
47271;0;27451;-2
47277;0;27451;-2
47283;0;27451;-2
47289;0;27451;-2
47295;0;27451;-2
47301;0;27451;-2
47307;0;27451;-2
47313;0;27451;-2
47319;0;27451;-2
47325;0;27451;-2
47331;0;27451;-2
47337;0;27451;-2
47343;0;27451;-2
47349;0;27451;-2
47355;0;27451;-2
47361;0;27451;-2
47367;0;27451;-2
47373;0;27451;-2
47379;0;27451;-2
47385;0;27451;-2
47391;0;27451;-2
47397;0;27451;-2
47403;0;27451;-2
47409;0;27451;-2
47415;0;27451;-2
47421;0;27451;-2
47427;0;27451;-2
47433;0;27451;-2
47439;0;27451;-2
47445;0;27451;-2
47451;0;27451;-2
47457;0;27451;-2
47463;0;27451;-2
47469;0;27451;-2
47475;0;27451;-2
47481;0;27451;-2
47487;0;27451;-2
47493;0;27451;-2
47502;0;27451;-2
47508;0;27451;-2
47514;0;27451;-2
47520;0;27451;-2
47526;0;27451;-2
47535;0;27451;-2
47541;0;27451;-2
47547;0;27451;-2
47553;0;27451;-2
47559;0;27451;-2
47565;0;27451;-2
47571;0;27451;-2
47577;0;27451;-2
47583;0;27451;-2
47592;0;27451;-2
47598;0;27451;-2
47604;0;27451;-2
47610;0;27451;-2
47616;0;27451;-2
47622;0;27451;-2
47628;0;27451;-2
47637;0;27451;-2
47643;0;27451;-2
47649;0;27451;-2
47655;0;27451;-2
47661;0;27451;-2
47667;0;27451;-2
47673;0;27451;-2