19306;0;0;0
19349;0;0;1
19399;0;0;1
19449;0;0;1
19499;0;0;1
19549;0;0;1
19599;0;0;1
19649;0;0;1
19699;0;0;1
19749;0;0;1
19799;0;0;1
19849;0;0;1
19899;0;0;1
19949;0;0;1
19999;0;0;1
20049;0;0;1
20099;0;0;1
20149;0;0;1
20199;0;0;1
20249;0;0;1
20299;0;0;1
20349;0;0;1
20399;0;0;1
20449;0;0;1
20499;0;0;1
20549;0;0;1
20599;0;0;1
20649;0;0;1
20699;0;0;1
20749;0;0;1
20799;0;0;1
20849;0;0;1
20899;0;0;1
20949;0;0;1
20999;2;-24;1
21049;11;-124;1
21099;27;-323;1
21149;42;-505;1
21199;50;-611;1
21249;54;-657;1
21299;51;-622;1
21349;43;-540;1
21399;30;-385;1
21449;14;-174;1
21499;-4;49;1
21549;-20;236;1
21599;-35;420;1
21649;-44;540;1
21699;-48;588;1
21749;-47;588;1
21799;-41;505;1
21849;-30;372;1
21899;-16;200;1
21949;0;0;1
21999;16;-187;1
22049;30;-360;1
22099;40;-494;1
22149;46;-564;1
22199;46;-564;1
22249;41;-505;1
22299;32;-396;1
22349;19;-249;1
22399;4;-49;1
22449;-11;124;1
22499;-24;286;1
22549;-34;420;1
22599;-40;494;1
22649;-42;516;1
22699;-38;470;1
22749;-30;385;1
22799;-19;249;1
22849;-6;75;1
22899;8;-86;1
22949;20;-249;1
22999;30;-372;1
23049;37;-444;1
23099;39;-481;1
23149;37;-457;1
23199;31;-385;1
23249;21;-273;1
23299;10;-124;1
23349;-4;36;1
23399;-15;187;1
23449;-21;262;1
23499;-24;286;1
23549;-22;286;1
23599;-20;249;1
23649;-14;187;1
23699;-7;99;1
23749;0;0;1
23799;8;-86;1
23849;14;-174;1
23899;19;-236;1
23949;21;-262;1
23999;21;-273;1
24049;19;-236;1
24099;14;-187;1
24149;8;-112;1
24199;2;-24;1
24249;-4;49;1
24299;-10;124;1
24349;-15;187;1
24399;-18;212;1
24449;-18;224;1
24499;-16;200;1
24549;-12;150;1
24599;-7;99;1
24649;-2;24;1
24699;2;-24;1
24749;7;-86;1
24799;12;-150;1
24849;20;-236;1
24899;29;-348;1
24949;42;-505;1
24999;53;-635;1
25049;61;-736;1
25099;66;-792;1
25149;62;-747;1
25199;52;-635;1
25249;36;-457;1
25299;17;-212;1
25349;-5;49;1
25399;-26;312;1
25449;-46;564;1
25499;-62;747;1
25549;-77;908;1
25599;-88;1000;1
25649;-94;1000;1
25699;-95;1000;1
25749;-90;1000;1
25799;-79;939;1
25849;-61;747;1
25899;-38;470;1
25949;-10;150;1
25999;18;-212;1
26049;44;-516;1
26099;66;-780;1
26149;85;-979;1
26199;104;-1000;1
26249;122;-1000;1
26299;142;-1000;1
26349;168;-1000;1
26399;195;-1000;1
26449;226;-1000;1
26499;258;-1000;1
26549;287;-1000;1
26599;314;-1000;1
26649;337;-769;1
26699;358;-529;1
26749;376;-312;1
26799;392;-124;1
26849;406;-62;1
26899;419;-236;1
26949;433;-396;1
26999;450;-600;1
27049;471;-835;1
27099;500;-1000;1
27149;539;-1000;1
27199;591;-1000;1
27249;654;-1000;1
27299;733;-856;1
27349;816;-150;1
27399;897;-1000;1
27449;966;-1000;1
27499;1021;-1000;1
27549;1061;-1000;1
27599;1085;-1000;1
27649;1097;-1000;1
27699;1097;-1000;1
27749;1085;-1000;1
27799;1062;-1000;1
27849;1027;-1000;1
27899;979;-1000;1
27949;915;-1000;1
27999;833;-494;1
28049;745;-611;1
28099;658;-1000;1
28149;580;-1000;1
28199;513;-1000;1
28249;458;-724;1
28299;410;-161;1
28349;363;-420;1
28399;313;-990;1
28449;255;-1000;1
28499;184;-1000;1
28549;101;-1000;1
28599;8;-112;1
28649;-84;929;1
28699;-166;1000;1
28749;-227;1000;1
28799;-274;1000;1
28849;-307;1000;1
28899;-330;846;1
28949;-343;702;1
28999;-348;635;1
29049;-349;622;1
29099;-343;691;1
29149;-332;814;1
29199;-314;990;1
29249;-292;1000;1
29299;-271;1000;1
29349;-259;1000;1
29399;-258;1000;1
29449;-269;1000;1
29499;-290;1000;1
29549;-319;969;1
29599;-357;553;1
29649;-405;0;1
29699;-461;702;1
29749;-524;1000;1
29799;-595;1000;1
29849;-679;1000;1
29899;-774;372;1
29949;-869;747;1
29999;-956;1000;1
30049;-1025;1000;1
30099;-1079;1000;1
30149;-1120;960;1
30199;-1150;611;1
30249;-1176;323;1
30299;-1198;36;1
30349;-1220;236;1
30399;-1247;540;1
30449;-1283;939;1
30499;-1336;1000;1
30549;-1407;1000;1
30599;-1495;1000;1
30649;-1592;137;1
30699;-1688;1000;1
30749;-1774;1000;1
30799;-1842;1000;1
30849;-1894;1000;1
30899;-1934;814;1
30949;-1966;433;1
30999;-1993;112;1
31049;-2019;224;1
31099;-2048;564;1
31149;-2080;920;1
31199;-2122;1000;1
31249;-2174;1000;1
31299;-2239;1000;1
31349;-2317;1000;1
31399;-2402;0;1
31449;-2484;920;1
31499;-2557;1000;1
31549;-2610;1000;1
31599;-2648;1000;1
31649;-2671;1000;1
31699;-2681;1000;1
31749;-2682;1000;1
31799;-2674;1000;1
31849;-2659;1000;1
31899;-2639;1000;1
31949;-2616;1000;1
31999;-2596;1000;1
32049;-2582;1000;1
32099;-2576;1000;1
32149;-2583;1000;1
32199;-2600;1000;1
32249;-2627;1000;1
32299;-2660;1000;1
32349;-2699;1000;1
32399;-2744;713;1
32449;-2794;99;1
32499;-2852;576;1
32549;-2916;1000;1
32599;-2990;1000;1
32649;-3077;1000;1
32699;-3176;372;1
32749;-3273;835;1
32799;-3364;1000;1
32849;-3438;1000;1
32899;-3498;1000;1
32949;-3546;680;1
32999;-3588;174;1
33049;-3626;299;1
33099;-3668;803;1
33149;-3716;1000;1
33199;-3778;1000;1
33249;-3856;1000;1
33299;-3948;702;1
33349;-4045;516;1
33399;-4140;1000;1
33449;-4218;1000;1
33499;-4283;1000;1
33549;-4334;803;1
33599;-4376;336;1
33649;-4414;150;1
33699;-4454;657;1
33749;-4500;1000;1
33799;-4554;1000;1
33849;-4620;1000;1
33899;-4698;1000;1
33949;-4786;212;1
33999;-4872;792;1
34049;-4949;1000;1
34099;-5011;1000;1
34149;-5057;1000;1
34199;-5088;1000;1
34249;-5106;1000;1
34299;-5114;1000;1
34349;-5112;1000;1
34399;-5101;1000;1
34449;-5085;1000;1
34499;-5068;1000;1
34549;-5060;1000;1
34599;-5060;1000;1
34649;-5072;1000;1
34699;-5093;1000;1
34749;-5125;920;1
34799;-5169;420;1
34849;-5229;323;1
34899;-5308;1000;1
34949;-5401;1000;1
34999;-5509;1000;1
35049;-5625;286;1
35099;-5736;1000;1
35149;-5830;1000;1
35199;-5911;1000;1
35249;-5981;286;1
35299;-6048;564;1
35349;-6122;1000;1
35399;-6204;1000;1
35449;-6301;1000;1
35499;-6406;24;1
35549;-6510;1000;1
35599;-6601;1000;1
35649;-6677;1000;1
35699;-6738;780;1
35749;-6792;124;1
35799;-6845;516;1
35849;-6903;1000;1
35899;-6971;1000;1
35949;-7050;1000;1
35999;-7143;758;1
36049;-7240;457;1
36099;-7333;1000;1
36149;-7410;1000;1
36199;-7473;1000;1
36249;-7521;960;1
36299;-7560;516;1
36349;-7593;99;1
36399;-7626;312;1
36449;-7661;713;1
36499;-7702;1000;1
36549;-7751;1000;1
36599;-7812;1000;1
36649;-7884;1000;1
36699;-7966;505;1
36749;-8050;553;1
36799;-8129;1000;1
36849;-8196;1000;1
36899;-8250;1000;1
36949;-8291;1000;1
36999;-8318;979;1
37049;-8334;792;1
37099;-8342;702;1
37149;-8344;680;1
37199;-8337;747;1
37249;-8321;920;1
37299;-8296;1000;1
37349;-8258;1000;1
37399;-8202;1000;1
37449;-8127;1000;1
37499;-8033;481;1
37549;-7931;780;1
37599;-7830;1000;1
37649;-7741;1000;1
37699;-7666;814;1
37749;-7599;49;1
37799;-7532;769;1
37849;-7462;1000;1
37899;-7378;1000;1
37949;-7279;990;1
37999;-7174;273;1
38049;-7073;1000;1
38099;-6986;1000;1
38149;-6915;1000;1
38199;-6855;713;1
38249;-6801;49;1
38299;-6752;564;1
38349;-6697;1000;1
38399;-6633;1000;1
38449;-6556;1000;1
38499;-6464;846;1
38549;-6368;336;1
38599;-6276;1000;1
38649;-6196;1000;1
38699;-6132;1000;1
38749;-6081;969;1
38799;-6040;540;1
38849;-6004;75;1
38899;-5971;348;1
38949;-5935;747;1
38999;-5893;1000;1
39049;-5838;1000;1
39099;-5773;1000;1
39149;-5693;1000;1
39199;-5604;99;1
39249;-5517;899;1
39299;-5440;1000;1
39349;-5376;1000;1
39399;-5329;1000;1
39449;-5296;1000;1
39499;-5272;867;1
39549;-5258;713;1
39599;-5250;611;1
39649;-5244;540;1
39699;-5237;470;1
39749;-5224;312;1
39799;-5208;112;1
39849;-5187;137;1
39899;-5155;529;1
39949;-5112;1000;1
39999;-5048;1000;1
40049;-4970;1000;1
40099;-4875;929;1
40149;-4775;224;1
40199;-4677;1000;1
40249;-4593;1000;1
40299;-4525;1000;1
40349;-4469;856;1
40399;-4422;299;1
40449;-4378;224;1
40499;-4333;769;1
40549;-4281;1000;1
40599;-4218;1000;1
40649;-4140;1000;1
40699;-4051;657;1
40749;-3956;444;1
40799;-3869;1000;1
40849;-3795;1000;1
40899;-3735;1000;1
40949;-3690;1000;1
40999;-3656;702;1
41049;-3630;396;1
41099;-3606;99;1
41149;-3585;174;1
41199;-3558;494;1
41249;-3522;888;1
41299;-3469;1000;1
41349;-3398;1000;1
41399;-3309;1000;1
41449;-3210;174;1
41499;-3111;960;1
41549;-3022;1000;1
41599;-2948;1000;1
41649;-2888;1000;1
41699;-2838;505;1
41749;-2796;36;1
41799;-2752;540;1
41849;-2704;1000;1
41899;-2647;1000;1
41949;-2576;1000;1
41999;-2492;1000;1
42049;-2398;24;1
42099;-2306;1000;1
42149;-2226;1000;1
42199;-2161;1000;1
42249;-2113;1000;1
42299;-2077;920;1
42349;-2054;657;1
42399;-2042;516;1
42449;-2040;494;1
42499;-2048;588;1
42549;-2065;769;1
42599;-2093;1000;1
42649;-2132;1000;1
42699;-2190;1000;1
42749;-2271;1000;1
42799;-2362;516;1
42849;-2457;611;1
42899;-2545;1000;1
42949;-2620;1000;1
42999;-2678;1000;1
43049;-2724;920;1
43099;-2762;494;1
43149;-2794;99;1
43199;-2826;312;1
43249;-2862;736;1
43299;-2905;1000;1
43349;-2957;1000;1
43399;-3024;1000;1
43449;-3102;1000;1
43499;-3192;161;1
43549;-3280;920;1
43599;-3362;1000;1
43649;-3426;1000;1
43699;-3476;1000;1
43749;-3514;1000;1
43799;-3540;736;1
43849;-3562;481;1
43899;-3578;286;1
43949;-3592;112;1
43999;-3604;36;1
44049;-3616;200;1
44099;-3632;372;1
44149;-3650;588;1
44199;-3674;856;1
44249;-3706;1000;1
44299;-3748;1000;1
44349;-3805;1000;1
44399;-3875;1000;1
44449;-3956;588;1
44499;-4042;494;1
44549;-4122;1000;1
44599;-4190;1000;1
44649;-4241;1000;1
44699;-4278;1000;1
44749;-4304;1000;1
44799;-4320;950;1
44849;-4325;888;1
44899;-4323;908;1
44949;-4312;1000;1
44999;-4291;1000;1
45049;-4261;1000;1
45099;-4216;1000;1